6.000,166.000,42.000,26.000
8.496,166.191,42.113,26.175
10.171,166.140,42.771,26.266
11.790,166.621,43.445,26.181
13.145,166.710,43.814,26.370
14.170,166.693,44.488,26.366
15.440,166.735,45.017,26.635
17.572,167.205,44.972,26.725
18.755,166.970,45.079,27.057
19.690,166.818,44.927,27.329
21.029,166.839,45.121,27.839
21.861,167.113,45.217,27.918
23.760,167.615,45.173,27.711
24.669,167.690,45.150,27.757
25.780,167.694,45.233,27.722
27.245,168.301,45.592,27.806
28.506,168.563,45.732,27.970
29.862,168.606,45.814,28.088
31.436,168.796,46.060,28.141
32.602,169.118,46.279,28.250
34.229,169.528,46.477,28.204
36.041,169.698,46.592,28.281
37.702,169.658,47.005,28.392
39.225,170.178,47.110,28.186
40.652,170.697,47.136,28.051
42.252,170.858,46.784,27.929
43.194,171.188,46.697,27.660
44.334,171.266,46.903,27.668
45.068,171.310,46.990,27.711
46.039,171.537,47.025,27.594
47.097,171.522,47.128,27.699
47.840,171.348,47.165,27.881
48.770,171.083,47.188,28.158
49.677,171.029,47.489,28.293
50.680,171.420,47.991,28.321
51.425,171.840,47.923,28.259
52.537,171.568,47.989,28.613
53.230,171.505,47.931,28.763
54.028,171.627,48.127,28.688
54.944,171.539,48.198,28.566
56.724,171.264,48.328,28.697
57.699,171.574,48.129,28.467
59.165,171.230,48.569,28.423
60.611,171.376,48.797,28.435
61.490,171.422,48.622,28.299
63.040,171.662,48.625,28.378
64.035,171.355,48.457,28.329
65.569,171.205,48.872,28.499
66.513,170.966,49.274,28.568
67.802,170.886,49.259,28.781
68.933,170.663,49.452,28.857
69.959,170.381,49.561,29.155
70.781,170.249,49.513,29.392
71.637,170.215,49.667,29.357
72.735,170.258,50.069,29.445
74.029,170.454,50.172,29.503
75.472,170.232,50.430,29.525
76.726,170.351,50.689,29.621
77.982,170.344,51.183,29.517
78.162,170.792,51.099,29.744
78.996,170.363,51.519,29.992
80.039,171.079,51.509,30.084
80.718,170.541,51.342,30.374
80.846,170.337,51.436,30.573
80.790,170.548,51.648,30.592
80.960,170.618,51.502,30.232
80.897,170.990,52.206,30.245
80.855,171.306,52.545,30.062
80.829,170.878,53.069,30.194
80.201,171.517,53.343,30.063
80.808,171.522,53.539,29.865
80.706,171.655,54.312,30.199
80.989,171.811,54.440,30.319
80.972,171.537,54.444,30.328
80.855,172.239,54.331,30.417
80.726,172.152,54.780,31.143
81.457,172.073,55.210,31.257
81.579,172.042,55.336,31.736
81.376,172.285,55.690,31.463
80.859,172.413,55.629,30.981
80.971,172.709,55.446,30.539
81.653,173.755,56.194,31.086
81.226,173.113,56.937,31.336
80.968,172.766,57.758,31.390
81.020,173.322,57.655,31.228
81.042,173.859,57.733,31.191
80.220,173.600,58.050,32.215
80.464,173.284,58.323,32.664
81.111,173.176,58.489,33.222
80.638,173.381,58.518,33.573
80.595,173.839,59.043,33.772
79.778,173.663,59.718,33.973
79.674,173.876,60.292,34.120
79.282,173.801,60.382,34.239
79.568,173.710,60.030,34.811
79.234,173.733,60.284,35.068
79.102,173.667,60.766,34.827
79.339,173.750,60.568,34.303
80.220,173.771,60.565,34.430
79.873,173.883,61.142,34.469
79.819,173.905,61.441,34.757
79.503,173.795,61.181,34.605
80.384,173.525,61.677,34.715
80.105,173.239,61.979,34.976
80.707,173.759,62.353,35.052
80.090,174.133,62.827,35.475
81.311,173.659,63.329,35.765
80.346,173.146,63.601,35.942
81.600,173.340,63.810,36.321
82.181,173.280,63.648,37.269
82.717,172.609,63.506,37.536
83.365,172.825,63.992,37.794
84.129,172.536,64.659,37.773
84.133,171.948,65.225,37.698
84.898,172.213,65.809,37.698
84.761,171.920,65.766,37.740
85.003,171.911,66.451,38.044
84.959,171.698,67.083,38.407
85.422,171.413,67.639,38.171
84.973,171.104,68.096,38.384
86.158,171.679,68.251,38.728
86.451,171.162,68.109,39.111
86.990,170.948,68.601,39.346
87.783,170.847,69.064,39.892
88.751,170.597,69.092,40.323
89.825,170.408,69.672,40.656
90.240,169.698,70.280,41.249
91.754,169.469,70.539,41.937
91.976,169.077,71.388,42.658
92.863,168.538,72.238,43.120
93.523,168.430,72.335,43.684
95.063,168.141,72.763,44.049
95.715,167.854,73.130,44.394
96.885,167.666,74.144,44.820
96.940,167.533,74.219,45.288
97.677,167.346,74.765,45.458
98.659,167.079,75.394,45.806
99.026,166.523,75.610,45.997
100.077,166.463,76.115,46.429
100.667,166.494,76.561,46.387
101.860,166.442,77.366,46.859
102.524,166.402,78.065,47.109
104.054,165.889,79.367,47.228
105.416,165.730,80.444,48.036
106.474,165.219,81.302,48.850
107.692,164.883,82.722,49.613
107.532,164.398,84.168,50.155
109.252,164.442,84.541,50.175
111.032,164.412,85.291,50.186
112.635,164.399,86.677,50.629
112.629,164.063,87.620,50.884
113.572,163.538,88.367,50.816
114.891,163.113,89.208,51.447
115.132,161.757,90.259,51.456
115.515,162.496,91.912,52.360
114.545,161.621,89.740,52.879
115.978,161.250,88.326,53.740
118.842,160.623,88.940,54.468
123.896,161.232,91.956,54.625
123.645,161.411,94.249,54.517
121.678,160.484,93.685,53.762
125.361,162.580,97.634,52.556
124.446,163.672,99.996,52.363
127.357,163.799,100.643,51.192
128.745,162.543,101.144,52.000
124.600,162.459,104.046,52.366
122.475,161.757,105.207,51.696
133.339,161.096,99.399,50.408
130.446,162.047,98.862,52.348
127.142,160.154,103.937,54.607
127.604,158.855,107.679,55.975
127.348,158.000,111.802,56.529
126.906,159.858,117.116,58.593
127.619,159.557,121.104,59.708
130.649,157.650,122.102,61.214
132.730,157.888,121.115,62.132
126.067,156.853,124.987,63.090
124.348,156.808,128.405,64.191
122.433,155.342,132.124,65.450
121.632,155.009,135.499,66.407
120.168,154.471,138.611,67.552
118.544,154.325,141.279,68.375
117.777,153.271,144.214,69.446
116.853,152.701,146.817,70.256
116.303,152.085,149.829,71.188
116.068,151.992,152.269,72.414
116.748,150.700,154.962,73.996
118.413,150.780,156.971,74.923
121.882,149.080,159.386,75.903
125.449,148.880,162.203,76.875
127.413,147.506,165.651,77.879
131.559,147.279,168.535,78.168
133.563,145.785,172.565,79.080
134.855,144.918,176.286,79.657
134.821,144.806,179.542,80.167
133.773,143.492,183.101,81.219
132.202,142.855,186.653,82.406
130.408,140.754,190.433,83.200
125.405,140.008,194.237,84.660
121.489,139.005,198.441,85.449
116.393,138.662,202.127,86.221
109.629,137.436,205.890,86.739
102.772,135.934,209.334,87.281
95.397,133.130,212.646,88.193
89.881,131.144,216.875,89.597
81.948,128.954,219.389,90.262
73.707,127.212,221.829,91.142
66.439,125.181,223.110,90.863
64.156,123.152,225.758,90.472
63.476,122.976,229.306,90.278
64.770,124.145,234.320,90.925
64.822,122.565,237.408,91.279
63.677,117.482,240.546,89.693
67.629,115.859,242.057,88.340
75.616,120.422,245.970,88.141
75.638,123.305,251.355,90.948
82.653,118.054,255.835,93.492
85.123,119.706,262.226,96.617
90.330,118.233,267.034,100.400
89.629,115.838,271.678,104.049
94.376,115.518,275.968,107.029
97.663,115.836,281.421,108.975
102.117,111.652,284.984,110.521
106.808,111.984,287.155,112.645
110.975,110.644,288.530,114.042
115.348,110.270,290.010,114.999
118.141,107.575,291.788,115.273
120.885,105.795,293.885,115.224
122.746,105.308,297.117,115.177
128.562,104.193,299.354,115.454
132.706,104.281,300.397,114.787
136.259,102.657,300.470,114.747
140.436,102.463,301.103,114.061
145.098,101.379,301.710,115.110
149.687,99.876,301.931,116.278
154.850,99.627,301.070,116.246
156.264,98.228,301.080,117.128
160.347,96.187,300.730,117.975
167.434,96.278,299.383,116.778
172.493,96.788,298.552,116.665
177.015,93.937,296.388,116.893
181.568,92.590,296.018,117.341
186.516,96.971,293.641,116.930
196.897,96.619,290.876,115.397
205.887,95.833,286.024,113.146
220.245,98.384,284.133,111.259
233.003,98.878,281.273,109.102
247.764,98.675,279.261,107.442
265.505,99.345,275.133,106.822
289.023,98.626,270.861,106.276
306.720,98.185,269.683,105.773
332.038,95.687,267.500,105.686
