153.000,105.000,26.000,43.000
150.715,99.058,27.647,43.000
150.355,93.344,28.635,42.619
150.020,87.270,28.763,42.514
149.611,80.508,28.909,42.561
149.431,75.411,29.193,42.116
149.024,73.529,29.314,42.083
146.631,71.371,29.512,42.088
143.889,70.302,29.577,42.591
139.246,68.960,30.261,43.827
134.187,66.417,30.732,43.185
128.528,66.733,31.208,42.919
122.277,65.408,31.538,42.959
114.646,63.456,31.273,42.626
108.675,62.164,30.903,42.117
107.956,61.459,31.383,42.975
109.188,59.408,31.289,43.328
109.590,57.651,32.596,44.524
107.732,54.292,33.809,44.664
103.197,52.160,32.941,43.399
97.229,49.066,33.239,42.589
91.354,46.780,34.424,43.035
85.677,44.175,34.713,43.524
81.282,41.773,34.868,44.397
76.882,40.544,33.862,44.017
75.058,39.041,33.229,43.039
75.535,39.035,32.094,42.423
77.165,39.753,31.397,42.195
79.157,40.544,30.872,41.589
83.943,42.091,30.617,41.635
88.641,44.067,29.989,41.779
91.796,47.745,29.717,41.590
94.622,52.736,29.530,41.212
98.073,58.936,29.643,41.227
100.692,63.457,29.737,41.206
105.721,68.785,29.946,41.388
109.198,70.311,30.101,41.091
113.676,70.567,30.142,40.299
117.987,70.024,30.383,40.282
121.439,63.804,30.633,39.511
126.665,56.738,30.934,38.754
132.101,53.458,31.156,38.778
136.758,48.377,30.809,38.383
142.262,45.443,30.143,38.071
146.294,43.569,29.643,38.058
151.177,43.955,29.436,38.192
155.250,41.920,29.156,38.627
158.468,42.991,29.401,39.648
161.219,44.560,29.728,40.513
163.306,45.644,29.684,40.691
165.919,43.889,29.638,40.477
167.389,42.562,29.633,40.319
171.848,41.693,29.423,39.953
179.094,43.061,29.307,39.707
187.842,45.550,29.112,39.677
196.216,49.956,29.038,39.739
203.436,53.020,28.921,39.588
209.538,59.465,28.895,39.453
216.624,64.766,29.057,39.374
227.042,69.547,29.533,39.330
232.261,72.810,29.818,39.398
237.776,74.808,30.166,39.075
243.372,76.662,30.528,38.909
248.113,86.635,30.916,38.759
251.358,94.486,31.357,38.458
254.999,98.359,31.316,38.377
255.653,101.547,31.370,38.924
255.913,102.113,31.462,39.965
255.687,104.434,31.449,40.880
255.672,107.086,31.509,41.520
253.024,110.524,31.357,41.776
243.223,119.140,31.692,42.383
227.940,127.027,31.706,42.903
210.469,136.698,31.857,43.032
