167.000,69.000,24.000,127.000
163.292,72.660,31.894,129.194
160.788,71.703,36.126,128.498
159.924,69.961,39.213,127.930
159.615,72.363,43.150,126.926
158.564,72.799,45.604,125.143
161.358,74.601,44.259,124.444
161.523,74.310,41.759,125.442
164.990,72.704,41.340,126.780
166.899,75.386,37.407,127.050
168.820,72.449,35.101,127.873
169.049,74.564,34.541,128.375
169.501,74.330,34.455,129.784
170.437,73.167,34.597,130.869
169.602,73.916,35.248,130.684
170.576,77.831,36.465,130.839
171.479,78.379,35.766,130.652
172.074,81.601,34.316,129.096
172.574,82.636,32.951,127.078
172.084,82.488,32.678,126.302
170.807,83.136,33.915,125.843
169.392,81.534,37.600,126.439
166.748,82.211,44.320,125.881
159.312,81.844,52.571,125.592
166.766,83.098,52.127,125.416
173.059,82.044,53.871,124.530
174.451,83.750,50.959,123.878
177.749,84.222,49.430,122.304
178.243,80.370,47.122,123.693
177.227,80.945,45.121,123.720
176.158,78.646,44.119,124.644
176.412,73.158,42.711,126.566
177.128,73.551,41.089,127.366
176.916,73.144,40.911,129.265
177.473,71.856,40.648,129.494
178.744,73.603,41.158,128.876
179.262,74.630,40.720,129.683
179.718,73.658,40.910,131.144
179.519,75.042,40.377,130.972
180.895,74.701,40.248,130.383
181.416,73.854,40.189,130.281
181.581,72.560,39.730,131.204
182.200,70.970,39.902,132.697
182.526,69.243,39.878,134.127
182.782,70.992,38.921,133.945
185.516,75.026,39.529,131.775
185.402,74.827,40.582,130.357
185.570,73.358,40.172,130.316
185.343,73.960,40.102,130.420
184.785,74.172,40.673,129.764
184.698,74.779,41.442,128.607
183.464,74.846,42.594,127.884
181.580,75.504,44.394,128.359
181.326,75.199,45.569,128.311
182.197,75.732,45.708,129.306
184.188,74.337,45.021,130.352
187.222,73.647,42.981,130.311
187.913,75.938,41.358,128.865
190.969,75.032,40.819,128.381
190.273,75.300,42.680,126.350
189.976,76.513,45.181,122.819
186.001,75.074,46.898,119.770
184.078,78.523,48.173,119.987
178.631,79.776,50.442,117.282
177.958,83.170,50.085,119.762
174.577,85.462,50.609,121.296
169.976,81.835,52.195,125.454
164.300,83.881,54.905,125.359
153.535,84.061,61.771,125.580
152.392,84.572,63.133,125.037
155.969,83.358,61.790,125.538
158.639,83.629,59.893,125.615
160.456,84.640,56.028,125.118
163.574,87.716,51.978,122.400
167.705,86.882,47.465,121.378
169.450,86.425,44.042,121.373
167.812,84.788,42.796,121.518
168.973,84.657,42.543,121.875
174.707,84.260,48.089,121.214
176.320,84.399,51.269,121.879
176.353,84.950,52.643,122.501
174.948,84.979,51.915,122.460
172.430,86.399,48.981,121.441
169.777,85.534,43.698,121.286
174.516,86.145,41.256,120.954
176.089,85.023,39.952,120.395
176.278,82.356,38.750,121.488
179.399,79.986,38.610,123.395
181.529,77.350,39.850,125.376
186.212,70.647,42.756,128.140
182.699,68.031,43.224,131.943
181.289,65.339,42.257,135.925
182.617,60.189,39.664,140.476
182.319,57.592,37.232,145.910
183.091,53.103,35.920,150.615
182.611,52.796,35.101,153.707
176.226,49.670,38.563,155.081
179.486,57.009,38.286,154.022
181.339,58.490,38.246,152.299
180.690,56.719,38.141,152.373
183.832,57.291,36.631,152.437
182.134,62.444,36.915,150.386
181.729,61.465,36.995,150.172
179.337,62.365,38.411,149.731
182.391,67.213,38.844,146.518
184.495,66.598,38.467,145.928
182.231,66.183,39.105,145.224
181.379,68.757,39.861,143.476
179.930,69.281,40.017,142.498
179.249,67.890,40.104,143.104
180.252,68.271,41.571,143.070
179.753,70.803,41.929,141.174
179.716,67.779,41.355,142.032
180.159,70.246,39.830,141.701
181.428,66.563,38.801,143.035
180.318,69.097,37.813,142.425
179.964,69.220,37.316,141.718
180.442,64.222,36.692,143.642
179.017,63.708,37.198,145.431
181.165,64.064,37.066,146.109
181.570,63.673,37.121,147.644
183.124,63.353,37.019,147.119
184.154,66.222,36.845,146.144
183.291,66.253,37.441,146.037
183.754,67.013,37.426,145.567
182.639,65.685,39.483,145.093
183.048,66.419,39.269,144.543
182.043,68.076,40.197,143.068
183.067,68.844,41.519,142.075
178.487,68.626,43.613,142.077
181.268,66.941,43.803,143.156
178.161,70.923,46.010,141.876
172.558,70.843,49.476,142.224
174.178,69.465,51.895,142.290
176.882,69.369,52.243,143.138
176.118,70.371,52.420,142.634
176.068,70.177,51.591,142.336
175.963,68.195,51.563,143.384
174.329,71.702,50.891,141.190
172.400,72.543,51.963,139.894
172.518,70.599,51.758,139.753
172.393,69.706,51.353,139.969
169.894,66.504,53.185,142.005
169.515,66.317,54.824,142.895
160.109,67.754,59.423,143.312
173.818,65.157,57.294,144.926
169.273,65.745,57.506,144.692
156.606,68.769,62.314,141.281
165.062,65.901,63.241,142.286
163.405,67.069,63.763,142.958
176.003,63.738,58.876,145.678
174.326,67.239,59.260,145.062
173.742,64.754,58.029,145.927
174.795,73.505,60.542,141.997
172.949,59.608,62.093,146.071
173.706,66.704,62.917,144.092
175.987,79.617,63.002,137.639
176.353,75.358,62.385,134.588
176.927,78.327,61.050,132.292
177.308,78.019,59.823,131.425
177.560,81.051,58.902,130.266
178.680,82.740,59.369,128.054
181.482,84.014,59.801,126.168
180.203,87.748,63.631,123.113
180.846,87.597,69.366,121.809
182.702,88.006,75.599,120.357
179.638,89.053,80.744,118.745
173.774,95.416,82.175,115.521
170.039,96.460,82.861,113.702
172.396,94.918,85.275,113.116
182.669,96.925,92.679,111.986
179.344,99.749,96.759,109.718
175.369,99.730,97.957,108.832
175.962,101.952,97.130,106.533
178.576,100.619,94.754,107.398
176.874,97.168,86.900,110.055
179.414,93.936,80.665,113.147
183.737,89.462,75.162,116.755
187.668,84.662,70.271,121.362
191.349,81.113,66.997,125.172
194.097,76.660,63.523,129.868
198.894,68.473,61.232,136.686
201.667,65.550,57.787,142.121
207.277,59.200,54.011,146.871
210.634,56.175,48.184,150.838
213.797,56.036,43.154,153.071
213.947,52.942,40.214,155.222
215.771,59.248,38.209,153.806
216.722,62.657,36.437,150.908
216.689,65.336,36.391,148.019
216.871,71.669,36.392,142.816
214.279,78.250,37.712,136.886
213.363,82.476,38.942,132.379
213.472,84.279,39.559,128.734
212.825,84.892,40.492,126.352
212.011,86.688,41.815,124.756
211.239,86.299,42.604,124.177
209.844,86.356,43.548,124.499
206.293,86.591,45.811,124.032
203.632,85.819,47.608,123.763
201.117,86.793,48.804,123.121
199.550,86.444,48.903,122.116
196.729,85.535,48.899,121.630
194.109,86.319,49.347,121.155
191.831,85.593,48.862,121.115
191.603,84.838,48.045,121.283
190.239,84.695,48.106,121.376
189.916,83.643,47.502,121.836
189.820,82.817,46.534,122.135
190.909,82.683,44.800,122.814
194.027,83.478,41.229,123.404
192.812,81.089,39.550,123.820
193.850,82.349,37.135,124.508
193.835,79.897,35.670,125.477
192.251,81.270,35.392,125.374
192.235,79.786,34.532,125.679
192.082,81.113,33.708,125.674
190.503,80.274,34.115,125.607
188.699,80.379,34.718,125.732
188.279,81.033,35.385,125.866
186.778,80.955,36.048,125.610
185.866,81.364,36.882,125.188
184.056,82.382,38.090,124.866
183.730,82.515,38.729,123.720
182.739,83.172,39.107,122.563
182.081,82.622,39.050,122.206
181.044,81.505,39.462,122.681
180.550,81.775,39.226,122.708
179.820,81.529,39.458,122.352
179.419,82.730,39.683,122.027
179.444,82.447,40.393,121.582
179.663,85.317,40.772,120.282
179.203,85.540,40.564,119.444
179.413,85.879,40.872,119.073
179.135,85.745,40.488,118.762
178.912,85.452,40.766,118.190
179.385,86.919,41.138,117.462
179.191,87.846,42.046,116.547
179.124,87.891,43.344,116.071
180.374,88.076,44.718,115.543
179.583,87.740,46.262,115.703
178.928,88.074,47.525,115.795
177.506,88.000,48.757,116.372
177.318,87.896,49.563,116.692
180.451,87.161,49.959,117.239
183.068,86.764,50.613,117.353
184.977,87.517,50.967,117.383
185.438,85.508,52.464,117.988
186.425,85.891,56.562,117.912
184.942,85.064,58.358,117.220
188.987,85.847,60.317,115.602
186.771,88.173,55.403,116.133
187.951,88.285,51.866,116.740
191.730,87.733,47.781,116.976
195.230,84.077,49.539,117.391
187.806,79.696,54.842,118.188
187.218,81.129,58.735,119.988
185.417,80.609,60.117,123.026
187.218,75.877,59.470,125.953
188.184,73.993,58.632,129.594
189.302,72.407,58.329,132.438
190.019,66.772,58.989,134.870
184.685,67.478,60.344,136.423
184.499,64.246,61.579,139.337
182.117,63.232,62.957,141.763
183.375,62.498,63.991,142.254
183.524,62.433,63.902,142.951
182.464,65.240,64.786,141.824
182.917,63.810,66.132,140.404
177.721,72.011,69.830,135.557
178.322,74.794,69.286,130.536
178.893,78.214,71.065,125.748
178.568,80.467,71.507,121.720
180.094,82.150,69.636,118.849
181.649,82.404,63.580,116.945
186.579,85.159,59.778,116.790
186.988,83.920,56.356,116.143
188.114,84.145,57.868,116.342
184.722,84.597,60.701,116.488
183.271,85.000,61.697,116.763
182.570,85.066,60.169,116.751
183.012,85.227,56.482,116.251
184.540,85.516,52.725,115.634
185.281,85.021,49.423,115.205
186.523,83.569,46.585,115.297
187.562,82.873,44.036,115.472
188.764,82.087,42.029,115.433
190.354,80.955,40.172,115.435
191.922,80.848,38.352,115.739
192.797,80.076,36.887,116.273
193.131,79.478,36.208,116.354
193.186,79.722,36.149,116.642
192.048,79.645,36.521,117.309
192.134,78.400,37.070,118.052
192.995,79.044,37.250,118.354
193.117,78.073,38.438,118.533
194.103,78.287,39.888,119.096
194.669,78.715,41.305,119.546
195.628,77.784,42.260,119.845
195.433,77.898,42.837,120.193
195.656,78.370,43.477,120.214
196.377,78.335,43.991,120.270
197.701,77.232,44.419,120.830
198.611,77.081,43.844,121.374
200.167,75.577,42.737,121.780
202.712,76.204,41.124,122.217
204.065,74.890,39.791,122.250
205.077,75.170,38.995,122.429
206.275,75.686,38.637,122.165
206.327,75.718,37.944,122.206
206.789,76.399,37.600,121.870
206.747,75.532,38.104,122.329
207.153,75.792,38.426,122.914
206.946,75.245,38.681,123.379
207.564,75.856,39.748,124.086
207.542,76.268,41.424,123.916
207.441,76.739,42.594,122.981
206.140,76.071,43.017,123.272
205.236,76.739,44.278,122.908
204.909,77.201,45.976,122.367
204.269,77.411,47.320,121.861
205.471,77.424,47.125,121.377
211.692,76.527,44.144,121.202
214.806,75.846,40.306,121.675
216.997,72.845,36.631,123.023
218.799,72.212,34.415,124.211
221.339,72.687,34.432,124.976
222.300,72.044,38.053,124.694
222.481,71.348,42.127,124.568
220.737,71.638,44.616,125.549
220.098,72.018,47.558,125.237
219.691,72.442,51.262,125.144
216.082,72.540,54.461,125.269
215.221,72.750,58.554,125.379
215.679,73.849,62.489,124.309
222.705,75.231,65.312,122.839
220.131,76.076,67.716,121.620
216.358,79.274,71.549,119.502
212.114,79.763,74.617,117.405
212.769,82.545,75.638,115.318
210.402,84.294,75.206,114.459
208.645,85.106,74.324,114.399
206.157,86.459,72.989,114.164
209.617,87.840,71.380,112.970
219.253,88.190,65.895,112.475
224.006,89.948,61.376,112.111
225.220,91.825,59.543,111.291
231.154,92.925,56.622,110.253
233.778,94.824,53.582,109.354
235.373,95.341,52.546,109.433
236.136,94.193,52.462,109.444
237.804,94.069,53.109,109.513
237.363,94.599,54.261,110.343
238.051,93.182,54.578,111.058
236.155,92.670,54.267,111.778
234.791,91.592,54.039,112.207
233.739,92.041,53.723,111.808
232.084,92.490,54.229,111.484
229.742,92.583,55.381,111.046
226.060,93.540,56.034,110.002
222.253,93.116,55.986,109.883
219.034,92.361,55.570,110.081
215.846,90.126,55.046,111.021
213.195,90.108,54.383,111.311
209.859,87.417,54.156,113.399
209.520,83.434,52.941,116.118
209.640,77.124,51.185,120.302
208.886,73.162,49.476,124.578
207.900,79.891,48.182,122.999
206.313,76.860,46.318,123.067
205.693,74.845,45.412,124.012
204.389,76.982,44.841,124.229
202.737,69.579,43.470,127.409
201.720,71.642,44.135,129.789
199.641,72.964,43.976,129.062
197.986,73.666,44.533,128.148
196.026,72.893,45.203,128.542
193.597,75.372,45.623,127.466
190.536,72.848,46.742,128.475
188.159,72.812,47.953,129.132
185.245,72.286,49.229,129.012
182.935,73.728,50.571,129.836
180.828,75.295,52.258,129.609
181.748,79.164,53.058,126.362
179.676,79.610,53.370,124.795
181.115,80.794,52.273,123.420
179.533,81.039,50.840,122.563
179.793,81.335,49.370,122.503
177.890,81.652,47.667,121.552
172.775,82.518,46.862,120.302
170.472,81.422,46.043,119.590
166.003,83.681,45.814,117.435
164.373,84.737,45.495,116.530
163.374,85.847,44.377,114.630
163.860,88.955,42.594,112.336
166.421,88.947,39.972,111.838
168.385,90.184,38.147,111.660
168.667,90.869,37.319,111.269
167.028,90.710,36.884,110.769
166.676,90.330,37.138,110.926
166.806,89.994,38.071,110.704
164.570,88.984,38.426,111.431
165.769,87.732,41.661,111.733
168.089,87.803,44.927,112.116
166.320,87.098,47.246,113.569
167.026,85.581,49.737,114.889
164.705,84.974,49.778,116.050
165.084,84.943,49.935,115.839
164.279,85.822,49.122,115.295
165.388,86.033,47.917,115.057
165.582,84.987,46.995,115.355
168.224,87.012,45.918,114.702
168.015,85.860,44.715,114.707
169.818,87.369,44.235,113.252
170.678,87.751,42.790,111.868
171.111,86.768,41.172,111.359
173.199,86.335,38.765,112.224
173.426,86.882,37.073,112.056
174.561,85.079,35.512,112.529
175.228,84.175,34.924,113.928
175.732,81.954,34.774,115.582
176.063,81.012,34.718,117.145
176.331,79.279,34.887,119.260
176.281,78.805,34.487,120.854
176.323,76.025,34.506,122.812
176.531,76.086,34.128,124.110
176.802,75.500,33.832,125.106
177.440,75.868,33.189,124.949
178.290,74.589,32.385,125.289
179.273,76.475,31.727,124.702
180.213,73.990,31.390,124.846
179.896,76.178,30.825,123.788
181.347,75.214,30.117,123.974
183.101,76.042,28.679,123.870
184.638,75.720,27.607,123.910
186.651,77.994,26.742,122.589
186.529,74.522,26.694,123.421
187.489,78.517,27.517,121.845
187.960,75.340,28.855,122.484
187.776,77.736,29.493,121.774
188.215,77.072,30.932,121.807
186.868,76.974,32.412,122.217
185.580,76.942,32.707,122.208
185.954,76.498,32.537,122.211
185.922,81.382,31.843,120.498
186.699,79.947,30.981,119.682
187.642,81.110,31.466,119.452
187.495,78.724,31.376,119.434
188.156,78.465,31.872,120.385
188.000,80.480,31.834,119.534
188.790,80.385,31.912,118.972
189.329,79.085,31.004,119.393
189.953,79.763,30.579,119.270
190.660,79.615,30.109,119.273
192.028,77.478,29.976,120.097
192.752,76.253,29.352,121.332
193.699,75.101,29.000,122.532
195.098,74.015,28.616,123.469
195.633,74.674,28.589,123.987
196.719,74.369,28.475,124.015
197.336,73.941,28.552,124.301
198.342,73.628,28.444,124.646
199.279,75.046,28.297,124.657
200.144,74.000,28.441,124.740
200.262,73.156,28.797,125.995
200.939,71.858,28.894,127.049
201.855,71.538,28.884,127.196
202.614,72.572,29.150,127.240
203.005,72.658,29.062,127.152
203.514,71.784,29.018,127.905
204.304,71.381,29.201,128.023
204.912,70.989,29.243,128.471
205.994,69.460,29.688,129.505
205.662,71.071,29.718,128.850
206.622,70.183,29.779,129.008
206.988,69.174,29.795,129.819
207.914,69.073,29.933,130.185
208.142,70.480,29.741,129.688
208.944,69.989,29.727,130.002
209.007,70.580,29.792,129.718
209.718,70.873,29.938,129.661
210.474,68.558,29.906,131.089
210.541,67.853,29.904,131.966
210.477,68.891,30.001,131.592
210.646,69.139,30.243,131.454
210.603,69.424,30.405,131.060
210.486,68.649,30.854,131.449
209.931,72.420,30.944,130.116
208.032,72.008,32.910,129.669
204.391,70.120,35.991,129.944
199.745,70.043,39.887,130.699
192.377,68.315,44.804,131.942
193.435,68.037,47.661,132.912
192.250,67.499,50.191,133.495
201.283,67.474,46.623,133.923
206.908,68.784,41.678,133.389
210.470,67.853,36.958,132.335
212.707,70.869,33.679,130.747
214.002,68.814,31.206,130.681
214.306,67.009,29.647,131.879
213.842,66.744,28.688,132.765
213.374,64.788,28.489,134.221
212.226,65.582,29.047,135.415
209.211,62.038,30.363,136.883
208.265,60.759,32.213,137.514
208.838,60.635,33.423,138.644
207.817,58.392,33.917,140.871
208.045,55.186,34.130,143.012
209.580,54.981,33.327,144.325
210.448,53.969,32.169,145.765
211.803,52.845,30.876,147.790
212.405,51.195,29.953,149.332
212.712,52.723,29.464,149.204
212.894,52.869,30.036,149.238
212.642,51.789,29.895,150.489
213.458,52.678,31.269,148.997
213.394,57.115,33.938,147.055
213.192,57.325,35.931,145.521
213.146,61.165,37.649,142.114
213.084,63.479,39.569,139.587
212.990,64.886,42.020,137.983
210.174,64.426,44.509,137.252
207.917,61.415,45.963,139.091
209.267,65.061,48.198,137.568
207.213,59.751,48.398,139.116
207.404,61.621,47.801,138.931
207.106,59.040,46.720,140.256
206.754,56.467,45.292,142.124
208.567,53.554,46.554,144.180
206.518,57.456,45.821,142.581
206.016,58.588,45.172,141.636
207.015,60.488,45.600,138.800
206.074,61.141,46.134,137.748
205.983,62.301,47.914,136.797
205.473,66.179,48.501,134.107
204.644,66.463,48.784,131.582
206.471,67.044,48.263,129.460
207.630,66.263,50.467,127.712
205.226,65.655,49.906,128.984
207.287,70.488,49.625,127.416
206.543,69.114,50.164,125.236
207.442,70.169,50.219,124.006
208.334,70.458,50.129,123.856
208.314,68.709,50.170,124.426
204.863,63.611,52.606,125.577
204.939,65.054,50.945,127.385
205.047,63.920,51.205,129.646
203.069,60.933,50.735,132.718
204.784,63.112,54.458,133.663
203.374,62.596,53.555,133.712
203.524,59.044,55.179,135.050
203.170,58.401,56.193,137.168
200.234,58.811,57.316,137.543
199.079,58.252,57.810,138.651
198.251,57.687,56.282,140.069
195.561,60.117,53.773,140.526
192.187,58.340,52.904,141.102
192.541,58.523,51.396,141.267
195.926,56.332,48.817,142.511
197.054,55.346,45.885,143.500
197.378,55.079,44.096,144.727
202.693,52.928,40.523,146.591
205.060,53.427,38.001,146.643
207.448,54.123,35.479,147.150
207.392,56.342,35.547,145.772
207.170,61.380,35.015,142.557
206.883,57.161,36.633,142.281
204.968,57.660,38.247,142.336
203.315,57.501,40.338,144.724
202.804,62.239,41.253,142.137
201.922,60.960,42.115,141.836
200.695,57.709,43.573,143.035
201.500,55.389,44.217,144.709
201.521,56.794,44.013,145.182
200.992,54.701,44.649,146.406
201.556,51.413,45.883,148.029
198.480,52.151,47.285,148.999
196.707,50.280,50.281,150.394
194.583,47.478,53.155,151.950
194.148,50.948,53.356,151.249
193.582,48.399,55.698,151.619
193.329,51.289,55.557,149.775
195.065,51.815,54.767,148.789
196.107,50.706,53.829,149.342
196.758,49.962,51.201,150.032
200.694,48.439,48.611,151.101
204.347,44.989,45.642,153.117
204.474,45.352,42.684,155.042
205.145,47.407,41.141,154.151
207.788,48.898,40.084,152.199
207.794,46.978,38.431,152.286
207.539,46.760,35.970,154.303
209.686,41.337,34.052,156.823
208.781,44.227,33.212,156.916
209.171,41.259,33.644,157.563
208.645,39.162,34.583,157.738
207.269,44.433,34.469,157.479
207.260,40.652,34.669,158.210
206.453,46.539,35.012,153.894
205.059,48.536,36.296,153.138
205.402,47.380,36.993,152.113
204.397,46.108,38.408,152.892
203.466,44.242,40.367,154.852
204.631,43.061,41.104,157.035
203.330,45.253,41.326,155.816
203.706,38.144,42.311,158.933
202.779,43.067,43.547,156.700
203.052,40.589,44.572,158.744
203.571,39.724,44.797,159.195
203.381,38.723,44.685,159.563
202.282,38.959,45.635,159.208
203.080,44.074,46.232,156.218
203.074,53.686,45.525,149.607
204.288,55.140,45.531,147.284
203.450,56.750,45.070,145.085
204.487,58.940,45.290,142.168
203.905,59.569,44.360,139.532
201.869,60.941,42.842,137.822
205.782,65.528,41.618,134.527
206.881,68.292,43.585,132.023
205.610,66.444,44.822,131.713
205.630,72.401,45.650,126.515
205.643,77.342,45.734,121.915
204.428,80.248,44.210,119.184
203.039,81.312,42.575,117.683
204.814,84.562,44.304,114.810
205.254,88.206,46.367,110.095
201.933,90.893,45.416,107.505
203.567,94.008,45.699,105.448
201.145,95.102,47.302,103.315
199.048,96.142,50.385,101.913
197.888,94.585,51.702,102.734
199.090,89.725,50.562,106.678
198.801,86.103,50.291,109.471
199.538,87.796,49.583,109.882
198.938,85.656,49.117,111.347
198.694,87.071,48.765,111.161
199.275,84.544,48.412,112.332
198.900,86.455,49.639,111.736
197.224,86.002,50.688,111.968
197.859,85.116,50.994,112.668
195.910,87.370,52.472,111.566
197.328,85.834,52.923,112.719
193.841,87.166,53.616,112.457
195.846,82.845,55.244,114.405
197.206,92.531,55.564,109.878
197.601,91.920,55.892,107.927
196.628,94.217,53.102,105.922
199.946,92.157,52.543,105.315
201.847,94.237,53.212,104.295
199.849,94.243,51.137,102.953
201.837,94.061,49.887,101.814
202.755,89.860,49.486,101.761
201.765,89.652,50.056,104.954
203.211,86.808,48.248,107.702
205.066,85.970,46.408,108.626
206.587,85.290,46.817,109.195
206.756,84.318,47.728,109.895
207.016,84.058,47.247,111.443
205.723,82.766,45.027,112.653
202.974,82.824,43.099,113.361
204.606,80.333,39.473,115.744
206.628,79.896,39.900,117.805
201.114,79.173,43.220,119.571
192.384,77.875,46.862,121.565
190.682,74.883,49.314,124.407
178.223,76.204,55.518,125.566
172.058,72.057,61.605,127.180
169.198,75.770,67.034,126.044
169.149,73.145,72.197,126.422
165.162,72.397,76.693,126.726
158.562,72.028,77.486,126.104
155.581,72.162,77.755,126.613
154.230,70.072,78.251,127.173
152.854,67.598,78.833,129.584
152.588,67.837,79.415,131.191
153.903,70.318,78.938,130.474
155.639,72.904,78.483,128.915
156.231,78.144,77.328,125.695
156.617,82.491,76.329,121.619
157.883,86.423,76.849,117.012
157.109,86.764,76.319,114.567
156.065,87.763,74.910,113.513
155.907,87.380,72.435,113.100
155.710,88.035,68.543,112.581
152.398,86.737,64.734,112.472
148.757,86.082,60.689,113.074
140.833,87.633,61.484,113.558
138.106,87.268,63.138,114.421
148.027,87.666,61.034,114.192
156.346,87.251,56.107,113.995
161.614,87.353,52.883,113.005
164.011,88.302,49.530,112.915
162.553,84.728,48.044,114.598
159.944,82.096,48.026,117.107
163.884,79.232,46.418,119.363
169.686,76.676,43.230,121.792
166.570,73.803,42.864,124.190
167.243,63.341,42.933,130.684
171.214,58.602,40.887,135.965
174.091,53.553,38.688,141.443
176.705,52.913,36.741,144.455
177.635,57.383,34.990,144.446
178.286,53.633,35.033,146.561
178.826,53.337,36.546,147.195
181.047,51.665,40.503,148.090
178.674,52.075,41.919,149.323
178.893,51.219,43.560,149.834
178.345,55.310,43.011,148.825
181.106,53.567,40.691,149.139
183.233,55.909,40.594,147.920
188.206,60.303,41.159,144.949
188.223,62.032,38.297,142.705
191.013,65.562,37.156,140.385
190.845,67.169,35.591,138.394
191.601,65.540,34.083,137.868
193.010,63.342,32.674,137.871
194.916,63.103,32.065,138.015
196.060,63.035,31.478,138.010
195.844,62.030,32.357,138.949
197.349,67.105,32.042,137.098
197.595,68.515,31.925,136.796
196.451,64.996,32.779,137.905
198.463,59.588,33.386,140.944
198.649,60.221,32.708,142.153
199.375,60.565,32.577,142.485
200.009,71.339,32.977,137.659
199.782,65.402,32.361,138.246
199.866,63.037,31.635,138.531
203.755,76.675,34.366,132.460
200.939,76.470,37.006,128.648
199.496,74.680,36.895,128.152
197.697,66.786,36.342,132.212
197.794,67.192,35.555,135.773
198.974,68.473,34.460,139.515
199.841,65.816,33.599,143.016
200.305,69.585,32.277,143.162
201.169,72.147,31.674,141.650
200.910,67.546,31.357,143.004
200.848,67.602,31.721,143.382
199.745,68.494,33.237,143.337
199.581,70.487,34.668,142.799
200.635,70.531,35.197,141.685
200.693,74.268,34.540,139.962
201.925,72.260,34.237,140.290
202.163,74.526,33.729,139.111
204.912,78.669,32.545,137.384
205.036,80.119,31.894,135.286
204.716,75.146,32.852,136.845
204.766,71.414,33.255,140.098
204.054,75.452,33.389,139.233
204.364,72.702,33.054,140.081
204.359,70.683,32.136,142.015
205.144,64.161,32.037,145.747
204.628,66.146,31.643,146.390
205.900,60.419,31.416,149.764
205.444,60.317,31.120,151.802
206.208,58.448,30.566,153.955
206.398,59.431,30.439,155.057
205.697,65.000,30.966,152.502
205.606,66.589,31.636,150.827
204.206,72.233,32.577,146.898
203.109,76.399,33.855,143.793
202.320,78.123,35.410,140.389
201.302,79.625,36.562,138.006
200.169,80.169,37.231,137.066
199.064,80.892,37.630,136.469
