347.000,58.000,103.000,251.000
344.430,57.786,97.432,249.238
345.931,58.149,93.921,249.406
340.780,55.301,90.467,248.712
336.906,55.655,88.671,248.264
331.661,55.572,86.708,246.631
329.272,56.045,87.689,246.786
317.639,59.837,86.427,242.816
316.272,62.636,85.723,240.634
303.894,66.775,87.000,236.713
292.824,69.018,90.752,235.068
282.522,73.918,92.596,230.447
276.496,79.694,94.185,226.280
277.346,82.560,93.651,223.723
269.741,83.027,96.309,221.875
257.747,83.852,103.207,220.419
229.503,92.363,117.107,218.527
219.540,92.599,130.088,216.350
218.122,88.297,141.580,215.454
209.984,88.196,150.765,215.652
221.407,87.651,150.788,217.797
228.108,86.871,146.832,219.934
222.657,90.611,149.381,219.696
224.714,94.811,149.590,217.087
226.710,101.964,152.703,212.425
224.222,99.139,155.901,211.961
221.428,96.373,161.897,214.363
218.394,86.227,168.548,221.325
218.132,73.966,179.699,228.505
218.296,68.436,190.480,235.930
219.034,59.902,200.876,240.309
212.750,66.339,211.424,239.554
231.220,66.691,204.019,236.809
248.110,64.015,195.707,234.591
253.137,63.210,182.078,233.309
252.123,65.549,173.020,230.409
252.250,71.733,163.829,228.839
252.785,73.406,157.611,226.220
262.424,83.085,159.588,222.833
257.771,87.157,156.945,218.617
262.824,90.836,162.302,212.473
257.137,94.299,168.429,207.827
266.013,93.203,171.535,205.686
272.720,88.637,171.345,205.102
283.634,83.203,166.409,206.499
293.429,81.581,161.627,206.920
312.860,80.340,147.260,208.711
318.698,78.705,136.528,211.535
323.841,77.682,122.001,213.818
325.549,76.818,116.088,215.781
324.971,75.283,105.305,217.264
332.815,72.266,99.489,221.562
332.663,71.500,98.160,222.853
338.244,70.810,95.154,225.417
347.447,68.641,90.816,227.082
347.702,68.869,91.444,227.935
348.933,66.504,91.546,228.154
352.852,68.165,91.115,227.673
356.998,65.646,92.140,228.917
359.044,66.633,94.034,230.255
361.976,63.559,95.715,231.384
360.885,60.373,98.241,233.689
359.817,58.639,101.860,235.228
360.082,58.293,103.442,234.284
356.061,55.582,99.641,237.608
349.996,53.953,97.396,238.887
334.150,45.730,96.549,242.457
321.774,45.293,98.152,244.678
310.870,43.457,97.561,248.394
302.375,41.983,97.486,250.649
295.690,43.976,97.045,250.215
289.360,43.354,98.842,249.754
266.094,47.541,108.433,247.262
272.729,53.602,110.203,245.218
266.337,56.618,113.267,240.328
261.621,60.131,115.832,237.922
266.482,63.371,114.471,234.170
260.397,64.784,114.742,231.807
252.058,66.674,116.467,227.614
240.521,69.108,123.686,225.730
253.728,71.382,119.536,223.892
260.980,67.712,113.290,226.561
268.231,61.005,110.602,231.291
270.816,60.276,108.461,236.017
279.331,64.271,104.813,233.114
278.924,53.090,105.581,237.551
286.121,51.222,114.724,237.161
289.407,52.190,128.284,237.813
283.880,62.767,140.661,233.383
283.261,66.153,150.029,230.489
280.586,74.534,158.344,226.129
279.813,79.089,164.643,221.256
281.465,83.717,170.343,215.585
279.609,90.153,173.661,209.359
281.720,95.335,179.225,205.371
283.769,99.116,181.651,201.034
280.701,100.612,183.962,197.455
281.209,101.737,183.687,194.981
280.873,104.169,180.885,193.158
277.281,103.976,179.626,192.254
275.510,101.264,177.297,192.329
271.193,100.380,176.026,193.050
259.199,96.389,173.872,195.187
256.396,92.253,168.158,198.430
251.443,82.884,159.013,201.986
245.281,79.972,148.370,206.140
241.633,72.965,139.157,211.868
246.301,69.536,128.379,217.539
243.627,63.800,124.104,224.759
245.810,62.418,119.457,229.669
245.709,59.565,117.644,230.013
245.467,59.696,114.868,230.948
256.150,59.283,106.878,229.290
259.633,61.965,98.825,226.717
266.406,61.969,89.123,225.425
273.968,62.657,82.020,224.500
280.501,60.423,77.787,225.350
284.562,60.005,74.848,224.961
289.983,60.582,74.296,223.932
294.168,61.900,73.835,222.320
298.423,61.124,75.240,223.250
301.781,58.797,77.395,225.152
306.315,54.061,79.351,228.849
309.375,53.936,82.341,231.215
312.274,50.058,86.557,233.500
313.337,53.025,91.738,234.230
316.824,53.708,93.472,235.508
316.521,52.788,95.102,236.173
315.985,56.592,95.296,235.063
319.944,60.467,92.452,234.972
325.400,66.722,87.008,232.384
325.800,70.569,82.688,228.428
321.865,70.848,82.141,228.006
322.379,66.036,83.698,230.292
319.067,60.785,87.933,234.050
315.816,58.345,92.349,237.924
313.870,50.969,95.359,242.132
308.520,46.778,97.938,244.821
299.561,41.741,98.096,247.206
291.792,45.108,97.115,248.433
294.693,47.432,93.608,249.183
296.348,49.276,90.587,248.593
300.322,50.227,87.530,247.336
300.972,55.032,83.827,243.562
288.693,55.258,86.088,240.910
286.944,54.700,88.517,240.136
281.976,46.436,94.689,241.245
281.100,43.440,100.918,242.243
280.789,36.967,103.831,243.701
275.980,39.215,105.208,244.030
273.891,43.094,104.136,242.158
271.244,44.103,101.065,241.055
279.022,47.629,100.105,237.356
282.286,51.027,98.588,233.005
284.155,56.883,97.536,228.350
284.351,62.755,95.619,222.167
288.184,64.541,94.883,216.525
291.037,65.990,93.708,212.247
297.546,70.061,92.757,206.663
300.211,67.315,90.381,203.603
302.295,63.370,88.642,203.595
302.131,58.502,86.799,205.489
305.701,50.138,86.473,210.819
306.383,44.526,86.270,214.573
304.832,39.357,87.235,218.203
308.667,40.375,87.849,218.652
317.284,43.524,86.570,216.105
318.899,44.788,87.106,213.731
328.861,47.684,89.930,211.083
324.222,54.876,91.288,207.804
321.457,56.630,90.642,205.361
324.307,56.078,89.170,203.929
322.240,52.467,89.675,203.260
324.452,55.852,90.250,200.623
323.314,52.635,91.529,200.316
323.700,52.372,92.274,200.704
309.927,58.578,91.902,199.904
314.226,60.081,90.841,199.131
342.201,59.907,94.080,195.845
336.103,61.312,93.406,193.078
337.094,62.093,92.044,191.716
334.159,60.343,90.963,192.051
335.294,60.893,90.106,190.587
338.438,62.935,98.908,190.251
339.688,66.537,106.754,186.033
341.346,66.437,111.721,181.276
336.937,66.105,113.662,177.165
321.888,66.058,112.158,174.150
320.994,67.337,111.987,170.961
322.689,65.993,107.621,169.670
320.415,68.935,104.915,168.199
315.322,66.236,103.422,167.009
333.301,68.169,97.148,167.140
340.105,68.869,90.115,167.831
346.008,69.712,82.899,167.677
350.880,69.959,76.556,166.465
352.796,67.391,72.547,166.760
350.931,65.485,70.779,166.305
348.436,64.039,71.462,166.439
341.453,59.157,71.865,167.927
331.349,61.455,76.258,169.614
322.675,67.240,82.690,170.104
340.173,66.964,79.648,170.205
339.577,65.523,80.070,172.093
329.996,66.999,84.358,172.920
326.478,70.018,87.556,174.228
323.438,68.560,91.796,175.340
334.867,66.057,91.366,177.522
344.655,66.374,86.429,179.290
345.561,64.117,86.210,181.123
348.092,64.571,84.949,181.886
344.025,61.123,84.277,184.230
337.253,57.658,84.641,186.766
329.875,60.064,83.081,187.488
335.591,58.443,80.257,189.219
342.036,59.294,77.924,190.362
339.104,60.577,78.717,190.741
336.311,68.141,81.489,188.194
331.285,68.413,85.022,188.064
331.189,72.124,86.729,183.917
328.448,75.678,88.680,181.278
319.572,78.386,93.522,176.961
318.716,84.233,95.973,173.191
319.376,85.524,97.736,168.844
319.793,86.412,98.474,166.237
319.001,86.735,101.328,163.157
321.352,85.013,102.817,161.257
326.160,84.755,104.481,159.798
329.255,84.010,103.640,159.271
341.526,84.083,100.679,159.296
346.753,83.030,94.371,159.291
350.140,81.346,87.465,161.774
351.427,81.404,82.347,162.657
351.302,77.361,76.345,160.097
354.900,77.056,70.017,159.851
343.224,76.654,69.423,161.159
349.272,76.666,69.193,162.179
343.147,72.453,76.674,164.050
347.024,74.254,75.644,165.130
345.029,75.722,70.548,164.511
345.192,75.446,69.424,165.171
341.237,79.095,66.881,163.472
335.661,79.608,66.071,161.810
333.810,77.826,65.348,161.216
331.629,79.794,64.465,161.492
323.899,74.599,64.273,164.071
322.312,76.527,64.403,162.277
320.082,75.597,66.921,162.913
318.024,77.849,66.381,162.121
312.572,80.590,63.460,162.572
317.140,79.857,61.628,164.265
320.288,85.033,60.810,163.236
315.250,80.296,61.816,165.300
297.728,82.969,64.485,167.620
293.245,83.749,67.744,168.616
306.753,85.234,67.732,169.875
302.427,82.019,68.974,171.386
303.892,83.663,69.848,171.554
300.803,85.976,72.559,170.517
312.878,86.441,72.761,170.359
312.986,89.556,74.393,169.986
312.833,93.589,83.584,170.075
309.672,95.766,87.428,171.116
309.501,95.036,89.859,171.168
309.841,97.107,92.292,170.171
315.444,97.646,94.465,168.848
311.434,98.975,97.439,165.454
301.129,101.938,100.408,162.830
313.276,107.201,98.743,159.486
309.595,109.386,98.054,157.785
311.889,111.764,97.213,155.917
296.673,114.120,100.822,152.975
283.394,112.492,105.788,150.290
282.904,110.251,108.772,145.981
282.588,116.114,110.784,144.065
273.660,112.892,116.718,144.757
267.606,113.537,123.094,145.032
271.142,109.885,123.549,146.382
278.744,108.946,120.423,148.108
282.949,106.758,114.535,149.675
279.296,102.654,111.144,152.617
272.496,106.570,108.639,153.389
264.946,106.474,104.357,154.381
257.801,106.456,106.017,156.594
255.244,108.318,109.533,157.423
248.608,110.637,114.100,156.752
249.490,106.989,119.467,156.658
245.219,107.592,117.573,155.843
237.983,109.310,113.858,155.093
268.733,106.095,110.329,153.752
264.344,104.440,108.424,153.274
281.982,103.840,98.878,154.508
289.730,100.649,88.632,156.656
294.004,97.117,80.174,158.716
295.475,91.076,74.404,163.006
302.613,82.170,68.805,168.446
305.244,78.129,64.310,173.207
308.620,79.292,61.304,175.802
308.818,79.327,60.202,177.306
309.692,84.756,59.615,177.681
303.034,86.133,61.734,176.577
290.848,95.558,65.988,172.006
290.639,103.088,70.137,166.420
290.870,107.363,78.086,160.888
285.085,111.601,83.898,155.699
278.544,113.666,92.607,152.569
276.946,115.559,97.918,152.173
267.367,112.426,107.427,154.648
257.733,111.397,115.354,156.662
249.890,112.138,124.314,157.188
244.190,111.619,130.050,157.174
241.489,111.792,140.300,157.284
235.401,107.873,147.444,160.535
228.556,109.943,149.140,161.910
236.566,106.903,151.033,162.781
230.787,106.416,146.533,164.039
240.870,107.524,142.507,163.541
244.924,107.879,138.817,161.937
237.922,109.440,136.244,160.545
246.395,110.416,137.925,158.858
243.495,107.401,135.553,161.300
255.953,104.208,133.810,161.575
253.385,98.919,129.134,164.843
243.844,90.711,123.936,169.346
242.032,89.130,118.258,174.662
249.314,93.942,108.337,175.910
257.137,93.761,99.817,175.062
264.152,80.173,92.286,181.863
269.215,79.550,85.963,185.878
272.396,79.382,81.729,188.257
276.469,76.934,80.538,190.336
283.008,78.121,81.641,190.010
283.966,76.610,82.295,191.751
288.551,80.603,82.731,191.998
292.669,78.481,83.678,192.381
293.184,76.739,83.510,193.616
292.415,75.784,83.462,194.333
292.556,87.823,82.835,189.546
292.621,96.549,81.996,185.397
290.467,101.909,79.698,181.869
292.873,102.402,80.408,178.964
287.633,101.052,79.498,179.062
287.194,104.349,78.759,177.712
282.117,99.742,80.042,179.456
276.598,100.538,81.182,181.615
264.805,96.213,83.323,184.619
265.988,93.988,83.636,188.903
265.124,89.943,82.927,193.466
256.649,95.794,89.411,193.915
267.728,95.924,90.760,195.364
238.659,99.596,104.696,196.574
226.828,97.869,117.899,197.182
224.400,102.627,127.901,196.160
209.286,106.731,139.404,194.085
211.386,113.346,150.976,191.709
203.522,111.153,156.764,191.949
202.483,111.224,160.958,191.282
210.609,103.077,157.962,193.424
213.729,94.442,149.189,196.831
209.809,93.951,142.971,198.645
208.965,83.311,136.902,205.083
222.193,83.531,130.326,209.438
232.951,78.670,129.384,211.398
223.460,74.868,120.378,213.397
229.957,73.459,115.472,217.555
232.219,72.518,111.256,222.713
236.245,79.091,106.794,221.735
240.629,79.471,106.330,219.553
245.169,78.131,111.751,218.918
240.600,80.402,122.631,217.502
239.158,81.896,137.456,216.021
229.670,84.444,141.866,213.947
238.255,87.869,145.661,212.690
241.224,89.007,150.323,211.747
238.777,89.296,146.669,211.290
251.907,84.262,144.681,213.195
266.607,79.583,133.110,216.146
281.376,73.355,120.987,219.635
291.610,70.174,111.703,226.931
297.722,67.176,105.384,231.535
302.293,68.020,103.931,234.727
301.404,70.821,105.495,234.335
300.293,72.640,108.700,233.973
304.071,73.864,108.891,231.920
302.278,74.740,112.237,230.767
307.799,76.037,122.454,228.069
294.101,71.880,117.527,229.427
296.681,68.869,112.414,230.831
299.634,64.238,109.256,233.430
303.927,62.158,110.440,236.072
292.868,53.695,108.855,239.601
289.517,51.500,108.281,243.257
283.397,54.561,108.960,241.000
283.713,55.922,113.543,237.809
286.096,52.964,122.270,236.159
284.851,52.700,128.063,234.465
298.468,44.146,123.820,240.357
306.937,44.204,117.472,244.238
298.221,37.062,119.876,249.889
292.275,35.444,122.798,252.099
331.101,38.872,119.750,252.345
330.583,41.474,118.333,252.316
326.367,43.694,122.105,252.269
321.803,44.345,128.935,252.428
330.622,42.410,132.488,252.046
248.943,35.093,125.398,252.638
253.550,37.476,121.601,251.547
253.569,39.271,117.558,249.860
254.405,46.154,113.212,247.821
253.739,50.872,109.169,245.451
261.628,57.709,108.262,241.579
264.418,62.385,108.764,236.865
251.622,66.635,113.421,230.880
239.025,70.050,117.883,225.121
230.316,70.125,126.818,221.119
205.521,73.851,134.585,216.351
209.061,69.185,138.428,214.400
194.715,62.497,138.394,215.042
199.050,57.799,135.313,216.782
200.102,49.769,131.995,221.818
194.569,51.025,125.381,225.741
199.894,51.878,121.133,228.732
197.541,47.397,115.520,232.606
194.897,59.447,111.867,232.297
198.211,54.128,108.383,234.771
197.951,59.644,104.690,234.961
194.147,55.592,104.851,235.849
189.222,50.596,106.620,237.588
176.451,52.637,112.575,234.061
163.024,60.437,122.191,229.604
162.504,67.190,127.225,225.810
153.464,74.411,131.873,221.193
150.200,80.652,135.167,217.223
158.348,80.633,135.168,214.710
150.094,85.147,137.852,210.691
167.056,84.893,133.598,208.084
172.924,86.418,129.462,205.930
178.141,86.459,122.479,204.023
187.047,81.854,114.479,205.692
189.833,81.819,107.381,207.503
199.006,80.316,101.901,210.246
200.907,80.186,98.503,211.725
203.204,83.985,96.411,210.245
210.686,88.065,96.780,206.628
210.938,89.967,94.841,203.860
213.174,95.412,93.418,199.826
215.505,101.228,94.566,196.044
222.293,103.836,99.166,192.346
222.184,103.129,102.929,190.042
217.384,102.363,106.660,188.945
202.468,105.527,112.085,186.376
192.507,108.499,116.946,183.919
198.470,110.095,129.591,181.704
201.057,112.139,147.822,179.273
190.033,114.733,161.309,177.839
188.157,114.922,173.824,177.712
188.750,114.868,175.207,178.454
180.912,114.327,176.820,179.921
184.990,115.977,170.727,181.334
185.805,115.686,169.010,182.740
180.729,105.530,167.627,188.228
181.926,99.036,161.770,192.258
204.085,90.457,158.760,199.376
250.231,90.110,146.635,202.555
250.631,90.912,139.025,205.663
232.346,87.142,135.848,209.954
240.151,89.916,132.945,212.672
241.293,89.514,128.171,214.375
245.000,97.445,123.017,213.578
250.212,98.039,121.149,212.399
253.619,99.220,119.019,213.947
260.660,99.709,117.212,214.283
270.301,96.957,116.996,216.711
