130.000,132.000,31.000,115.000
127.839,133.393,36.451,111.686
125.897,134.525,38.466,109.624
125.401,135.393,40.474,107.947
124.935,135.834,41.632,106.575
124.023,134.554,42.129,105.938
124.965,135.597,40.730,104.775
124.459,132.951,39.793,104.691
124.465,132.440,39.432,104.498
122.285,132.335,39.716,103.881
122.909,131.404,40.922,104.934
121.046,130.727,41.681,106.060
120.753,130.227,42.659,107.250
119.691,130.249,43.483,107.536
119.266,129.861,44.611,108.149
115.657,129.294,44.797,106.852
117.623,127.703,43.545,107.582
116.832,126.172,43.943,107.998
117.052,125.379,43.329,106.956
117.194,125.060,43.790,106.335
117.298,125.750,44.006,105.107
117.947,126.033,44.248,103.937
118.726,126.512,43.579,103.176
118.924,126.644,43.269,102.625
118.595,126.419,42.582,102.377
118.786,127.303,42.060,100.690
118.441,127.248,41.764,98.603
118.422,125.950,41.626,98.116
118.029,125.146,41.357,98.387
117.615,122.637,41.954,100.859
116.813,121.361,42.107,102.908
117.042,119.670,42.413,104.096
117.316,120.187,41.545,104.008
116.357,120.367,41.473,103.107
116.742,120.702,42.086,103.562
114.199,121.091,43.169,102.433
114.927,120.218,43.912,102.871
113.468,119.541,44.248,102.888
113.846,118.925,43.227,102.461
114.745,118.443,42.305,102.295
114.702,117.787,42.436,102.485
115.392,117.267,42.221,102.170
115.971,117.328,41.027,101.688
116.390,118.314,40.929,100.496
117.315,119.207,40.576,98.714
117.661,119.449,39.988,97.707
117.841,119.579,39.430,97.317
117.634,118.653,39.043,97.558
117.739,118.670,39.245,96.801
117.511,117.483,38.723,96.227
118.809,115.462,38.003,97.948
117.742,114.364,38.941,97.901
115.755,113.460,39.674,99.692
116.061,111.791,41.145,100.723
114.501,112.431,41.384,100.367
115.697,111.951,41.887,100.080
113.839,112.514,41.810,100.393
113.849,112.575,42.311,99.799
113.374,112.250,42.436,100.024
112.675,111.889,42.066,98.560
112.356,111.512,41.367,98.066
114.012,111.475,39.234,97.267
114.515,111.175,38.456,97.704
114.261,110.183,38.285,97.164
114.687,110.773,38.352,96.335
115.808,111.068,38.728,95.536
115.902,110.655,38.180,95.472
116.638,111.356,38.328,95.374
116.422,111.527,37.930,94.882
115.972,111.027,37.332,94.640
116.824,110.371,37.356,93.314
116.014,109.538,36.204,93.298
116.546,106.843,36.858,94.295
114.897,107.005,36.459,95.353
115.887,104.636,37.648,96.438
114.259,103.690,37.959,96.705
113.507,104.167,39.505,95.960
113.542,104.976,40.253,95.451
112.847,106.040,40.469,94.799
112.935,105.120,40.504,95.998
111.105,104.459,40.290,96.856
111.738,103.185,39.886,96.274
111.544,103.217,39.146,95.727
111.910,102.490,38.571,95.561
112.001,101.545,38.524,95.471
112.497,102.051,37.992,94.869
112.735,102.246,38.027,94.392
113.547,102.856,38.218,92.782
113.978,103.360,38.294,91.635
113.740,103.439,37.671,91.389
113.797,103.304,38.105,91.382
113.440,103.679,37.810,90.837
113.404,102.358,37.278,89.766
113.787,101.368,37.376,89.053
113.088,100.611,37.791,90.193
113.723,99.482,37.354,91.234
114.055,98.964,36.328,91.024
114.312,98.814,35.726,90.727
113.262,99.237,36.352,90.210
113.826,99.795,36.453,90.087
113.874,100.028,36.601,89.707
113.119,99.875,36.482,89.183
113.680,99.701,35.318,88.896
111.672,98.848,35.595,87.913
113.442,98.412,34.419,87.959
113.264,97.264,34.316,88.254
112.803,96.651,34.186,88.893
113.409,96.489,33.757,88.630
113.341,96.343,34.601,87.834
113.499,97.217,34.588,86.866
113.503,96.951,34.951,87.030
113.643,97.788,34.549,86.488
113.662,97.307,34.337,86.391
113.892,96.983,34.497,86.730
114.019,96.857,34.003,85.447
114.441,95.914,33.117,85.610
113.912,94.750,32.323,85.705
114.189,93.988,32.334,86.911
113.477,94.090,32.331,87.044
113.745,94.290,31.941,87.184
113.442,93.656,32.194,87.121
113.721,94.453,31.927,86.191
112.664,94.267,31.630,86.123
112.487,93.415,32.260,86.730
111.057,93.327,32.306,86.812
111.166,91.161,32.418,87.125
109.827,91.510,32.373,85.958
109.783,90.196,32.480,86.588
109.885,90.357,32.677,86.960
109.293,89.514,33.096,86.765
109.771,90.892,33.384,85.643
109.997,91.797,33.196,84.425
110.189,91.999,33.107,83.413
110.447,92.446,32.896,83.636
110.119,91.840,32.842,83.289
110.014,91.451,32.724,82.212
110.009,90.648,32.612,82.220
109.893,90.026,32.276,81.679
110.452,89.987,31.379,81.827
109.363,88.498,30.973,82.848
109.372,87.992,31.396,83.406
108.209,87.770,32.335,84.301
108.109,88.236,32.574,83.671
108.175,88.993,33.043,83.329
106.627,88.680,32.761,83.100
106.768,89.101,32.179,82.579
106.203,88.724,32.133,82.618
105.719,87.889,31.842,80.797
105.734,87.961,31.172,81.209
105.834,86.891,30.929,81.624
106.047,87.145,30.625,81.875
106.214,86.125,31.014,82.955
105.960,86.761,30.870,81.392
105.746,86.852,31.348,80.617
105.608,87.746,30.960,79.816
106.039,88.489,31.034,79.396
106.212,88.146,30.929,79.239
106.039,88.374,30.506,78.304
106.190,87.482,30.104,77.176
106.188,87.073,29.534,77.071
105.477,85.713,29.966,78.054
105.435,85.890,29.849,78.880
104.258,85.239,29.637,78.219
105.009,85.292,29.189,78.480
104.272,84.671,29.641,78.542
104.441,84.788,29.739,78.396
103.983,85.711,29.515,77.594
103.655,84.991,28.924,77.667
103.874,84.526,28.416,77.608
102.977,83.938,28.367,77.534
103.049,82.508,28.878,78.932
101.378,82.185,29.040,79.150
101.762,82.478,29.899,79.608
101.786,82.368,30.060,79.085
101.466,82.545,30.292,78.157
102.263,83.139,30.267,77.503
102.133,84.090,30.103,75.945
102.411,83.998,30.063,75.630
102.051,83.638,30.066,75.026
102.061,83.207,30.372,74.052
102.134,82.068,30.129,73.383
102.166,81.713,29.478,73.288
102.503,81.535,29.123,73.538
102.351,81.797,28.069,74.055
102.059,80.062,28.202,75.449
102.455,80.017,28.112,75.437
103.099,80.440,27.825,75.296
104.103,80.996,26.760,75.270
103.921,80.854,25.694,75.669
103.896,80.188,25.308,76.517
102.152,80.102,25.458,77.406
96.650,83.768,27.331,79.238
86.245,105.135,27.994,83.815
88.811,100.446,29.222,87.729
89.883,98.762,30.934,92.757
90.275,99.945,31.609,97.766
91.722,95.468,33.352,102.292
90.401,93.521,34.973,104.177
91.095,91.174,36.604,106.449
91.371,91.062,36.875,107.332
91.667,90.737,37.107,108.344
92.834,89.218,37.033,110.248
94.081,86.997,36.984,111.618
94.422,85.773,37.551,112.379
94.636,84.819,38.218,113.743
94.896,85.024,38.533,115.228
95.410,85.527,38.702,115.770
96.242,86.337,38.893,115.142
97.820,87.293,39.029,115.941
99.424,91.158,39.293,116.478
98.781,89.843,39.622,117.065
101.735,91.990,39.724,116.323
101.528,90.747,40.039,116.919
101.597,89.384,40.583,118.588
102.766,88.990,42.101,119.775
100.715,86.946,42.611,120.641
105.316,93.853,43.512,118.923
104.717,92.877,43.940,118.581
105.075,93.460,44.642,118.914
104.471,93.675,45.070,119.258
104.557,93.825,45.269,119.800
104.388,93.144,44.921,120.262
104.592,93.754,44.648,120.607
105.060,94.302,44.176,120.233
105.135,93.612,44.272,120.534
106.370,96.752,43.495,119.705
106.996,97.760,42.495,118.408
107.727,99.159,41.873,117.891
108.836,100.413,41.017,117.693
110.004,100.915,40.299,118.251
109.828,100.223,39.871,118.663
111.159,103.629,39.416,118.735
110.320,101.531,39.509,119.241
113.550,107.846,38.732,118.442
114.613,107.651,38.214,117.971
114.965,108.409,37.541,117.519
116.688,108.616,37.262,116.711
116.372,108.881,36.968,116.234
116.879,108.102,36.986,116.509
117.155,107.796,37.053,117.841
116.789,107.505,37.015,118.401
117.499,108.634,36.667,118.283
117.628,108.872,36.925,117.575
117.675,109.872,37.455,117.720
117.467,111.844,37.643,117.423
117.916,111.650,38.090,117.323
118.053,114.243,38.076,116.948
118.547,115.308,37.164,115.919
118.609,116.296,37.205,115.443
118.504,117.557,37.125,115.597
118.488,117.235,37.114,115.675
119.332,116.020,37.476,115.885
119.810,114.841,37.636,116.665
120.624,114.704,37.767,117.590
121.368,115.825,37.974,118.018
120.608,116.106,38.262,117.941
122.909,116.284,38.239,118.590
123.381,117.095,38.965,119.269
123.762,117.405,39.604,119.798
124.780,116.121,40.318,120.240
124.580,116.406,40.429,120.417
126.026,116.291,39.910,120.549
126.340,116.789,39.615,120.579
126.648,116.804,39.226,120.504
127.112,116.764,38.852,120.557
127.319,116.694,38.460,120.851
128.171,116.965,38.443,120.999
128.397,116.791,38.298,121.287
128.964,116.482,38.428,121.708
128.883,116.192,38.131,122.107
129.170,116.286,37.935,122.365
129.548,116.325,37.735,122.530
129.898,115.827,37.637,122.590
130.348,115.759,37.269,122.418
130.919,116.129,37.036,122.392
130.931,116.022,36.922,122.176
131.545,114.999,36.740,121.502
131.860,116.565,36.527,121.198
132.546,116.549,36.245,121.251
132.679,117.038,35.995,120.495
132.773,117.399,35.871,120.052
135.575,117.149,35.585,120.902
135.951,117.669,35.251,121.482
137.104,117.498,34.711,121.664
137.744,116.293,34.465,122.022
137.642,116.011,34.367,122.350
139.301,115.552,33.517,122.209
140.247,115.928,32.381,121.965
140.628,115.958,31.584,122.194
140.481,115.274,31.506,122.677
139.180,114.549,32.347,122.890
139.272,114.104,32.802,122.576
138.580,113.272,33.665,122.019
137.694,111.954,34.887,121.205
137.969,110.657,35.736,120.794
136.259,111.372,36.647,121.487
135.078,110.467,37.869,122.277
134.921,109.346,39.074,122.411
135.787,108.984,39.864,121.753
135.593,109.649,40.431,121.326
138.700,109.660,39.453,120.022
137.775,110.717,38.577,119.205
138.832,110.748,37.373,118.556
138.165,111.660,37.067,118.321
137.221,112.363,37.174,118.033
137.354,112.531,37.087,117.687
135.280,111.048,38.495,116.609
134.048,110.245,40.362,115.946
133.077,108.828,42.184,116.114
132.291,107.783,43.588,116.049
131.552,106.921,44.479,116.874
131.547,105.623,45.274,116.921
131.503,105.506,45.316,116.299
132.107,105.003,44.996,114.949
132.973,105.413,44.661,114.135
133.278,106.569,43.900,113.903
133.453,106.300,43.298,113.664
135.713,106.645,42.441,113.385
136.443,106.699,41.675,113.531
138.225,106.359,40.727,113.850
138.815,105.177,40.438,113.759
139.508,104.557,40.013,113.582
140.254,104.642,39.918,113.486
140.987,104.259,39.439,113.245
142.702,102.768,38.507,113.343
143.064,101.562,38.030,112.930
143.207,100.907,37.908,112.612
144.379,101.081,37.765,113.006
144.091,100.838,37.627,113.000
144.373,101.389,37.640,113.189
144.297,101.816,37.469,113.551
144.365,101.869,37.456,113.353
144.231,101.013,37.273,112.639
144.339,100.008,37.278,111.583
143.606,100.604,37.386,110.820
144.242,100.554,37.469,110.645
143.452,100.456,37.445,109.977
143.172,99.486,37.679,109.416
143.297,99.250,37.844,109.358
142.661,98.570,38.171,109.468
142.335,98.873,38.341,109.706
142.018,98.482,38.325,109.285
142.280,98.990,38.313,109.283
142.140,97.848,38.064,108.756
141.820,98.490,38.119,108.705
141.921,98.408,37.902,108.471
142.421,97.590,37.731,108.176
141.450,97.641,37.432,107.909
141.084,98.417,37.019,107.674
140.797,98.068,36.993,107.781
140.812,96.027,36.747,107.882
140.128,94.962,36.388,107.925
139.673,94.095,35.933,107.511
138.845,94.432,35.738,106.894
137.968,95.598,35.402,105.890
136.733,95.865,35.045,104.591
137.091,96.668,34.860,103.724
134.351,95.263,35.046,103.163
133.100,95.053,35.419,103.229
130.875,94.889,35.667,103.808
129.274,93.902,35.737,104.978
129.524,93.303,36.022,105.329
124.033,92.413,35.235,105.345
120.544,92.510,34.999,105.272
117.578,91.598,35.145,104.226
115.767,92.471,35.801,103.450
113.313,93.432,37.002,102.844
110.450,94.370,38.637,102.484
107.121,94.272,39.723,101.745
103.230,93.660,40.477,101.050
100.038,92.496,40.505,101.111
100.312,92.215,40.921,100.279
94.825,91.138,39.657,99.842
92.576,87.646,38.526,101.591
90.825,82.722,36.822,103.694
88.563,84.021,35.808,104.278
88.462,89.068,35.042,103.994
85.531,89.019,35.688,104.490
79.428,91.531,38.455,104.656
75.727,92.195,42.274,105.614
71.424,93.869,46.078,106.419
68.170,96.335,48.217,107.210
65.972,95.959,49.635,107.934
61.491,97.068,49.752,109.145
53.425,94.100,48.984,109.791
46.920,91.397,46.747,112.534
49.178,88.188,44.593,113.837
41.519,116.818,42.029,122.019
42.699,116.360,39.937,128.782
42.989,140.834,38.319,131.610
44.041,150.028,37.082,132.599
44.895,141.996,35.538,135.732
45.723,147.760,34.135,136.387
46.513,148.350,33.078,135.893
47.130,154.217,32.266,134.729
45.333,155.489,31.334,133.638
45.274,155.414,30.359,132.936
46.815,158.762,30.108,132.169
48.071,162.988,29.819,130.685
49.378,159.774,29.627,130.096
47.602,161.396,29.378,129.468
47.406,162.289,29.070,128.820
47.395,162.626,28.730,128.076
46.841,165.868,28.320,127.070
48.791,164.142,28.088,126.312
48.892,164.287,27.853,125.790
49.199,164.540,27.628,125.290
49.557,165.898,27.536,124.748
48.490,167.482,27.363,124.005
48.320,169.039,27.187,123.123
48.666,172.250,26.944,121.714
48.134,170.098,26.693,120.791
48.037,171.654,26.461,119.735
48.341,172.141,26.182,118.765
49.544,172.222,26.109,117.590
50.615,168.576,26.030,117.150
50.040,172.717,25.999,116.393
48.720,173.633,25.957,115.901
49.175,171.123,25.879,115.299
49.536,176.557,25.821,114.419
48.984,176.743,25.687,113.540
49.144,176.260,25.438,112.665
50.011,176.682,25.355,111.913
49.672,175.287,25.444,111.384
49.411,178.156,25.380,110.555
49.456,179.222,25.337,109.586
49.246,180.987,25.312,108.566
49.086,183.038,25.267,107.430
49.120,182.531,25.135,106.626
49.995,180.829,25.065,106.093
49.381,181.367,25.076,105.428
49.229,184.014,25.200,104.620
49.826,182.177,25.167,104.137
49.154,184.105,25.163,103.393
50.572,182.824,25.017,103.009
48.754,183.884,25.024,102.493
47.880,186.350,24.946,101.839
48.018,183.862,24.967,101.512
48.447,183.519,24.937,101.230
48.198,187.500,25.038,100.650
49.521,183.158,24.904,100.450
49.766,184.451,24.858,100.225
49.309,182.493,24.809,100.052
49.075,184.363,24.857,99.923
48.816,185.409,24.894,99.644
49.473,184.731,24.807,99.483
49.273,186.330,24.793,99.201
49.025,184.508,24.808,99.112
48.552,186.296,24.794,98.932
48.629,187.316,24.658,98.659
48.603,186.550,24.617,98.411
48.620,186.314,24.595,98.275
48.428,188.201,24.574,97.872
48.684,187.517,24.646,97.489
48.709,186.124,24.631,97.385
49.163,185.739,24.574,97.416
48.534,186.561,24.569,97.295
48.234,188.253,24.604,97.050
49.084,185.942,24.556,96.944
48.380,186.970,24.508,96.841
48.292,186.706,24.532,96.849
48.771,186.217,24.532,96.670
48.359,189.165,24.566,96.406
49.165,187.595,24.469,96.083
49.884,186.819,24.382,95.878
49.384,187.845,24.379,95.943
48.655,186.607,24.286,95.950
49.802,185.602,24.246,95.829
49.116,187.424,24.226,95.846
48.799,190.218,24.336,95.528
49.195,187.731,24.396,95.296
48.811,187.056,24.452,95.213
49.071,186.173,24.512,95.184
49.123,187.839,24.452,95.205
49.108,185.529,24.459,95.318
48.644,187.091,24.440,95.364
48.585,187.032,24.434,95.380
48.237,187.358,24.402,95.423
48.609,186.229,24.377,95.426
48.553,188.308,24.403,95.354
48.475,187.229,24.370,95.263
48.532,186.120,24.327,95.222
48.699,186.665,24.243,95.315
49.147,187.241,24.273,95.268
49.224,185.702,24.261,95.422
48.328,188.911,24.227,95.453
48.163,189.092,24.250,95.335
47.932,188.573,24.250,95.311
48.670,185.229,24.268,95.475
48.762,187.187,24.275,95.489
48.524,188.059,24.332,95.411
48.333,188.593,24.374,95.271
50.047,188.309,24.491,95.106
49.153,187.473,24.447,95.104
48.669,189.537,24.417,94.941
49.514,187.226,24.297,94.833
49.433,186.726,24.265,94.870
49.051,187.184,24.269,94.935
48.886,188.886,24.307,94.755
48.952,187.686,24.292,94.731
