582.000,403.000,184.000,228.000
581.186,400.981,188.341,221.425
582.747,408.488,191.771,221.093
580.201,409.020,195.073,217.289
581.510,411.393,197.217,214.815
580.785,412.334,199.989,213.537
583.428,412.017,203.771,213.305
582.676,411.734,207.429,213.387
583.150,412.107,211.874,216.498
582.430,405.391,215.277,211.725
582.234,405.487,219.348,210.919
583.875,407.973,221.159,213.587
586.360,406.941,222.325,217.279
587.655,403.493,223.006,215.966
589.494,404.967,222.740,217.185
591.456,408.531,223.790,221.193
594.316,406.530,224.079,222.017
598.589,410.002,224.373,222.008
600.953,412.540,224.387,218.071
603.606,414.986,223.666,216.676
604.396,415.960,223.893,215.527
607.878,414.841,226.395,214.821
609.381,416.684,228.394,213.661
611.132,415.517,230.160,213.764
609.144,415.449,233.411,216.204
609.345,415.067,236.474,216.412
607.501,416.369,239.130,219.162
609.764,411.786,240.529,219.804
606.281,411.724,243.160,220.817
609.846,412.985,243.502,224.266
609.352,410.530,244.396,226.210
609.150,411.395,245.661,230.304
608.715,406.427,247.424,227.624
610.321,408.033,247.416,226.605
610.556,410.774,248.062,227.004
610.006,411.129,248.471,225.972
613.108,414.844,249.521,225.483
612.664,413.980,250.174,222.328
615.647,419.241,250.021,219.372
614.711,419.206,253.009,218.073
613.219,422.455,255.166,217.774
614.880,421.036,255.344,218.944
611.413,420.578,259.352,220.862
607.803,418.890,261.916,221.954
607.637,415.115,261.608,222.910
605.690,416.145,259.275,221.887
603.413,416.202,257.454,222.637
605.265,412.182,255.515,222.551
606.013,412.596,252.950,221.273
605.904,411.763,250.985,221.473
604.973,411.053,249.463,222.352
608.430,409.414,247.397,220.653
610.643,409.467,245.029,219.844
611.954,410.223,243.685,217.987
612.895,413.263,243.974,218.420
616.731,414.472,241.630,215.691
617.126,411.164,242.463,216.858
615.979,413.197,244.595,215.052
614.828,413.654,248.291,212.705
612.597,415.763,251.927,213.290
610.289,415.276,254.727,216.329
605.927,412.533,257.102,219.421
603.442,410.580,259.477,222.385
602.810,407.174,262.938,223.189
599.984,407.320,264.918,225.278
597.639,404.986,265.727,226.319
599.147,403.069,264.465,230.015
599.077,401.123,263.501,231.429
600.675,399.541,262.860,232.954
601.383,400.713,262.032,233.357
602.168,400.165,261.182,232.856
602.889,400.993,259.104,233.853
603.578,402.303,257.844,234.617
606.157,405.711,255.639,232.272
606.772,405.196,253.346,230.509
609.642,408.115,253.145,228.372
608.509,408.912,253.670,226.195
606.155,409.845,256.267,224.605
605.962,408.360,259.608,224.047
604.130,409.218,262.805,222.723
603.095,407.217,264.560,222.451
601.981,408.527,266.066,222.501
599.779,406.237,267.156,225.158
596.520,404.760,268.648,226.412
594.932,403.738,269.062,226.952
593.324,403.605,268.331,229.090
592.819,402.548,266.693,230.630
593.532,402.069,265.778,231.210
593.242,405.405,264.332,230.944
593.833,406.016,263.038,230.836
594.004,410.089,261.702,229.358
592.808,410.874,261.249,229.134
592.704,410.427,260.606,227.881
594.269,412.600,261.411,226.555
594.618,413.318,265.119,224.958
591.685,414.335,268.040,224.646
590.273,413.077,271.052,225.681
588.828,410.747,272.288,225.615
588.418,411.835,274.065,225.465
587.262,406.570,274.256,228.059
585.363,406.116,274.663,228.570
584.912,405.750,274.106,231.519
586.726,400.450,273.112,235.114
585.103,398.546,272.774,236.777
584.051,398.401,271.781,238.152
582.041,397.769,270.213,237.816
583.244,401.354,268.711,237.304
584.103,400.575,266.915,237.487
583.628,402.648,265.953,237.530
584.802,404.026,265.734,236.631
582.478,404.995,266.027,234.049
580.228,405.064,268.112,232.713
577.236,405.861,270.738,231.730
577.685,403.961,272.488,231.633
571.618,398.401,272.431,232.971
567.186,399.399,273.029,234.875
564.672,393.743,274.962,235.871
562.987,393.014,276.083,238.765
561.708,392.974,277.098,238.535
561.310,390.868,277.421,239.249
558.878,388.207,276.023,241.811
555.041,393.118,275.394,241.871
554.235,392.336,275.752,242.045
550.963,390.733,276.735,243.745
549.056,392.183,279.213,244.095
548.888,390.878,280.607,244.913
547.780,391.672,282.542,244.293
542.463,384.560,282.535,247.753
538.744,381.467,281.676,252.038
537.177,373.830,279.027,256.586
534.973,372.258,276.878,263.576
535.308,366.988,273.140,264.744
535.091,363.891,271.995,267.347
535.658,362.589,267.986,267.587
536.787,361.423,265.949,266.657
536.489,361.585,264.379,268.041
536.772,359.987,263.488,268.494
536.954,361.181,262.351,269.439
538.147,361.045,260.949,271.451
539.002,356.055,261.176,271.128
541.925,354.946,261.084,272.495
543.400,356.184,260.753,274.576
541.541,355.380,260.488,275.350
543.046,355.655,260.795,275.394
543.507,357.585,263.157,275.950
541.698,353.227,262.817,273.069
540.800,356.716,264.037,272.251
539.092,355.820,264.351,270.823
540.717,357.072,263.820,270.437
541.336,357.169,263.058,268.609
541.204,360.287,262.332,269.181
541.439,360.652,261.517,269.191
544.393,357.846,259.042,266.689
545.490,362.505,256.864,265.860
546.533,360.976,255.373,263.568
542.476,369.757,254.746,260.185
542.718,373.068,254.013,257.833
542.356,377.737,253.105,252.629
544.636,384.633,253.106,250.150
545.829,387.231,252.980,246.481
546.157,388.743,252.833,242.300
549.038,390.152,254.810,241.201
549.692,386.246,257.703,241.492
551.298,386.509,259.850,242.981
547.021,383.001,260.212,244.366
549.025,379.031,261.556,247.020
547.784,384.675,261.163,252.676
547.525,380.029,260.304,256.369
547.026,377.443,260.046,258.118
549.510,377.131,259.835,259.803
548.532,376.676,259.189,261.536
549.462,376.274,258.104,261.984
550.331,378.038,256.956,260.888
553.171,378.663,254.256,259.260
551.372,380.986,253.746,260.293
554.002,383.976,253.170,259.072
554.452,383.554,252.310,257.692
550.117,389.362,253.519,257.542
552.332,385.106,253.546,255.852
549.750,386.376,254.897,256.070
548.557,387.508,255.700,256.481
547.519,385.240,257.154,256.012
546.203,387.297,259.474,256.639
544.750,384.421,258.718,256.174
543.684,385.408,260.312,256.327
543.949,384.198,260.781,258.014
544.057,386.275,260.163,259.200
544.007,385.293,260.356,260.114
543.677,387.922,260.183,260.986
548.536,392.585,260.834,261.103
546.233,391.350,262.194,260.240
548.857,396.565,261.058,262.070
547.221,398.339,262.058,259.931
543.894,398.650,261.651,258.158
540.934,398.748,260.052,256.349
540.479,398.309,257.702,258.666
540.270,394.187,255.117,259.500
538.901,394.629,252.822,258.908
544.144,392.953,249.528,256.886
543.789,392.214,248.212,255.437
546.636,393.378,246.903,256.635
545.843,393.481,245.316,256.892
548.359,394.486,244.583,256.734
550.182,394.198,244.234,257.353
553.911,394.074,242.330,257.838
555.119,395.109,240.668,257.594
558.093,396.738,240.301,255.356
557.203,399.732,240.294,252.380
559.956,401.151,241.181,248.864
563.398,408.178,240.155,245.280
564.700,409.328,239.378,243.079
564.827,409.958,240.449,239.942
566.378,412.301,241.439,238.545
567.268,409.901,243.040,238.613
567.729,409.745,243.996,239.480
564.877,408.567,245.724,240.200
562.386,404.295,244.998,240.470
563.016,405.718,244.326,240.936
565.941,403.761,243.383,240.130
569.083,405.243,243.541,242.949
570.429,401.320,242.483,244.200
572.031,403.986,242.793,247.058
573.930,400.881,241.161,243.975
572.755,403.977,238.718,242.072
573.036,403.043,235.040,237.455
575.408,409.413,232.225,234.777
576.219,414.268,229.239,235.572
576.194,415.788,227.372,234.658
577.609,416.438,225.456,231.771
578.580,419.903,224.684,230.204
578.072,418.218,226.336,230.263
578.971,418.153,227.936,230.722
576.789,417.674,229.609,230.925
578.242,416.342,231.557,232.531
579.035,414.178,234.218,234.041
579.722,409.140,235.176,233.606
579.144,410.205,236.162,236.427
578.732,407.754,236.774,237.435
580.329,406.849,236.806,237.816
583.142,404.766,238.801,238.833
585.359,404.930,239.354,238.943
584.768,405.900,239.905,239.797
589.246,404.814,239.279,239.827
590.800,406.027,237.620,237.793
592.267,408.699,237.258,236.266
593.048,407.553,237.659,235.266
593.486,410.935,236.631,235.235
592.304,410.074,234.989,233.123
590.575,412.253,233.565,233.409
589.973,409.582,233.085,232.457
587.919,411.336,232.974,234.141
589.658,408.570,231.554,234.581
588.051,408.269,232.132,236.002
588.706,406.891,231.751,238.552
585.157,405.743,231.427,239.538
587.545,402.139,229.405,238.942
589.993,400.894,226.718,243.260
587.762,398.645,226.502,239.930
594.446,397.633,223.053,239.391
590.076,398.535,222.422,237.539
593.401,399.949,221.378,239.366
590.814,401.219,222.327,237.961
596.692,402.207,220.060,237.300
590.499,405.478,223.434,239.377
576.686,404.793,230.661,237.256
587.871,404.330,230.268,237.023
582.941,402.187,235.337,239.180
590.339,400.899,233.202,240.701
585.767,398.195,235.383,239.452
589.295,395.948,234.789,240.655
590.523,395.663,232.960,240.271
589.718,391.836,236.587,239.990
587.207,391.131,235.070,240.437
587.978,390.716,235.300,241.650
588.902,390.724,231.858,241.166
592.202,391.464,229.897,239.270
591.965,395.985,229.526,241.334
594.049,391.574,228.161,241.827
584.756,391.597,231.750,241.268
562.114,390.658,244.994,239.572
548.931,390.984,259.358,242.438
556.000,392.165,261.027,240.496
542.505,390.400,267.605,240.238
540.557,392.685,270.597,240.860
539.458,394.446,269.832,236.682
541.244,396.043,270.805,235.099
542.905,394.855,267.345,231.674
543.342,396.321,264.535,229.197
541.545,399.886,263.414,224.784
539.901,398.227,262.355,222.404
540.812,400.567,260.935,222.264
542.378,397.631,258.651,221.631
543.755,397.816,256.557,225.919
540.498,393.992,256.379,228.424
538.335,394.131,257.875,229.048
543.548,393.003,253.699,233.651
541.900,392.149,253.266,231.633
543.545,393.133,253.038,231.714
542.085,391.253,252.105,232.672
543.345,392.696,252.827,232.964
542.800,391.115,252.881,232.081
544.181,393.876,252.074,234.573
548.946,391.317,249.156,233.725
545.639,393.084,249.534,239.260
550.171,389.995,248.111,236.476
548.714,390.925,247.886,236.005
552.060,391.454,247.192,234.959
551.611,391.494,246.141,236.345
554.727,391.912,244.150,235.054
553.964,392.557,240.839,233.816
557.174,394.027,237.870,232.310
556.585,393.611,236.404,231.675
559.058,393.895,234.393,232.833
559.023,393.767,231.680,231.828
560.224,395.150,229.047,232.214
560.281,392.412,227.033,230.358
561.286,392.433,223.601,229.976
561.891,391.208,222.074,229.558
563.236,389.345,219.579,229.151
565.019,391.017,217.190,228.219
567.534,391.282,216.252,228.649
567.966,392.480,212.722,226.966
570.980,391.373,208.743,227.093
573.101,393.203,205.861,228.939
573.053,391.387,203.550,227.710
571.708,394.990,199.328,227.659
571.106,392.099,194.624,224.542
571.796,393.736,192.133,221.625
575.364,393.152,190.805,219.764
574.767,396.393,188.529,221.493
576.067,395.485,187.386,219.696
577.047,395.485,185.988,217.673
577.576,395.881,184.781,218.157
579.476,392.929,182.318,218.630
579.668,394.077,181.057,223.368
578.418,392.916,181.527,224.075
582.883,388.904,181.120,223.374
579.996,388.268,182.043,226.963
579.200,384.628,182.660,225.427
576.052,385.368,183.628,228.250
573.084,383.927,183.140,229.829
574.595,379.994,181.995,227.062
573.572,381.785,185.248,229.548
572.083,380.230,187.594,229.928
570.013,379.443,188.393,231.462
567.637,378.602,188.600,232.141
567.052,375.497,188.098,229.000
565.808,380.900,186.525,229.852
565.016,378.684,183.742,228.619
566.231,383.728,180.921,228.916
565.305,383.188,179.089,226.443
564.548,386.200,175.365,224.483
567.857,385.568,174.443,222.294
567.055,389.412,175.183,221.654
567.163,385.598,176.388,219.240
567.639,390.406,179.380,218.424
565.991,385.756,181.412,217.589
563.546,387.029,185.904,218.725
564.147,385.455,188.334,220.796
561.943,387.240,191.658,222.219
563.427,380.787,192.554,220.206
561.124,381.125,194.566,222.517
562.462,380.984,196.147,223.444
562.594,380.042,196.806,226.024
565.656,376.764,198.393,226.069
566.923,376.538,200.369,227.322
568.651,374.369,201.605,226.669
572.214,376.210,200.693,225.113
574.749,375.155,198.943,226.512
575.027,372.865,201.511,227.861
578.116,370.700,202.706,228.743
578.286,370.902,202.685,231.209
580.230,368.998,202.780,229.940
578.842,364.884,198.838,232.025
582.761,365.212,201.616,233.132
583.125,364.091,203.503,234.190
584.664,362.014,203.732,234.912
583.981,360.259,205.590,235.156
584.828,361.351,206.747,235.875
584.583,358.301,206.337,235.835
584.747,358.040,206.601,234.006
587.229,358.360,206.649,233.465
589.949,359.266,205.201,233.430
587.849,360.199,204.422,232.589
591.848,358.603,204.508,235.047
594.257,357.627,201.069,236.106
595.802,357.362,202.529,237.494
599.806,357.817,205.984,238.734
604.142,359.193,208.317,237.772
613.547,357.494,204.289,235.949
616.632,360.361,201.951,236.842
610.542,357.830,196.936,237.654
616.877,356.122,198.377,236.831
618.898,356.341,198.548,235.461
624.426,357.585,197.649,233.233
636.291,358.582,193.122,232.850
636.353,359.059,189.653,230.873
634.325,355.924,189.568,230.406
641.833,359.091,188.105,229.906
643.517,357.746,187.404,229.044
638.965,358.939,188.261,229.652
652.687,358.187,184.876,228.885
664.157,363.281,180.355,229.442
661.996,360.026,178.406,229.874
662.802,361.514,177.904,230.695
670.618,362.785,175.687,231.307
670.500,359.004,174.143,231.220
679.947,360.751,171.155,230.632
673.301,359.487,171.894,230.175
673.622,361.772,172.642,229.390
684.738,359.251,169.370,229.708
685.364,358.483,166.991,229.050
682.370,358.186,166.459,229.228
694.544,359.660,162.800,228.465
694.414,357.527,160.621,227.639
695.398,357.519,159.225,227.931
701.894,358.759,156.598,226.806
705.417,360.124,153.742,226.791
705.535,359.270,152.816,227.250
709.990,359.172,152.193,227.638
708.150,359.786,152.401,226.499
712.263,360.696,151.384,227.710
712.591,359.228,151.173,228.635
714.267,359.283,151.889,228.971
710.823,359.135,152.574,229.282
703.650,358.386,159.360,230.137
697.160,358.159,168.227,233.645
687.398,356.675,176.230,235.491
686.094,355.006,180.698,237.351
685.062,353.199,183.006,235.595
689.463,353.230,184.222,234.962
692.178,354.908,182.532,235.851
692.262,353.255,182.406,235.289
695.498,355.011,181.050,235.504
696.485,355.460,180.583,236.164
696.672,355.732,181.199,236.002
694.403,356.721,182.626,234.977
695.285,358.066,181.797,233.401
692.279,357.666,183.999,231.636
699.455,360.353,182.032,230.171
695.828,361.439,180.407,228.459
693.916,360.862,181.472,228.155
703.234,364.488,179.291,226.493
700.922,363.800,178.444,227.641
706.214,362.441,175.577,227.339
708.642,365.516,172.454,228.682
714.947,365.591,168.575,229.000
715.271,365.736,167.452,230.021
715.553,364.778,166.228,229.972
719.929,366.587,163.582,229.922
717.924,367.212,163.381,229.040
712.499,366.003,166.905,228.856
714.242,367.012,166.634,229.160
714.252,367.463,167.092,229.369
707.798,367.888,169.149,228.484
705.283,364.682,173.040,228.025
704.654,365.141,174.778,226.557
711.197,366.753,173.297,225.585
711.906,366.169,170.886,225.584
704.475,372.130,173.644,224.674
696.099,368.948,177.877,223.231
698.014,372.503,179.215,222.682
694.820,371.121,181.477,221.772
694.136,372.368,183.166,221.119
693.817,371.744,184.307,221.588
696.528,373.367,183.867,220.474
695.930,369.302,183.089,220.633
702.139,367.867,181.183,222.827
709.599,364.880,177.176,225.159
713.073,365.279,172.463,224.761
714.229,368.934,169.432,225.954
712.229,367.720,168.901,227.647
709.665,366.671,169.988,227.385
713.521,366.143,168.656,228.025
715.293,364.176,166.245,228.293
720.266,364.603,163.850,229.032
731.276,363.818,157.551,231.463
720.946,365.892,158.541,229.429
729.884,363.878,155.288,227.958
737.112,366.314,150.667,228.181
735.861,365.888,148.370,226.660
742.493,368.366,143.471,225.704
742.160,371.454,140.646,224.730
737.288,367.566,141.273,222.920
743.958,367.711,138.799,224.346
740.999,369.554,138.594,223.524
751.816,368.248,133.702,223.459
747.526,367.329,132.842,225.283
748.745,368.341,132.203,224.266
747.121,368.405,132.449,222.497
747.127,369.450,132.435,222.784
741.497,369.935,134.811,222.479
738.183,369.171,136.961,221.089
746.313,364.096,133.817,222.137
739.872,371.157,135.952,223.785
743.242,368.427,135.506,222.855
740.708,365.976,136.535,223.389
738.980,367.461,138.280,223.157
740.064,366.374,137.673,221.721
746.254,368.190,135.736,221.342
740.531,371.322,137.102,220.285
740.637,370.041,137.207,218.437
741.398,369.088,136.961,217.525
740.312,368.686,137.880,218.136
742.502,370.399,137.476,218.390
743.912,374.648,136.585,218.076
748.448,373.440,134.321,217.739
748.819,374.697,133.743,217.693
748.658,375.143,132.977,216.710
750.439,375.918,131.354,215.180
