524.000,74.000,448.000,643.000
508.279,61.506,449.405,639.991
505.166,76.135,452.741,635.788
506.002,77.416,453.995,631.790
509.560,67.255,453.912,634.629
506.081,57.570,459.425,643.001
498.488,64.332,463.988,641.996
500.732,58.710,467.372,640.996
510.269,47.873,463.425,644.619
504.047,53.520,464.471,641.977
526.629,40.865,454.150,641.246
538.388,52.780,443.057,628.283
545.335,37.502,438.184,623.153
539.101,53.775,441.926,620.483
524.514,44.635,436.962,610.765
535.691,63.540,436.994,614.037
528.660,60.737,433.355,615.625
550.515,80.618,422.258,607.355
566.813,139.975,408.374,571.821
584.957,160.128,407.330,544.620
563.923,150.345,418.728,535.904
523.503,85.198,450.485,568.211
503.552,44.108,466.696,603.302
510.665,44.939,477.555,621.751
500.332,36.574,484.119,638.110
509.664,43.146,494.470,646.615
503.146,35.261,499.462,654.648
497.238,34.180,509.325,663.074
492.696,26.370,511.410,669.437
482.747,24.470,517.180,673.658
446.183,14.798,546.244,678.535
467.600,28.053,549.963,672.122
468.812,24.591,552.481,665.017
449.184,40.430,565.401,654.411
448.166,42.756,573.919,642.589
463.160,47.680,576.258,638.549
433.998,33.741,593.706,635.946
439.309,46.008,605.212,630.394
446.140,59.648,608.129,618.463
438.573,61.854,616.181,613.664
442.721,82.328,621.190,601.573
404.594,92.218,647.937,590.423
365.648,112.906,686.152,573.163
323.728,115.642,729.135,565.863
317.042,129.630,761.029,552.219
289.460,144.188,788.988,543.925
275.275,146.277,814.819,533.539
251.315,138.296,845.558,532.238
249.842,148.261,861.475,523.353
243.474,155.630,877.926,513.103
235.124,162.564,891.150,501.179
195.644,149.438,904.720,488.298
207.758,156.862,914.863,474.321
209.617,159.644,921.042,459.290
194.900,154.675,930.451,450.501
197.856,165.333,937.724,443.963
192.211,159.207,945.687,430.857
191.092,162.563,961.447,420.150
187.730,148.476,969.232,411.598
195.575,157.281,976.956,412.227
200.434,159.712,982.259,405.090
203.793,161.300,983.346,397.597
210.610,164.800,986.627,396.629
222.237,170.644,991.188,389.913
232.013,173.515,994.452,384.532
240.218,172.366,993.051,382.921
246.847,180.705,992.121,379.622
240.912,179.608,995.100,376.173
240.141,185.610,991.509,379.147
239.154,184.021,996.595,373.499
237.397,183.377,996.912,371.505
236.057,180.282,996.085,369.427
239.984,186.989,997.209,372.821
247.740,184.462,997.500,365.803
244.899,187.157,997.451,363.867
241.479,193.001,996.705,367.473
234.622,190.254,995.775,366.067
233.372,195.872,998.915,367.453
234.418,197.416,1000.858,367.235
229.816,194.681,999.550,367.290
230.167,205.082,999.601,372.030
245.644,208.274,1002.632,366.760
242.326,203.457,1007.966,361.257
235.195,204.657,1009.526,359.346
249.441,198.893,1005.718,357.070
207.354,188.357,1002.343,363.300
223.039,180.447,1012.457,363.379
228.677,185.758,1006.694,365.062
213.128,182.134,1008.690,364.690
226.278,186.152,1011.535,363.538
242.491,199.167,1003.969,365.434
236.559,206.715,997.064,366.857
230.214,214.841,990.192,370.797
237.666,202.853,986.935,364.153
257.399,214.908,984.819,364.887
258.484,224.842,976.749,368.005
245.279,225.293,978.779,365.378
233.623,211.720,982.153,362.865
241.120,205.849,984.296,361.494
238.844,209.534,982.569,369.418
245.492,203.052,981.955,376.603
238.221,202.545,981.178,381.305
268.185,212.930,975.741,380.170
208.332,196.503,983.348,384.648
223.483,163.278,982.939,408.511
223.434,160.625,974.137,429.918
239.935,186.991,965.592,430.499
255.440,222.925,961.732,422.979
249.738,203.180,951.643,414.014
253.628,181.174,942.665,420.906
280.361,141.839,940.029,432.376
301.745,112.150,935.378,456.267
266.903,90.542,923.495,476.446
281.219,133.317,911.437,477.272
269.368,165.625,901.994,465.270
262.137,186.547,892.617,445.349
293.657,205.205,875.587,444.691
282.635,200.531,875.666,449.302
325.040,199.469,845.226,450.868
299.814,200.738,844.068,448.263
304.456,223.697,841.169,446.459
282.174,216.638,845.336,444.500
304.363,221.888,844.047,442.725
300.320,222.347,843.725,442.569
300.529,212.764,836.053,441.043
301.399,195.698,838.230,444.671
314.513,186.771,837.170,450.016
341.853,188.732,827.377,452.118
320.664,171.443,838.996,461.951
327.341,169.994,838.416,469.012
338.770,181.110,835.897,469.663
321.533,194.752,840.492,469.627
323.872,198.304,844.119,463.505
322.055,196.666,847.634,459.867
362.996,204.119,827.014,454.686
309.366,190.432,842.758,453.211
310.003,186.854,847.735,454.022
330.809,185.573,846.579,453.033
336.109,179.771,850.216,452.428
319.248,165.305,857.774,450.445
310.302,150.707,859.501,454.629
307.156,146.223,865.236,459.895
310.963,154.258,870.545,466.730
354.172,195.162,851.646,453.174
287.936,173.721,860.864,437.635
289.986,167.651,870.997,433.325
262.792,140.091,882.272,443.019
269.977,146.897,887.162,444.844
277.335,172.735,888.783,437.480
277.812,181.162,885.871,432.744
295.102,186.688,882.489,432.834
281.552,195.608,885.945,427.993
277.655,202.973,887.558,427.190
276.282,206.290,887.838,427.636
279.472,205.561,887.911,427.644
260.879,205.896,892.626,431.920
267.191,200.859,889.408,427.689
265.436,194.652,889.975,434.899
265.408,203.680,887.705,431.257
264.352,216.172,889.817,431.153
259.196,214.112,890.363,428.017
263.060,210.543,887.254,430.164
267.025,212.752,886.126,430.569
267.583,216.468,888.217,427.924
260.462,215.594,888.899,430.744
264.490,214.605,887.595,429.105
270.843,222.649,886.180,427.018
272.417,227.107,889.356,422.750
289.942,235.708,888.422,417.180
277.345,231.908,892.240,415.612
277.450,229.806,892.815,413.140
282.548,227.914,892.298,414.847
281.562,233.923,891.221,415.765
279.045,215.119,890.114,427.235
272.173,216.737,895.405,424.758
275.985,212.149,897.317,426.374
278.228,206.165,898.164,428.620
279.144,200.418,900.545,433.333
276.862,197.249,900.229,437.653
278.981,197.995,905.736,441.292
272.084,196.128,908.768,446.253
269.126,195.703,915.719,451.009
269.714,195.234,919.466,453.387
267.612,188.424,924.619,453.934
256.306,186.204,930.793,454.725
269.133,192.396,931.787,446.926
265.913,182.158,929.915,439.106
273.044,184.152,922.084,440.173
277.682,190.936,916.213,435.470
275.718,192.942,909.377,431.323
285.090,206.813,904.366,425.100
273.658,191.964,903.135,424.787
281.312,193.353,897.966,419.428
281.671,203.585,897.502,415.468
269.742,198.692,897.087,413.109
282.530,204.048,890.731,411.890
284.992,196.669,888.964,410.112
288.595,201.960,883.854,406.918
302.204,201.499,880.239,406.572
307.446,191.698,877.415,409.807
318.112,194.936,871.609,411.600
304.545,203.342,873.430,404.400
307.324,208.505,874.131,405.102
305.867,209.868,870.591,403.165
