639.000,383.000,57.000,179.000
639.152,383.789,56.896,175.868
639.503,384.843,56.821,174.160
638.981,383.376,57.610,175.580
639.015,384.203,57.862,175.259
639.189,384.143,57.557,174.723
639.098,384.210,57.449,174.594
639.172,384.678,57.364,174.182
639.045,383.704,57.284,175.010
639.147,384.768,57.461,174.880
638.769,382.991,57.747,175.784
638.778,384.935,57.842,175.161
638.743,383.101,57.988,175.497
638.619,384.705,58.019,175.290
638.609,383.070,58.054,175.578
638.492,385.145,58.091,174.777
638.506,382.971,58.095,175.386
638.296,384.331,58.229,175.630
638.829,383.943,57.659,174.689
638.834,384.507,57.699,174.789
638.721,383.385,57.568,174.954
638.605,384.754,57.931,175.164
638.517,382.974,58.248,175.729
638.273,384.447,58.225,175.204
638.670,384.183,57.949,174.590
638.312,384.104,58.175,174.749
638.459,384.724,58.230,174.124
638.349,384.082,58.201,174.444
638.258,384.559,58.301,174.598
638.230,384.236,58.278,174.572
638.455,384.561,58.212,174.370
638.472,383.709,58.362,174.979
638.147,383.339,58.586,175.658
637.924,383.265,58.752,175.341
637.841,383.777,58.786,175.233
637.996,383.790,58.531,174.851
637.996,383.472,58.580,175.209
638.318,383.808,58.522,175.227
638.168,383.535,58.664,175.552
638.255,383.774,58.421,175.366
638.275,383.625,58.410,175.489
638.079,383.274,58.481,176.063
638.100,383.444,58.346,175.842
638.163,382.965,58.256,175.960
638.222,383.442,58.392,175.610
638.152,383.821,58.158,175.383
638.293,383.205,58.224,175.699
637.998,384.170,58.341,175.234
638.253,382.854,58.403,176.053
637.364,382.683,58.873,176.523
636.526,380.248,59.366,178.423
637.521,379.064,59.629,180.175
637.152,378.907,59.709,180.320
636.598,379.104,59.708,180.688
637.298,380.331,60.176,179.762
637.009,379.786,59.115,179.088
637.602,379.422,58.204,179.202
637.442,377.441,58.437,179.944
636.538,376.630,59.558,181.961
635.695,372.652,60.610,182.958
635.601,371.520,60.095,185.612
636.099,369.878,59.268,187.911
637.890,371.668,57.578,187.916
636.926,368.527,57.526,188.688
637.643,370.947,57.204,188.891
636.356,366.724,58.968,190.449
636.440,371.275,59.191,188.218
633.237,368.193,63.193,187.961
633.855,373.678,62.745,186.263
636.786,377.371,59.994,182.891
637.310,379.852,58.379,179.567
637.468,379.038,57.270,178.898
637.260,379.508,58.319,180.095
638.020,379.172,57.628,179.840
637.690,379.783,58.574,180.112
636.113,378.832,59.757,180.484
636.048,379.793,59.614,179.428
636.879,380.704,59.774,177.823
636.614,381.105,59.536,177.407
636.727,380.434,59.571,178.023
637.478,379.755,59.027,178.198
638.019,379.303,58.295,178.833
638.467,379.196,57.663,179.162
637.953,378.841,57.701,179.359
638.209,378.719,57.569,179.532
638.377,379.322,57.408,179.011
638.500,379.998,57.470,179.026
638.483,379.461,57.918,179.228
638.190,380.854,58.056,178.140
638.149,384.762,58.074,176.456
637.821,387.439,57.684,174.860
637.505,389.465,57.538,174.110
637.688,395.366,55.796,170.649
638.555,393.533,55.796,170.198
639.085,396.704,55.975,169.092
638.640,395.856,55.957,168.633
638.425,392.054,57.010,170.442
638.478,388.937,57.253,171.843
638.121,385.805,56.838,172.119
637.830,377.540,56.858,175.900
637.535,371.565,56.293,178.668
635.400,363.340,56.276,177.488
634.883,358.357,62.777,174.288
628.217,357.900,71.723,170.741
622.288,351.754,80.326,165.951
616.758,353.605,87.184,162.770
604.882,359.490,94.221,159.803
605.627,358.058,99.733,158.151
616.396,359.596,105.208,155.964
606.107,364.787,110.967,153.463
592.708,365.654,116.367,150.571
587.061,365.809,122.209,147.836
587.930,368.920,127.670,145.655
582.789,369.185,132.383,143.404
580.190,368.400,136.486,142.129
579.953,369.277,139.674,141.314
576.680,368.650,142.703,140.741
576.164,375.347,146.435,139.623
573.265,374.522,149.893,138.582
569.795,375.086,153.819,137.734
563.269,378.305,157.060,136.307
559.758,386.064,159.537,135.178
551.534,384.891,161.687,134.390
552.213,388.834,164.709,133.196
552.062,393.019,166.674,132.041
555.479,389.804,168.495,130.947
549.209,395.377,169.888,129.928
551.764,390.719,171.465,128.626
551.293,395.180,173.020,127.692
548.739,392.369,174.059,126.811
544.803,399.748,174.981,125.874
547.190,392.392,176.747,125.209
546.782,402.440,177.208,124.298
547.429,396.944,177.850,123.663
552.156,389.886,178.027,123.634
543.158,399.477,179.066,123.224
539.919,398.121,179.642,122.335
545.198,400.324,180.564,121.198
547.151,397.023,180.436,120.821
547.406,401.484,181.566,119.647
540.893,391.166,181.284,120.055
539.706,398.071,182.149,120.077
542.980,406.841,183.261,118.878
542.502,400.770,183.803,118.643
541.097,399.760,184.919,118.327
540.896,396.184,185.857,118.388
537.175,402.235,186.207,118.091
537.578,394.104,185.822,118.324
533.515,401.122,185.546,118.554
540.298,397.358,185.889,118.810
540.616,400.646,186.935,118.224
538.211,396.792,187.994,118.164
534.698,410.425,188.110,117.027
535.305,404.575,189.240,116.382
535.682,401.312,188.907,116.298
539.523,407.196,189.167,115.841
535.963,401.412,189.565,115.724
542.318,403.349,190.319,115.322
537.948,399.829,189.836,115.106
541.966,408.752,190.691,113.677
536.208,402.371,190.291,114.103
540.899,405.225,191.302,113.520
539.519,395.451,190.736,114.214
536.603,405.559,190.898,114.114
541.237,397.040,190.446,114.750
539.178,395.747,190.215,115.721
538.143,400.420,190.523,116.033
539.093,397.881,190.792,116.767
539.237,395.412,191.590,117.221
536.448,392.068,192.336,118.225
541.884,392.942,192.754,119.317
546.512,389.527,192.682,119.860
547.101,386.295,193.702,120.332
545.042,388.211,194.251,120.243
543.075,386.247,194.596,120.162
544.348,388.842,194.966,119.864
546.485,384.854,195.921,120.190
547.185,374.316,195.258,121.662
541.017,389.290,194.687,121.808
545.902,388.457,194.597,121.930
550.492,387.468,194.580,121.951
549.604,377.689,193.656,123.023
557.549,372.800,191.488,124.594
544.133,387.840,190.512,124.678
552.378,386.130,189.108,125.030
546.098,386.642,187.813,124.895
544.066,383.558,185.390,125.527
547.537,379.312,182.830,126.873
570.159,375.591,179.803,128.312
545.946,381.348,178.267,128.256
544.747,381.747,177.364,128.505
541.390,381.818,175.926,129.140
549.058,383.584,173.314,129.295
547.253,388.028,172.811,130.092
539.343,387.587,173.539,129.580
543.816,388.569,173.295,129.087
539.188,391.572,173.279,128.412
548.251,379.410,171.728,129.343
550.507,377.360,170.623,129.799
539.875,377.997,169.496,130.192
539.460,378.020,168.258,130.662
541.399,378.134,167.598,130.932
542.713,379.053,167.178,131.012
546.541,378.782,166.458,131.371
548.805,376.473,165.689,131.654
549.723,376.822,165.414,131.539
552.846,374.693,164.232,131.778
556.564,371.940,162.365,132.475
557.125,373.974,159.661,133.333
560.843,371.048,157.589,134.158
560.276,371.602,155.563,134.897
562.922,370.051,153.569,135.623
570.183,369.401,151.812,136.262
568.947,370.308,148.949,137.498
566.718,369.767,146.424,138.311
567.504,365.148,142.474,139.816
573.153,369.240,141.340,141.003
571.397,366.401,138.814,141.527
574.753,366.320,135.856,143.581
577.083,366.356,133.798,144.426
578.583,364.748,131.432,145.083
579.688,366.599,131.072,145.438
574.492,365.142,130.151,145.513
574.735,364.629,128.831,146.024
577.793,364.049,127.905,146.446
581.014,365.139,126.644,146.880
583.229,364.037,125.256,147.093
575.405,368.417,125.359,147.018
566.194,365.273,126.352,146.746
573.285,364.239,126.294,147.219
569.625,360.451,126.093,148.089
568.871,362.224,126.673,148.913
575.385,358.112,125.834,149.999
566.270,358.123,125.111,151.083
574.228,357.317,124.883,151.813
572.123,356.157,123.878,152.787
564.781,363.732,125.240,152.471
572.442,356.406,123.727,152.876
561.196,363.529,125.853,152.533
573.689,363.288,124.918,152.064
576.516,364.128,124.877,151.232
584.255,363.398,125.305,150.153
581.016,366.643,124.544,149.590
582.906,359.318,122.932,149.352
584.436,364.162,123.072,150.227
579.547,365.107,123.056,149.909
579.114,361.289,121.180,149.799
579.552,362.992,119.844,150.388
579.326,362.767,118.305,150.637
572.531,370.285,118.379,150.495
570.353,364.405,118.483,149.739
564.912,370.583,119.474,149.236
578.231,363.432,118.525,149.123
581.352,369.246,118.060,149.009
565.548,364.776,119.005,148.745
573.992,369.538,119.423,147.966
563.946,365.982,120.010,147.532
574.555,368.720,119.765,147.232
562.356,371.217,120.241,146.498
583.056,364.230,117.870,146.347
594.507,365.927,117.345,146.182
597.969,362.787,116.361,145.735
604.201,364.657,115.272,145.984
607.830,366.229,115.481,145.422
597.945,366.552,114.806,145.154
603.633,364.824,114.082,144.869
610.900,365.118,114.546,144.206
606.156,361.392,113.172,144.428
607.580,365.303,113.931,143.881
614.671,365.717,113.833,143.936
617.482,362.958,113.937,144.103
614.494,367.361,114.338,143.577
611.581,366.689,114.885,143.164
612.239,367.707,115.386,143.072
602.211,371.777,116.539,142.851
618.802,369.373,117.153,142.560
610.965,375.383,118.308,142.167
614.316,366.561,119.003,142.087
618.526,373.108,120.032,141.829
621.309,372.129,120.249,141.571
615.532,370.895,121.063,141.371
606.240,372.240,121.843,141.162
609.446,367.997,122.243,141.093
614.253,371.172,123.275,140.904
605.808,373.045,124.201,140.944
621.830,371.746,125.011,141.111
613.371,362.905,124.182,140.915
613.231,364.849,119.343,141.121
605.055,365.041,112.113,142.999
600.816,367.622,106.516,145.554
605.683,369.805,98.732,146.599
603.148,369.285,96.412,145.132
596.658,371.766,98.245,143.454
583.416,371.444,99.908,142.104
595.407,372.283,100.657,141.480
598.410,372.987,102.292,140.949
598.121,370.695,105.161,140.169
595.404,369.235,107.412,139.614
579.809,367.321,108.500,139.463
581.750,372.133,110.058,139.011
584.199,369.928,111.526,138.593
580.679,371.252,113.690,138.048
571.887,372.264,115.262,137.553
572.972,371.868,117.127,137.054
576.749,370.729,118.736,136.746
589.737,372.752,120.597,136.284
584.033,374.740,122.559,136.057
567.380,373.393,125.147,136.355
570.605,375.048,126.080,136.319
574.209,374.815,126.682,136.175
561.478,375.173,129.284,136.506
572.236,369.821,129.228,136.518
570.441,375.393,129.836,136.555
559.724,372.732,130.024,136.454
558.049,372.862,131.086,136.225
563.235,367.697,131.155,136.456
569.819,369.407,131.216,137.268
577.915,361.653,130.435,138.254
580.723,362.382,131.093,139.007
568.955,363.535,131.300,140.302
576.564,357.693,130.782,141.611
583.293,351.049,130.176,142.561
586.696,354.403,130.312,143.516
579.026,351.112,129.001,144.797
574.648,350.680,127.742,145.990
570.761,349.898,126.133,147.052
574.570,348.538,125.106,148.334
574.737,348.868,125.024,149.298
566.197,347.496,122.576,150.823
568.546,347.517,121.476,151.888
570.919,344.774,120.062,152.901
571.230,343.282,119.794,152.990
557.683,340.915,119.985,153.155
550.864,342.876,120.720,154.051
550.815,341.855,120.778,155.111
560.714,340.901,119.434,155.929
557.148,337.631,119.464,156.129
548.359,330.018,121.274,156.781
540.572,320.559,121.894,158.127
544.792,305.237,122.141,159.510
546.035,295.537,121.670,161.110
545.202,296.906,120.102,163.303
555.332,288.971,118.269,166.022
553.963,284.345,115.886,168.173
557.315,277.573,113.937,170.436
559.346,288.940,112.198,172.795
559.365,282.839,110.704,174.660
560.908,280.246,109.627,176.365
561.358,286.363,108.474,178.236
560.600,278.814,107.467,180.091
560.151,287.181,106.445,181.302
557.468,287.027,105.352,182.658
559.641,283.035,104.174,184.392
557.053,283.971,102.899,185.386
555.900,280.243,101.953,187.017
546.227,283.766,101.959,187.950
547.342,297.125,103.782,188.432
533.643,297.879,105.296,188.430
534.340,306.327,108.307,187.562
541.807,318.960,109.922,187.233
546.096,320.885,111.513,187.310
545.619,321.584,113.989,187.452
547.402,309.175,115.805,186.188
548.872,316.692,117.010,186.833
555.590,312.888,117.331,187.463
557.114,297.801,116.766,187.669
557.667,301.930,116.117,188.752
559.293,280.947,114.777,188.679
562.865,284.993,113.593,189.305
558.184,277.197,111.886,189.806
557.563,276.838,110.337,190.094
555.451,276.868,108.286,190.527
553.786,272.202,105.862,190.366
552.082,276.780,104.333,190.673
549.556,269.672,101.670,190.280
550.242,268.982,98.656,190.022
550.965,270.602,96.239,189.495
552.116,268.294,93.805,188.656
552.554,270.887,92.046,188.288
556.642,269.804,90.743,187.702
550.698,271.248,88.939,187.523
552.951,270.297,87.793,186.853
554.131,269.328,86.674,186.492
555.151,264.404,85.612,185.581
556.443,258.579,84.969,184.639
558.836,253.212,84.409,183.322
561.004,257.326,84.071,182.417
561.095,255.539,83.657,181.719
563.039,254.781,83.375,181.035
564.531,255.439,83.350,180.563
