881.000,415.000,196.000,33.000
883.335,414.400,188.064,33.546
890.831,414.353,180.776,33.597
894.778,414.652,176.317,33.316
901.165,415.505,171.203,32.534
902.227,416.087,169.061,32.144
904.101,416.322,168.387,32.032
901.207,416.331,168.323,31.950
896.184,417.398,167.523,31.799
888.802,417.601,166.793,31.637
880.038,418.820,165.925,31.028
869.787,418.350,164.912,30.720
859.337,419.587,162.925,30.209
853.182,418.503,159.672,30.258
848.837,417.974,158.443,30.361
841.707,416.250,159.284,30.532
830.069,415.692,161.409,30.742
821.254,415.943,163.567,30.836
813.349,415.464,168.289,31.058
804.378,414.651,170.609,31.651
802.397,413.978,173.184,32.314
802.717,413.451,174.463,32.385
791.333,413.563,173.159,32.435
788.082,413.807,171.392,32.636
781.223,413.509,169.139,32.775
772.598,413.812,168.487,32.462
773.840,413.066,168.351,32.329
773.395,412.428,169.128,32.282
779.602,412.080,168.474,32.392
772.795,412.525,169.459,32.295
771.989,412.628,168.972,32.375
758.375,412.043,170.856,32.316
759.083,412.270,171.115,32.427
752.999,411.722,173.694,32.614
742.788,411.968,177.578,32.657
738.875,412.457,178.256,32.862
734.300,411.909,181.131,33.070
733.117,411.381,181.766,33.260
729.988,411.391,182.100,33.641
726.060,410.756,182.463,33.880
725.221,410.579,181.039,34.211
721.881,409.807,180.303,34.857
721.109,409.416,179.709,35.177
718.616,408.834,180.305,35.378
716.270,408.330,180.084,35.792
715.793,409.717,179.925,35.175
710.756,410.842,178.042,34.672
715.805,410.117,176.924,34.701
717.956,409.000,175.381,35.003
717.076,409.344,175.811,34.966
717.441,409.031,175.474,35.126
717.592,408.706,175.835,35.329
717.602,408.142,177.350,35.746
716.945,408.566,178.139,35.732
716.793,408.690,178.854,35.786
708.469,408.635,176.200,35.921
709.671,409.161,174.920,35.601
714.148,407.789,173.065,36.072
719.584,407.714,173.752,36.070
715.625,408.019,174.371,36.129
713.321,408.480,174.404,35.809
708.449,408.295,173.771,36.116
708.083,409.393,171.541,35.690
707.474,407.619,169.471,36.383
706.119,409.817,168.059,35.438
708.809,410.547,166.609,35.098
707.842,410.394,164.732,34.827
707.583,409.796,160.878,34.719
706.715,411.033,156.779,34.101
709.600,411.641,154.416,33.669
710.414,411.547,153.182,33.583
710.505,411.763,152.221,33.317
710.680,412.195,151.748,32.906
711.377,412.942,151.881,32.360
713.209,412.479,153.694,32.423
712.004,412.962,154.207,32.241
712.167,413.215,155.740,32.137
709.689,413.556,154.518,32.023
710.885,412.544,153.379,32.316
708.658,411.614,151.771,32.248
709.620,408.357,149.568,33.386
709.297,402.440,147.593,35.173
705.719,398.695,146.617,37.556
706.712,394.444,145.577,40.116
705.257,390.828,144.340,42.341
704.915,385.993,143.664,43.511
702.730,380.947,142.377,44.849
695.216,372.144,140.870,46.158
690.016,360.306,139.676,49.033
693.210,363.044,138.387,50.888
688.426,367.472,137.958,52.651
693.047,359.922,137.048,54.403
700.949,362.026,136.471,55.504
697.676,356.011,135.676,58.386
705.149,355.337,134.982,60.560
703.634,358.935,135.211,63.714
706.106,356.363,134.844,66.863
701.317,357.823,134.913,70.295
701.578,354.296,135.362,71.359
705.184,352.536,135.619,74.722
703.615,351.634,135.769,79.017
702.108,351.822,135.913,82.494
700.540,351.190,136.530,85.531
697.324,349.469,137.263,88.057
697.550,348.914,138.297,89.859
695.378,347.385,140.633,91.579
696.493,344.757,141.646,92.460
697.107,345.082,141.751,93.484
697.559,345.375,141.780,94.393
695.535,345.010,142.520,95.015
695.544,343.503,142.773,95.642
694.927,343.315,142.869,95.786
695.951,343.324,142.926,95.791
694.439,343.425,142.588,96.580
691.793,343.430,143.463,96.113
691.287,345.988,143.811,95.586
690.295,347.879,144.132,94.527
693.736,343.778,143.259,94.830
691.820,353.946,144.056,92.541
686.432,361.471,146.062,89.312
678.646,385.348,149.881,84.126
700.018,392.299,153.558,77.133
697.648,395.856,156.057,66.126
697.023,395.416,156.262,59.451
701.627,396.935,155.747,54.167
703.889,397.399,155.659,51.652
699.725,401.582,152.831,47.313
701.410,408.529,150.489,44.262
706.757,407.430,148.212,42.301
702.159,411.578,144.449,40.293
699.910,412.040,141.958,38.765
702.379,413.029,140.368,37.529
701.786,413.789,139.596,36.241
700.476,414.717,138.516,35.281
699.237,413.917,138.066,35.151
698.971,413.741,138.207,35.042
700.097,413.616,138.279,34.790
700.712,414.221,137.437,34.519
701.905,414.446,137.450,34.561
702.635,414.073,137.488,34.613
702.374,414.077,137.220,34.736
702.786,414.108,136.798,34.644
702.792,414.895,135.763,34.348
706.078,414.861,136.571,34.231
706.734,414.067,137.572,34.648
706.689,413.620,138.217,34.968
707.896,413.290,138.919,35.559
706.919,413.112,139.286,35.925
706.769,413.328,139.104,36.091
705.939,414.020,137.847,35.796
707.088,413.764,137.585,35.617
712.283,414.033,139.222,35.279
710.790,414.325,138.502,35.117
711.023,413.989,139.431,35.069
710.894,413.981,140.206,34.677
710.111,411.552,144.633,34.994
712.763,410.838,151.405,35.558
703.015,411.976,152.982,35.324
701.185,411.017,153.125,35.319
705.123,411.456,154.797,34.948
705.495,412.820,156.754,34.578
709.212,411.107,160.415,34.830
708.104,411.499,162.505,35.027
705.024,411.381,163.290,35.066
705.764,410.272,165.922,35.690
701.867,410.398,166.150,36.064
700.337,410.162,166.337,36.629
696.311,409.977,163.010,36.846
697.665,410.231,159.981,36.517
698.801,410.087,157.947,36.635
701.312,410.423,155.745,36.493
701.471,410.739,153.160,36.045
701.785,410.763,151.091,35.772
701.471,411.428,149.051,35.262
702.088,411.096,147.731,35.368
702.113,411.382,146.598,35.433
701.982,411.474,146.011,35.266
701.196,411.472,145.764,35.225
701.829,410.811,146.666,35.649
704.288,411.064,147.391,35.912
703.364,409.277,148.217,36.579
704.599,409.168,149.455,37.507
707.042,409.969,149.877,37.693
709.190,408.923,150.227,37.627
709.219,409.471,150.739,37.781
711.105,410.401,150.591,37.208
708.055,409.340,148.678,36.792
703.155,408.226,146.344,36.925
700.684,404.343,145.226,38.447
698.749,402.659,144.657,40.376
693.683,401.523,144.715,41.741
693.015,408.048,143.922,40.184
693.923,410.225,143.487,38.771
693.501,410.444,144.494,37.756
691.940,409.775,145.418,37.358
684.023,409.585,142.949,36.597
681.246,408.475,142.261,37.027
677.084,409.642,141.560,37.198
673.525,409.033,141.445,37.256
670.803,408.601,141.751,37.739
666.208,408.030,143.287,38.410
664.785,407.152,144.856,39.010
666.049,408.481,144.506,38.476
665.129,407.659,145.886,38.486
665.365,408.113,146.040,38.390
665.167,408.701,146.408,38.356
664.256,408.403,147.531,38.219
665.688,409.268,146.572,37.957
665.932,409.111,146.556,37.501
666.932,409.425,145.811,37.446
667.516,409.471,145.360,37.277
665.813,408.871,146.277,37.471
667.855,409.815,145.707,37.336
668.174,409.659,144.074,37.054
669.448,409.784,143.143,37.208
669.934,409.249,142.650,37.374
668.785,407.154,143.295,37.326
667.490,405.395,143.659,37.825
665.559,405.183,142.987,37.611
663.486,405.614,143.172,37.711
659.573,407.340,143.117,37.938
656.336,409.190,142.065,37.732
650.984,408.465,140.968,37.580
645.437,407.819,139.814,37.759
642.299,408.680,138.716,37.463
638.027,407.883,137.420,37.572
634.979,407.292,137.557,38.085
629.718,407.214,136.446,38.110
628.346,406.593,136.857,38.120
625.667,406.365,137.481,37.992
625.654,406.892,137.037,37.933
625.194,407.644,136.697,37.672
623.515,407.858,137.690,37.554
623.243,406.843,138.689,38.094
622.705,407.896,139.526,38.230
621.062,408.039,141.872,37.883
620.167,407.077,144.276,38.067
618.242,404.636,147.153,39.402
617.931,407.008,148.415,38.855
617.406,408.342,151.372,38.020
616.497,408.115,153.051,37.293
616.486,409.226,153.648,36.479
618.042,409.246,154.301,36.137
617.155,409.264,154.549,35.803
617.467,408.639,154.713,35.801
619.348,407.844,153.838,35.598
620.156,406.401,153.103,35.713
623.629,400.172,152.352,37.788
619.710,396.220,150.667,40.191
623.277,383.591,149.046,44.296
617.387,376.532,146.397,50.248
620.589,359.499,145.309,53.600
623.438,350.870,143.651,57.610
629.548,334.884,141.797,60.473
629.761,335.547,139.868,63.233
627.988,333.548,139.736,64.164
624.997,354.614,139.462,66.299
620.114,367.467,140.554,67.823
605.780,365.996,140.729,69.076
608.058,363.018,141.527,70.201
610.693,359.901,141.670,71.203
619.941,357.132,143.269,72.035
619.119,357.171,145.940,72.738
620.703,352.023,146.849,75.898
625.378,352.656,145.938,79.195
617.286,357.029,146.861,79.728
618.307,353.372,146.870,81.437
617.705,352.655,146.902,83.462
624.944,353.188,147.286,84.572
622.108,351.852,147.712,85.625
620.116,355.673,148.321,85.275
616.817,357.800,148.992,84.835
612.131,356.388,150.131,83.904
611.378,359.600,150.877,83.196
619.280,354.868,151.647,82.135
615.069,359.325,151.622,81.813
613.253,347.122,154.115,80.396
606.008,352.882,156.653,80.165
607.956,356.806,156.167,80.554
611.880,355.532,155.248,81.403
611.302,356.098,154.967,81.728
610.618,351.157,156.948,80.934
611.809,356.562,157.464,81.201
614.841,347.194,158.597,80.662
605.810,348.875,160.314,79.113
610.016,350.670,160.393,78.938
601.393,352.513,160.892,78.366
610.903,352.679,159.852,78.337
607.116,354.892,160.271,78.603
609.967,360.227,159.445,78.853
617.633,350.560,159.938,78.178
614.349,353.416,160.261,77.685
607.972,353.530,160.382,78.238
607.171,351.117,159.015,80.592
611.318,349.113,157.578,83.717
612.623,347.289,156.407,86.700
612.531,348.453,155.746,88.572
609.557,350.133,155.998,89.107
612.120,350.498,156.149,89.639
610.845,354.277,156.658,89.104
609.190,354.021,157.612,88.823
611.733,354.770,158.284,88.641
611.616,356.983,158.799,87.658
608.198,359.441,159.447,86.440
609.600,358.599,159.250,86.022
610.350,359.567,160.987,85.208
605.874,361.574,160.222,84.205
606.956,356.720,158.084,83.907
608.823,355.747,156.691,84.490
619.637,365.373,157.344,83.053
612.729,380.284,158.623,77.257
619.685,390.454,156.599,69.453
619.544,387.031,151.829,64.555
622.445,385.283,146.449,61.381
624.183,383.482,141.369,60.613
622.426,381.992,138.138,60.927
618.999,382.589,135.865,61.568
618.547,377.879,132.345,63.867
622.082,380.897,131.531,64.386
620.203,382.275,129.153,63.929
622.417,385.324,128.988,62.974
620.149,385.456,128.524,62.420
617.445,385.936,127.481,61.877
616.089,384.262,126.348,61.787
616.295,386.806,125.424,61.179
614.094,386.021,124.366,60.755
614.512,387.846,123.700,60.313
613.483,389.383,123.969,59.226
614.726,389.706,125.862,58.187
614.620,392.569,128.478,56.614
615.261,394.832,133.397,54.790
608.397,399.164,135.806,51.865
607.708,404.470,139.766,48.111
606.221,409.266,142.191,43.789
606.267,412.868,144.346,40.967
604.155,407.685,145.337,40.798
603.547,404.760,146.204,41.665
597.773,400.192,145.765,43.304
589.862,397.989,143.846,45.414
586.907,394.834,141.982,47.635
584.742,393.607,138.896,49.310
585.794,393.065,137.364,50.277
595.585,394.723,138.518,50.519
593.441,392.354,139.467,51.490
590.264,392.512,140.191,51.791
586.826,393.150,138.440,52.168
586.028,393.475,136.295,52.565
587.440,393.603,134.186,52.853
589.615,397.953,131.961,51.167
590.707,400.330,130.452,49.636
590.701,400.527,129.906,48.977
591.183,402.837,130.298,47.554
590.453,403.504,130.702,46.425
590.792,404.538,131.104,45.309
590.981,403.713,130.954,44.549
589.959,402.497,130.613,44.897
588.761,400.510,130.258,45.638
588.095,398.514,130.105,46.784
586.330,397.445,130.239,47.476
588.284,393.146,130.313,49.670
585.005,390.695,130.509,51.861
585.215,390.154,130.618,53.227
585.173,387.816,131.196,54.843
582.262,386.539,132.041,56.142
581.006,383.502,132.758,58.128
577.087,383.793,134.069,59.296
573.090,379.393,135.512,61.880
571.641,380.951,138.420,63.411
568.362,378.746,140.297,65.180
566.219,379.281,142.628,66.078
563.166,380.407,145.041,66.436
560.715,384.302,145.906,64.899
556.786,384.357,147.168,63.846
553.104,387.591,149.428,61.871
548.679,390.542,153.776,59.678
542.878,392.805,157.295,57.937
534.845,393.590,161.074,56.352
528.130,397.339,164.616,53.668
520.998,400.816,168.834,50.565
519.689,405.119,169.673,47.368
516.238,406.747,169.272,44.509
512.983,406.623,167.705,42.499
510.577,408.624,164.264,41.017
507.133,408.604,160.026,39.828
509.292,410.449,157.410,38.327
510.714,409.507,155.937,38.024
510.594,407.593,154.899,38.581
511.685,407.893,154.197,39.231
512.507,407.888,153.517,39.719
511.498,407.632,153.351,40.094
512.926,407.781,153.083,39.863
512.246,408.842,153.066,39.328
512.221,409.224,153.118,38.924
511.444,408.855,153.032,38.915
512.118,409.002,152.928,38.812
512.492,409.916,152.092,38.363
512.849,409.735,151.755,38.227
511.487,410.542,151.937,37.711
513.465,410.099,151.990,37.643
512.788,411.046,151.356,37.245
512.995,410.472,151.299,37.327
512.675,409.937,151.144,37.740
512.028,409.549,151.601,38.077
512.393,409.186,151.835,38.332
511.990,409.415,151.556,38.411
511.799,409.268,151.514,38.436
513.615,408.261,150.694,38.866
515.395,407.640,149.318,39.242
517.593,407.646,147.169,39.623
514.911,408.241,146.966,39.618
520.584,407.918,145.887,39.390
519.858,407.805,145.593,39.727
520.675,406.906,145.684,40.328
520.498,404.269,145.818,41.206
523.273,403.489,146.609,41.398
517.963,403.190,147.844,41.242
522.561,397.233,147.605,43.932
519.595,396.046,149.349,45.931
510.978,392.790,151.894,48.378
507.542,388.336,152.731,51.117
492.049,388.840,152.845,53.229
499.130,384.448,153.376,55.600
504.050,374.645,152.980,59.828
512.290,365.972,152.246,64.247
526.188,339.200,151.145,66.444
524.076,325.053,149.769,68.680
536.435,313.620,147.206,69.591
538.382,312.349,144.993,69.915
538.740,319.708,143.176,70.436
542.947,334.559,141.726,71.358
528.854,349.516,141.315,72.652
518.690,351.288,142.188,73.350
518.494,337.309,142.596,73.760
528.532,321.256,141.864,73.882
542.891,319.605,140.156,73.730
540.677,318.078,139.075,73.692
540.863,326.555,137.931,73.773
529.559,336.101,138.098,73.964
533.025,334.259,138.255,74.630
527.268,337.910,140.143,75.069
522.926,340.673,141.182,76.558
524.413,345.552,141.761,77.032
526.796,345.847,141.045,75.469
529.237,349.202,141.110,76.285
521.865,348.942,141.600,75.781
520.005,348.683,143.194,74.494
513.317,359.464,144.550,75.602
516.044,362.510,144.779,76.525
515.899,362.744,145.085,77.515
506.710,366.048,146.893,77.567
495.041,367.835,147.858,77.110
496.764,370.213,148.580,76.448
505.855,363.412,149.014,77.197
506.145,356.247,149.546,77.261
514.103,354.061,150.013,77.399
510.035,353.126,151.071,77.613
513.993,348.719,150.790,77.407
508.759,352.869,151.829,77.130
508.283,357.655,152.222,77.350
508.990,360.999,151.859,77.974
505.205,362.864,151.550,78.576
500.293,358.451,151.654,79.280
504.687,363.551,152.209,79.088
513.596,350.976,152.024,79.328
509.007,359.992,152.204,79.076
501.491,364.047,151.896,79.340
504.195,361.710,151.347,80.113
522.403,345.652,150.543,80.110
512.325,352.650,151.781,80.199
517.878,349.660,151.628,83.420
523.644,355.279,150.383,85.430
520.911,375.297,152.133,80.896
531.698,387.590,151.567,75.416
539.540,389.457,150.957,68.575
547.228,385.041,150.796,66.121
550.412,382.205,150.630,65.772
555.492,381.821,153.533,64.750
556.336,387.134,157.274,61.756
548.328,393.596,161.187,58.667
560.624,400.985,165.249,54.318
569.410,404.944,166.963,48.114
579.185,406.568,167.094,44.967
582.700,410.247,167.129,41.693
590.200,410.191,168.389,39.916
595.572,411.609,169.708,38.435
601.735,412.189,170.621,37.655
604.097,412.426,171.674,37.083
608.462,412.907,171.932,36.551
610.031,412.586,172.257,36.406
615.499,413.936,172.546,36.069
616.367,414.031,173.103,36.113
621.044,415.024,172.100,35.906
624.145,415.147,171.538,35.867
632.802,415.091,170.051,35.766
636.900,415.487,167.934,35.410
640.783,416.012,167.072,35.077
645.320,415.469,167.717,35.343
650.078,415.799,167.496,35.333
654.808,416.019,167.787,35.332
657.832,416.421,168.244,35.467
661.971,416.767,168.423,35.575
665.465,417.307,167.013,35.515
672.993,417.443,167.626,35.374
674.406,417.445,166.085,35.254
671.686,416.431,165.724,35.372
674.045,413.907,164.654,36.193
675.785,408.830,164.627,37.738
670.744,404.945,165.671,40.204
668.853,400.269,165.734,43.064
661.095,398.804,165.645,45.667
661.329,392.632,167.031,48.774
656.279,390.533,166.910,52.443
652.691,387.813,166.089,55.919
646.158,386.206,166.309,58.887
651.013,384.198,163.736,61.509
647.381,382.250,161.103,64.056
648.980,378.408,157.567,66.849
652.674,374.724,153.108,70.549
651.722,373.900,150.198,72.652
649.393,369.728,148.190,75.388
648.413,366.590,145.973,78.163
650.101,362.689,143.341,81.141
653.317,357.907,139.836,84.231
653.834,353.309,136.385,87.447
653.022,347.900,131.793,91.940
650.268,344.967,128.056,95.789
647.480,341.603,124.732,99.097
646.835,336.674,122.089,102.329
645.215,335.334,119.750,104.406
640.881,334.746,117.025,106.055
640.361,332.977,113.619,107.679
639.661,331.905,110.436,109.078
639.424,331.291,108.098,110.076
639.481,330.735,105.424,110.919
639.770,330.371,102.859,111.683
640.449,329.992,101.504,112.033
642.519,328.615,101.251,112.367
642.965,330.551,100.893,112.425
645.510,331.184,100.809,112.131
646.827,332.033,101.730,111.446
648.408,332.307,103.472,110.890
647.521,332.470,105.450,110.447
645.913,332.784,107.815,109.919
645.612,334.730,109.899,109.393
643.563,336.910,112.413,108.539
640.972,337.802,114.971,107.806
636.230,337.903,117.655,106.779
633.363,337.741,120.235,105.972
628.899,337.464,122.802,105.316
623.537,334.953,125.902,105.175
621.829,331.649,127.814,106.090
627.563,329.061,128.021,107.896
630.915,325.082,128.773,109.311
613.217,336.299,132.283,108.741
624.546,333.114,133.763,108.846
619.960,337.085,136.351,108.068
624.500,337.209,138.241,108.003
622.949,337.453,139.765,107.330
619.659,337.198,141.678,106.936
617.942,336.075,142.868,106.798
614.708,332.665,142.965,107.895
612.191,327.294,144.349,109.315
618.756,323.512,143.732,111.251
609.907,329.476,144.887,111.952
620.985,327.170,143.940,112.843
619.924,325.294,143.419,114.194
622.835,323.439,142.681,115.673
622.093,330.147,142.401,114.896
617.512,327.139,142.953,114.822
624.650,325.090,143.318,115.834
616.605,325.743,144.241,116.190
613.563,323.643,146.571,117.179
611.226,324.436,148.786,117.299
609.727,323.624,150.351,117.895
613.236,324.241,150.905,117.994
611.079,324.924,152.309,118.903
611.604,323.034,152.613,119.543
612.518,324.999,152.557,119.735
613.728,322.536,152.462,119.912
612.374,321.779,152.256,120.669
612.928,323.914,152.385,120.294
615.307,319.832,152.001,120.582
618.810,319.018,151.165,121.212
619.065,318.398,150.500,122.241
618.578,317.377,150.088,123.487
619.721,318.122,148.734,123.544
618.578,319.098,148.735,123.292
620.829,317.736,147.693,123.246
619.620,316.275,147.639,123.161
621.253,320.710,147.014,122.726
620.736,317.253,146.124,122.879
624.980,312.973,146.571,121.904
621.036,320.644,145.252,121.656
621.918,319.663,144.711,121.752
621.372,319.260,144.637,121.811
622.383,319.667,144.553,121.493
622.683,318.092,144.601,120.276
622.279,321.524,144.534,120.513
621.838,322.023,144.155,120.494
621.521,323.445,143.635,120.334
