382.000,21.000,79.000,141.000
384.186,17.647,75.976,135.236
382.336,20.514,75.274,134.396
382.145,20.739,73.002,132.236
379.982,21.907,70.805,132.025
379.083,23.683,69.754,128.775
376.178,24.999,68.221,126.414
375.907,26.018,66.182,125.914
375.749,22.885,65.459,129.818
373.522,22.582,64.783,130.863
373.038,22.287,64.973,130.769
368.555,22.704,65.811,133.357
366.496,25.363,69.741,137.091
359.744,23.674,70.945,140.927
358.758,21.288,70.172,140.105
354.996,22.804,70.458,140.401
351.189,23.129,73.394,141.390
348.495,21.426,76.945,142.748
344.714,19.761,76.381,145.770
342.356,18.340,75.805,148.416
340.593,20.802,74.974,150.140
344.642,18.176,76.382,150.381
341.864,17.409,76.840,150.751
336.376,18.358,74.541,150.002
334.699,13.219,70.733,151.134
334.771,15.594,68.411,151.806
333.725,12.157,66.439,150.439
332.062,8.027,65.043,149.486
328.416,8.624,64.043,149.777
324.113,12.106,63.147,151.355
323.853,16.860,62.177,152.016
321.985,15.948,62.249,153.692
317.847,15.709,63.187,154.442
312.106,18.150,64.236,154.273
309.636,19.043,65.924,153.414
309.824,17.490,67.607,153.012
308.268,16.512,67.288,153.649
305.986,17.518,67.352,153.570
305.564,20.416,66.451,154.068
303.570,16.142,65.975,155.486
303.734,16.322,66.457,156.260
300.958,11.662,66.520,158.086
299.988,10.922,66.924,160.048
298.830,8.456,66.642,161.868
298.509,7.315,67.630,163.254
296.685,7.190,67.885,163.170
296.012,6.556,68.060,162.819
294.249,8.108,66.902,162.839
293.032,11.336,66.083,163.224
291.566,10.760,66.190,162.009
290.818,16.065,65.426,159.393
289.273,10.736,65.628,160.452
288.119,9.901,66.345,159.423
288.389,5.904,67.387,157.725
283.646,8.957,67.528,156.882
282.473,5.755,69.058,154.572
283.558,14.375,69.818,153.746
282.696,13.514,70.737,153.007
281.272,17.383,70.915,152.246
279.495,14.603,72.554,151.150
281.079,13.725,74.307,153.516
280.919,12.593,75.402,155.280
278.868,11.931,75.222,155.598
279.123,11.998,74.333,157.169
277.158,10.755,73.353,156.885
279.589,11.074,74.418,158.149
278.088,9.943,74.400,159.059
278.169,9.124,74.096,160.526
279.016,8.624,75.094,160.402
278.701,7.046,76.188,160.550
277.392,7.864,77.173,160.010
277.156,7.839,78.626,159.891
274.756,8.119,79.443,159.495
275.303,5.262,78.519,159.807
276.093,6.015,78.509,160.267
275.569,5.948,77.625,159.473
274.888,4.682,76.334,159.611
275.345,5.223,74.201,159.391
275.362,4.915,71.858,159.701
275.801,8.356,69.659,158.950
275.499,9.839,67.791,158.135
275.051,10.320,66.483,158.173
274.300,7.966,64.658,159.905
272.892,7.112,64.670,160.210
273.433,5.880,65.074,159.850
270.591,8.601,64.611,160.408
274.463,7.612,64.967,160.882
269.990,7.177,64.504,161.284
265.145,8.473,64.125,162.059
271.209,9.317,63.430,163.318
268.397,8.749,62.914,163.984
268.025,9.541,63.166,164.358
268.564,10.172,63.698,164.458
268.361,10.298,64.586,165.435
266.004,10.097,65.125,165.682
266.204,11.862,66.103,164.237
265.363,11.245,67.142,164.858
265.924,10.936,68.134,164.833
261.227,7.798,66.860,164.905
262.786,9.133,66.388,165.109
263.265,10.515,67.363,163.733
261.214,7.542,67.740,163.036
264.091,5.947,67.526,163.000
263.749,7.622,67.309,161.900
265.569,9.942,67.187,159.635
265.318,10.647,65.924,159.593
265.057,8.431,65.537,160.958
268.227,10.735,66.446,160.259
266.871,11.633,67.291,159.532
265.750,12.800,65.580,159.492
267.811,13.593,65.985,157.617
264.178,16.237,65.003,156.824
266.738,17.290,64.697,155.285
270.088,18.564,65.661,153.171
265.456,22.718,64.655,150.852
266.277,18.569,66.045,149.875
264.811,20.324,66.911,148.392
265.944,22.397,67.509,147.932
261.427,24.862,67.901,146.917
259.602,21.895,67.810,147.542
259.312,23.946,67.332,147.349
258.583,25.697,67.323,146.666
258.005,24.171,67.536,147.614
258.070,24.851,68.183,148.024
257.919,27.136,68.674,148.354
256.520,25.311,67.963,149.905
255.936,27.881,67.652,150.531
254.224,26.477,66.852,152.496
253.080,27.556,65.887,153.791
252.504,28.346,65.912,153.781
251.370,28.360,66.050,153.636
249.672,29.077,66.388,153.810
249.197,30.559,67.136,153.455
247.072,30.199,68.235,153.747
245.205,28.311,69.324,154.677
243.669,27.261,69.577,156.363
242.883,26.577,70.207,158.568
241.281,27.427,70.640,159.457
240.649,26.671,71.618,159.624
238.752,28.528,72.231,158.828
237.919,29.826,72.761,157.827
236.299,31.919,71.580,158.442
238.703,31.984,70.704,158.050
236.211,36.302,69.838,159.967
238.538,36.440,67.425,162.152
237.237,39.079,66.730,164.873
239.065,40.287,65.366,167.334
240.098,34.109,65.826,168.553
235.636,36.998,66.899,170.655
236.617,39.222,67.675,170.043
231.886,36.349,69.161,173.277
227.599,38.388,69.568,174.559
232.174,39.282,69.128,174.690
226.638,35.888,70.423,178.223
222.687,38.745,70.558,180.996
227.717,38.962,70.254,181.104
223.913,38.082,70.816,184.855
220.516,38.875,72.014,186.507
218.506,41.833,71.507,184.656
214.908,43.623,71.120,181.119
220.428,44.568,69.929,177.516
213.234,49.238,69.896,175.843
211.984,53.383,69.438,173.164
205.390,53.701,70.092,170.198
202.790,53.815,71.032,166.581
200.485,55.949,72.053,165.059
196.791,59.556,73.230,165.189
194.551,61.032,74.206,164.470
187.444,61.366,76.869,164.769
195.070,65.008,78.275,165.990
185.542,59.593,78.930,166.726
181.449,62.005,79.690,166.327
179.370,56.703,81.047,165.294
180.505,51.306,82.496,164.983
180.900,54.853,82.640,164.649
174.129,60.237,83.304,163.521
172.222,61.022,82.403,163.212
172.116,63.922,81.645,164.607
158.200,67.600,81.068,164.447
155.288,71.234,78.940,164.902
155.817,74.458,78.967,167.473
151.429,75.025,79.378,168.138
145.028,77.569,79.111,169.474
139.605,77.766,79.807,172.938
142.653,81.576,80.531,176.561
136.470,76.285,81.054,181.806
133.879,78.055,82.297,182.993
133.410,74.879,83.715,183.636
127.449,76.449,84.012,185.165
126.462,73.927,85.082,187.264
121.242,76.925,86.096,188.915
120.239,81.205,88.315,189.673
112.724,81.136,91.336,189.248
109.331,84.813,94.754,187.759
108.537,81.759,97.747,186.992
102.512,80.834,100.167,187.564
97.633,81.872,101.493,186.428
96.092,86.576,103.205,188.495
88.689,83.075,104.942,191.790
91.524,83.745,106.563,193.549
87.379,82.746,106.118,195.531
80.007,84.829,106.671,197.900
62.685,95.314,108.940,201.898
71.997,87.282,110.187,203.596
75.731,80.981,110.802,204.176
78.764,76.502,113.271,204.640
68.016,87.416,114.756,206.791
71.023,78.441,115.639,207.742
74.603,73.729,116.630,208.458
54.661,91.441,118.967,212.139
57.816,86.671,120.324,213.411
66.170,74.824,120.823,213.847
81.435,68.587,121.400,213.820
61.464,76.849,122.598,214.607
70.474,73.166,123.987,215.723
52.020,86.684,125.692,217.123
79.500,60.355,126.064,217.574
68.063,68.735,126.360,218.098
51.295,87.042,127.719,218.849
57.640,84.524,128.675,218.567
62.221,74.455,129.240,219.070
67.148,70.573,128.895,218.908
44.508,91.052,130.308,218.668
72.398,63.330,130.624,219.093
65.624,72.104,131.270,219.848
57.307,75.181,131.351,219.845
13.932,117.433,133.822,221.512
16.318,112.794,135.747,223.085
16.408,112.817,137.376,224.417
19.614,105.520,139.130,226.007
25.769,102.759,140.415,227.597
30.719,97.764,141.696,228.467
34.545,94.304,142.758,229.098
13.722,103.159,143.643,230.492
16.174,104.247,145.034,231.040
24.696,93.680,146.399,233.126
3.063,109.834,146.747,233.936
5.285,102.812,146.904,235.002
10.829,109.087,147.711,234.571
6.456,109.033,148.516,234.607
14.225,102.633,149.001,235.257
69.053,53.341,146.798,233.649
55.615,61.981,146.174,232.959
69.844,58.166,144.683,232.742
73.813,51.543,142.982,231.800
50.512,70.635,142.827,231.178
27.398,94.193,144.567,230.076
37.566,91.350,145.155,230.622
14.671,106.319,145.816,230.795
16.997,103.612,147.273,231.709
34.226,92.265,148.809,232.722
4.554,113.713,149.420,233.620
7.268,106.417,149.483,234.046
65.467,62.179,148.604,232.520
66.399,58.350,146.189,231.088
59.682,61.634,145.346,229.972
70.474,61.601,144.976,229.406
65.743,61.555,143.929,229.127
54.959,64.488,143.464,229.056
54.167,75.424,142.319,228.372
63.268,64.826,140.994,227.015
68.609,60.156,139.112,226.171
52.002,74.479,138.921,225.904
49.051,88.963,139.548,225.286
58.421,75.914,139.739,225.047
11.456,116.825,141.076,225.133
10.535,114.597,142.566,226.036
9.858,115.649,143.629,226.968
9.634,113.264,144.367,227.552
12.558,114.969,145.167,227.569
17.886,108.906,145.791,228.261
17.975,106.926,147.720,230.355
23.658,102.928,149.305,231.290
16.921,109.035,150.657,231.419
13.746,106.340,152.143,232.660
19.781,100.875,152.906,234.245
15.962,103.388,155.012,235.228
13.197,107.206,155.500,236.165
14.300,100.715,155.560,237.393
9.452,103.633,156.675,239.127
1.862,108.203,156.868,238.262
7.220,108.780,157.228,238.148
12.778,105.056,157.682,237.895
20.126,99.564,158.618,238.068
16.291,100.646,159.991,236.728
12.715,102.319,160.661,237.488
10.688,103.524,160.231,238.046
10.011,102.850,160.421,239.205
8.250,101.456,160.486,239.793
10.201,102.704,160.792,239.847
12.893,98.554,160.992,240.807
18.740,96.189,159.924,240.423
19.365,95.943,159.783,240.829
20.712,94.966,159.977,241.810
23.474,93.400,159.891,241.420
-5.101,107.157,159.245,241.355
19.898,98.861,160.448,241.458
20.230,95.529,161.327,240.562
28.241,91.002,161.524,240.472
8.925,102.447,161.821,241.146
8.272,98.532,162.901,241.918
-0.490,108.912,163.755,240.642
22.044,97.968,163.803,239.636
-4.039,108.292,163.665,239.342
-6.161,111.923,162.226,238.849
-8.637,111.552,161.082,237.879
21.085,98.685,161.098,237.137
20.805,98.151,160.880,236.812
15.029,101.469,161.696,236.674
7.275,108.272,162.450,237.501
4.325,111.292,162.097,235.445
8.351,107.347,162.034,236.120
58.441,60.215,158.656,235.876
11.478,108.053,159.288,234.534
3.511,112.135,158.243,234.422
-0.332,109.591,157.710,235.672
8.353,109.759,157.610,235.666
-1.777,110.911,157.225,235.599
9.547,105.274,159.505,237.813
0.123,107.702,159.154,238.561
13.945,104.024,159.826,239.481
-0.687,115.763,158.630,237.281
8.975,111.463,158.256,237.885
-0.740,110.779,158.256,237.213
8.404,110.329,160.485,237.094
1.458,109.323,160.281,237.812
9.933,113.787,161.675,237.148
3.836,114.006,161.171,237.959
76.305,71.651,156.648,237.411
65.868,64.329,156.876,240.721
73.543,68.548,154.486,245.523
74.665,75.852,153.574,242.664
74.340,62.982,153.053,245.449
85.737,64.608,150.789,246.028
90.686,73.999,144.783,242.197
96.592,66.531,140.301,239.789
87.520,77.051,139.237,237.891
101.117,69.831,134.043,236.489
91.158,84.006,133.884,235.807
107.842,73.642,130.504,232.558
107.701,75.976,126.481,232.697
106.479,74.489,124.183,233.188
114.962,68.843,122.008,233.359
117.461,69.078,117.295,232.335
117.097,71.356,114.696,231.986
120.490,69.672,113.893,231.002
123.633,65.693,112.769,231.952
124.596,64.288,112.113,232.482
123.266,68.214,112.492,231.576
124.920,60.316,114.805,234.476
126.036,62.038,114.550,232.322
128.537,61.861,112.419,228.026
128.799,55.761,111.506,226.749
132.390,51.273,110.778,222.791
131.115,62.702,109.135,215.165
133.931,62.956,107.975,211.330
138.684,63.175,107.812,207.634
141.247,64.093,106.832,203.497
146.386,61.689,107.764,202.500
145.437,62.951,106.641,200.572
149.460,60.467,105.904,199.768
150.752,66.117,103.789,199.259
154.625,62.418,102.813,198.768
160.387,67.347,102.097,195.723
165.253,66.874,101.829,194.048
167.821,62.157,99.443,194.798
173.916,63.083,96.240,195.231
176.403,63.042,93.611,194.737
182.611,56.035,91.713,195.989
187.703,54.557,88.233,195.923
191.959,51.179,85.742,192.955
193.551,51.943,83.983,193.500
195.888,48.454,83.078,194.094
198.990,49.121,83.285,192.297
201.602,48.369,83.365,190.470
202.638,48.831,82.838,189.932
205.104,46.424,82.890,189.956
207.324,47.174,82.349,190.292
209.449,46.678,82.319,190.067
211.562,46.549,81.833,189.834
213.610,44.304,80.598,190.800
214.594,44.327,79.719,191.472
215.966,43.752,79.330,191.252
216.992,42.650,79.843,190.878
217.848,40.304,79.742,190.885
218.736,39.002,79.327,190.689
218.594,38.504,77.998,191.124
220.007,35.333,77.637,190.724
219.592,31.763,77.178,190.535
222.294,30.006,76.031,191.253
224.566,29.208,75.531,189.884
225.780,27.028,74.265,187.688
225.651,24.728,73.262,183.381
230.899,23.623,74.658,175.990
232.557,23.654,74.051,171.515
233.245,26.476,74.340,168.385
235.432,26.560,75.101,166.750
236.639,28.970,76.009,165.814
237.184,27.233,75.190,166.789
240.149,28.235,74.539,166.694
241.134,27.179,74.256,168.072
242.645,25.965,73.814,168.907
243.766,24.654,74.441,169.486
247.092,18.196,75.432,171.040
248.912,22.246,75.696,170.399
249.356,18.697,75.244,169.564
249.460,17.117,76.385,168.171
251.406,17.513,76.584,168.321
253.024,16.036,76.010,169.227
252.427,15.226,76.524,168.933
254.477,15.456,76.819,168.256
250.445,14.503,78.012,167.317
249.580,16.878,78.608,166.153
251.693,15.030,77.944,165.806
252.112,16.599,76.432,166.086
250.443,16.098,76.043,166.099
250.431,14.985,75.300,165.572
251.465,13.518,73.840,166.165
247.823,14.966,72.787,165.712
246.029,15.016,72.479,165.951
245.437,15.534,72.354,164.976
245.537,12.991,71.796,164.945
244.446,13.423,72.324,163.393
246.083,16.417,71.742,161.825
246.403,10.476,70.102,161.814
244.179,12.790,70.329,161.186
247.134,13.372,70.151,159.453
244.965,13.614,70.298,157.711
248.268,14.451,70.849,155.320
246.867,13.290,71.036,153.996
249.784,13.114,70.971,152.506
244.572,14.945,71.325,151.999
251.616,14.452,70.500,151.182
