471.000,311.000,717.000,406.000
440.400,310.280,724.612,404.398
419.257,300.124,732.111,410.426
405.806,288.450,736.560,419.013
404.998,291.415,740.817,420.436
388.919,293.990,753.343,419.983
386.386,290.233,753.922,421.678
383.886,290.785,755.058,421.288
387.245,291.505,751.477,420.773
385.615,287.905,751.513,422.395
387.277,287.106,749.512,425.146
382.725,280.942,750.261,427.574
383.588,284.073,750.492,426.476
386.376,280.489,752.750,429.267
384.255,276.657,757.427,431.762
383.920,259.818,758.968,441.244
390.022,250.737,758.026,447.209
393.458,245.454,760.017,453.186
391.726,239.730,759.542,458.324
391.335,223.721,756.955,470.112
388.262,219.240,757.937,475.883
386.721,203.465,755.591,486.978
382.535,195.052,760.388,492.186
371.924,190.461,768.523,499.302
369.668,198.125,769.066,500.825
367.070,184.543,761.963,510.265
368.393,192.283,764.332,507.653
363.875,189.180,760.475,506.780
367.898,189.444,760.072,502.476
359.665,196.760,763.238,500.817
356.911,200.954,758.370,499.306
350.659,185.099,762.407,507.237
352.119,194.768,760.264,502.610
349.153,189.492,758.511,504.883
346.100,189.094,756.748,504.070
342.477,188.301,756.101,509.396
344.032,176.411,756.859,515.940
342.564,177.375,760.203,514.128
341.007,180.857,759.331,511.872
332.878,177.898,762.801,514.168
345.048,182.642,759.570,511.901
344.035,178.468,758.479,514.839
342.556,189.414,759.456,509.102
345.050,178.377,758.057,513.347
350.048,183.937,754.110,509.906
357.175,192.430,745.834,511.504
364.883,173.509,736.592,511.521
369.338,182.102,732.686,508.529
380.254,191.683,729.136,495.126
395.954,203.606,719.635,489.965
395.071,226.767,714.305,476.343
392.412,219.567,709.472,459.398
415.696,257.920,708.076,434.799
530.723,304.767,681.201,407.027
497.941,295.552,674.807,392.031
524.455,317.416,654.114,371.494
470.756,298.083,655.993,369.242
415.844,260.799,671.613,384.280
412.260,248.554,682.911,391.217
406.051,253.452,681.405,380.817
405.057,262.553,673.921,361.501
406.243,270.736,666.797,345.065
410.262,277.997,668.040,331.298
407.262,280.054,675.305,323.614
403.184,285.317,685.770,315.157
401.399,299.795,696.047,312.993
402.230,307.486,708.699,311.860
400.187,308.345,721.057,315.533
392.542,313.793,727.216,320.979
390.549,313.628,739.220,325.475
389.011,309.212,749.763,324.184
388.198,312.820,756.801,330.438
384.384,309.529,761.732,339.967
377.832,309.023,770.144,348.101
368.351,308.128,779.156,355.634
358.422,307.218,789.297,367.360
347.842,309.096,801.654,374.697
331.989,316.191,817.995,377.342
319.959,321.467,831.727,375.807
322.752,318.146,845.729,377.965
325.718,319.883,853.050,379.483
334.955,327.242,846.920,378.712
333.925,327.182,840.436,377.300
329.854,334.205,844.238,373.183
323.892,337.426,855.339,371.039
320.529,337.091,858.255,364.658
343.645,337.284,849.187,367.743
327.449,329.897,854.385,368.275
329.622,315.171,847.845,368.512
345.714,306.869,838.110,371.048
335.211,301.297,837.289,371.972
355.212,301.574,829.383,373.402
343.287,296.374,832.149,373.199
339.196,296.996,836.269,377.247
343.215,292.602,839.643,375.914
323.417,292.846,846.089,373.445
313.929,292.933,849.152,370.484
305.311,302.754,857.948,365.978
317.767,307.710,861.769,360.002
311.479,305.380,862.663,355.761
333.158,317.756,859.237,359.563
317.591,310.483,863.450,357.492
337.961,312.328,855.293,360.968
318.721,309.004,858.548,361.929
333.309,308.287,855.411,362.661
322.445,298.174,864.780,364.812
336.760,295.727,858.708,370.445
329.875,296.675,865.705,371.266
334.062,288.119,861.296,368.909
334.638,279.441,860.932,369.029
347.614,269.102,848.892,374.637
336.818,263.813,847.509,382.096
346.381,261.960,844.344,388.441
346.953,257.811,836.923,390.804
342.272,256.499,837.517,391.873
340.311,255.929,839.872,392.477
335.295,248.355,841.407,391.374
345.056,249.059,840.153,394.475
341.904,238.361,840.100,403.256
345.588,229.410,842.106,412.669
330.449,230.239,847.607,418.738
316.574,224.380,859.673,416.501
316.251,228.733,860.550,415.319
317.926,237.397,859.209,417.485
316.043,228.187,857.638,417.429
306.137,229.149,862.871,415.108
314.931,228.547,860.502,419.021
301.373,219.245,864.052,421.762
293.319,214.503,866.467,427.433
300.981,217.061,865.709,439.502
303.412,206.635,863.255,444.541
289.651,205.110,872.074,444.492
309.602,227.797,867.788,441.149
297.016,212.395,868.779,444.309
300.596,221.105,871.647,436.934
291.604,235.086,874.465,426.946
304.059,240.880,867.048,430.940
305.000,241.542,862.038,430.787
290.599,229.710,862.902,428.201
303.707,237.881,854.608,427.701
310.140,215.698,850.669,429.075
296.768,215.207,851.560,426.557
306.534,218.185,850.873,432.886
313.117,204.468,851.485,441.185
293.916,202.407,856.597,448.146
292.441,206.724,859.711,456.428
293.725,204.567,860.363,459.181
286.622,204.965,861.975,465.628
290.250,211.083,860.392,468.722
285.040,207.594,853.459,470.689
291.364,204.508,851.648,470.527
276.833,199.369,855.279,469.370
283.210,205.727,855.241,468.739
269.444,195.581,859.798,469.415
267.002,202.236,860.111,472.992
256.115,203.906,866.759,474.408
248.496,195.399,872.905,482.901
245.182,183.470,870.834,490.416
243.435,171.943,865.633,502.890
229.308,160.507,870.967,516.465
211.079,145.556,859.818,530.640
226.915,147.558,858.740,540.584
226.581,154.929,868.245,541.975
230.196,196.209,876.256,523.059
240.575,226.352,887.151,497.982
232.034,238.761,886.420,478.726
246.052,248.339,884.217,464.747
241.063,257.061,884.870,452.283
224.535,271.792,896.667,438.487
225.413,275.314,901.446,431.665
224.624,278.859,905.795,427.707
223.467,269.775,905.809,427.889
234.721,268.950,902.536,425.532
222.066,272.031,893.695,422.866
237.564,265.443,887.852,420.923
230.818,266.959,880.297,418.898
242.604,268.094,882.813,416.900
221.130,268.021,869.622,413.300
250.630,276.291,869.594,408.333
221.270,278.093,859.494,409.202
238.988,282.119,864.223,405.594
202.173,283.297,853.702,404.400
208.896,281.805,845.142,402.678
230.551,273.943,842.071,403.449
246.664,283.449,843.225,398.325
229.224,276.683,831.429,401.234
247.579,281.151,830.251,397.660
251.884,283.399,824.462,397.126
212.493,278.487,809.495,395.005
251.686,277.676,807.386,396.696
249.916,274.814,809.256,394.260
260.717,274.649,817.351,397.215
254.139,272.052,827.534,402.052
253.416,268.079,840.101,403.413
253.554,264.385,852.649,403.933
253.164,263.169,859.418,403.049
262.712,263.462,856.983,401.814
239.780,264.300,861.129,395.884
254.342,261.649,850.862,382.090
243.080,256.407,844.948,370.892
240.582,253.953,848.414,355.588
236.123,255.779,855.054,341.944
230.633,254.403,856.388,332.157
232.093,256.157,854.351,325.202
241.210,254.309,853.247,327.274
249.951,249.132,848.358,327.859
255.534,256.408,846.219,324.119
261.875,265.547,844.025,318.568
268.625,275.146,844.668,316.769
260.053,281.477,850.582,314.163
256.472,289.119,853.936,312.391
266.474,295.189,850.303,309.356
259.973,296.926,849.964,308.128
263.512,301.405,844.939,305.670
254.997,301.560,844.275,304.403
252.986,302.517,843.378,302.764
255.031,301.178,841.760,302.004
257.855,299.802,841.135,299.588
259.074,298.652,841.269,297.474
264.118,299.650,839.336,294.383
273.941,300.692,832.363,291.413
272.987,302.449,831.835,289.481
271.535,301.295,832.956,288.356
275.147,300.819,834.066,287.794
275.117,302.592,833.116,289.047
271.601,301.154,835.259,289.100
274.163,300.382,834.793,287.934
272.014,299.091,834.393,287.294
277.006,300.034,831.577,287.639
272.264,294.947,830.985,290.585
277.380,295.894,828.118,291.724
281.010,293.414,824.033,292.922
275.929,292.008,824.673,293.043
274.062,291.363,828.913,294.544
273.433,285.205,835.990,300.248
266.838,283.910,842.675,308.081
260.498,280.537,847.813,313.127
254.394,279.524,855.159,321.562
251.837,279.772,858.163,329.610
248.164,278.888,867.235,330.784
238.267,278.019,872.684,333.293
232.324,280.357,879.078,335.901
228.917,280.452,884.066,339.461
231.465,278.940,886.501,348.346
222.818,274.115,884.061,357.450
212.724,281.420,887.370,374.634
202.578,259.637,886.725,403.068
206.430,246.441,884.403,423.664
213.362,248.138,877.644,433.010
214.343,246.570,867.360,434.015
214.296,247.250,862.250,433.594
218.420,238.087,854.011,434.579
215.633,239.680,849.800,429.816
193.125,233.942,838.428,431.172
220.253,234.762,835.041,422.969
211.091,245.536,844.779,420.596
213.677,240.320,845.405,414.455
211.160,244.179,846.561,419.571
217.900,241.707,849.875,415.383
200.552,245.194,829.476,415.347
200.933,254.069,835.490,415.155
204.766,251.374,834.209,411.141
189.073,252.601,837.799,408.176
200.359,263.602,843.388,404.066
197.455,271.333,839.703,409.431
202.425,265.136,847.740,413.500
182.884,269.029,846.111,416.150
203.301,264.864,851.504,412.230
197.864,263.057,865.086,415.802
183.630,253.606,864.567,422.177
178.507,245.760,876.354,435.247
167.607,229.387,876.538,440.624
155.479,224.368,878.057,429.418
131.374,219.264,896.669,418.607
123.181,213.528,916.467,405.170
121.565,218.102,925.582,389.522
90.671,224.994,923.529,385.017
42.891,222.674,887.714,375.127
68.015,222.402,863.997,364.384
111.440,225.158,880.359,350.890
96.319,218.424,892.285,338.697
91.517,211.429,903.214,328.632
77.029,210.012,904.777,320.971
79.954,213.673,901.060,315.312
70.964,214.290,898.117,316.003
67.843,219.404,893.084,317.054
68.540,216.504,891.858,315.689
68.432,217.156,888.504,311.778
74.612,222.505,888.438,310.512
73.820,224.169,886.463,310.420
75.255,227.088,884.499,309.866
77.766,230.426,884.042,308.506
80.206,232.007,887.947,306.336
74.330,233.392,887.152,307.325
76.488,236.745,889.346,307.225
74.669,233.100,889.878,306.175
77.788,234.733,891.658,306.319
78.116,236.017,892.043,303.841
78.541,236.058,891.191,304.383
81.980,234.940,888.812,305.688
81.547,238.981,886.447,307.561
86.336,240.514,880.482,312.369
92.916,239.974,875.366,314.708
98.778,245.826,867.505,323.490
105.419,243.332,858.434,327.117
111.324,248.140,850.670,332.205
115.345,242.625,851.124,329.425
120.608,245.962,845.530,334.309
135.006,235.355,838.282,337.981
140.238,236.817,831.366,344.535
154.310,223.855,823.811,346.386
164.693,217.467,817.729,352.454
176.917,220.170,813.955,360.413
180.968,206.931,805.232,362.057
188.315,215.097,798.878,374.189
181.773,193.995,798.468,374.632
189.220,203.145,793.290,386.840
192.634,179.980,790.912,385.419
201.301,188.729,785.092,401.000
210.464,161.019,779.105,407.374
213.143,168.491,769.786,418.435
236.735,159.628,760.941,432.700
238.397,148.956,753.968,449.925
250.274,130.497,743.387,458.132
248.414,131.021,733.706,471.980
254.739,118.328,727.763,489.514
259.155,116.341,716.521,516.804
281.397,102.890,701.792,543.309
298.645,84.149,688.434,566.617
312.201,65.522,675.586,584.467
313.484,63.588,665.854,597.536
329.362,48.620,658.811,606.213
342.419,44.996,647.079,613.016
347.958,66.253,636.202,607.131
356.273,51.818,621.517,608.604
359.678,80.132,611.458,601.444
359.321,109.129,599.779,593.110
376.576,94.823,586.050,587.988
374.908,118.642,575.600,575.418
373.716,117.157,562.479,566.721
393.759,124.370,558.528,550.209
391.066,139.337,551.797,539.546
398.761,146.558,547.116,529.547
390.472,149.430,540.781,521.337
394.091,157.840,538.364,512.113
399.140,169.039,537.617,504.563
393.280,169.030,533.509,500.066
391.907,171.203,530.099,493.403
395.143,170.978,531.721,488.857
390.880,163.514,532.697,483.228
388.568,172.075,532.632,477.795
396.759,164.299,535.245,472.537
398.410,173.431,539.198,468.334
387.489,155.975,541.102,459.772
405.124,178.812,548.432,454.034
395.803,180.872,550.100,450.160
397.797,185.108,557.390,445.451
397.491,181.230,561.852,440.445
377.814,189.956,554.048,434.824
391.654,183.041,552.551,429.945
