10.000,148.000,913.000,414.000
12.761,142.489,895.576,414.411
21.736,143.281,888.671,414.260
26.389,145.631,889.359,413.763
31.330,149.598,891.317,413.659
36.997,143.010,891.160,415.010
43.472,142.604,888.453,417.441
51.195,140.530,881.940,415.728
56.509,136.736,870.303,411.712
65.745,147.305,859.898,396.715
75.009,144.429,853.287,395.595
76.906,142.858,837.963,394.783
78.856,145.522,820.474,386.713
82.037,150.161,805.966,376.705
95.634,153.480,788.135,365.916
98.943,155.892,775.390,354.954
108.181,159.562,765.990,348.981
111.968,162.875,754.328,343.873
116.489,167.411,746.303,340.403
123.407,170.659,738.834,334.862
132.311,171.754,729.863,333.940
141.640,176.333,721.996,331.491
145.501,182.706,708.529,326.555
152.333,187.092,699.921,320.915
158.730,191.607,686.630,315.443
164.299,197.722,675.037,307.339
172.759,204.025,660.788,298.880
179.495,209.986,648.310,292.558
190.453,211.326,629.686,289.644
198.511,214.994,610.638,282.032
207.920,215.923,591.432,276.559
217.107,223.639,574.901,267.394
227.724,228.563,558.489,262.143
236.312,228.650,543.586,258.205
241.357,236.080,532.535,253.334
255.729,236.785,520.082,250.310
264.642,244.313,512.288,245.311
271.373,248.738,508.594,243.856
278.957,252.566,506.217,243.007
287.006,258.905,502.259,241.582
290.516,260.364,503.326,244.458
294.556,266.526,501.779,243.503
295.361,267.454,501.079,245.703
302.031,272.584,496.738,245.638
308.943,272.290,492.402,246.038
309.064,274.087,490.398,245.925
313.212,274.953,489.888,246.168
314.406,275.724,487.844,245.575
317.712,277.354,485.270,244.358
318.324,276.906,483.864,242.879
323.325,278.739,481.055,240.648
327.502,279.426,476.287,239.811
331.460,279.906,471.629,238.891
332.670,278.401,469.257,239.041
337.197,279.252,464.993,238.438
339.396,279.127,461.706,237.891
340.914,278.256,458.494,236.396
341.724,279.259,455.631,234.904
341.399,278.734,455.000,235.093
339.648,278.834,453.865,234.889
342.097,279.295,452.078,235.177
342.257,278.242,449.666,235.090
344.564,279.088,447.739,233.491
344.916,278.141,444.877,233.339
345.993,277.349,442.614,232.199
346.240,279.001,441.347,229.791
347.823,279.650,439.522,227.087
349.591,279.386,437.450,224.131
349.931,281.166,434.734,221.340
350.135,280.581,433.570,220.182
348.225,280.906,432.788,217.090
349.069,281.651,431.296,215.321
350.039,283.372,429.774,214.048
350.742,280.747,427.138,209.851
349.400,286.343,429.115,209.504
348.793,282.569,428.277,206.025
347.518,286.484,428.690,204.378
348.002,286.615,425.702,203.472
347.965,286.961,423.423,202.696
348.404,288.359,420.828,201.471
349.340,288.752,417.118,200.323
347.461,288.897,414.588,200.704
345.772,288.722,411.696,201.006
345.720,288.654,408.793,200.686
345.804,287.502,405.032,198.923
345.720,290.174,401.800,196.603
345.081,288.798,398.790,195.865
344.688,290.125,395.410,194.408
346.243,289.848,391.966,193.525
343.841,291.069,388.475,193.304
343.905,288.312,385.449,192.942
341.197,290.243,384.114,192.834
339.368,288.353,381.508,192.746
336.305,287.655,380.005,193.243
335.304,286.702,377.999,191.793
334.432,287.202,375.830,191.186
332.985,286.150,372.574,190.115
333.007,286.854,368.721,188.295
333.195,287.962,364.292,187.493
331.664,288.031,360.630,188.252
330.920,289.147,357.043,188.606
330.063,288.859,353.405,189.813
327.936,282.979,349.350,189.591
324.660,281.950,346.844,188.388
321.781,281.378,344.749,187.661
319.455,278.308,342.608,185.386
320.626,279.011,339.768,184.034
316.117,280.267,338.135,183.539
313.290,275.382,337.444,180.982
314.450,278.829,336.033,180.181
317.462,278.235,332.181,179.728
318.007,277.883,328.611,179.987
318.658,278.002,324.923,180.699
317.395,277.750,322.415,181.277
318.744,280.420,320.486,182.936
319.142,279.952,317.801,185.622
319.163,279.483,315.892,187.806
319.075,278.504,314.503,188.975
321.751,278.105,312.355,190.080
324.226,278.037,309.866,191.135
323.418,277.190,308.649,192.727
324.133,281.615,308.312,197.584
327.046,276.252,308.117,197.765
327.896,273.260,306.889,197.379
331.395,273.703,305.836,197.245
335.864,269.717,303.860,194.777
335.372,267.713,302.222,191.419
340.991,268.200,301.643,189.137
345.219,274.677,299.834,189.975
348.526,277.067,298.206,190.417
350.163,283.425,296.324,194.413
355.410,278.340,296.079,194.808
358.994,284.991,294.166,198.854
362.030,283.540,294.689,202.341
360.587,286.329,295.088,207.847
367.325,286.020,293.744,212.726
370.358,287.278,293.106,218.120
368.829,286.469,292.257,222.636
373.588,285.717,291.323,226.959
375.251,284.167,289.647,231.341
376.235,282.015,288.211,234.571
378.516,281.544,286.410,236.718
380.702,280.372,284.583,238.281
383.368,279.868,282.329,239.174
386.057,279.389,279.093,239.785
386.566,279.068,276.732,239.926
391.534,278.785,273.507,239.716
395.994,279.476,270.119,239.370
399.556,278.982,267.260,239.089
403.648,279.764,263.720,238.948
405.840,279.425,261.008,238.892
408.254,280.183,257.820,238.497
411.781,279.964,254.457,237.535
414.617,282.055,251.345,236.607
416.208,283.358,248.870,235.808
418.384,283.214,246.387,235.123
417.949,282.926,244.124,234.585
419.156,284.537,242.214,234.463
421.226,284.391,240.383,233.993
423.667,284.350,238.187,233.638
426.569,285.172,235.795,233.102
428.094,286.046,233.289,232.234
430.627,286.396,231.126,231.547
432.365,287.912,229.159,231.295
433.907,288.241,227.133,231.006
436.283,288.414,225.498,230.749
438.241,289.034,223.964,230.558
440.753,290.123,222.411,230.301
440.225,291.135,221.636,230.003
442.260,291.207,220.691,229.363
443.244,291.375,219.913,228.697
446.547,290.841,219.404,227.945
447.642,290.767,219.411,227.363
448.957,289.462,219.567,226.747
451.252,291.991,219.788,226.112
453.077,292.270,219.941,224.829
453.119,293.230,220.109,223.467
454.906,293.281,219.983,222.713
457.208,294.145,220.008,221.559
456.828,293.752,219.790,220.248
457.390,295.368,219.931,218.839
456.083,296.293,220.195,217.106
454.419,296.040,220.802,215.499
454.643,297.144,221.509,213.807
453.744,297.912,222.390,212.308
451.698,299.304,223.140,211.037
450.293,299.688,224.420,209.809
447.771,299.992,226.417,208.850
444.411,301.338,228.878,207.588
444.874,301.875,231.188,206.426
439.964,301.909,233.184,205.642
442.409,302.649,233.916,204.870
439.792,303.433,236.083,204.192
438.320,303.030,238.156,203.309
439.866,304.357,239.161,202.214
437.811,303.952,241.778,201.367
434.952,304.935,243.781,199.895
432.154,306.723,244.436,198.630
430.148,308.793,245.687,196.953
429.315,306.874,247.706,196.948
425.359,305.349,249.228,196.244
426.169,305.922,250.976,195.818
423.930,305.625,251.705,195.400
422.058,306.087,253.088,195.108
419.178,307.539,255.180,193.341
417.307,306.279,256.242,191.637
415.134,306.277,257.562,190.933
414.052,304.289,258.298,190.892
410.901,303.919,260.192,190.512
409.026,304.952,261.878,188.789
407.705,305.183,263.345,188.381
405.354,305.568,265.285,187.009
404.027,307.356,267.884,185.821
401.871,305.490,269.989,186.188
400.616,309.208,272.015,185.934
403.732,309.224,274.769,185.874
404.922,310.323,277.321,186.579
405.284,312.202,279.866,187.420
407.332,312.891,284.773,188.645
408.880,313.357,287.496,190.555
410.629,315.526,291.769,192.534
412.441,316.893,296.108,194.856
413.664,318.523,300.544,196.810
412.723,318.210,306.765,199.462
415.807,319.275,313.372,201.712
416.287,320.050,318.193,204.170
415.161,317.616,323.556,206.233
414.002,319.613,326.951,206.559
412.192,318.969,330.481,208.131
410.371,317.527,334.793,209.968
407.779,316.598,340.519,212.370
406.938,314.415,343.310,213.499
405.987,314.656,348.368,213.376
405.067,312.201,352.676,213.937
403.995,312.387,355.207,213.105
400.425,310.405,360.580,213.548
397.375,308.763,363.209,214.308
394.501,306.192,366.259,216.251
390.417,305.583,371.216,218.139
384.668,304.146,374.285,220.333
380.852,302.121,377.639,220.420
379.073,299.983,381.761,222.648
375.376,299.474,384.285,224.511
371.790,298.950,387.782,224.730
367.312,300.187,392.040,223.975
364.990,300.233,399.189,223.712
358.169,299.245,405.238,224.174
355.337,300.458,408.422,225.188
352.584,300.187,412.458,226.024
350.533,299.572,414.701,227.816
345.430,298.823,419.825,229.298
342.688,300.036,424.094,229.913
339.884,299.953,427.556,229.889
334.702,301.361,430.622,229.417
332.351,302.370,433.880,230.216
331.679,302.771,436.806,230.765
332.364,302.697,438.918,230.972
326.446,303.140,440.274,231.573
327.522,304.232,442.021,230.364
324.457,304.584,445.564,230.972
321.682,304.579,448.038,230.895
319.716,303.226,452.190,231.446
319.397,302.720,454.083,231.771
318.056,302.540,457.756,230.371
315.975,302.848,460.761,231.455
317.453,302.698,463.857,230.255
312.503,302.934,467.574,231.585
308.876,302.216,470.540,233.570
309.950,302.860,470.631,234.814
309.098,301.764,473.009,236.436
306.897,299.675,477.254,237.778
306.110,298.040,478.937,237.070
301.224,299.353,486.808,236.437
300.205,299.294,486.525,236.757
298.270,297.375,488.358,237.512
299.939,298.489,490.011,237.563
294.257,295.306,493.224,240.286
293.444,295.053,494.078,241.669
293.613,294.771,494.640,240.551
295.138,294.315,495.923,239.594
296.068,294.783,497.031,238.115
296.037,293.857,500.222,238.629
291.351,291.941,500.387,239.489
290.299,288.878,501.520,240.355
295.307,288.134,500.642,241.683
291.739,284.614,502.842,243.886
290.153,286.987,502.285,242.948
291.417,288.432,504.543,242.508
290.075,285.902,505.029,243.697
284.688,286.570,508.495,242.794
284.450,284.320,507.225,244.641
284.975,283.919,505.743,244.527
286.617,283.241,503.923,244.155
288.891,282.023,499.890,244.121
286.475,285.277,499.862,241.708
291.213,285.189,498.207,242.205
290.555,285.751,500.039,242.534
287.325,286.217,497.484,241.588
289.977,287.843,497.122,240.560
289.398,291.467,499.170,238.533
289.526,291.666,499.811,238.093
293.075,289.913,497.469,238.293
289.892,291.197,498.251,237.343
288.671,292.133,495.420,236.315
289.041,288.970,493.627,238.723
292.395,289.819,494.565,239.303
290.778,288.987,496.733,239.677
287.713,287.632,498.967,240.564
293.408,288.771,499.958,239.596
291.126,288.725,499.142,240.040
289.542,285.784,501.126,242.338
290.251,288.000,496.168,241.214
291.821,290.200,496.365,240.568
287.185,289.838,495.259,241.184
291.035,290.204,492.978,241.290
290.722,290.904,493.462,241.016
291.261,289.960,495.628,241.458
290.873,289.140,494.219,242.412
293.786,289.294,492.423,241.593
288.984,289.109,495.252,241.224
294.700,290.982,494.890,239.387
293.472,290.971,495.496,239.782
293.148,291.550,493.828,239.965
295.304,292.116,492.760,239.673
294.578,291.219,493.336,240.874
291.555,291.890,493.819,241.308
292.807,292.789,495.727,241.597
295.588,293.283,495.343,239.786
291.017,293.444,496.562,239.357
291.680,292.975,498.053,238.673
291.486,294.495,496.767,238.582
290.322,294.447,497.084,237.088
288.923,295.308,497.298,236.303
289.894,295.898,498.798,236.973
291.361,294.144,497.137,237.527
287.322,293.418,498.429,239.082
288.946,293.305,497.255,238.768
286.212,294.363,498.956,239.169
288.011,293.434,497.567,238.977
287.120,295.371,497.458,237.958
287.270,293.089,496.489,239.567
287.513,294.320,498.300,239.466
287.884,293.425,497.523,238.824
288.068,294.089,499.624,239.453
286.050,295.593,501.078,237.181
283.571,293.259,501.484,238.119
285.216,295.837,499.899,238.857
287.725,297.118,498.442,236.793
285.659,295.849,500.326,237.032
284.241,293.642,499.651,238.662
286.569,293.172,501.341,239.131
285.259,291.183,500.965,239.768
284.426,294.501,503.403,237.496
283.080,294.755,504.467,236.188
282.039,296.410,507.084,236.151
282.138,295.355,504.752,236.879
280.736,297.365,506.600,235.165
278.487,297.861,507.131,235.486
278.996,298.058,505.282,235.177
278.864,299.096,504.234,235.952
275.899,298.636,508.496,236.367
276.442,295.665,510.843,238.097
271.770,298.317,510.516,237.789
274.358,298.349,510.795,238.832
271.845,299.337,512.828,238.666
268.929,297.468,516.114,238.893
269.855,299.293,514.936,237.491
263.516,298.452,517.263,238.286
267.299,299.107,514.297,237.573
263.442,298.256,515.439,238.290
263.407,298.253,513.537,238.862
263.820,298.231,512.086,238.509
262.187,296.874,512.151,239.221
260.970,298.138,510.701,239.154
260.319,296.606,510.240,239.798
260.320,296.167,511.336,241.575
257.221,296.584,512.022,241.157
257.497,298.500,510.775,240.265
254.370,294.873,513.793,241.017
254.684,295.817,512.872,242.039
254.482,296.191,511.698,241.807
251.722,296.889,511.365,242.110
253.669,298.353,512.606,240.532
247.168,299.686,515.151,240.179
250.010,297.230,515.697,240.133
245.334,297.031,514.838,240.786
240.550,298.994,515.769,239.897
240.615,298.750,519.573,239.409
237.349,298.632,521.117,238.805
233.754,300.152,522.275,238.044
236.009,299.417,520.908,237.540
231.973,298.345,522.398,237.704
229.417,299.700,520.946,238.695
231.870,297.754,519.692,239.865
226.473,296.791,521.527,240.547
226.352,297.357,521.195,239.902
222.329,297.612,523.776,240.033
222.887,295.845,523.513,240.983
219.279,296.536,522.882,241.768
221.202,294.544,523.409,242.249
216.476,294.782,525.389,241.786
216.419,296.085,522.903,241.035
213.971,296.241,523.025,239.918
210.831,293.515,523.971,240.701
209.888,296.880,522.952,239.256
209.016,293.251,521.087,240.288
204.592,295.974,521.442,239.727
205.348,293.049,521.374,240.416
203.647,293.606,522.062,240.722
202.111,293.153,523.258,240.832
199.235,293.123,523.323,241.014
198.406,292.073,524.579,241.719
196.182,290.688,525.623,242.489
193.514,290.408,526.310,242.278
189.033,290.568,528.941,241.917
187.710,291.560,530.081,241.131
185.391,290.701,531.794,241.263
178.677,290.917,536.461,241.545
175.704,289.818,536.428,242.248
174.384,289.057,537.412,242.719
174.112,289.347,536.179,243.148
173.652,289.550,533.889,243.641
172.819,288.169,533.837,244.613
171.007,287.111,534.895,245.216
170.616,289.272,535.658,244.674
171.715,288.542,533.600,243.458
167.778,286.338,533.728,243.767
166.512,287.915,533.553,243.447
166.851,287.559,532.157,242.384
165.397,286.145,531.620,242.617
161.001,284.767,534.273,243.519
157.783,284.748,534.932,243.952
160.169,283.934,533.430,244.844
157.690,282.068,532.671,244.217
155.842,282.784,532.622,245.291
156.047,281.975,531.007,244.264
157.066,281.352,534.328,244.520
150.788,280.335,535.491,244.742
148.987,281.146,533.734,244.140
153.651,279.449,534.390,244.359
147.657,280.222,532.843,243.513
149.158,279.605,533.164,243.238
149.756,278.248,529.676,243.359
149.679,277.892,530.254,243.968
143.582,277.200,533.216,244.158
145.239,276.677,532.688,243.120
142.635,277.633,531.385,242.711
140.806,273.666,534.022,245.255
140.759,275.087,529.964,245.299
141.701,272.326,533.175,245.933
135.739,273.847,532.132,246.280
135.445,271.137,536.600,247.113
132.781,272.150,536.868,245.991
131.900,272.979,540.981,245.613
132.239,271.742,541.008,245.892
130.601,270.464,543.502,246.504
127.558,269.928,544.318,246.596
126.882,270.073,542.342,247.549
127.607,268.128,541.912,248.238
126.293,268.050,544.997,248.095
125.245,267.146,547.733,248.121
124.113,268.320,547.174,247.171
126.667,264.057,544.515,247.831
120.278,265.798,545.789,247.304
121.364,263.681,547.444,248.368
127.669,263.141,545.427,246.976
119.602,263.999,547.969,247.037
123.786,261.902,549.423,248.103
122.391,264.962,547.002,246.376
122.546,259.942,546.577,248.067
122.230,260.188,545.960,247.044
121.319,261.406,546.691,245.700
122.489,261.552,546.740,245.693
125.710,260.151,547.572,245.865
127.081,259.437,548.538,245.964
124.700,260.627,548.291,245.297
128.399,258.597,548.320,246.665
125.237,259.987,548.952,246.089
129.146,257.572,549.678,246.930
128.277,258.878,548.174,245.727
128.443,258.180,549.937,246.626
128.805,256.655,551.100,247.762
126.839,257.602,551.839,247.410
126.376,257.039,553.369,247.005
128.689,256.789,552.929,247.190
131.135,256.694,550.701,247.047
139.161,255.750,546.220,246.852
136.520,254.706,547.930,247.871
133.143,255.683,549.725,248.375
138.356,255.536,551.547,248.724
130.865,255.168,556.114,249.668
134.062,255.081,558.749,249.878
134.580,256.131,555.732,249.915
141.506,255.669,559.414,250.058
133.590,255.748,560.089,251.029
143.406,254.823,561.140,252.197
135.312,253.824,563.453,252.687
136.688,255.637,560.727,252.415
137.855,252.262,565.965,253.879
135.586,254.666,564.887,254.522
143.591,253.385,563.884,254.184
139.463,252.169,562.668,255.630
141.311,253.810,565.905,255.856
140.351,252.126,571.248,257.980
135.118,253.039,571.658,259.145
136.620,252.835,572.731,258.769
147.228,252.714,570.618,258.800
142.076,250.380,572.758,260.528
139.289,251.329,572.412,259.288
139.157,252.985,572.067,259.969
141.742,251.677,573.094,260.709
134.732,250.056,573.869,262.168
140.168,249.348,574.335,262.526
136.039,251.886,576.421,262.097
140.185,253.224,574.414,261.738
130.751,250.276,576.927,264.850
135.998,250.517,578.806,265.063
137.016,249.981,577.681,267.066
138.206,250.396,577.158,268.433
136.521,251.000,576.371,267.789
135.966,251.054,575.458,268.637
136.160,251.143,575.357,269.525
135.224,249.833,577.288,269.943
131.636,250.761,581.741,269.844
131.603,252.607,581.899,269.299
131.732,252.479,581.810,269.759
128.869,251.878,583.663,270.078
125.493,253.233,585.502,269.330
