252.000,153.000,43.000,27.000
251.255,152.891,41.950,27.185
251.751,152.935,41.227,27.284
252.115,152.827,40.635,27.269
252.383,153.104,40.505,27.376
252.585,153.085,40.562,27.474
252.567,153.075,40.927,27.535
253.520,152.889,41.550,27.365
253.875,153.212,42.364,27.453
252.450,152.888,41.442,27.659
252.934,152.699,41.683,27.820
252.541,152.635,41.287,27.963
253.378,153.307,41.490,28.027
252.781,153.578,42.380,28.086
252.311,153.498,43.109,28.085
251.154,153.363,42.778,28.369
251.940,153.244,42.756,28.315
251.922,153.315,42.727,28.433
251.882,151.447,42.366,28.367
252.346,151.464,41.827,28.249
252.396,151.326,41.650,28.322
253.174,150.577,41.122,28.776
254.049,150.665,41.258,28.396
253.787,150.642,40.458,28.216
254.813,151.067,40.767,28.335
254.817,151.456,40.154,28.074
255.681,151.518,40.436,28.246
257.926,150.985,40.159,28.174
260.111,151.589,40.562,28.104
260.229,151.547,40.059,27.890
261.801,152.384,39.778,27.827
263.633,152.546,40.060,27.748
263.874,152.648,39.721,27.639
264.562,153.840,39.017,27.411
265.120,153.511,38.200,27.464
264.941,153.619,38.097,27.381
265.367,154.313,37.934,27.374
266.438,155.832,38.323,27.388
266.295,155.712,38.227,27.338
267.576,157.765,38.328,27.147
268.387,157.895,37.807,27.035
268.359,158.038,37.493,26.869
275.299,159.410,37.644,26.715
275.944,159.174,37.752,26.665
275.551,159.146,37.690,26.658
277.168,158.392,38.655,27.162
276.448,157.665,39.147,27.800
276.743,158.072,39.158,27.791
274.032,157.810,37.890,27.300
274.683,157.809,37.720,27.230
275.546,157.885,37.344,27.383
275.082,157.036,36.562,27.411
273.739,155.522,36.174,27.248
274.059,155.172,35.929,27.434
276.194,154.186,36.073,27.346
277.098,153.494,36.687,27.565
276.764,153.543,37.021,27.680
278.457,153.507,37.333,27.684
280.021,153.487,38.546,27.953
279.655,153.540,38.861,28.220
280.484,153.568,39.011,28.025
281.553,153.250,39.557,28.160
281.717,153.395,39.538,28.215
283.636,154.222,39.421,27.914
284.664,154.929,39.671,28.147
284.711,154.906,39.452,28.320
284.329,156.299,39.413,28.248
285.372,157.700,40.186,28.004
285.568,157.432,40.243,28.064
284.418,157.883,39.699,28.055
285.291,157.674,38.432,28.076
285.411,157.647,37.780,28.102
285.998,157.686,37.454,28.072
286.243,157.640,37.159,28.175
286.641,157.714,37.129,28.164
285.914,158.001,37.381,28.114
285.499,158.215,37.353,28.013
285.775,158.130,37.467,28.040
286.482,157.969,38.205,27.793
286.320,158.370,38.207,27.621
286.531,158.369,38.103,27.500
288.028,158.942,38.512,27.180
289.023,158.989,38.352,27.039
289.067,158.908,38.077,27.187
292.910,160.460,38.624,27.356
293.439,161.195,38.701,27.442
293.424,161.062,38.901,27.552
294.747,161.936,39.620,27.357
295.762,161.992,40.336,27.430
295.788,162.099,40.767,27.448
298.819,161.088,41.042,27.264
299.968,161.086,40.984,27.106
299.744,160.836,41.008,27.247
304.871,160.203,41.110,27.417
306.054,159.744,40.737,27.513
306.067,159.705,41.052,27.674
307.281,159.463,41.357,27.755
307.371,159.211,41.580,28.044
307.440,159.045,41.912,28.076
305.750,160.672,41.826,28.078
304.087,161.867,41.259,28.059
304.961,162.077,41.362,27.925
302.831,162.131,41.163,27.788
302.982,161.363,40.883,27.881
303.062,161.401,40.821,27.834
302.307,160.596,39.612,27.906
301.945,160.987,38.991,27.920
301.584,160.851,38.099,27.757
299.524,161.364,37.650,27.543
298.712,160.943,36.639,27.188
299.375,161.074,36.290,27.259
300.395,158.472,36.271,27.346
301.932,157.755,35.943,27.296
302.326,157.721,35.580,27.235
309.715,153.935,35.565,27.078
312.060,153.294,35.719,26.978
312.452,152.988,35.909,27.138
317.515,152.908,36.659,27.302
318.405,153.060,37.357,27.064
318.957,152.805,37.660,27.128
319.681,154.781,37.958,27.644
318.651,155.484,38.632,27.968
318.227,155.742,38.476,28.033
319.213,158.284,38.600,28.099
318.495,158.549,38.739,28.167
318.618,158.431,38.862,28.355
318.611,158.634,39.617,28.361
318.119,159.378,40.517,28.186
317.833,159.321,41.404,28.153
317.756,161.924,41.527,27.444
317.598,161.973,41.677,27.339
317.610,162.014,41.862,27.255
317.846,162.872,41.535,27.018
318.920,163.245,41.945,27.068
318.645,162.862,41.849,27.114
319.471,164.216,42.514,26.918
318.669,164.425,42.281,27.095
318.796,164.432,42.356,27.107
319.024,167.381,42.444,27.160
317.611,168.791,42.365,27.055
317.473,168.687,42.128,26.711
316.213,170.433,41.629,26.708
316.983,170.729,41.137,26.930
317.220,170.754,41.208,26.972
318.218,170.417,41.168,26.822
318.448,170.392,40.941,26.868
318.665,170.403,40.941,26.900
319.605,169.455,41.127,26.799
320.852,169.468,41.222,27.137
320.759,169.493,41.303,27.336
321.104,169.126,41.130,27.460
321.179,169.548,40.889,27.516
321.427,169.309,40.839,27.615
319.787,171.379,41.107,27.361
318.921,171.639,40.739,27.226
319.239,171.767,40.640,27.197
317.655,171.997,41.117,27.346
316.437,171.664,41.149,27.129
316.456,171.417,41.243,27.314
314.338,170.539,41.295,27.123
314.203,170.754,41.529,27.257
313.950,170.767,41.700,27.232
312.456,170.648,42.303,27.248
310.178,172.224,42.841,27.171
310.139,172.364,43.303,27.119
308.006,173.537,43.560,26.955
306.664,174.217,43.293,26.695
307.289,174.139,43.463,26.870
305.216,173.544,43.708,26.882
304.830,173.390,44.167,26.976
304.646,173.367,44.396,26.990
303.693,173.526,45.000,26.984
303.629,173.910,45.556,26.953
303.700,173.779,45.912,27.106
302.221,173.878,46.067,27.149
302.159,173.815,45.956,27.400
302.407,173.705,45.813,27.705
300.344,173.848,45.445,27.963
299.103,174.179,45.224,28.361
299.823,174.019,44.919,28.448
298.403,173.264,44.347,28.161
299.193,172.520,44.058,27.999
299.268,172.373,44.230,27.828
299.469,171.960,44.546,27.855
299.283,172.329,44.697,28.051
299.451,171.980,44.854,28.486
297.675,173.543,45.259,28.485
299.205,174.005,45.095,28.889
298.771,173.809,45.455,28.933
296.979,177.945,45.461,28.884
297.440,178.750,44.849,29.073
297.641,178.640,44.712,29.073
294.938,180.625,44.846,28.609
295.433,180.227,44.798,28.592
295.542,180.213,44.663,28.641
294.905,180.222,44.280,28.459
294.204,180.136,44.022,28.245
294.068,180.307,43.902,28.262
293.327,180.237,43.940,28.161
293.261,180.455,44.183,28.243
292.927,180.463,44.605,28.229
291.339,180.615,45.311,28.303
290.589,180.335,45.799,28.179
290.442,180.416,45.424,28.068
292.993,178.850,45.390,28.033
293.450,178.380,45.468,27.996
293.784,178.413,45.315,28.048
296.195,177.095,45.977,28.078
298.833,176.546,45.735,28.103
299.435,176.637,45.830,28.045
300.217,176.073,45.342,27.862
301.966,176.284,44.812,27.693
301.961,176.192,44.412,27.607
303.592,177.227,44.454,27.281
304.756,178.045,44.953,27.199
304.376,177.949,45.282,27.112
305.571,180.728,45.046,27.201
305.471,181.655,45.436,27.220
305.332,181.778,45.858,27.232
305.544,185.412,45.689,27.504
306.715,186.436,45.625,27.435
306.013,186.205,45.570,27.485
307.261,188.855,45.009,27.587
307.570,187.165,45.114,27.766
307.583,186.863,45.449,27.845
307.610,185.074,44.646,27.585
308.239,184.266,44.133,27.351
307.827,184.229,44.047,27.305
308.144,181.209,44.590,27.371
307.099,180.904,44.942,27.673
307.111,180.680,45.194,27.859
304.506,180.949,44.999,27.721
302.831,182.229,45.003,27.664
302.926,182.059,45.129,27.729
299.860,183.081,45.262,27.786
300.015,183.586,45.275,28.048
300.070,183.524,45.211,28.103
298.879,183.329,45.137,28.052
298.587,182.702,45.500,28.119
298.065,182.612,45.672,28.219
297.632,182.416,45.409,27.943
297.737,182.531,45.424,27.879
298.142,182.665,45.460,27.695
299.386,183.053,45.121,27.608
301.205,186.404,45.160,27.269
301.342,186.245,45.377,27.138
302.190,185.194,45.768,26.840
302.194,184.529,45.960,26.712
302.106,184.325,46.008,26.815
302.533,184.344,45.635,26.563
301.876,184.326,45.393,26.205
302.167,184.459,45.420,25.895
302.481,184.228,45.289,25.648
302.791,183.808,45.142,25.596
302.832,183.795,45.355,25.559
303.082,182.514,44.607,25.515
303.562,182.608,44.243,25.251
303.956,182.635,44.108,25.063
304.874,180.940,44.306,25.469
305.420,179.962,44.182,25.553
304.826,179.209,43.897,25.421
305.503,178.327,43.283,25.257
305.915,176.858,42.753,25.125
305.557,176.846,42.242,24.786
306.345,176.633,41.136,24.287
306.739,177.032,40.177,24.221
307.175,177.000,39.531,24.104
308.759,177.092,38.988,24.410
307.797,176.372,38.644,24.847
308.754,176.395,38.214,25.262
305.169,174.966,38.856,25.742
303.212,174.529,39.606,25.923
303.060,174.553,40.241,26.088
302.250,173.601,40.903,26.241
302.234,173.474,41.715,26.195
301.448,173.466,42.072,26.205
302.195,173.596,43.085,26.152
301.599,173.013,43.321,26.296
301.335,172.677,43.715,26.456
299.623,171.405,43.044,26.231
298.607,171.279,42.823,26.267
297.959,171.123,42.314,26.428
299.628,169.575,41.858,26.369
300.232,169.285,41.549,27.264
300.238,169.051,41.466,27.809
299.346,167.905,41.268,27.284
300.062,168.125,40.959,27.400
300.436,167.883,40.798,27.408
302.174,168.161,40.201,27.437
303.494,168.245,39.381,27.968
303.476,168.294,38.761,28.213
305.344,167.750,38.279,28.255
306.276,167.219,37.721,27.995
306.277,167.340,37.469,27.793
308.113,167.515,37.094,27.923
307.916,167.570,36.814,27.600
308.263,167.585,36.589,27.514
309.864,168.125,36.641,27.396
309.432,168.010,37.097,26.779
309.399,168.201,37.373,26.412
307.020,168.799,39.071,26.249
306.553,169.408,40.214,25.936
306.358,169.215,41.166,26.043
308.435,169.807,41.257,26.153
