709.000,230.000,41.000,40.000
709.885,229.110,41.337,40.181
710.591,229.697,41.911,40.711
708.108,228.668,43.011,41.242
704.580,222.814,44.098,42.080
698.878,216.697,45.000,43.170
689.311,208.653,46.100,43.711
681.481,200.939,47.811,44.753
673.868,193.498,49.369,45.881
669.939,185.698,50.533,46.601
664.577,182.313,51.560,47.312
651.870,181.567,53.000,48.534
644.110,185.094,54.267,49.748
634.931,189.105,55.830,50.789
627.857,199.228,57.258,52.421
621.633,208.550,58.438,53.839
620.797,227.181,60.032,55.765
619.319,242.552,61.340,57.635
621.851,248.868,62.962,58.765
623.030,254.051,64.897,60.717
616.093,263.763,66.743,62.650
610.153,269.254,68.421,63.924
604.603,274.018,69.903,65.143
600.046,278.078,71.360,66.368
597.167,284.434,72.932,68.729
593.537,290.860,73.784,69.973
590.023,298.932,74.919,71.531
586.391,307.372,76.106,72.955
582.617,314.688,77.194,73.890
579.419,321.619,78.327,74.826
576.155,328.289,79.206,75.232
573.679,331.953,79.180,75.813
574.789,330.030,79.706,76.398
575.398,328.127,80.109,77.330
576.588,321.801,80.052,76.826
579.378,307.473,80.231,76.664
580.752,285.969,80.483,77.124
585.099,262.186,80.455,76.960
587.905,239.631,80.549,77.396
592.898,224.861,80.074,77.414
596.485,216.348,80.118,78.303
599.088,213.570,80.083,78.602
603.428,208.428,79.980,78.884
607.443,204.953,80.060,78.785
611.268,202.296,80.175,78.774
616.534,200.469,79.658,78.546
620.704,198.335,80.057,78.740
625.424,198.202,79.947,78.707
633.142,198.156,78.779,78.779
638.942,196.959,77.977,78.332
645.363,196.465,77.593,78.634
649.539,194.835,77.457,78.598
654.250,192.808,77.139,78.717
658.519,189.126,76.507,78.725
664.107,185.496,75.947,78.331
666.138,177.126,75.011,78.143
669.967,168.204,74.630,78.356
673.525,162.314,74.095,78.485
675.064,157.266,73.629,78.427
673.547,152.915,72.966,78.107
675.345,154.385,72.314,78.248
675.341,155.518,71.487,77.986
675.821,159.240,70.986,77.336
674.295,161.790,70.359,76.626
678.853,167.898,69.739,76.630
681.117,172.289,68.996,76.497
683.918,175.930,68.422,76.242
687.054,177.154,68.215,75.914
692.905,177.553,68.063,75.605
698.516,177.764,68.098,75.384
702.758,178.072,67.706,75.083
708.814,180.184,67.402,74.924
711.639,184.133,67.476,75.211
716.065,188.735,68.340,75.448
718.306,192.095,69.488,76.396
719.393,198.486,71.237,77.154
718.207,206.145,73.568,78.199
716.446,214.385,76.630,78.352
712.948,224.246,79.253,78.667
708.435,235.047,82.291,79.428
706.818,243.986,85.306,79.735
703.302,250.660,88.469,79.833
699.618,253.347,91.653,79.892
696.262,255.091,94.852,79.312
694.319,255.302,97.773,78.992
693.466,252.204,100.175,78.943
693.422,248.466,102.400,78.521
693.523,242.870,105.063,78.071
693.667,235.918,106.781,77.549
696.268,230.998,107.952,77.870
697.071,225.593,108.643,77.455
700.481,225.357,110.701,78.779
704.689,225.327,112.331,79.843
711.550,229.657,113.551,79.139
719.651,240.754,115.884,79.672
753.182,270.665,118.130,78.338
772.021,282.078,120.593,78.978
794.041,287.963,122.603,78.844
803.665,276.978,123.840,79.249
811.244,251.755,124.636,79.508
807.465,214.326,124.430,79.904
808.588,174.324,124.374,80.442
810.955,138.552,125.966,80.573
809.951,115.719,126.038,80.277
809.535,104.564,126.246,80.698
812.002,97.107,126.114,81.225
812.603,95.958,125.992,82.044
812.791,97.175,124.866,82.260
816.342,101.423,125.105,81.936
817.472,106.623,125.032,81.719
819.680,111.840,125.114,81.732
821.801,115.383,125.691,81.710
823.369,116.291,125.081,81.814
821.566,113.059,123.100,82.122
820.284,108.808,122.866,82.694
817.621,107.902,122.505,83.006
814.260,106.447,122.676,83.459
802.256,103.985,122.662,83.936
786.425,98.649,121.980,83.283
763.136,93.592,121.250,82.805
737.434,86.911,120.721,82.273
706.259,79.550,121.021,82.011
678.655,74.648,121.217,82.310
660.029,73.124,121.680,83.728
647.512,71.085,122.479,84.072
632.829,69.114,122.482,84.123
622.431,68.357,123.123,84.175
620.349,70.110,123.520,83.765
618.081,70.974,123.693,83.455
614.692,64.780,123.299,82.994
611.709,62.203,123.466,83.055
609.232,57.119,122.579,82.671
609.038,54.391,123.397,82.511
606.279,51.072,123.292,81.998
608.498,47.329,123.384,81.960
610.493,47.049,123.141,81.890
612.506,43.125,122.720,81.930
614.671,38.727,122.309,81.864
618.173,33.944,120.713,81.957
621.020,26.854,119.092,82.405
624.615,19.620,117.270,82.844
626.911,12.123,115.458,83.260
627.694,5.361,113.370,83.736
630.662,0.299,110.770,83.882
634.250,-2.559,108.488,82.755
638.682,-2.731,106.212,81.893
649.115,-2.795,103.933,80.327
662.902,-2.073,101.662,79.627
672.038,-1.332,99.302,78.663
684.694,-1.181,97.746,77.948
694.518,-0.831,96.330,77.187
703.695,-0.293,94.824,76.662
710.376,-1.092,93.825,76.784
714.428,-1.029,92.588,76.258
718.211,-0.628,91.504,76.793
718.658,-0.546,90.549,77.446
718.085,0.708,89.478,78.432
719.188,0.253,88.347,79.544
719.894,-0.769,87.490,79.928
720.500,-1.681,86.473,78.568
722.462,-1.942,85.709,77.297
723.511,-1.967,84.579,75.343
727.502,-2.669,84.054,74.066
732.505,-2.451,83.199,72.489
737.395,-2.647,82.625,71.065
743.310,-2.532,82.002,69.090
749.252,-2.068,81.242,67.700
753.710,-1.795,80.497,67.176
756.173,-0.831,79.623,67.625
756.403,0.169,78.248,68.808
760.392,1.631,77.601,71.889
760.550,7.691,76.082,75.971
761.330,20.691,74.870,77.426
765.290,29.195,73.584,78.403
766.211,33.071,72.520,78.424
766.235,34.924,71.682,78.480
764.870,37.957,71.384,78.367
762.745,41.316,71.132,78.613
759.936,43.295,71.009,78.927
758.592,48.514,70.777,79.424
754.420,50.431,70.701,79.208
752.831,56.275,70.538,79.841
747.666,57.159,70.772,79.626
740.845,58.670,70.661,79.605
735.031,62.406,70.585,79.261
733.440,67.807,69.953,79.939
729.026,72.686,69.725,80.390
727.611,76.471,69.338,80.431
725.814,79.779,69.313,80.190
724.592,85.073,68.954,80.908
724.143,91.926,69.498,81.345
724.616,105.724,69.506,81.325
726.194,126.111,69.657,82.236
731.838,155.002,70.258,82.705
740.000,183.526,70.776,82.555
747.924,211.478,71.040,82.460
756.767,231.506,71.062,82.380
767.703,244.260,70.583,81.948
777.228,253.988,70.580,82.375
785.274,262.189,71.068,82.766
792.988,269.261,71.295,83.151
801.030,275.783,71.531,83.594
810.308,281.757,71.723,83.603
817.853,282.082,72.048,83.436
825.477,282.051,72.353,83.325
831.933,279.276,73.075,83.555
833.927,272.490,73.426,83.656
837.016,264.109,73.899,83.518
840.950,252.791,74.190,83.558
842.383,239.134,74.854,83.330
844.325,220.239,75.519,82.935
844.639,208.122,76.533,82.909
842.101,196.693,77.908,83.217
835.359,185.355,79.171,83.294
828.311,176.353,80.683,83.432
819.252,173.499,82.466,83.614
808.606,172.204,83.571,83.929
796.768,170.566,84.490,84.008
786.327,169.450,85.328,84.202
775.120,168.953,86.388,84.421
762.662,168.782,87.790,84.509
750.176,168.606,89.202,84.713
736.651,168.576,90.132,84.749
723.712,170.887,90.702,84.819
710.638,173.322,90.221,84.752
700.916,175.778,90.353,84.649
689.742,178.710,91.468,84.523
681.015,182.272,92.263,84.300
673.913,186.558,91.693,84.258
669.958,189.046,92.830,84.496
663.149,190.984,93.317,84.592
659.755,192.820,94.664,84.802
656.027,193.803,95.372,84.933
652.598,196.048,96.340,84.820
649.707,197.195,96.929,85.022
645.231,197.507,96.924,84.643
643.441,196.177,96.955,84.408
641.083,196.717,96.974,84.449
637.261,196.824,96.646,84.427
631.949,199.885,96.253,84.131
629.556,202.149,96.108,84.444
624.938,205.622,95.236,84.213
621.144,210.309,94.384,84.380
616.768,215.792,93.478,84.456
615.164,223.768,92.480,85.030
611.243,234.227,92.074,85.338
607.325,243.826,90.529,85.737
606.004,252.586,88.249,86.263
604.192,262.443,86.397,86.553
603.740,273.144,85.177,86.468
602.853,284.717,83.844,86.217
603.185,296.130,83.153,85.898
602.826,309.898,82.656,85.687
603.250,323.890,81.876,85.208
602.623,334.254,80.825,84.940
604.309,342.583,79.761,84.811
603.630,348.336,78.429,83.862
603.783,353.266,76.918,83.122
603.156,355.840,75.159,82.522
601.101,357.343,73.719,82.113
599.307,360.328,72.487,81.938
596.559,361.101,70.650,81.991
594.705,360.156,69.088,81.947
592.699,358.842,68.459,82.016
590.326,350.947,68.891,81.837
585.974,343.973,69.990,81.965
581.410,335.194,71.788,82.482
577.372,326.962,73.552,82.969
572.917,320.050,75.883,83.324
569.131,315.098,78.338,83.517
565.765,310.476,81.036,83.737
562.362,307.086,84.618,83.432
560.099,304.818,87.508,83.474
558.979,303.149,91.532,83.598
561.734,299.452,93.651,83.785
566.330,295.895,95.033,84.393
574.279,292.189,95.337,84.860
577.625,290.573,97.179,85.336
585.178,289.715,97.955,85.593
596.564,289.119,99.423,85.649
610.288,288.752,102.107,86.344
627.216,289.535,103.552,86.373
641.272,290.722,108.052,86.438
656.895,293.025,111.625,86.357
668.678,295.440,114.728,86.196
678.446,297.372,117.148,86.265
687.372,299.503,118.112,86.514
696.135,301.322,118.454,86.510
697.384,301.679,119.176,86.267
699.522,300.954,120.000,86.329
702.124,298.794,119.174,86.141
697.850,297.079,120.498,86.151
696.238,293.234,121.090,86.153
689.077,288.928,122.154,86.335
683.523,288.390,123.438,86.638
674.969,288.960,123.880,87.126
666.207,290.489,123.975,87.030
660.350,294.577,124.495,86.923
654.903,298.198,124.942,86.782
650.638,301.834,126.359,86.277
647.960,305.906,127.582,85.846
646.569,306.215,128.418,85.332
649.547,304.257,128.443,85.518
649.646,299.883,128.379,85.809
651.000,293.553,128.670,86.045
651.009,287.429,129.177,85.669
651.492,281.169,129.820,85.361
652.102,277.797,130.398,85.465
650.042,277.468,131.019,85.190
648.585,278.349,131.874,84.919
648.379,280.208,132.588,84.800
646.188,281.692,133.576,84.661
642.719,279.342,133.960,84.545
640.596,276.124,134.005,84.342
635.804,271.684,133.645,84.473
632.891,266.793,133.208,84.308
627.912,263.396,132.710,84.494
623.332,259.805,131.797,85.159
620.477,254.398,130.198,85.284
616.074,245.014,127.386,85.293
612.736,230.293,125.485,85.289
609.214,209.870,123.133,84.815
606.744,184.171,120.588,84.758
605.052,160.557,118.457,84.794
601.870,143.653,117.043,85.151
594.852,134.977,116.217,84.821
594.726,136.026,115.167,85.087
592.290,139.723,114.307,84.617
589.169,144.366,114.299,84.449
589.049,150.369,113.856,84.268
587.981,155.226,113.973,84.209
586.886,157.237,113.452,83.937
582.427,158.966,113.908,83.800
585.478,156.508,112.592,83.780
583.084,151.719,111.349,83.417
586.240,148.579,110.287,83.494
585.578,139.606,109.682,83.036
587.566,131.276,109.168,82.641
591.859,123.982,109.447,82.185
603.085,124.523,108.603,82.375
611.818,121.148,108.159,82.399
620.424,123.575,107.482,82.720
625.492,124.100,107.503,82.756
639.325,125.936,106.434,82.868
645.969,128.506,105.678,82.819
650.879,137.861,106.994,83.255
661.680,159.032,108.016,83.281
671.127,183.303,109.425,82.799
678.423,202.419,110.286,82.503
679.558,222.096,111.488,82.455
682.894,238.833,111.695,82.385
685.469,255.858,111.806,82.171
688.353,277.231,111.285,82.347
689.605,302.152,111.420,82.506
692.542,323.896,112.255,83.074
694.746,339.562,112.797,82.899
695.890,348.751,112.990,82.829
696.418,355.892,113.228,82.763
690.597,361.346,113.076,83.136
677.798,365.647,113.021,83.178
662.578,371.627,111.966,83.226
646.744,378.783,111.206,83.300
634.770,385.122,111.122,83.138
619.931,389.947,111.329,83.149
606.901,393.494,111.396,83.512
595.538,393.022,111.518,83.677
590.084,398.305,111.761,83.907
584.008,403.113,112.331,84.196
582.117,409.637,112.627,83.958
579.733,415.074,113.015,83.867
579.684,421.739,112.760,84.033
580.084,423.512,112.272,84.191
579.610,423.034,111.829,84.838
582.339,418.813,111.217,84.432
589.900,419.111,110.431,84.903
593.789,416.101,110.008,84.470
599.668,420.007,109.383,84.875
608.966,424.844,108.621,84.929
617.173,429.633,108.084,84.805
623.158,433.396,108.012,84.686
632.337,438.224,107.489,84.061
639.435,443.897,107.382,83.751
644.897,445.093,107.442,83.363
650.347,438.599,107.588,82.576
655.206,437.660,107.600,82.277
660.524,438.136,107.618,82.570
660.183,439.941,108.020,82.419
661.567,441.166,108.270,82.395
664.581,438.810,107.849,82.024
666.954,429.797,107.704,81.572
666.515,412.188,107.085,80.949
666.041,384.833,106.946,80.117
665.667,354.079,108.565,79.832
666.478,320.903,108.584,80.164
665.362,295.352,110.178,80.860
668.751,274.682,109.228,80.246
669.271,266.839,108.970,80.041
673.299,258.222,108.364,79.262
674.421,256.361,107.871,79.381
679.503,258.686,107.466,79.867
683.919,261.431,106.667,80.077
689.097,264.266,106.934,79.899
694.974,268.386,107.049,79.933
702.129,269.325,106.837,80.643
708.310,269.138,107.095,80.736
714.134,268.445,107.136,80.766
717.265,264.879,106.769,81.040
720.089,260.297,106.834,81.242
721.198,253.357,107.361,80.846
725.377,248.516,107.064,80.537
725.033,240.151,107.937,79.836
727.005,232.348,108.380,79.196
728.006,229.998,108.428,79.215
731.419,226.754,108.330,79.127
732.340,227.509,108.670,79.727
734.602,227.784,108.776,80.433
740.105,230.387,108.621,79.908
744.384,236.855,108.360,80.028
745.503,249.003,108.655,80.653
750.118,269.262,108.363,81.085
751.022,297.420,108.876,81.375
754.787,328.391,108.410,81.232
753.730,362.077,108.126,81.789
742.509,396.576,112.162,84.277
744.040,428.414,111.130,83.219
742.751,451.338,110.252,82.634
733.718,458.488,109.450,81.571
729.508,460.734,108.823,81.291
723.671,454.242,108.758,80.587
718.715,447.136,108.761,80.130
713.830,438.433,108.598,80.267
711.418,425.920,108.183,80.364
710.233,416.290,108.781,80.109
708.707,410.591,108.751,80.429
711.087,411.158,108.914,80.746
710.340,409.704,108.935,80.733
712.286,412.483,108.876,80.418
710.825,417.034,109.359,80.049
712.983,422.612,109.580,79.798
713.690,431.154,110.644,79.975
714.736,436.722,111.040,79.920
715.586,444.009,111.382,80.011
717.316,447.814,111.795,80.114
716.873,452.903,111.578,80.648
716.079,454.642,111.158,81.362
713.040,457.030,110.914,82.063
711.343,459.881,111.025,82.781
712.117,465.110,110.893,83.162
707.846,468.502,110.811,83.289
704.563,473.596,110.805,83.468
701.507,473.693,110.585,84.175
699.579,469.068,110.678,84.081
695.323,463.239,111.239,84.086
695.057,456.586,111.892,84.078
699.705,444.210,111.076,84.313
701.479,425.779,111.287,83.967
705.536,405.326,112.144,83.708
709.552,382.996,112.908,83.388
714.140,363.797,112.823,82.935
718.545,351.081,112.240,83.533
720.357,341.204,112.057,84.024
718.803,334.601,113.254,84.053
720.894,331.759,113.666,84.316
719.916,323.651,113.941,84.187
716.296,317.141,114.099,84.293
712.036,310.028,114.660,84.448
712.926,308.705,113.766,84.873
707.731,304.033,114.151,85.329
706.693,301.795,114.201,85.613
703.937,300.720,114.443,86.294
702.773,295.132,115.112,86.026
705.288,294.484,114.661,86.346
701.297,290.116,115.772,86.407
708.154,291.216,115.518,87.081
711.579,285.190,115.441,86.556
717.321,287.322,114.803,87.036
722.382,281.344,115.096,86.740
727.812,283.798,115.418,87.260
736.357,280.231,114.990,87.042
742.523,284.003,113.486,87.309
743.803,286.521,113.327,87.273
749.463,291.473,112.610,87.606
753.182,294.122,112.325,87.843
763.275,295.791,111.465,88.155
762.968,296.196,112.317,88.271
768.804,292.966,112.869,87.990
782.392,294.146,111.379,88.415
786.364,289.221,111.759,87.839
796.256,288.703,111.992,88.209
805.490,282.474,112.784,87.477
821.252,284.222,112.010,87.606
829.165,283.099,112.029,87.843
830.932,282.273,113.449,88.017
840.753,282.331,113.522,88.769
843.976,284.130,114.455,88.748
848.853,284.797,114.914,89.111
851.393,285.548,114.745,88.956
853.079,289.310,114.641,88.657
853.596,293.329,113.971,88.186
847.496,300.811,114.289,87.982
842.398,306.890,114.161,87.457
825.251,315.464,115.103,87.463
810.049,320.393,115.127,86.909
788.253,323.763,115.187,86.719
766.876,324.824,115.662,86.935
756.376,325.541,116.524,86.790
755.774,324.668,114.786,87.498
746.520,325.543,115.965,87.476
743.364,326.816,116.108,87.572
743.402,327.903,116.051,87.607
744.925,329.374,115.831,87.583
747.262,332.134,115.188,87.740
748.324,333.537,114.719,87.864
751.889,337.281,113.702,87.723
752.344,341.260,112.906,87.716
753.440,344.955,112.767,87.707
753.488,347.716,112.884,87.792
758.625,352.036,112.099,87.966
760.642,355.455,112.017,88.140
759.834,358.139,112.262,88.098
761.506,360.447,112.505,88.389
761.570,358.571,112.403,88.703
758.562,354.875,112.184,88.823
749.143,354.952,111.587,88.972
723.106,351.049,110.387,88.084
698.943,350.851,109.155,87.879
667.026,332.377,110.242,87.523
657.241,321.997,109.482,87.020
644.090,310.668,110.233,86.788
634.204,299.399,109.910,86.698
623.606,288.785,111.427,86.935
613.892,282.495,112.499,86.538
608.667,284.947,112.690,86.969
598.553,284.802,114.111,87.530
600.398,286.185,114.708,87.594
601.687,289.171,115.150,87.874
605.923,293.312,115.950,88.158
612.986,295.170,116.017,88.580
611.864,296.143,117.573,88.781
618.524,295.590,117.459,89.075
618.902,293.402,117.494,88.937
624.645,295.158,117.761,89.201
629.683,290.754,118.062,88.774
644.254,291.551,115.966,89.081
649.784,289.780,115.906,89.039
664.384,287.596,114.341,88.975
675.755,289.111,113.150,89.272
688.819,288.010,112.912,89.148
705.524,288.558,113.157,89.057
727.302,288.775,113.083,88.842
747.707,289.049,113.568,89.103
766.590,288.733,113.395,89.159
773.192,289.423,113.590,89.489
778.668,293.030,113.995,89.339
784.993,296.507,114.875,89.114
791.367,301.087,115.026,88.885
796.150,304.765,115.388,88.574
797.538,308.699,115.304,88.197
799.054,314.217,116.359,87.833
801.069,320.039,116.222,87.764
799.639,327.440,116.366,87.783
801.474,340.644,115.840,88.418
802.828,348.054,116.028,88.117
804.656,354.341,116.196,87.621
810.971,359.553,115.087,87.480
813.185,365.052,114.525,87.176
813.623,368.051,114.435,87.070
816.963,374.129,113.460,86.995
814.696,377.294,112.872,87.469
812.968,381.578,112.065,87.826
