664.000,72.000,448.000,246.000
658.813,70.356,461.204,234.382
655.639,70.375,469.704,226.777
654.689,67.855,474.575,223.489
653.096,66.865,483.174,221.783
650.915,65.480,490.012,222.950
647.863,61.330,496.453,228.737
646.366,60.409,500.042,232.834
646.407,59.910,502.697,235.061
645.658,62.907,507.479,235.281
637.056,71.163,510.203,233.500
627.394,67.466,514.832,235.237
629.842,66.357,515.019,236.943
631.198,66.227,517.711,236.710
624.638,69.027,519.970,236.892
626.451,67.268,522.802,236.316
626.468,65.083,523.302,238.737
623.282,60.556,524.521,241.024
632.331,55.097,520.340,245.210
631.826,55.922,522.466,245.372
634.367,52.431,521.691,251.064
623.159,51.763,521.928,253.134
622.628,58.093,526.283,249.654
615.480,65.763,534.847,246.777
610.464,66.562,543.729,243.155
612.056,66.381,546.641,242.264
614.205,65.592,546.779,242.044
613.257,66.758,548.652,241.311
609.311,66.199,553.738,239.192
606.641,61.915,559.222,244.694
629.138,58.912,545.517,251.325
616.716,63.015,550.728,249.947
618.819,58.323,550.424,249.472
625.751,58.950,548.451,248.141
623.407,64.958,547.191,240.632
626.415,70.809,543.462,234.207
621.951,73.923,541.090,228.827
632.296,72.649,534.407,227.230
617.170,77.249,532.438,225.563
630.661,74.593,525.536,223.708
628.429,72.013,521.729,223.351
632.470,64.797,518.440,226.970
631.134,63.477,516.709,230.263
628.821,64.435,517.375,231.515
628.632,65.636,519.377,231.444
628.465,68.171,523.996,230.930
632.778,67.479,528.724,232.180
630.331,68.487,535.147,233.324
617.101,71.863,542.216,232.643
625.568,72.727,545.103,231.877
621.124,72.077,549.201,231.526
617.134,75.240,546.879,232.813
617.059,77.503,541.334,230.423
622.011,81.013,531.161,228.901
617.175,82.114,519.747,230.447
619.939,86.306,508.335,231.763
615.981,91.153,496.253,232.794
599.992,97.194,481.477,230.917
600.364,102.344,475.202,230.419
576.227,102.340,473.402,225.532
605.430,107.164,453.435,226.835
605.302,97.001,452.585,220.172
613.648,110.046,452.977,217.014
640.246,108.793,455.875,222.739
642.127,102.155,465.231,231.828
644.999,93.798,475.209,242.332
646.331,86.419,489.156,246.929
646.417,87.147,500.117,248.141
639.365,95.041,498.367,247.993
613.428,104.243,502.243,248.050
600.988,106.132,504.243,239.988
571.400,113.842,499.228,237.713
586.875,114.991,488.739,233.148
580.431,119.723,486.182,230.391
605.096,109.112,472.673,226.236
606.868,111.913,476.617,218.809
640.263,111.314,473.723,223.704
643.349,87.178,484.514,227.531
644.513,96.095,488.208,231.858
648.379,92.097,495.612,236.965
642.647,94.128,504.216,239.539
639.955,100.228,508.225,242.556
628.935,109.198,504.598,240.627
600.196,119.539,504.772,235.607
580.385,124.426,504.380,229.676
589.493,120.279,494.763,224.170
593.296,124.292,485.021,221.292
591.084,122.363,489.294,216.028
629.439,116.863,488.452,215.014
641.066,109.136,496.663,221.787
648.031,106.892,499.612,224.945
632.384,105.252,511.441,228.022
630.020,104.481,519.942,229.831
633.696,106.772,522.987,232.583
633.629,103.480,525.892,230.022
609.599,111.460,522.556,231.486
584.576,115.495,515.441,232.117
592.833,112.503,508.614,232.375
576.635,117.545,504.998,229.464
603.649,131.913,481.095,239.441
601.220,116.777,480.303,236.972
597.628,120.423,483.414,229.915
643.091,114.569,483.421,225.741
646.944,109.836,491.363,223.578
644.139,108.660,503.963,224.775
638.440,109.184,515.418,227.768
639.201,111.519,519.335,229.197
624.635,118.725,520.579,228.139
579.455,127.181,525.550,228.379
557.982,130.378,515.034,229.181
561.751,143.023,496.664,235.998
585.912,138.065,478.752,240.417
603.396,129.530,462.301,243.166
604.192,117.039,464.683,232.012
638.814,115.040,469.995,222.259
651.691,111.212,483.129,227.738
640.579,105.129,493.985,221.206
659.098,103.041,498.268,223.918
644.375,101.460,501.569,221.634
635.918,105.289,512.135,222.553
646.515,108.252,512.650,227.141
635.502,118.594,509.097,228.852
574.075,130.609,504.673,225.428
580.574,142.379,480.441,231.451
571.483,137.302,471.091,232.829
579.756,143.239,460.222,236.074
603.621,128.416,444.252,233.980
644.058,110.152,446.611,227.624
663.956,108.104,460.621,233.194
653.469,110.154,472.245,231.949
656.405,94.005,490.118,225.682
643.710,102.358,493.581,224.529
640.781,104.785,507.734,228.889
641.259,107.580,513.698,229.199
595.533,129.373,503.422,227.761
544.515,143.696,492.142,224.921
526.560,162.926,484.072,227.477
517.009,168.122,481.798,232.157
543.081,166.747,468.405,232.833
584.577,138.503,450.211,227.768
629.571,117.313,451.400,222.192
645.972,127.050,464.786,227.111
651.825,99.358,487.735,227.695
653.381,108.489,505.066,231.836
640.870,112.014,514.858,234.431
641.603,122.442,513.714,234.814
584.669,132.908,519.148,230.938
538.368,138.237,511.790,228.913
506.582,152.336,499.592,231.926
510.898,150.968,495.274,235.697
487.248,181.060,495.396,241.327
556.856,140.523,474.304,241.443
580.353,131.904,473.487,226.746
628.405,128.123,476.992,225.795
648.521,121.699,488.745,229.640
662.776,108.085,500.985,229.910
641.168,107.409,510.181,233.891
631.829,109.046,522.390,237.190
626.124,125.514,513.058,237.793
561.378,136.694,506.754,232.658
509.793,152.853,500.072,232.136
470.698,180.611,504.117,236.493
491.967,171.881,504.323,240.280
491.985,161.816,501.929,243.103
484.394,167.344,502.530,248.356
553.873,135.959,502.832,237.157
632.844,113.244,499.129,233.387
660.881,110.712,503.600,233.161
646.859,109.459,508.986,236.211
635.462,110.706,519.706,240.554
645.866,117.847,517.877,240.447
634.462,117.603,525.560,238.132
527.219,139.465,530.770,234.887
507.516,152.036,517.416,232.899
517.155,171.704,504.504,235.199
497.681,161.667,502.430,235.808
548.136,160.462,486.852,232.686
569.357,144.897,487.053,223.495
627.083,136.142,481.475,223.065
646.923,112.623,490.579,225.334
642.983,116.915,498.542,230.460
645.123,116.261,505.224,239.950
647.107,118.374,509.694,241.949
642.962,125.015,504.949,241.984
590.064,138.641,508.060,236.165
531.804,143.259,506.309,228.919
570.978,140.137,486.823,223.305
553.152,180.764,474.059,232.024
571.197,162.035,460.160,235.116
600.637,146.507,452.305,225.646
635.974,125.589,448.921,218.182
657.787,135.547,454.714,218.617
656.259,109.060,474.097,216.893
651.784,121.457,487.346,216.706
650.222,130.007,496.506,223.254
645.912,133.072,497.531,221.322
632.306,141.194,485.035,223.840
613.047,151.823,469.509,229.244
593.331,150.867,458.987,228.879
597.597,203.203,451.714,226.049
639.656,209.445,440.136,225.444
634.332,151.237,433.762,224.103
640.520,138.779,429.590,219.913
664.146,133.683,439.745,217.482
690.921,125.268,457.911,208.327
676.044,134.439,470.603,206.633
666.837,132.072,477.154,196.053
666.643,136.448,476.263,203.813
671.787,132.864,462.370,208.218
700.632,166.845,451.135,214.566
698.324,166.016,440.365,218.185
718.150,217.726,431.824,217.747
722.768,209.520,421.345,220.668
709.792,188.592,415.923,219.953
722.165,153.363,419.203,219.643
689.471,128.600,433.492,215.309
686.264,136.074,434.983,209.234
689.932,141.547,434.256,211.813
688.620,134.670,429.598,211.028
683.200,140.271,423.917,213.871
674.186,129.864,424.419,214.118
675.366,133.372,420.573,214.931
689.871,119.621,424.446,212.041
684.601,120.690,426.336,212.809
674.397,121.908,430.141,207.945
663.999,130.167,434.050,202.998
652.178,129.118,434.490,196.148
645.535,137.110,432.297,191.373
645.037,140.629,424.997,189.542
647.777,141.974,418.142,186.886
653.645,141.926,411.858,184.495
663.192,145.164,409.014,182.265
664.698,144.807,408.152,182.221
654.262,142.150,405.439,182.230
657.687,141.954,405.448,182.157
653.388,149.289,403.268,180.967
680.031,138.623,412.556,184.282
716.280,121.275,430.315,190.355
732.922,101.582,449.311,203.792
722.396,91.624,462.775,216.154
689.070,94.987,477.733,223.328
685.741,95.995,495.925,230.883
665.474,123.323,498.127,220.124
672.600,121.727,513.110,215.606
675.597,125.250,520.574,211.069
668.161,129.136,530.517,207.095
666.187,131.320,535.173,206.610
660.236,132.480,539.796,208.456
664.409,132.335,541.194,211.092
662.147,131.381,543.030,212.392
656.875,133.436,543.468,213.706
655.144,132.955,549.302,216.304
652.874,133.809,552.199,218.110
646.071,137.819,553.413,219.268
643.482,141.685,555.818,218.398
639.122,144.806,556.772,216.408
635.704,151.703,557.276,214.132
636.949,155.376,549.391,210.341
635.979,150.468,535.046,212.685
623.733,155.832,508.855,217.407
615.207,156.043,492.995,223.389
621.919,151.834,485.188,225.583
625.925,149.651,472.951,221.302
655.055,148.439,472.227,214.604
671.830,151.393,481.617,213.178
672.720,148.642,492.529,205.412
670.531,150.876,498.950,203.115
654.712,157.090,498.866,202.446
647.836,148.927,488.895,202.071
633.464,165.757,471.738,211.147
632.718,194.265,469.408,221.212
617.544,180.269,461.424,226.398
635.168,160.107,451.906,227.701
659.997,151.605,452.583,219.241
673.701,156.311,470.980,217.337
665.105,158.314,481.315,214.825
663.315,158.394,490.402,213.509
647.431,154.839,485.728,208.286
636.523,169.362,469.054,209.237
637.508,171.648,457.879,214.110
638.156,165.157,448.351,214.520
650.274,148.764,446.925,203.789
675.087,152.595,456.019,202.633
683.610,144.136,469.857,198.532
676.511,144.641,483.123,199.343
666.646,145.129,489.989,201.847
647.789,148.839,477.526,203.436
630.345,160.853,454.443,200.993
630.474,164.548,441.650,204.978
635.354,153.962,431.449,200.566
652.791,143.158,429.485,188.721
677.934,147.461,437.781,191.411
672.451,152.007,445.918,196.141
683.748,138.548,463.797,193.432
666.499,142.718,475.717,193.273
668.626,144.924,482.615,195.512
638.801,143.500,471.131,192.459
627.437,150.559,450.098,201.255
626.354,168.656,437.664,203.929
627.634,160.430,427.371,207.490
659.937,146.113,418.095,208.080
693.486,136.143,427.852,207.187
698.510,123.923,448.741,195.597
688.785,126.949,462.601,192.219
673.538,133.206,469.961,190.395
664.350,139.357,461.937,194.982
643.814,149.835,449.509,193.856
639.757,152.799,435.600,200.604
645.666,143.979,426.894,197.601
659.538,133.996,428.721,187.024
685.859,137.548,438.847,192.361
683.429,133.443,455.188,195.114
671.474,131.878,469.672,196.692
665.375,132.634,473.436,191.419
637.237,135.376,463.875,190.858
636.209,148.136,450.813,191.350
639.406,142.492,438.690,196.620
650.748,129.914,433.531,196.226
678.237,135.836,443.821,201.488
672.677,116.672,460.373,190.575
669.958,121.539,468.153,189.659
672.503,124.099,476.575,187.276
659.235,124.664,475.579,191.380
633.095,132.557,463.588,195.305
637.630,136.301,446.775,201.142
640.860,126.848,430.945,203.736
657.372,121.278,429.562,196.659
683.501,116.755,445.153,196.414
676.916,118.680,457.163,188.237
680.076,116.396,465.366,185.201
669.981,121.093,471.862,186.396
664.663,123.069,466.590,192.920
641.013,124.885,455.898,191.858
635.815,133.477,444.469,192.228
638.980,128.804,433.232,192.592
645.762,126.050,428.989,192.337
654.732,116.483,432.903,191.522
656.803,121.492,431.267,194.321
683.429,101.669,425.072,216.047
