277.000,61.000,84.000,265.000
269.172,55.805,84.552,262.491
267.753,62.604,87.213,265.294
264.370,62.986,89.097,264.150
262.696,66.355,90.546,262.307
260.532,69.408,91.450,260.207
258.300,69.933,92.919,258.138
256.170,71.615,93.832,256.115
254.418,73.001,94.146,254.705
252.322,74.974,94.399,252.270
250.132,75.730,95.107,252.878
249.013,74.605,94.774,252.950
247.338,73.777,95.662,253.148
246.028,73.295,96.560,253.589
244.565,74.188,98.229,256.564
242.508,73.059,98.926,256.797
240.190,72.479,98.478,256.601
237.690,72.009,97.926,255.167
234.869,71.924,97.325,253.201
232.869,72.402,96.012,251.936
233.899,72.704,94.479,251.865
232.405,72.307,93.701,252.994
229.984,73.329,94.035,256.716
227.324,71.091,94.913,257.192
226.875,70.892,95.216,256.129
224.047,72.127,95.295,255.037
222.211,71.949,96.198,253.900
216.829,71.479,99.166,253.188
214.090,72.905,101.824,253.620
212.249,73.122,102.891,253.922
210.514,73.161,102.945,253.311
209.775,72.918,103.293,252.407
205.661,73.491,103.754,253.592
203.393,72.895,105.357,255.393
201.623,70.807,106.028,255.440
200.922,70.345,104.959,255.212
197.451,68.603,104.225,256.851
195.892,68.925,102.812,261.155
194.834,67.812,101.141,266.239
193.324,64.178,100.429,269.202
186.775,64.234,102.926,270.496
185.071,60.964,104.769,274.138
184.649,59.427,104.233,275.361
182.985,57.334,103.537,276.841
181.805,56.452,103.739,278.744
178.554,56.661,103.507,281.777
173.980,55.109,103.395,282.262
173.670,53.837,102.526,282.854
168.582,53.127,103.661,284.611
169.712,54.830,104.654,284.010
165.426,54.049,105.499,282.473
167.092,53.350,105.314,283.236
161.817,51.608,105.996,283.242
163.236,50.772,106.723,284.506
159.705,49.700,106.585,285.248
158.278,46.783,106.195,280.949
158.370,48.687,104.819,279.775
159.639,49.922,101.489,278.810
159.049,47.920,100.181,280.802
158.514,47.133,98.315,281.756
158.989,46.721,97.140,282.572
157.610,45.295,97.388,283.980
156.906,44.750,97.745,284.548
157.851,45.796,96.986,285.371
159.783,46.388,95.901,285.357
158.990,46.303,95.812,284.224
160.645,47.323,95.948,283.944
161.380,47.639,96.952,283.407
161.363,48.188,99.508,283.105
161.587,49.791,102.732,283.106
166.000,51.739,102.853,282.128
165.322,52.233,106.066,282.144
168.571,53.801,108.643,280.777
167.247,54.552,111.222,281.185
167.084,55.798,113.050,278.782
166.944,57.114,114.479,277.329
169.734,58.284,117.169,275.387
173.150,61.117,121.584,275.017
174.917,60.992,126.525,274.017
177.854,60.435,129.358,273.303
181.938,61.040,129.766,271.388
185.562,60.512,129.433,270.829
190.681,60.900,129.375,270.259
196.829,62.990,128.395,270.264
206.518,60.755,125.116,267.872
214.097,61.726,121.397,269.532
222.206,61.449,117.185,269.139
228.037,60.008,111.822,264.616
234.270,61.103,107.195,263.169
240.007,62.341,103.781,262.921
243.601,61.572,101.063,261.865
247.777,62.472,100.233,262.433
247.984,61.135,99.886,262.616
251.197,60.477,99.557,263.779
254.091,59.774,99.312,264.576
255.318,59.649,99.865,266.595
258.398,57.808,99.965,268.630
260.286,57.028,100.509,269.037
261.294,57.365,100.709,270.055
261.848,58.138,100.855,270.135
262.586,57.244,101.415,269.783
264.671,57.276,100.702,269.823
266.343,56.960,99.260,271.244
268.998,57.418,97.717,271.788
271.407,56.917,95.980,272.422
275.065,55.546,95.005,272.636
277.632,54.751,93.736,271.938
281.214,55.040,93.083,271.603
284.059,55.045,93.765,274.257
287.196,52.368,96.234,276.897
290.609,52.874,97.858,277.325
292.256,50.899,101.079,276.586
294.085,53.101,101.091,272.299
298.470,52.876,103.018,271.706
300.110,57.075,105.821,271.878
298.538,54.439,107.373,273.362
299.360,56.678,108.159,270.782
302.627,57.275,108.620,272.940
305.372,57.801,109.062,274.845
308.532,56.994,109.484,277.835
312.719,53.136,107.264,277.491
317.716,53.978,104.087,280.153
320.053,52.298,100.752,280.969
322.440,53.215,97.257,283.769
325.031,51.507,95.480,285.275
327.234,51.013,94.843,282.922
327.039,49.764,96.087,281.925
327.604,50.226,95.849,281.594
323.145,49.725,98.351,281.811
324.340,48.527,99.434,281.853
325.508,48.727,100.006,280.947
325.611,51.983,98.447,279.490
328.870,52.384,96.195,279.959
330.873,52.730,93.041,280.249
332.541,52.543,91.286,279.207
333.104,52.444,90.772,278.018
334.556,57.143,90.432,274.657
331.690,58.186,92.935,275.998
330.308,57.858,95.878,275.481
332.509,58.973,96.418,274.150
331.290,60.125,96.952,271.336
331.966,63.101,97.396,267.796
333.501,65.260,96.137,262.281
335.931,65.733,94.092,258.952
336.306,66.943,92.489,257.981
336.396,68.438,92.359,259.195
336.280,67.865,91.735,259.044
335.378,66.663,91.856,257.846
334.688,65.626,91.301,254.759
333.195,68.878,92.116,251.997
328.518,69.399,93.007,251.962
324.524,71.308,94.570,253.297
321.933,72.019,96.809,255.732
318.391,69.530,99.154,255.525
316.393,69.635,101.742,253.831
311.053,70.781,105.409,254.334
309.066,66.980,110.261,253.240
301.645,66.669,113.488,253.932
299.005,67.654,114.224,252.058
299.324,69.910,115.781,249.697
296.913,70.783,115.492,246.635
294.844,72.356,114.473,245.741
293.984,71.436,113.832,246.284
292.180,71.429,112.578,246.806
292.539,70.784,113.610,246.222
289.304,70.555,112.429,247.527
288.106,69.919,113.828,247.130
285.658,71.442,113.780,248.229
282.084,71.454,112.030,250.783
283.349,68.100,107.572,250.401
280.718,68.761,102.294,250.595
279.181,65.729,95.405,249.917
281.049,65.992,91.368,251.357
279.176,64.286,88.252,252.199
278.530,65.842,87.104,256.416
276.836,63.174,87.382,260.810
276.288,60.774,88.590,265.134
274.933,59.151,89.175,266.879
272.318,57.833,90.048,267.136
270.103,57.018,90.788,269.486
267.469,56.300,91.838,270.533
265.532,55.063,93.016,272.263
263.142,53.275,95.032,272.712
261.387,53.994,96.717,273.716
259.584,53.101,98.467,273.053
258.792,54.418,99.194,274.760
257.330,54.204,99.804,275.781
254.583,54.021,100.421,275.817
253.461,53.410,101.343,275.911
250.546,52.366,103.016,274.790
248.188,52.948,103.692,278.455
245.560,50.256,104.375,280.359
245.537,49.893,104.543,282.897
241.448,48.858,105.327,284.043
239.700,48.426,106.256,285.462
238.273,46.462,107.067,287.284
234.667,45.518,107.462,287.246
234.901,45.927,107.497,286.898
233.052,45.529,107.438,286.583
231.476,44.649,107.096,285.996
230.408,43.694,106.190,286.107
227.186,42.704,105.792,285.973
226.568,43.632,104.079,286.433
225.331,43.906,103.173,286.802
222.095,42.316,103.108,286.193
219.539,42.146,103.150,287.278
218.961,41.261,102.941,287.385
218.555,40.910,102.172,286.708
218.162,39.392,101.523,285.903
217.316,39.898,100.260,285.279
217.113,40.455,100.969,284.800
216.112,40.372,102.129,284.916
216.445,40.959,102.606,284.837
215.823,40.778,103.848,284.840
214.545,41.295,103.767,284.979
213.655,41.525,104.094,284.943
211.818,41.848,104.949,285.497
211.941,42.478,105.520,286.766
212.599,43.167,105.447,288.224
214.644,42.126,105.929,289.712
216.087,40.009,106.278,291.229
217.813,39.922,106.537,291.442
218.094,40.429,107.857,291.783
220.618,40.303,109.252,291.820
221.798,40.223,110.847,291.880
219.391,39.908,114.761,293.040
219.637,39.158,118.026,292.490
222.037,40.338,119.350,291.826
224.237,40.956,120.461,291.651
222.532,40.564,122.183,292.765
225.955,42.587,121.730,293.203
225.826,42.367,122.041,294.149
229.935,42.331,120.493,294.108
235.021,42.864,118.720,294.438
236.052,42.084,118.138,294.202
241.874,42.337,115.883,294.309
246.205,43.906,112.864,293.879
251.014,43.128,109.841,294.630
256.245,42.672,106.242,293.172
260.344,43.618,102.117,291.032
263.908,43.360,98.722,286.287
266.940,44.876,96.035,285.675
268.152,43.970,94.618,282.689
271.436,45.509,93.725,285.137
270.985,44.433,93.661,288.139
274.745,43.409,94.621,290.827
274.418,42.534,92.740,289.815
278.855,42.582,92.975,290.940
277.761,41.285,90.651,290.104
280.115,40.157,91.515,293.161
282.023,39.854,91.326,291.868
283.289,40.412,90.732,290.640
285.614,40.744,90.506,291.834
287.372,40.994,90.977,292.868
288.672,41.122,90.726,294.418
289.987,40.166,90.263,293.388
293.009,41.392,90.968,295.439
294.492,39.029,92.822,293.356
296.258,39.174,93.972,295.765
299.105,38.306,95.117,297.923
300.609,37.208,95.959,298.648
299.969,35.786,96.543,299.178
302.115,37.688,96.819,300.370
304.484,38.029,97.214,300.785
306.366,38.077,98.211,302.107
308.338,37.716,98.701,301.393
310.853,39.556,97.827,299.621
312.654,38.820,97.985,298.205
314.792,41.910,95.673,294.629
317.311,41.939,95.673,293.140
319.574,43.402,95.559,294.941
319.871,40.687,97.971,297.062
321.821,40.950,98.601,297.470
322.051,40.053,98.383,297.065
322.883,40.807,99.831,297.786
323.070,39.175,98.708,296.664
324.011,38.376,100.231,299.168
323.821,39.330,100.266,300.346
326.591,38.808,100.513,301.776
325.593,36.905,100.909,301.821
327.553,37.044,99.647,300.719
329.342,37.872,98.577,298.127
329.652,37.425,97.763,296.197
330.224,39.132,97.665,295.550
332.230,41.503,95.778,293.704
332.237,41.755,94.775,292.017
332.987,42.602,94.654,289.844
334.105,44.597,93.486,288.499
335.038,45.878,91.587,286.199
336.525,49.573,89.082,287.288
336.479,49.289,88.973,288.622
336.311,51.553,88.318,288.226
336.494,52.325,87.545,286.718
336.883,53.140,86.689,287.804
336.106,54.591,86.154,287.943
335.410,53.954,85.742,285.635
334.538,54.465,85.751,281.273
334.474,56.209,85.919,278.327
333.206,58.592,85.550,275.095
333.065,60.737,85.457,273.378
332.382,62.019,85.748,272.347
331.666,63.118,85.567,270.331
331.284,66.306,84.725,269.980
331.774,65.440,85.003,271.811
330.938,66.524,85.052,271.899
329.738,66.280,85.864,273.424
328.779,66.205,85.885,274.788
326.507,66.219,86.488,274.679
325.513,66.612,86.849,272.097
324.464,69.628,87.132,270.459
324.763,68.876,87.707,269.359
322.988,69.280,88.581,267.393
322.966,67.952,88.850,266.627
322.291,66.994,88.371,263.424
323.200,67.862,88.608,264.643
322.789,68.031,87.931,263.591
323.760,68.367,87.802,263.576
322.194,67.858,87.250,260.878
323.134,68.123,87.760,263.856
324.204,66.037,88.031,262.752
324.313,64.929,88.488,261.730
324.833,66.201,88.733,262.201
325.858,65.928,90.036,263.659
326.077,63.420,90.421,261.997
326.737,63.809,90.965,263.787
327.324,60.079,91.236,261.883
327.259,64.135,90.884,262.595
328.911,60.725,91.628,260.630
328.887,62.443,91.934,262.537
328.852,59.425,94.178,264.499
329.334,61.194,95.836,265.960
330.563,59.417,97.488,268.024
330.731,60.626,97.933,271.956
329.599,60.631,97.764,277.240
329.809,59.294,97.845,279.946
329.993,57.917,95.734,281.455
332.059,56.182,95.018,282.730
331.982,54.960,93.043,281.051
334.403,55.496,91.422,280.387
336.004,56.638,89.244,279.494
337.105,55.495,88.414,279.489
338.357,54.231,87.761,280.052
338.976,52.237,87.386,280.451
339.716,50.262,87.751,281.796
339.359,48.978,87.328,283.092
339.706,47.557,87.083,284.864
339.024,45.106,85.885,287.783
340.727,43.671,86.224,289.223
340.472,41.784,85.757,291.649
340.555,39.841,85.929,291.995
341.806,39.426,86.363,292.373
341.879,38.146,85.785,293.079
341.117,37.527,84.990,294.290
341.037,36.527,84.386,295.134
340.882,36.963,83.983,296.515
340.523,36.988,83.974,296.092
340.186,35.646,84.898,297.140
339.044,33.860,85.402,299.006
338.703,33.038,86.467,299.062
338.341,32.323,86.711,300.439
337.905,29.067,88.098,302.420
336.185,27.743,88.663,305.269
336.429,28.448,88.442,305.587
336.150,28.961,88.152,304.616
335.579,29.849,88.120,303.970
335.469,30.441,88.407,302.866
334.871,31.013,88.406,302.565
334.563,30.941,88.788,302.052
334.308,31.593,88.556,302.001
333.781,32.279,88.658,301.787
333.399,32.851,89.484,301.732
333.544,33.216,89.529,301.127
333.586,33.438,89.364,299.267
333.679,34.986,88.746,297.378
333.656,35.174,89.157,296.412
333.414,36.005,88.772,295.807
333.745,36.189,88.966,295.178
333.923,36.327,88.452,294.008
335.761,37.657,87.794,294.583
335.743,38.276,87.135,294.409
336.508,39.529,86.892,294.468
336.350,39.244,87.362,294.136
337.706,40.372,87.295,293.484
337.648,39.668,87.247,293.513
338.172,38.473,88.033,294.670
337.782,39.445,88.081,295.457
338.984,40.140,87.962,295.489
339.357,40.703,87.403,295.187
339.710,40.843,86.922,294.688
340.338,41.789,86.061,293.921
340.463,41.634,85.355,292.744
340.979,42.398,84.808,291.874
341.586,42.404,84.484,291.383
341.875,42.515,84.549,291.602
342.005,43.459,84.121,291.196
342.142,43.966,83.542,290.204
342.412,44.638,83.474,289.711
342.286,44.778,83.781,289.357
341.911,44.931,83.953,289.164
341.209,43.886,84.248,289.041
340.567,43.624,84.373,289.887
340.811,43.055,84.232,290.759
340.983,43.567,83.929,291.127
340.889,43.132,83.871,291.271
340.911,42.986,83.796,291.446
340.983,43.864,83.669,291.249
340.852,43.475,83.906,290.693
341.058,44.778,83.583,289.944
341.319,43.536,83.988,289.989
340.797,45.798,83.279,288.674
341.903,44.501,83.304,288.664
341.398,45.069,83.034,288.700
342.006,44.587,83.099,288.421
341.586,44.008,83.029,288.506
341.746,43.933,83.102,289.467
342.271,43.676,83.398,289.782
341.788,42.946,83.786,289.432
341.290,43.613,84.180,289.704
342.221,43.931,84.075,288.612
341.545,42.953,84.418,288.840
