315.000,47.000,68.000,222.000
313.052,44.474,68.268,219.214
313.561,46.756,68.258,218.139
313.307,47.733,67.727,217.558
313.045,48.144,67.237,217.136
313.894,47.607,67.184,216.815
313.516,48.185,67.114,216.628
313.308,47.888,67.479,216.865
312.840,48.162,67.867,216.707
312.998,48.516,68.136,216.186
313.371,49.252,68.328,215.901
313.623,50.233,67.965,215.367
313.172,50.947,68.199,214.836
312.166,51.946,68.750,215.143
310.419,52.159,68.907,215.154
308.831,52.475,70.343,214.199
307.216,53.001,71.061,212.330
303.479,55.577,73.064,211.408
301.647,55.514,75.148,210.391
301.396,56.946,78.349,210.420
297.358,58.273,80.058,210.040
296.747,57.814,82.833,209.263
294.397,58.326,83.581,208.009
295.518,59.199,86.136,207.066
290.686,58.676,88.615,207.067
293.103,59.554,90.754,206.549
291.358,59.300,92.533,206.216
290.386,60.283,92.715,206.357
292.939,61.307,93.672,206.584
291.547,63.281,91.280,206.909
290.645,63.803,89.855,207.206
296.662,66.498,87.677,204.623
293.709,67.446,86.584,205.071
294.947,64.916,86.925,205.730
292.433,63.757,87.076,206.500
301.537,66.899,86.293,205.361
294.054,61.956,86.483,206.133
289.049,54.890,88.504,206.540
291.297,56.324,90.329,206.911
289.046,56.439,91.673,206.275
295.800,59.695,93.644,206.390
300.604,57.271,94.740,206.838
298.164,59.701,94.306,208.540
288.091,53.667,96.802,209.734
289.572,53.254,97.982,211.969
271.459,45.883,99.140,212.929
266.476,39.193,99.872,212.148
259.449,38.899,100.643,211.176
257.125,35.628,102.436,209.474
250.690,34.747,104.585,207.777
247.380,33.916,106.419,205.847
243.752,33.863,107.520,204.121
250.090,41.373,109.799,203.806
245.225,41.346,109.701,204.148
237.709,38.376,110.088,203.857
244.328,42.598,109.300,203.830
236.316,40.621,109.953,203.469
248.374,44.098,109.016,202.905
253.239,44.391,109.741,203.330
243.908,42.811,110.511,202.941
254.337,45.044,109.342,204.049
252.991,39.871,110.711,203.820
249.312,38.249,110.773,203.742
260.714,45.936,109.164,204.699
260.817,44.643,109.340,206.257
264.895,47.443,110.116,207.734
261.001,49.661,109.238,208.935
263.949,49.981,108.927,211.372
265.719,51.093,109.806,212.908
258.252,51.374,110.815,214.845
256.774,48.037,112.003,216.059
242.836,48.396,113.694,217.546
245.540,47.852,115.388,216.712
241.730,43.195,118.336,216.602
248.579,46.640,118.979,217.015
244.866,46.929,121.288,217.037
248.574,46.666,124.371,216.876
243.280,43.492,123.958,216.867
254.315,46.691,124.140,216.935
254.612,44.217,126.377,216.689
253.857,44.373,127.702,216.365
259.282,49.075,129.152,215.221
267.522,50.089,128.075,213.590
261.079,47.597,131.414,212.768
263.250,51.343,131.141,211.604
264.697,50.821,131.369,210.447
269.360,50.868,130.356,210.119
264.682,49.034,132.235,210.848
262.421,46.496,134.665,211.280
260.854,44.220,137.328,212.066
261.188,44.312,139.362,213.293
261.015,44.225,140.830,214.106
257.633,43.683,141.571,214.949
259.332,42.648,142.891,215.673
255.045,42.074,142.586,215.834
254.965,41.440,144.169,216.111
254.684,41.881,145.592,216.656
246.579,40.428,146.361,216.510
250.563,40.345,148.511,216.560
247.910,41.760,149.523,216.795
247.675,42.870,150.554,216.733
247.953,42.161,151.641,216.777
247.902,41.913,152.730,217.053
247.612,41.472,153.628,217.551
247.694,41.591,154.289,217.814
247.592,41.563,154.677,217.872
247.396,41.517,154.927,217.791
245.823,41.118,155.118,217.683
244.783,41.040,156.109,217.139
243.902,41.021,157.019,216.786
242.409,40.929,157.245,216.577
245.215,41.589,157.208,216.201
244.659,43.008,157.137,216.024
245.183,42.477,156.980,215.631
245.145,42.780,156.616,215.810
244.325,42.609,156.614,215.933
245.118,42.418,156.060,215.775
243.916,43.258,156.560,215.682
244.985,42.143,156.161,215.436
240.658,42.229,156.766,215.294
243.274,42.628,157.750,215.444
244.393,42.351,157.717,215.692
245.369,42.128,157.761,216.085
244.672,41.735,158.363,216.680
244.602,40.800,158.904,217.284
244.627,40.257,159.316,217.718
244.396,39.980,159.643,217.932
242.952,39.746,160.275,218.534
241.628,39.854,160.324,218.800
242.560,41.323,159.861,218.768
233.399,40.655,161.014,218.604
238.575,40.348,160.932,218.594
230.492,42.321,161.736,218.423
238.333,40.558,161.501,218.932
230.945,42.267,162.377,218.766
238.023,39.931,162.071,219.158
230.519,41.782,162.595,219.065
238.010,39.672,161.387,219.273
237.625,41.670,159.526,219.778
236.663,41.016,157.334,219.936
236.245,40.531,156.225,220.543
234.281,40.156,155.189,220.711
237.971,39.846,155.072,220.215
237.680,41.150,153.896,220.596
236.484,41.117,153.074,220.836
240.201,40.105,154.171,220.552
239.248,42.264,153.108,220.217
238.323,41.704,151.454,220.139
239.824,41.816,151.565,220.157
240.826,41.636,151.261,219.875
235.319,41.858,151.458,219.633
232.097,41.987,152.852,219.510
232.661,41.615,153.988,219.165
235.801,42.719,155.412,218.780
227.096,43.861,156.834,218.285
227.424,42.171,157.406,218.177
227.718,42.482,157.129,217.912
227.659,42.222,156.742,217.765
230.247,42.672,157.144,217.663
218.994,43.386,157.258,218.002
221.155,41.690,155.571,218.173
215.330,40.509,152.880,218.843
207.736,39.840,149.390,219.354
221.668,42.742,151.629,218.785
223.940,40.980,151.769,218.690
214.775,39.595,149.509,218.975
221.797,40.183,150.424,219.269
217.236,39.518,149.137,219.411
220.192,39.133,150.010,219.193
216.103,38.173,148.674,219.696
219.141,38.914,147.195,219.737
214.542,37.642,146.229,219.969
222.935,40.239,148.723,220.152
215.280,38.215,147.754,220.811
216.060,37.179,147.994,221.341
215.417,36.266,147.473,221.580
222.827,36.575,150.058,221.492
221.055,36.055,149.675,222.389
223.430,36.594,150.483,222.852
223.142,36.182,150.828,223.081
222.113,36.180,150.863,222.921
226.517,37.333,152.419,222.566
221.822,35.447,150.993,222.629
225.196,35.967,152.937,222.085
221.327,35.406,154.201,221.986
228.168,36.358,154.937,219.759
226.294,37.253,158.669,219.344
227.379,39.901,160.319,218.045
228.884,39.842,160.896,216.975
233.074,37.586,162.774,217.362
226.486,36.034,163.636,217.622
228.603,35.563,165.452,218.015
224.389,36.464,168.252,218.561
226.021,36.443,168.116,219.375
223.475,36.602,169.497,220.040
224.044,37.531,170.027,220.105
226.696,37.173,170.094,220.460
223.993,37.484,170.363,219.591
228.139,36.758,170.309,219.702
225.363,37.730,170.107,219.198
229.164,38.487,169.606,218.944
230.076,38.185,168.840,218.343
229.240,38.324,167.870,217.805
227.390,38.595,169.070,217.342
226.417,39.130,170.090,217.474
226.744,39.491,170.598,217.070
227.515,39.773,170.381,216.739
227.655,39.374,169.979,216.403
226.173,39.292,169.868,216.404
225.301,39.194,171.478,216.498
226.897,39.690,171.581,216.385
224.082,39.479,171.445,216.658
226.371,38.780,171.908,216.576
225.190,39.920,172.026,216.278
227.148,40.036,171.350,216.691
228.578,39.497,170.541,216.526
231.557,39.391,169.195,216.117
233.319,40.460,168.068,215.498
235.510,40.666,167.130,215.314
236.485,40.251,165.316,214.986
236.876,40.407,164.431,214.696
235.236,40.245,163.899,214.714
236.752,39.973,163.938,214.628
235.232,40.300,163.230,214.589
235.827,40.794,163.320,214.500
238.421,40.150,163.409,214.871
237.162,40.613,160.953,213.939
242.741,41.683,159.906,214.442
239.398,40.831,156.859,213.216
243.291,40.232,154.623,213.081
241.553,40.817,152.211,212.151
243.388,40.768,151.591,212.413
242.955,40.144,149.734,211.773
246.018,42.734,150.129,212.282
244.704,41.697,151.377,212.503
242.096,41.976,152.551,212.819
240.089,43.521,153.731,212.950
244.088,44.042,153.899,212.013
242.991,44.448,154.555,212.233
241.382,43.845,155.559,212.422
237.705,43.893,156.030,212.702
238.037,43.477,156.321,212.616
239.587,44.030,156.779,212.217
237.202,43.957,156.153,212.177
235.385,43.432,155.395,212.597
235.470,43.645,156.342,214.049
234.714,42.799,156.533,214.768
234.577,42.329,157.380,215.202
233.820,42.008,158.347,215.485
230.982,41.386,158.318,215.732
232.016,40.231,160.184,216.616
231.427,40.758,161.293,217.155
229.597,40.050,161.052,217.407
231.697,39.776,163.110,217.767
228.657,40.038,163.955,217.707
225.560,39.553,164.698,218.217
226.166,39.948,166.343,218.528
220.673,39.146,166.742,218.614
228.205,39.896,166.676,219.044
220.914,38.793,165.211,218.734
226.191,39.035,165.316,218.518
219.336,39.267,165.017,218.807
224.892,38.570,165.583,218.714
223.904,39.845,164.892,219.220
224.528,39.505,164.078,219.915
225.573,39.316,163.041,220.385
224.383,38.715,162.019,220.334
221.397,38.364,161.107,220.245
228.467,39.017,161.180,220.035
227.519,39.648,160.602,220.280
227.402,38.791,159.466,220.454
229.211,40.228,158.730,221.220
228.571,39.519,158.386,221.270
225.038,38.503,157.241,221.362
223.670,38.101,156.687,221.510
225.653,37.205,156.364,221.106
218.246,37.149,154.885,221.251
229.098,38.535,154.990,220.822
223.237,39.581,153.853,221.039
228.127,39.680,154.120,221.082
225.838,40.248,154.549,221.480
222.332,39.515,152.833,221.491
230.479,39.377,153.533,221.607
236.222,42.032,154.742,222.208
223.206,38.764,155.615,222.047
231.415,38.835,156.237,221.986
232.126,38.815,156.683,222.192
220.971,37.846,157.435,222.032
225.696,38.640,157.333,221.559
228.404,39.165,158.152,221.692
223.671,36.935,156.589,221.678
225.296,38.631,156.805,221.063
232.714,38.756,158.044,220.553
220.248,37.767,153.474,220.959
230.132,37.918,153.732,220.080
222.546,36.227,150.964,220.020
225.912,37.336,150.965,219.303
222.992,38.037,148.815,219.279
223.009,37.112,147.369,218.856
224.674,37.870,146.920,218.137
220.388,36.240,145.233,218.172
224.120,38.361,146.073,218.056
219.257,36.313,143.653,217.956
225.216,38.987,144.904,217.934
220.509,37.263,142.702,217.802
226.669,38.877,144.599,217.820
218.746,37.434,141.234,217.385
225.324,38.041,143.366,217.387
225.289,37.919,142.362,217.118
229.584,39.096,143.926,216.624
224.016,39.501,142.201,216.862
223.185,38.313,142.630,216.733
222.120,39.032,141.429,216.506
228.044,39.370,144.049,216.030
219.384,39.784,141.722,215.898
219.548,39.356,142.352,215.491
222.468,39.718,143.352,215.291
220.957,40.026,143.322,214.955
227.711,40.457,146.143,214.734
217.145,39.332,143.749,215.122
224.455,39.939,145.785,214.958
225.645,39.713,147.290,214.770
222.685,39.878,146.413,214.659
225.460,40.772,148.520,214.453
226.652,40.555,148.613,214.642
223.400,39.305,148.254,215.153
220.166,37.612,147.507,215.074
227.138,39.476,149.831,215.268
231.476,40.331,150.742,215.380
225.023,38.817,149.381,215.944
228.272,39.394,149.852,215.942
224.590,38.993,148.412,215.719
222.641,38.042,146.705,215.985
228.655,39.475,148.228,215.749
227.528,40.580,148.348,215.832
218.455,39.095,147.081,216.386
219.965,37.561,147.524,216.195
217.112,38.792,146.028,216.094
218.862,38.652,146.311,215.960
219.585,38.923,145.853,216.154
216.591,39.205,144.283,216.406
214.433,39.246,143.433,216.367
220.212,38.906,144.467,216.129
222.364,40.009,144.647,216.260
217.466,39.073,142.276,216.455
220.787,41.094,143.710,216.922
219.900,41.621,143.196,217.325
216.016,40.173,142.589,217.578
221.585,42.161,143.774,217.781
219.058,41.711,144.382,218.330
219.296,41.911,145.365,218.895
225.038,42.723,147.713,219.655
233.156,44.319,149.034,219.889
219.228,40.981,151.106,220.412
234.837,43.892,152.672,220.601
244.691,48.606,152.887,220.322
232.226,45.356,155.782,220.789
217.814,42.445,157.838,221.590
238.959,45.545,158.639,222.171
231.733,44.238,159.362,222.359
234.558,44.351,160.512,223.156
226.243,42.861,160.482,223.332
223.713,41.264,160.473,223.906
210.624,40.316,161.636,224.146
213.040,39.814,161.314,224.613
226.566,40.749,160.684,224.195
223.559,40.667,159.867,224.380
203.532,39.852,160.259,224.739
211.606,40.987,162.038,224.971
208.041,39.738,162.114,225.055
205.166,39.641,160.906,224.813
199.393,40.675,159.086,225.025
195.480,39.786,158.815,225.470
190.715,39.181,157.967,225.559
206.226,40.297,158.048,225.637
201.720,40.064,157.707,225.735
199.548,39.736,157.468,225.732
196.668,39.836,157.166,225.715
187.754,38.370,155.817,225.681
200.109,37.591,153.595,225.402
199.055,39.594,153.602,225.548
196.801,38.515,154.070,225.449
192.091,39.119,153.915,225.740
202.300,37.510,152.585,225.635
198.087,39.128,152.864,226.302
190.990,37.032,152.852,226.591
203.567,37.218,152.233,226.884
209.528,37.128,154.137,226.849
203.263,38.694,153.976,227.107
208.207,37.454,155.366,226.841
220.046,40.776,156.305,226.260
217.589,41.959,157.435,226.611
234.383,43.590,158.714,226.275
216.529,39.360,160.439,226.326
215.892,39.984,161.102,226.712
201.188,38.764,162.635,226.740
212.506,38.588,162.424,225.767
219.073,39.219,163.673,225.606
204.882,39.607,164.623,225.651
214.102,39.570,165.437,225.241
204.045,40.483,164.043,225.395
213.591,39.469,164.524,225.358
207.597,39.958,163.760,225.463
206.372,39.202,163.015,225.409
213.041,38.278,162.726,225.113
199.778,37.437,162.859,224.946
210.368,38.549,162.218,224.987
206.809,39.122,158.559,224.981
215.815,40.161,158.301,225.045
202.988,40.283,155.627,224.897
207.000,38.252,154.434,224.952
209.568,37.582,151.459,224.660
217.078,38.174,150.265,224.350
206.104,37.302,146.116,223.973
215.080,43.583,144.790,224.250
214.579,38.859,143.085,223.271
216.761,40.127,142.051,222.416
220.647,41.567,142.325,221.675
220.444,42.643,140.672,221.608
221.061,44.212,138.849,221.059
222.989,44.379,139.394,220.634
217.572,43.231,138.157,220.054
221.574,44.381,139.612,219.776
220.949,43.193,139.285,219.765
227.534,47.758,140.237,220.684
226.322,46.324,138.163,221.269
229.740,48.187,137.577,221.639
239.419,50.898,133.676,222.079
254.238,51.579,129.040,221.688
246.904,52.119,124.879,222.402
258.373,51.990,118.911,222.360
251.400,49.868,116.748,224.288
265.551,53.629,112.075,223.937
259.436,49.893,110.146,224.568
267.158,54.842,109.132,224.036
263.832,52.930,108.088,223.940
268.566,55.291,108.367,223.502
265.445,55.089,105.264,223.238
267.525,55.452,105.957,223.581
265.391,54.574,105.338,223.720
262.851,54.724,105.428,223.630
257.227,52.973,106.152,223.954
254.333,52.646,107.300,223.714
251.743,53.213,107.560,224.125
258.399,53.176,105.886,224.228
247.874,52.046,105.960,224.121
244.453,50.496,106.533,224.777
239.043,49.815,107.982,224.598
233.934,48.116,109.592,224.450
226.769,46.118,110.843,224.359
222.308,44.252,112.936,224.158
213.728,45.635,114.079,224.008
200.472,46.167,116.746,223.964
208.132,44.906,119.215,224.275
228.908,47.586,122.603,223.536
232.232,51.784,125.559,222.882
221.653,51.055,126.151,222.447
207.820,49.926,126.768,221.933
206.489,46.867,128.210,221.543
192.466,47.269,129.752,221.771
187.774,44.674,129.996,221.344
193.454,43.634,132.680,220.573
186.657,43.591,132.127,220.109
190.506,44.315,133.254,219.257
183.613,44.202,132.545,218.486
191.343,48.506,132.681,218.162
183.501,45.726,132.166,217.326
192.179,48.554,132.855,216.796
182.688,46.135,133.156,216.318
186.541,50.836,134.220,216.154
180.020,51.297,135.296,215.961
181.365,49.731,135.894,215.306
180.234,50.978,135.563,215.071
183.925,52.429,135.967,215.775
181.041,49.331,135.501,215.670
186.407,51.153,135.559,216.876
185.080,48.594,133.626,217.673
191.213,49.221,133.067,217.642
193.467,48.901,132.230,218.364
199.894,48.645,131.981,218.594
204.532,49.180,131.344,219.528
208.890,48.856,132.158,220.017
222.235,48.361,131.394,220.076
223.967,48.084,134.562,220.216
217.163,47.627,137.885,220.613
225.420,49.843,142.295,222.481
285.023,53.281,141.271,220.509
285.705,58.202,143.829,217.541
295.711,58.752,143.606,213.705
290.777,59.600,145.530,211.267
296.737,72.079,147.463,207.115
296.987,73.035,148.619,203.170
297.543,87.726,151.621,196.581
308.974,88.082,151.404,191.670
315.229,87.854,153.854,187.166
319.668,92.316,155.044,183.432
322.909,92.898,155.503,179.934
324.939,89.339,155.743,178.653
318.274,88.435,157.577,179.267
325.908,82.540,157.369,180.412
330.053,80.928,155.023,182.222
332.739,78.638,152.893,183.611
337.230,78.875,149.647,184.743
340.837,79.926,146.151,185.245
347.258,81.284,141.737,185.648
343.648,82.310,140.856,184.695
338.970,80.332,141.682,184.184
336.004,81.314,143.084,182.996
333.732,80.239,144.789,182.643
332.570,79.127,145.830,182.101
328.797,78.706,147.521,181.749
329.967,74.260,147.673,183.654
328.373,70.912,149.092,186.307
320.237,67.858,150.650,190.156
320.270,68.283,153.709,191.360
311.201,69.145,155.041,192.257
311.970,66.527,156.907,193.815
310.835,65.583,157.746,195.441
310.154,65.731,160.067,196.395
304.748,63.965,160.866,197.662
306.944,61.681,162.778,199.206
308.209,57.984,164.330,200.949
309.924,55.105,165.288,203.135
303.567,54.248,165.482,204.418
309.415,53.093,165.284,206.203
305.444,49.757,164.324,207.950
310.452,48.094,162.836,210.159
309.966,49.748,160.748,210.925
312.501,49.589,159.166,211.305
311.645,50.063,156.801,211.256
317.213,48.074,158.250,211.721
310.590,48.450,156.801,211.757
315.353,45.998,157.987,213.447
310.998,44.419,156.337,214.573
319.346,40.765,156.177,216.657
311.758,39.269,153.707,218.293
318.614,37.145,153.067,220.272
313.678,35.627,150.959,221.403
321.134,34.845,152.348,222.966
317.617,32.007,149.606,223.815
322.598,31.851,150.462,224.863
320.219,28.319,149.335,225.029
320.115,28.381,150.300,227.709
319.581,25.427,150.318,229.788
321.771,24.697,151.135,233.135
319.630,23.273,150.715,233.837
323.400,22.906,151.436,234.835
319.109,23.010,150.818,235.068
320.889,18.595,150.298,237.401
320.226,18.431,149.493,238.335
321.515,17.871,149.354,239.949
321.329,17.790,148.493,240.679
322.138,17.452,148.242,240.880
321.776,18.104,148.731,240.869
321.532,19.467,148.527,240.512
325.658,17.080,148.181,240.769
323.206,18.200,147.231,241.227
324.785,17.537,148.366,241.757
324.060,17.605,148.001,242.030
325.722,17.057,147.997,242.780
324.904,16.971,146.926,242.951
326.074,14.500,146.868,243.703
324.813,13.819,146.158,243.764
325.644,12.034,146.555,244.283
326.040,8.432,146.568,244.978
324.816,4.955,147.224,245.655
324.896,2.243,147.858,247.164
326.501,-1.430,148.305,248.622
324.846,-2.417,147.376,249.632
328.482,-3.835,145.855,252.061
331.180,-7.225,144.491,252.910
337.525,-13.253,141.387,251.406
339.997,-12.354,137.778,249.193
341.706,-13.952,134.788,248.182
347.138,-9.873,129.931,247.769
346.457,-9.773,127.276,247.205
345.409,-11.546,125.459,248.863
347.971,-9.591,124.842,249.052
350.496,-13.110,124.435,249.504
348.310,-14.377,124.541,248.733
349.854,-13.453,124.419,249.251
341.235,-25.482,126.180,245.445
349.044,2.377,126.446,244.096
330.019,-2.297,126.956,243.749
333.184,12.160,127.587,242.909
295.657,33.075,126.528,243.323
299.446,16.269,128.229,245.809
297.614,20.383,129.654,247.335
284.492,30.902,129.896,247.492
283.626,31.643,131.989,246.215
289.284,25.139,132.802,247.923
291.578,22.536,131.979,250.035
293.101,19.853,131.573,251.939
289.236,26.024,130.405,251.745
286.527,26.482,131.178,251.416
288.841,22.290,132.015,252.019
289.292,23.925,131.864,252.474
285.241,26.434,133.031,250.376
277.285,31.034,134.392,246.748
289.083,29.512,133.545,246.631
286.002,33.808,132.852,244.465
285.837,32.084,133.028,244.053
280.272,34.517,133.406,243.357
287.221,35.211,132.404,243.081
289.236,31.611,132.061,243.067
289.329,37.784,131.551,240.699
292.816,35.857,130.262,240.962
291.228,38.323,129.226,238.693
296.810,38.085,127.359,240.063
292.760,35.662,126.866,238.650
295.853,35.849,126.316,239.805
297.892,32.944,125.813,241.385
295.876,31.976,126.528,240.795
299.536,30.579,126.347,240.745
287.449,34.906,126.139,242.268
297.748,28.466,125.640,243.580
291.044,33.430,124.599,244.002
302.265,29.075,124.016,245.920
293.560,25.508,123.995,247.808
289.327,32.384,123.618,247.603
291.693,30.126,124.942,246.567
288.055,32.176,126.477,245.176
289.737,23.348,126.845,246.995
296.259,17.651,126.814,250.643
286.055,22.920,128.367,250.245
289.548,16.017,129.095,252.084
281.228,23.176,129.853,251.208
290.949,17.397,130.018,252.712
285.499,15.382,131.212,253.701
278.651,16.655,132.349,254.311
286.025,14.038,133.006,255.453
279.631,14.269,134.860,255.468
278.757,14.482,135.403,255.491
277.215,10.731,136.972,256.167
289.152,11.666,137.557,256.560
282.214,9.800,138.401,256.786
278.884,14.371,139.337,257.072
284.664,12.870,139.049,257.819
276.334,12.398,139.150,258.903
287.636,9.516,138.725,259.542
286.685,13.739,139.550,259.010
288.609,12.581,140.134,259.554
289.029,13.476,140.586,259.383
283.302,16.200,141.125,258.721
282.552,15.658,140.893,258.107
279.150,21.548,140.896,256.792
282.062,22.077,142.117,255.966
283.350,22.077,143.104,255.153
289.497,25.063,142.538,254.471
291.726,22.121,142.593,253.811
290.021,25.517,142.261,253.099
290.433,26.920,142.172,251.469
291.203,27.970,141.416,250.373
286.254,26.690,141.398,249.656
291.299,29.136,140.066,249.691
287.873,24.123,139.825,249.644
288.674,26.256,139.441,249.056
288.833,24.022,139.310,249.791
291.844,22.650,139.482,250.802
293.099,25.144,140.603,250.666
290.629,19.818,139.911,251.587
282.894,22.129,138.931,251.746
288.609,20.601,137.497,253.282
292.447,21.235,137.011,254.057
291.745,20.609,135.892,254.710
298.109,14.352,135.583,256.662
285.786,18.110,135.353,256.815
289.907,17.742,134.700,257.406
290.778,20.232,134.289,257.115
294.382,18.951,134.543,255.892
289.210,23.132,134.462,255.621
284.958,25.628,134.628,253.151
284.694,29.373,135.089,250.468
279.455,32.015,136.140,247.397
287.056,34.916,135.460,246.063
286.780,33.812,134.804,244.827
287.851,36.427,134.097,244.077
289.315,36.899,132.699,244.147
293.389,36.371,131.469,242.952
293.450,39.964,130.049,241.849
294.917,38.165,128.660,241.240
290.596,41.253,128.039,238.277
292.192,43.590,127.261,236.685
294.514,44.059,124.764,237.033
295.571,41.616,123.277,237.854
295.327,43.915,120.781,238.407
301.261,36.524,119.009,240.588
300.206,36.048,118.347,240.631
296.446,37.845,117.812,240.022
298.713,45.495,116.720,238.286
301.075,40.508,116.239,237.205
294.155,40.509,116.407,237.200
296.024,44.551,116.569,236.003
299.830,40.711,115.896,236.063
299.379,44.454,115.759,234.979
298.834,42.731,115.671,234.476
301.099,47.551,115.256,232.048
301.932,44.463,114.159,231.817
302.223,46.016,113.885,230.280
303.029,45.571,113.732,229.241
301.771,49.042,113.027,227.421
301.879,49.785,112.193,225.662
302.636,49.759,110.406,227.437
303.333,51.080,109.492,225.541
305.336,51.754,108.498,223.747
306.076,53.942,107.575,221.563
306.628,54.895,106.494,219.702
306.815,57.398,105.129,217.560
307.410,58.462,103.536,215.535
307.902,59.918,102.267,213.233
307.966,64.063,100.982,210.821
306.584,65.898,99.871,208.589
305.727,68.897,99.275,205.520
305.407,72.682,98.622,202.234
304.733,70.332,99.013,202.377
304.511,70.090,99.272,202.382
304.121,69.237,99.824,202.968
303.163,67.748,100.100,203.804
303.896,71.112,100.536,202.197
303.708,71.388,100.800,202.047
302.307,72.259,101.338,201.510
300.365,71.678,102.384,201.154
303.691,73.438,102.633,200.019
303.727,70.985,103.065,199.818
303.767,71.346,103.388,199.533
305.218,72.316,103.423,198.928
306.625,69.240,103.215,199.913
307.212,72.084,101.846,199.189
307.896,68.304,101.236,200.782
308.827,74.057,99.922,199.519
307.998,74.943,99.204,198.046
307.810,76.066,98.257,196.370
307.989,78.435,97.665,194.725
307.165,81.652,97.483,193.062
308.538,76.470,96.981,193.936
308.366,82.122,96.158,191.758
309.398,75.911,96.325,192.599
307.877,83.157,96.413,190.833
309.345,78.186,96.146,191.509
308.648,81.826,95.678,189.888
308.663,83.689,95.693,188.908
309.107,80.516,96.224,189.391
307.032,83.871,96.843,188.806
305.796,79.231,98.082,189.631
302.732,73.332,99.685,191.495
294.422,55.068,101.779,197.172
289.314,56.393,106.261,200.605
291.641,58.894,111.950,202.292
286.866,40.516,113.996,208.163
285.996,49.153,117.217,210.078
299.925,61.551,114.577,211.587
288.853,55.517,113.647,212.339
274.495,56.155,115.397,211.385
274.628,57.934,118.636,211.321
280.585,62.227,121.436,210.202
283.247,63.448,121.628,208.056
282.573,67.547,121.547,205.257
281.832,67.867,123.244,202.225
272.108,69.915,127.392,199.488
272.595,74.368,129.819,196.117
279.116,68.516,130.559,193.051
268.127,69.584,134.714,191.158
266.323,59.262,135.729,189.231
264.796,52.000,137.173,192.682
262.456,52.238,137.693,196.037
260.942,52.160,137.963,199.937
257.642,52.619,139.546,203.723
259.213,51.164,140.739,207.224
253.618,42.776,140.944,210.908
241.467,36.888,141.947,213.839
239.287,33.283,137.011,216.779
237.589,32.401,136.242,219.794
242.723,33.291,135.842,221.861
245.289,33.801,134.064,222.729
246.538,34.272,132.318,223.384
245.560,34.341,129.955,224.023
246.342,34.110,128.925,224.512
246.019,35.644,127.619,224.744
243.237,36.844,126.965,224.924
239.671,38.261,126.879,224.438
