505.000,117.000,394.000,502.000
495.214,131.190,404.904,491.182
502.374,151.573,420.642,481.927
556.251,163.547,407.774,463.951
569.941,186.583,408.624,453.470
595.584,213.387,399.997,430.005
590.073,192.475,412.235,427.707
602.987,194.090,419.571,427.028
600.110,194.191,422.891,423.819
622.035,187.142,423.504,421.110
607.901,172.031,410.396,429.675
593.713,154.741,402.465,439.425
608.443,153.102,380.479,445.456
582.826,177.188,356.750,450.865
572.064,180.265,366.906,442.897
568.838,185.610,403.661,441.591
577.753,183.466,425.954,441.166
585.756,183.173,438.095,443.559
585.169,170.841,458.993,448.100
576.581,165.831,441.514,457.343
593.790,172.359,425.875,469.527
586.715,170.716,392.613,471.410
585.766,185.776,368.863,470.618
589.452,188.201,348.816,470.180
572.718,183.820,362.727,468.271
562.894,194.248,384.035,461.451
576.979,196.898,401.321,464.686
581.546,193.099,416.458,459.677
540.302,197.363,404.002,461.464
563.367,204.284,400.190,460.503
503.306,181.382,379.323,475.819
551.073,200.678,348.407,481.534
558.778,211.488,345.638,480.066
555.135,202.232,367.976,470.841
556.468,201.551,394.631,461.839
508.165,177.222,407.543,461.848
521.778,215.895,429.285,453.032
533.113,201.540,413.351,449.988
581.326,212.595,395.086,458.774
585.704,195.212,367.512,463.577
562.762,205.458,369.165,465.592
568.274,205.086,370.292,468.576
540.500,209.211,409.361,469.823
552.532,203.728,429.056,471.949
586.836,198.243,422.485,477.265
585.168,199.219,382.200,486.468
647.814,207.252,339.933,497.032
666.913,206.050,310.956,505.280
648.610,222.541,301.445,499.865
659.683,212.005,331.574,492.440
629.755,197.870,374.035,486.076
657.925,193.419,399.360,493.362
685.182,182.775,390.778,495.085
696.521,178.406,375.295,492.159
710.225,188.815,338.408,497.485
709.155,210.372,342.467,492.611
737.717,190.395,373.541,490.777
677.441,165.741,396.663,493.862
693.949,158.127,383.504,492.828
699.730,157.235,364.818,487.417
753.747,177.849,329.858,498.173
735.853,162.453,336.813,491.023
688.042,166.255,365.655,480.311
691.766,186.974,398.136,482.987
658.031,179.474,361.790,484.561
667.937,183.608,331.262,492.443
685.909,179.319,307.350,496.608
685.119,186.872,306.747,495.619
647.966,196.326,352.319,488.945
582.915,194.091,409.120,486.407
546.562,188.909,389.886,492.630
553.998,186.896,375.802,501.536
605.414,185.829,332.821,508.533
582.286,184.183,327.215,502.789
587.625,176.275,358.034,497.988
582.073,179.580,385.484,490.225
563.588,182.264,382.469,489.671
562.540,190.349,380.962,489.271
607.422,185.343,337.722,498.240
587.168,186.959,329.045,496.021
582.969,201.626,360.493,493.411
568.283,207.593,398.682,490.780
551.822,185.977,420.164,489.262
541.208,194.048,422.891,486.465
601.594,193.666,387.585,492.896
612.419,198.388,352.392,499.764
616.344,196.349,352.179,488.525
631.048,182.196,364.353,472.496
630.751,190.000,362.281,473.134
631.876,193.753,360.060,474.953
667.668,195.779,339.983,474.800
703.882,209.729,312.243,474.729
713.702,222.012,313.093,471.443
702.311,193.920,345.119,475.116
678.937,179.268,371.456,476.929
682.268,175.572,382.207,476.053
676.512,178.324,353.733,489.185
719.839,183.083,336.133,494.390
699.682,191.067,325.078,480.801
708.710,169.854,346.592,468.351
699.562,182.572,371.593,458.453
699.523,179.381,392.540,451.197
670.765,197.182,398.205,450.555
672.935,213.729,362.529,461.964
667.381,206.962,334.923,466.082
656.682,213.037,350.320,468.839
665.689,185.119,372.428,477.979
645.936,187.366,399.167,485.007
654.867,177.701,411.884,487.770
691.528,128.423,423.792,486.542
627.305,83.398,428.468,495.874
484.193,135.345,423.291,488.842
458.676,135.251,407.934,474.722
472.072,136.880,392.391,468.558
482.036,134.728,361.689,456.000
514.364,139.467,377.833,434.024
479.617,160.102,378.526,420.097
454.718,155.260,371.375,410.684
465.060,185.125,365.647,405.594
448.617,182.904,374.310,404.088
462.437,241.805,364.899,414.735
480.623,232.066,353.767,428.323
507.049,186.592,357.537,425.682
580.093,133.771,380.248,427.303
641.846,120.030,403.817,425.956
664.498,108.676,423.354,425.905
517.725,192.300,438.673,431.145
384.610,235.265,443.065,448.059
445.896,235.568,436.473,465.920
514.663,210.327,432.441,484.082
549.365,148.227,414.635,521.362
557.885,127.213,407.528,547.834
571.384,71.056,393.122,583.885
598.361,87.497,385.898,595.165
565.043,214.188,384.914,589.859
546.709,176.199,387.033,590.816
496.504,200.236,394.520,589.839
451.223,142.125,400.563,590.550
309.946,79.259,411.177,590.373
249.089,61.754,414.260,579.563
253.897,89.787,418.154,572.750
279.140,81.826,421.444,561.273
289.559,110.394,423.849,550.953
303.183,112.564,427.012,539.699
285.682,118.350,430.391,520.033
299.234,105.287,425.085,500.197
305.201,134.054,414.764,483.377
334.129,141.136,410.646,471.632
349.386,138.870,404.743,459.032
352.737,133.229,399.937,443.949
360.223,133.145,394.970,437.335
373.665,119.772,386.241,429.475
402.600,120.827,381.116,423.446
424.814,99.105,379.377,413.702
466.305,77.885,374.664,408.321
466.298,84.678,369.827,401.995
496.144,59.916,366.443,397.831
553.527,31.965,362.238,392.570
595.737,9.203,357.628,386.590
627.611,0.558,355.698,383.524
679.621,-23.503,350.851,378.837
680.763,-21.970,345.952,374.037
735.649,-53.087,335.594,364.076
803.540,-70.151,322.496,345.208
456.405,275.503,312.976,339.504
447.195,265.592,321.903,329.476
466.640,271.052,319.702,328.569
449.106,269.450,327.694,324.522
483.018,264.053,324.223,329.522
506.566,241.747,315.435,337.905
533.358,217.306,299.291,361.163
542.866,183.456,284.356,383.375
539.093,150.198,278.932,414.777
545.101,143.248,270.473,436.555
539.962,117.299,272.181,463.224
533.155,86.637,277.639,492.171
525.399,73.016,283.344,521.437
506.829,60.122,295.827,552.976
500.110,60.764,307.388,583.203
500.329,49.795,314.155,602.536
486.197,44.103,326.209,622.899
471.458,43.869,334.984,635.842
474.208,52.276,353.241,642.777
459.334,51.065,370.297,648.937
445.056,51.759,381.099,660.297
451.601,48.127,394.475,668.166
427.085,72.996,405.247,668.107
382.357,76.252,430.350,665.593
322.314,89.278,459.837,652.710
310.938,106.128,481.875,627.377
285.529,122.083,491.112,608.688
305.484,126.659,506.065,588.323
314.197,142.398,501.385,577.253
323.959,142.180,494.742,571.696
325.529,163.430,478.218,564.002
357.803,162.377,457.263,560.086
362.071,169.615,435.128,554.434
369.639,174.803,407.958,550.911
373.710,177.290,386.873,548.941
372.501,171.371,393.105,549.165
368.277,183.390,409.801,544.313
333.667,175.918,425.491,547.607
282.480,171.059,460.742,545.222
267.111,174.101,491.120,542.750
276.703,169.475,500.478,541.951
295.288,166.140,491.673,542.383
265.194,156.730,485.070,550.139
274.081,142.588,478.336,563.752
254.748,115.888,485.288,580.444
265.390,107.404,496.574,593.169
