269.000,126.000,158.000,197.000
261.411,125.873,159.714,197.119
262.405,125.642,159.861,197.803
264.171,125.060,159.500,196.873
263.906,125.551,159.621,196.768
264.386,125.870,159.502,196.892
265.461,125.773,159.438,196.247
265.311,125.456,159.364,195.995
266.433,125.875,159.563,196.569
266.515,125.902,159.304,196.460
266.505,127.185,159.476,197.562
266.057,126.803,159.058,196.885
265.747,127.150,159.217,197.036
265.734,126.670,158.990,196.292
264.601,127.155,159.119,196.685
263.052,127.026,159.060,195.331
263.205,128.089,158.712,195.647
264.407,126.885,157.426,194.819
264.106,126.825,156.433,196.576
266.120,125.769,154.478,196.344
268.263,125.995,153.039,197.747
269.546,126.423,152.022,198.670
269.419,123.374,151.336,198.789
270.661,125.064,150.827,201.496
271.418,122.069,149.074,201.455
272.387,123.335,147.879,202.437
275.887,123.452,145.945,202.720
274.951,121.103,146.013,203.847
277.969,120.238,145.073,205.215
280.872,120.692,143.313,206.180
282.741,118.844,141.837,206.647
285.005,120.783,140.560,208.071
287.246,117.241,139.388,208.194
287.837,117.933,138.297,209.046
289.368,115.178,137.549,208.663
287.559,115.560,137.316,208.581
286.993,114.036,137.244,208.603
285.798,116.270,137.021,208.972
285.219,112.772,136.835,207.331
285.150,114.765,136.332,206.427
284.572,114.439,135.352,206.292
283.134,114.434,134.956,205.587
282.349,115.876,135.229,205.512
282.576,115.180,134.751,204.516
282.900,115.508,134.993,204.377
281.440,114.530,135.078,204.975
281.190,115.070,136.165,204.807
280.271,114.891,137.682,205.132
280.598,112.827,138.260,206.270
281.199,113.775,139.025,208.299
279.679,111.565,140.331,209.437
278.648,110.365,141.989,209.792
277.463,112.049,143.526,210.538
276.604,112.030,144.538,211.446
275.384,110.988,145.397,212.115
273.366,110.625,146.512,213.281
269.354,110.646,148.078,213.287
265.548,109.335,151.509,214.276
265.691,113.954,155.813,214.186
257.211,111.448,160.075,215.176
254.322,112.896,164.483,214.136
250.266,111.485,167.832,212.831
247.149,112.791,170.152,212.165
243.890,109.811,172.288,213.641
242.546,107.110,171.894,214.400
244.096,106.112,172.517,215.585
244.937,106.731,172.970,216.660
244.770,108.660,173.242,217.931
242.812,109.903,171.808,216.385
243.309,110.946,172.423,215.203
243.494,109.713,171.638,215.349
244.306,110.206,170.226,216.327
244.826,108.409,169.281,217.074
244.623,108.387,168.835,218.475
245.810,107.218,168.029,219.292
245.761,108.665,167.358,219.355
246.329,105.066,166.345,219.496
245.808,106.104,167.478,220.458
245.227,105.111,167.204,220.281
244.604,105.127,167.447,220.538
242.843,105.119,166.984,221.035
242.876,110.483,167.732,219.401
241.167,111.784,166.493,216.452
238.873,111.385,165.813,214.221
240.529,117.563,166.516,211.960
230.122,117.153,169.802,207.043
226.949,126.739,171.974,203.304
228.217,126.712,173.443,199.462
232.052,131.653,174.801,194.961
225.941,135.559,178.475,191.149
222.148,140.848,181.763,188.294
203.884,136.954,184.443,183.242
199.837,142.224,187.320,178.480
190.662,146.862,192.524,174.856
195.198,147.841,196.923,171.082
171.388,153.704,202.847,170.115
149.065,157.540,214.864,170.276
162.001,161.521,221.177,171.409
144.277,163.590,229.714,172.078
146.063,168.935,232.977,172.740
142.151,170.357,237.136,172.311
134.487,170.958,243.085,171.947
111.575,171.967,253.674,172.085
124.434,172.011,260.071,171.283
110.445,171.464,268.181,169.873
101.617,178.967,272.290,169.732
118.266,175.450,275.491,168.510
134.274,171.670,276.692,168.598
150.426,175.938,272.921,169.520
143.677,169.993,273.146,169.710
142.827,173.842,272.326,171.080
137.230,170.620,272.921,171.634
148.035,168.498,270.514,173.481
155.570,169.268,266.767,174.752
150.637,164.810,266.313,174.181
159.360,169.333,262.455,175.990
151.327,165.107,263.348,174.047
112.764,172.779,269.503,174.238
146.404,164.910,268.000,174.169
147.644,166.095,266.785,173.599
142.199,165.858,267.701,173.815
135.374,166.019,268.388,173.600
102.675,168.460,277.125,171.907
93.961,165.382,286.968,170.401
85.794,163.693,296.238,169.288
91.613,164.608,301.043,168.377
108.294,163.570,301.958,167.905
91.964,168.017,306.161,169.295
106.214,161.353,307.049,170.040
122.069,166.723,304.199,171.385
104.150,159.676,306.222,171.243
117.729,164.242,304.955,172.149
107.607,162.778,305.651,170.519
128.691,163.656,302.506,171.564
119.104,161.179,301.596,170.729
109.538,163.539,302.049,170.333
139.628,161.529,298.115,171.417
188.708,152.330,282.899,173.446
200.315,151.482,264.481,175.887
214.270,147.416,247.317,176.404
221.406,149.625,231.881,176.070
235.053,144.637,216.026,174.032
239.216,147.111,203.328,173.575
254.421,145.332,188.086,170.249
265.341,144.227,174.388,166.558
269.823,146.230,162.979,162.686
276.052,146.831,152.669,158.826
280.483,148.256,145.207,155.314
284.341,148.011,138.651,152.562
286.667,148.744,134.227,149.392
289.552,149.866,130.716,147.488
290.763,150.486,128.584,146.552
292.210,150.311,127.109,145.973
293.483,150.416,126.219,146.029
293.162,150.476,125.692,146.140
290.165,148.718,126.346,146.255
294.240,145.521,124.700,146.518
297.243,140.349,122.255,148.139
298.144,135.574,120.385,150.169
298.043,133.714,119.712,152.432
297.419,132.322,119.328,154.207
295.986,131.838,119.670,156.097
294.168,130.058,120.605,157.946
289.618,131.419,123.473,157.929
292.254,129.786,124.138,158.665
288.842,132.976,125.817,158.438
290.303,130.158,126.198,159.324
293.354,129.195,125.806,158.499
293.537,131.270,125.959,157.918
291.520,132.635,126.977,158.275
288.677,129.486,127.640,159.572
289.105,130.458,128.721,158.598
289.616,130.666,129.405,157.912
291.050,130.063,129.275,157.860
290.636,130.587,129.617,157.908
291.303,131.502,129.505,158.292
293.232,131.821,127.971,158.498
293.295,129.233,127.481,159.184
293.448,131.175,127.558,159.009
294.202,131.823,127.259,157.636
294.185,133.850,126.739,158.927
292.929,132.041,127.002,157.826
294.478,133.583,125.937,158.779
293.490,131.312,126.219,158.740
292.247,133.609,125.974,160.147
288.974,130.852,126.983,159.967
290.731,129.246,126.918,162.103
292.267,131.233,126.748,161.692
288.639,130.045,128.714,160.823
285.919,128.800,130.707,161.706
284.251,128.192,132.590,163.164
284.217,127.069,134.551,164.447
282.021,125.777,136.716,166.104
279.372,124.597,138.398,165.144
277.220,126.997,140.110,165.049
270.692,124.240,144.029,164.287
281.629,123.923,142.686,165.863
276.630,123.908,144.798,165.518
273.140,123.637,146.785,165.052
279.373,123.293,145.213,166.623
274.275,121.924,147.079,165.350
265.795,123.562,150.897,164.970
264.143,129.380,152.316,164.666
260.516,129.703,155.398,165.153
257.199,132.079,158.869,165.625
269.238,125.355,155.129,169.323
257.391,126.319,156.258,168.597
259.165,126.614,158.082,169.436
259.755,127.925,160.326,169.320
261.977,127.728,160.978,170.163
268.110,124.410,159.291,174.614
275.876,119.001,152.098,180.544
279.548,110.728,146.425,188.323
277.646,105.137,145.169,195.227
281.427,106.151,144.221,201.638
281.808,99.821,144.423,205.182
279.475,97.011,145.285,207.291
276.721,95.393,147.217,210.505
273.450,94.510,150.216,212.598
270.872,93.555,152.811,215.364
268.950,93.707,155.162,217.110
265.946,93.614,157.884,219.004
263.215,94.346,160.381,219.974
261.046,94.315,162.590,220.178
259.981,94.262,164.055,220.534
258.540,94.302,165.456,220.757
257.141,93.906,166.279,220.856
256.130,93.543,167.080,219.870
255.570,94.488,167.931,219.586
254.910,94.306,168.807,219.378
254.036,94.729,169.401,219.214
253.183,94.515,169.754,219.180
253.162,95.082,169.764,219.498
253.461,96.176,170.126,220.895
253.335,95.537,170.280,221.856
253.827,95.660,170.360,222.513
253.805,95.512,170.182,222.200
253.883,95.304,170.136,222.826
253.589,93.606,170.161,222.674
253.661,93.909,171.354,221.366
252.930,92.245,171.228,219.878
252.766,93.042,171.340,219.622
252.765,93.610,171.049,219.168
257.138,94.568,168.275,219.732
266.465,95.593,160.834,217.477
269.590,94.120,154.848,218.289
270.752,91.377,151.367,220.622
271.332,87.812,148.963,224.736
271.456,84.457,148.488,228.765
271.512,82.881,148.222,231.385
272.053,81.858,148.100,232.648
271.748,82.159,148.023,233.274
271.379,81.798,148.468,233.037
271.731,81.541,148.343,233.163
271.664,81.594,148.348,233.328
271.140,81.644,148.512,233.335
271.320,82.305,148.891,234.246
271.486,81.379,148.877,234.790
271.336,82.208,148.981,234.947
271.304,80.956,149.119,235.802
270.956,81.225,149.165,236.715
270.628,80.699,149.068,237.080
270.589,81.453,149.481,237.659
271.417,79.706,149.259,237.207
272.243,82.214,149.006,237.793
271.836,80.511,149.145,236.806
271.850,82.226,149.265,236.938
273.359,81.724,149.060,236.259
273.177,81.664,149.382,236.500
273.290,83.773,149.511,237.228
273.908,82.660,148.742,237.725
273.919,84.146,148.848,239.247
274.608,84.381,148.266,238.817
275.243,83.013,147.843,239.913
274.395,80.401,146.874,243.448
274.703,79.358,146.157,246.805
272.644,76.482,144.567,248.585
272.070,74.785,145.712,252.414
272.042,73.231,145.411,255.120
274.555,71.995,144.562,256.030
270.904,71.920,143.759,257.805
272.741,70.813,143.480,259.328
270.309,71.438,143.414,260.799
275.980,73.272,144.271,260.483
269.447,71.528,143.927,259.931
274.689,77.865,144.771,260.118
269.332,74.748,143.977,258.748
273.445,78.923,144.315,258.037
268.420,76.791,144.158,256.728
270.602,79.228,144.900,257.251
267.061,80.317,144.111,257.661
271.500,79.932,144.083,258.331
267.427,79.229,142.897,257.654
272.244,81.447,143.626,257.541
267.562,79.519,143.434,256.813
270.478,82.335,144.209,256.174
267.868,81.035,144.054,257.032
268.451,80.767,144.241,256.674
267.385,82.000,144.568,257.900
269.076,82.124,144.627,257.905
269.891,83.108,144.849,257.954
268.303,83.610,144.202,258.368
270.194,84.120,144.654,257.773
266.367,83.175,144.109,257.936
268.480,84.197,144.232,258.095
266.623,84.271,143.959,258.668
269.505,82.794,145.229,259.165
267.556,82.855,145.532,259.381
271.060,82.584,147.577,260.551
263.849,81.057,147.736,258.535
267.485,83.773,148.559,258.526
267.664,80.790,147.793,257.799
267.076,83.109,151.034,258.814
264.398,81.363,152.455,258.537
269.216,82.293,153.333,257.483
269.091,82.523,154.203,257.633
268.282,78.440,153.053,257.018
266.012,78.716,152.091,256.487
265.549,78.598,152.391,257.326
265.636,78.342,152.603,257.732
266.968,78.097,154.007,257.624
267.838,79.887,155.463,257.704
267.773,79.386,155.887,258.679
272.647,79.114,158.006,258.881
270.379,80.660,158.077,261.027
266.222,79.527,158.355,263.420
269.706,77.757,160.599,264.011
269.054,79.617,162.140,266.060
268.047,79.596,162.950,267.730
268.459,78.068,163.781,268.577
267.848,78.204,164.768,268.994
266.255,77.364,164.921,269.193
264.420,75.667,164.250,269.088
268.188,76.479,165.651,269.777
266.656,76.563,165.025,270.235
265.919,75.903,164.875,270.335
265.806,74.933,164.625,270.117
269.219,73.476,165.614,269.200
267.949,76.025,164.928,269.954
266.529,73.880,163.990,270.413
270.395,73.164,164.920,269.991
268.283,74.079,163.928,270.619
268.743,73.347,163.092,270.434
267.338,72.942,162.019,269.787
269.783,72.980,162.120,269.434
268.041,72.938,161.060,269.852
269.002,72.062,161.055,268.745
269.380,73.088,161.354,268.845
266.908,73.345,160.229,269.191
269.295,73.854,162.444,268.669
264.528,72.097,160.132,267.415
269.483,73.597,160.593,267.972
268.504,72.547,160.207,266.956
268.856,75.576,160.112,267.671
266.252,71.605,158.560,265.017
271.326,75.565,158.873,265.813
267.350,71.041,156.874,264.800
272.135,73.871,159.304,265.535
267.099,75.878,161.138,263.895
270.227,78.087,157.557,262.897
270.688,78.775,151.461,263.442
273.100,77.587,146.613,263.985
276.896,78.193,143.975,263.562
276.309,76.824,140.392,264.988
277.470,76.919,137.764,265.297
277.782,77.117,135.638,265.845
277.773,76.072,134.006,266.889
279.065,75.150,132.754,267.274
280.294,74.516,132.592,268.002
281.591,75.604,133.243,267.581
283.488,75.621,134.652,268.219
283.639,75.954,134.962,268.664
284.321,74.744,135.560,268.797
284.934,74.554,135.646,268.180
285.155,72.990,136.370,268.750
283.912,72.832,137.123,268.842
282.932,71.831,137.618,268.794
283.879,71.875,138.646,268.134
287.112,73.615,140.737,266.915
286.123,74.913,140.343,266.235
284.909,75.296,140.274,266.010
284.433,76.098,139.988,264.755
285.071,77.356,139.390,264.168
286.771,77.591,139.604,262.728
291.800,78.362,139.878,262.740
294.153,79.965,139.752,261.505
293.909,80.145,139.660,261.904
287.972,81.433,139.281,262.519
287.526,80.011,139.809,261.809
288.200,80.274,139.564,260.857
291.193,82.389,139.028,259.078
293.914,83.263,138.849,257.717
291.916,83.135,138.020,258.599
287.285,84.594,136.268,258.883
290.077,82.584,135.701,257.443
292.912,81.660,135.490,258.359
292.932,81.327,133.830,258.846
294.330,82.108,132.942,258.928
289.850,82.990,130.352,259.141
292.276,81.178,129.844,259.016
297.351,81.209,129.026,258.001
297.749,80.375,128.525,258.102
296.381,80.504,128.415,258.932
295.497,80.368,127.984,259.128
295.253,81.321,128.137,258.084
295.611,81.456,128.112,257.557
301.012,81.488,128.612,256.545
302.174,80.991,128.490,256.209
301.263,76.982,127.960,256.896
297.611,76.661,127.311,256.048
294.134,77.953,127.472,257.899
290.362,77.253,128.945,257.985
290.025,78.569,131.875,257.951
288.127,78.422,131.413,258.321
287.634,77.130,129.794,260.396
289.825,77.288,129.758,262.380
288.975,76.397,128.674,263.054
287.694,74.702,128.418,262.670
282.054,76.102,128.759,263.302
275.543,75.449,128.355,262.382
273.293,75.880,128.002,263.023
275.719,74.271,128.814,264.208
280.777,71.361,129.432,266.760
281.512,67.584,131.182,263.297
275.481,73.350,132.993,264.291
270.111,78.802,134.188,261.801
262.428,80.698,132.032,259.829
263.704,82.026,132.640,256.532
264.668,86.567,132.536,254.874
264.912,92.641,134.491,252.112
258.476,96.147,133.531,247.164
260.835,101.770,132.367,245.638
265.461,100.073,130.584,241.120
268.882,103.544,131.690,240.068
264.756,105.369,130.473,238.832
265.147,107.326,130.693,237.369
265.462,107.208,130.897,236.870
267.284,107.898,129.871,236.448
266.195,107.604,129.794,236.708
266.968,105.480,128.890,238.455
262.928,100.116,127.570,239.512
256.296,97.634,128.685,241.573
252.654,91.641,126.124,242.674
256.603,92.720,125.116,244.509
259.905,97.645,124.899,245.189
259.883,102.718,127.076,246.362
259.103,108.405,130.727,243.980
249.052,107.372,130.044,243.152
247.922,113.219,130.631,240.403
245.309,111.607,128.793,240.141
242.056,115.277,126.707,238.060
246.270,118.941,126.903,236.581
253.633,126.570,129.783,233.707
250.667,127.461,128.909,232.368
250.533,127.500,128.674,231.963
256.481,127.633,131.142,231.632
252.390,123.018,129.475,232.542
247.741,120.440,128.924,233.794
250.860,119.674,130.551,235.108
257.800,119.824,134.362,235.755
255.522,119.421,133.837,236.519
260.739,120.463,136.675,236.360
260.867,117.394,135.905,237.456
259.598,114.999,136.553,238.589
250.650,112.142,137.830,239.337
251.122,112.165,136.711,239.818
254.095,114.453,138.196,240.239
256.719,112.769,139.441,240.588
260.057,112.042,140.825,241.295
261.451,107.320,140.138,243.146
263.765,107.474,140.844,244.702
262.173,108.610,140.448,245.031
257.555,107.864,140.371,244.226
251.553,109.013,138.621,244.233
252.418,110.445,136.525,243.306
253.689,111.592,135.001,242.925
256.045,113.106,135.461,240.793
262.147,117.328,138.918,238.575
258.103,118.854,139.926,238.006
257.327,117.088,139.630,239.475
256.722,116.454,140.924,239.385
256.169,117.049,140.954,238.252
262.572,117.111,141.963,235.823
263.658,114.284,145.053,237.187
263.150,113.001,147.147,238.042
268.815,115.731,151.397,237.036
261.379,116.433,151.654,234.566
261.091,118.864,153.578,233.179
261.975,119.051,157.437,233.863
258.495,117.894,160.114,234.750
256.461,116.645,160.946,233.177
252.985,116.839,159.966,231.150
255.937,117.775,161.696,230.917
249.975,119.884,160.781,228.280
247.607,122.530,164.257,227.688
244.038,123.277,167.950,225.840
244.167,125.347,174.333,224.272
234.236,125.868,177.085,220.930
235.795,126.492,180.587,218.429
232.781,127.401,183.123,216.820
226.419,129.295,185.671,214.967
222.912,130.933,190.247,213.377
217.092,132.754,192.101,210.763
215.390,133.763,198.503,211.225
212.391,133.371,205.349,210.602
206.714,134.731,207.101,207.759
204.529,139.626,211.132,207.161
200.484,140.584,212.759,205.272
202.151,143.322,214.120,204.001
200.694,142.895,215.644,202.582
196.846,144.107,217.594,201.144
196.007,143.914,218.746,199.130
196.862,144.168,220.591,198.479
195.714,144.492,222.345,198.089
196.903,144.775,223.707,197.926
191.447,146.094,224.546,197.455
191.389,144.899,224.894,196.671
193.183,145.714,225.635,196.832
191.301,143.682,223.693,195.327
193.818,144.393,223.009,194.060
195.782,143.775,222.448,194.022
197.665,142.848,221.814,193.453
200.555,140.807,222.240,193.646
200.780,139.912,220.779,193.847
202.436,141.210,219.327,194.120
207.157,140.536,216.642,195.442
219.363,136.232,206.657,194.904
231.409,133.456,196.936,197.824
243.861,129.083,190.042,204.666
246.972,121.661,180.665,210.895
245.526,115.099,173.761,216.160
247.147,112.015,170.273,219.237
247.387,109.537,167.652,223.693
248.983,106.025,166.991,225.409
247.896,105.865,165.585,225.709
248.848,106.074,165.692,226.654
247.568,104.902,164.993,226.376
243.619,105.080,162.736,228.138
243.538,104.107,163.491,227.668
242.465,105.629,164.019,229.323
243.058,105.647,164.784,229.837
240.157,104.898,164.772,230.866
239.942,106.778,163.007,230.244
243.468,108.566,162.585,230.135
243.192,106.005,162.225,231.265
243.479,105.087,160.930,232.238
244.322,104.662,158.419,230.996
246.882,105.271,156.076,230.526
248.311,107.799,153.023,229.051
248.942,108.499,150.531,229.165
253.024,108.553,148.376,230.115
254.357,108.326,146.208,231.594
255.619,107.615,145.074,232.126
256.739,107.992,145.749,232.057
259.183,107.647,146.954,231.659
258.973,108.215,148.041,230.739
258.469,110.260,148.940,230.108
257.653,110.704,148.054,229.071
265.776,111.426,148.728,228.220
266.040,109.829,148.082,227.074
267.119,111.392,147.466,226.899
264.942,110.934,147.878,226.238
262.384,110.117,147.237,226.081
260.694,108.998,146.554,225.769
264.287,106.519,146.896,226.145
257.476,105.584,145.185,224.836
261.386,104.632,146.024,225.038
257.224,105.413,145.362,226.399
253.480,103.449,145.569,227.192
248.773,102.690,144.384,227.040
247.742,101.751,146.055,227.359
246.501,102.684,147.514,227.592
248.238,103.448,148.819,226.779
248.472,106.301,149.207,225.215
243.393,105.350,149.953,226.244
242.127,106.455,151.908,225.574
241.234,105.027,152.849,224.717
238.758,107.140,153.900,224.970
236.060,107.697,154.166,224.689
242.083,110.472,156.743,222.868
248.361,109.584,158.626,221.011
246.051,109.237,157.503,219.843
245.074,108.047,157.231,219.847
242.461,105.996,157.007,220.731
236.862,104.561,159.171,223.517
234.266,104.129,164.120,227.658
235.338,100.980,170.518,229.320
232.871,101.070,174.892,231.276
232.610,100.083,180.286,231.548
227.888,100.802,184.437,231.539
227.097,100.042,186.666,231.219
225.777,99.654,187.817,231.042
226.514,99.354,187.966,229.567
222.124,100.172,188.565,230.347
221.632,99.738,188.444,230.346
222.318,100.552,189.452,231.346
221.821,100.683,189.089,231.240
222.336,101.220,187.535,230.508
231.399,102.296,179.748,228.431
234.993,101.761,173.452,231.911
237.121,97.282,170.287,235.378
239.950,93.019,167.748,240.056
239.529,88.657,166.269,243.430
239.565,86.236,167.269,247.597
239.693,84.724,168.284,250.885
238.466,84.024,168.040,251.923
237.213,84.868,167.328,252.086
238.088,83.771,164.908,251.682
240.257,83.972,164.146,252.443
240.300,85.135,164.302,252.980
238.579,86.682,163.588,253.318
238.584,86.626,162.145,252.575
241.281,92.455,161.849,249.738
242.322,99.189,159.954,243.516
243.044,103.745,158.903,237.142
240.542,107.084,158.100,231.694
236.106,108.309,157.834,228.471
236.947,109.776,158.973,227.819
242.974,109.642,161.839,226.655
238.667,108.538,162.002,225.868
236.514,109.723,161.940,225.676
235.725,108.173,161.606,226.629
235.640,107.165,160.445,227.731
236.452,105.072,159.257,229.196
236.857,101.975,157.936,231.541
240.715,98.474,158.641,235.648
241.505,95.782,159.677,239.555
239.598,94.089,159.588,243.616
237.009,91.532,158.136,246.055
237.001,89.240,157.862,247.339
237.274,88.426,159.529,248.757
235.956,87.150,159.713,249.595
235.326,86.820,160.640,250.670
235.181,86.738,161.145,250.380
235.438,88.659,161.478,250.478
233.600,89.723,160.324,250.798
236.120,88.028,160.444,249.688
234.123,93.653,160.694,249.185
233.325,98.049,157.366,245.354
236.091,103.021,158.044,241.638
231.077,104.633,160.634,237.847
228.785,104.199,163.827,236.916
229.670,103.476,169.977,236.271
228.202,103.264,174.307,236.035
227.241,102.400,177.670,236.009
226.233,102.098,180.305,234.734
224.068,104.350,180.772,233.739
225.807,104.808,180.959,233.184
225.050,104.936,182.012,233.164
226.529,105.383,182.008,232.932
224.607,105.318,180.676,232.903
225.620,104.333,180.100,233.295
229.043,103.508,175.776,234.190
231.820,101.407,170.991,236.789
233.898,90.745,168.192,242.628
234.856,90.430,168.019,248.607
232.952,88.187,165.823,250.275
238.527,89.254,164.362,250.696
234.852,85.209,162.431,252.322
239.308,86.783,163.396,253.833
235.743,83.929,163.026,255.742
238.302,84.174,162.756,256.386
236.259,82.883,162.037,257.543
238.646,84.582,162.891,257.900
237.425,83.129,161.240,257.825
241.412,84.573,161.832,256.319
237.508,86.127,163.570,256.523
236.835,86.863,161.645,255.257
239.958,86.541,161.610,254.590
236.644,82.612,162.769,255.700
236.741,82.428,165.550,258.555
231.621,78.451,168.731,259.980
231.781,81.857,169.725,259.466
233.676,81.733,168.639,259.405
234.662,81.268,167.116,259.435
235.097,82.435,165.762,259.704
237.545,81.261,164.812,259.835
238.373,83.412,163.137,259.497
237.249,81.856,163.305,259.617
238.563,82.370,163.314,260.002
236.850,83.153,162.724,260.017
236.080,83.282,161.575,259.815
236.518,83.409,161.355,259.406
237.127,82.515,161.178,258.841
236.142,83.901,160.579,258.929
235.973,83.303,160.026,259.143
236.065,83.869,159.449,259.359
235.588,84.360,159.184,259.747
235.050,83.603,159.343,260.228
234.930,83.922,158.553,260.322
236.169,84.236,157.477,260.127
236.078,84.893,157.261,259.746
239.194,83.770,156.412,260.621
239.317,84.169,155.810,259.782
242.333,85.010,154.823,259.946
242.480,84.606,155.035,260.430
243.628,85.302,154.568,260.877
244.412,84.003,154.499,261.868
244.848,84.381,154.147,261.242
244.538,84.520,154.191,261.033
242.656,84.252,154.220,260.631
243.572,84.407,154.585,260.796
243.029,83.474,154.438,260.637
244.242,86.100,155.204,260.627
244.115,87.561,154.221,259.905
246.854,87.335,153.889,259.788
246.468,86.985,153.074,260.169
247.659,86.449,152.399,260.607
247.308,85.372,152.408,261.196
248.018,85.678,152.399,261.006
249.252,83.436,152.328,261.221
248.662,83.192,151.428,261.482
249.993,83.378,150.826,261.842
248.103,84.314,150.635,261.873
246.703,84.148,151.150,260.434
247.095,85.316,151.210,260.684
246.074,85.006,151.200,259.014
246.844,85.758,150.666,258.706
247.120,86.008,150.288,257.547
248.562,88.516,150.814,256.677
249.673,90.983,150.706,255.400
252.176,94.022,149.569,252.951
253.770,99.018,148.652,248.857
251.132,100.878,149.360,243.996
250.619,103.734,152.584,240.923
249.526,104.152,153.678,236.834
249.347,107.277,157.119,235.084
245.801,107.013,158.445,232.618
243.224,109.644,162.212,231.928
245.233,109.284,165.189,230.981
246.321,109.756,168.855,230.130
242.580,110.450,170.595,229.503
241.210,111.472,174.320,228.288
238.979,111.094,176.916,228.266
237.728,111.881,178.747,227.548
236.023,112.375,180.250,226.464
234.166,112.710,182.270,224.724
231.181,114.474,186.072,223.776
229.081,116.356,187.251,221.810
225.235,118.374,189.270,219.732
222.526,120.460,192.470,216.936
218.486,122.009,195.986,214.256
216.933,124.281,197.780,212.144
214.817,124.838,201.863,210.907
208.596,125.637,205.698,209.635
206.502,126.760,209.908,208.874
202.150,128.181,215.168,207.812
201.592,129.053,218.834,206.815
199.300,129.152,221.243,205.526
200.725,128.926,223.536,204.566
195.533,128.433,227.343,204.012
197.877,127.347,229.227,203.567
195.732,129.506,230.854,204.059
191.538,128.427,233.967,204.787
194.892,127.177,235.683,205.900
194.181,127.078,236.529,206.490
188.266,125.190,239.845,206.903
184.972,124.747,243.436,208.333
182.759,124.918,246.654,209.686
180.315,123.346,250.388,210.444
177.861,123.379,252.936,211.406
186.350,123.102,250.530,211.987
191.189,123.280,248.632,214.637
198.221,122.735,245.252,214.881
200.907,122.854,240.265,213.242
199.798,123.826,238.743,210.400
198.533,124.493,239.429,209.992
199.232,124.886,238.997,209.777
196.515,125.101,240.639,209.470
194.494,125.844,242.449,208.785
191.444,126.147,243.344,208.618
185.214,124.090,245.010,209.124
182.950,125.947,247.233,210.622
182.676,126.067,247.673,211.583
185.878,124.838,246.885,212.158
184.052,125.266,246.758,213.659
184.164,123.147,246.484,213.273
181.741,123.408,248.210,213.816
181.252,122.649,249.442,214.116
181.025,122.619,249.971,214.427
182.264,122.763,249.396,214.681
180.783,122.510,250.296,214.402
182.407,123.709,248.764,213.270
181.320,123.602,248.605,212.193
184.893,125.674,245.571,211.041
183.297,125.828,245.108,210.252
186.820,126.080,242.765,207.793
190.308,128.493,240.372,206.183
199.342,129.590,234.607,205.249
209.718,128.008,224.079,204.602
223.427,124.765,209.304,205.081
229.995,119.980,197.875,208.824
233.895,116.959,187.527,213.020
235.107,115.927,177.808,215.960
238.204,114.318,171.732,219.245
241.268,113.532,167.171,221.797
243.596,112.531,164.409,222.745
245.635,111.583,162.954,223.820
245.971,111.934,161.527,223.831
246.376,111.880,161.892,224.443
246.735,113.749,162.133,224.002
246.785,115.397,161.940,223.177
248.800,116.048,162.177,222.350
249.772,116.618,161.202,221.710
250.235,116.740,160.950,222.059
249.977,116.191,159.787,221.819
250.173,116.705,158.618,222.422
248.117,115.788,156.682,222.213
247.993,117.294,157.279,222.676
247.410,117.245,157.760,222.622
245.386,117.015,156.457,222.361
246.848,118.970,157.000,222.698
248.290,118.103,156.139,221.946
252.281,117.632,155.960,222.170
252.143,118.619,155.234,222.741
253.443,116.454,154.791,223.343
254.023,118.256,156.290,223.413
249.801,117.980,153.600,222.149
254.425,118.819,154.304,222.808
254.979,119.093,153.118,223.230
255.925,118.275,152.100,223.773
255.285,121.689,151.782,222.615
256.084,119.708,150.413,223.125
259.315,120.547,148.530,222.677
262.377,120.999,146.388,222.666
262.862,120.524,143.987,223.158
263.652,120.289,142.035,223.117
263.823,119.430,141.231,222.293
263.019,120.697,141.131,221.363
263.799,122.403,140.100,219.841
264.443,124.211,139.555,218.685
266.402,124.185,138.989,218.189
267.725,125.865,137.683,217.439
268.246,125.987,137.439,217.401
268.700,126.045,136.999,217.302
268.730,125.280,136.442,217.653
268.969,124.879,136.202,218.030
269.531,124.878,135.824,218.192
270.114,124.762,134.816,218.141
270.001,123.859,134.373,217.892
270.546,123.456,133.842,217.984
271.225,123.813,134.127,218.024
271.259,122.860,134.291,217.571
271.077,123.688,133.600,217.539
271.382,122.783,133.099,217.752
271.478,122.243,133.805,218.348
269.628,122.522,133.434,217.993
269.481,122.187,134.537,218.823
269.008,122.957,136.099,219.387
269.832,123.825,136.327,218.930
270.249,123.822,136.817,219.004
271.266,122.934,135.830,219.248
273.778,121.336,134.693,219.034
273.248,122.075,134.154,218.933
273.579,121.710,132.310,219.382
274.012,120.317,131.605,220.208
274.983,118.865,131.058,220.982
276.005,118.214,131.027,221.345
275.586,117.679,130.040,220.251
276.257,118.014,130.001,219.494
276.283,118.317,130.807,218.770
277.349,120.635,130.508,218.964
276.341,119.983,130.513,217.833
274.276,119.105,132.452,216.985
274.715,120.487,134.141,216.781
266.291,120.486,136.226,216.463
260.916,120.029,138.946,216.396
250.644,120.005,145.488,216.142
247.193,121.356,148.437,216.547
247.754,124.628,150.672,214.201
249.880,126.875,153.121,210.144
250.236,128.639,154.881,206.003
248.113,128.696,156.338,204.937
247.737,128.965,157.576,204.396
244.652,131.771,158.766,203.093
246.031,135.778,158.391,203.483
244.097,136.263,157.479,202.153
244.149,143.132,157.159,201.601
236.475,145.662,159.002,202.122
233.743,143.863,160.835,202.585
231.293,142.267,163.921,203.533
224.765,144.105,167.141,203.353
211.880,149.359,172.170,201.721
195.873,152.993,178.819,199.442
189.083,158.406,187.974,198.032
180.233,158.816,197.273,194.933
173.087,160.559,205.037,192.003
171.847,160.996,211.013,191.306
171.166,159.207,214.984,189.446
187.311,152.377,215.904,186.445
176.525,163.208,216.788,185.617
171.401,162.857,221.082,184.763
171.270,155.020,224.305,185.274
175.443,148.982,225.434,188.053
182.580,149.417,222.859,189.979
189.791,148.500,219.932,191.550
202.747,142.541,213.137,191.728
200.129,147.874,207.974,192.466
199.602,146.295,205.312,191.349
203.613,145.396,203.638,191.417
