708.000,130.000,89.000,185.000
707.190,127.266,92.363,184.505
706.116,126.785,95.059,185.260
706.422,125.673,97.387,186.278
707.856,126.228,99.935,186.701
709.365,127.097,103.331,188.291
710.103,126.212,106.792,188.735
712.101,124.889,111.270,190.444
712.525,123.556,114.862,191.504
714.017,121.102,118.456,192.530
714.999,122.602,121.941,191.438
713.341,122.024,125.471,189.799
713.265,121.824,129.520,190.050
712.353,121.707,132.889,190.025
711.225,120.216,135.994,188.378
708.655,120.584,138.845,187.475
706.703,121.138,140.872,186.785
705.765,120.776,141.901,185.588
705.409,121.682,143.678,185.171
705.520,121.274,145.078,185.707
704.270,121.425,146.280,185.813
702.993,121.013,147.546,186.037
700.714,120.778,149.112,186.253
698.228,120.716,151.339,186.293
696.301,120.703,153.432,186.960
694.069,119.962,155.874,187.003
691.338,119.148,157.609,186.707
688.556,117.758,158.192,186.623
688.329,116.603,160.288,185.038
685.925,116.742,162.406,184.018
684.524,117.303,163.848,183.644
681.541,116.881,163.899,182.595
678.626,117.216,163.150,181.976
675.040,118.263,161.529,181.650
670.761,117.740,156.931,182.010
671.243,117.043,152.160,181.247
671.589,117.734,148.608,180.982
669.927,117.917,143.761,180.841
675.063,118.489,145.726,181.099
675.187,116.177,149.136,180.359
673.438,117.632,154.134,180.064
671.062,115.355,161.511,179.352
667.894,115.658,168.371,178.045
664.775,114.674,174.386,177.885
663.621,113.897,181.875,178.402
663.677,115.311,188.195,178.870
660.805,115.952,194.354,179.924
658.337,117.499,198.821,179.837
655.048,118.050,203.639,179.478
651.410,118.973,208.916,179.034
647.910,119.431,214.766,178.716
648.606,118.806,217.665,178.988
646.655,120.066,221.888,178.996
649.427,122.033,223.935,179.160
648.031,122.822,228.204,178.789
647.886,123.203,232.493,178.432
649.599,124.746,234.422,178.120
647.646,127.303,239.714,177.625
656.006,127.684,238.578,177.942
652.219,130.857,240.729,177.667
658.158,129.770,239.370,177.278
658.838,132.223,240.540,176.069
659.262,131.778,240.447,175.088
655.345,135.517,244.586,173.833
668.139,134.036,240.289,175.129
668.068,136.605,239.685,174.719
672.707,137.545,237.038,175.102
673.558,139.580,235.461,174.877
675.633,137.828,232.473,175.446
675.402,137.973,233.300,176.860
677.437,137.364,232.574,178.261
678.364,139.018,234.505,179.001
678.181,141.923,236.864,179.286
673.583,144.064,240.781,178.745
679.277,145.223,239.265,178.773
676.611,148.850,240.749,177.527
680.275,153.766,239.936,174.516
677.044,159.026,239.559,172.668
678.699,159.714,241.940,172.346
676.520,161.592,245.027,171.969
674.477,163.148,250.305,170.919
665.806,166.964,256.447,170.055
660.530,169.515,261.702,170.262
659.711,172.686,265.579,169.316
669.232,173.898,264.647,168.436
680.149,173.267,257.944,169.844
688.316,174.302,251.058,171.003
691.644,173.510,244.589,171.443
691.994,173.632,239.846,171.883
686.377,175.574,240.695,172.233
681.761,176.954,243.175,171.128
670.631,178.901,246.650,171.225
670.393,180.332,247.360,171.272
677.737,180.030,241.622,171.387
682.135,178.608,233.692,172.035
679.790,179.316,228.589,172.146
677.597,176.465,225.509,171.300
676.477,175.077,223.886,171.516
667.454,176.600,226.447,171.996
656.725,178.774,228.204,172.447
655.114,179.833,229.333,173.058
657.833,182.503,229.678,173.982
653.809,182.382,228.492,174.454
649.612,184.834,229.290,174.619
634.402,185.661,233.403,174.231
624.791,188.509,236.021,175.375
615.709,190.985,239.094,175.080
614.509,191.836,241.390,175.127
605.545,192.792,244.918,175.121
590.755,194.621,250.128,174.220
579.337,196.589,254.447,173.584
568.927,196.274,258.379,174.077
563.933,196.350,261.622,173.795
559.180,197.436,263.651,173.806
556.986,197.428,265.980,174.416
559.482,196.458,265.096,175.642
553.643,196.805,264.880,178.044
547.560,194.892,265.962,179.386
544.658,197.974,267.147,179.302
532.586,198.413,271.773,177.227
519.064,198.657,275.173,174.259
509.440,199.674,278.674,174.783
492.851,201.106,285.239,174.162
483.820,200.060,290.232,174.032
485.075,200.365,291.305,176.089
481.254,201.869,291.299,176.832
476.963,200.770,290.134,177.909
487.397,198.176,281.441,179.635
493.140,197.003,274.197,180.221
486.145,196.040,272.425,180.023
479.175,198.907,272.827,179.237
473.875,201.022,275.134,178.071
459.361,200.998,280.682,177.266
449.876,202.394,286.035,176.612
443.073,201.626,288.671,174.588
441.592,202.908,288.050,175.999
442.008,201.939,287.569,174.728
452.273,200.340,282.919,172.607
459.863,200.698,277.232,172.133
469.488,200.117,271.283,173.398
467.468,200.700,268.769,173.454
464.431,198.656,266.452,173.270
465.741,200.467,264.527,172.594
460.282,200.120,266.063,170.984
460.751,201.615,266.494,171.379
457.445,201.081,269.010,172.948
457.014,203.807,268.257,174.009
451.836,206.054,266.378,173.110
454.213,205.762,261.206,171.359
459.523,203.371,254.206,170.235
466.233,202.801,248.346,172.282
471.934,202.311,243.917,174.083
476.655,200.922,238.835,176.143
478.004,200.567,235.625,176.251
478.075,201.584,233.094,177.001
474.748,203.311,235.552,174.891
470.367,201.079,240.878,174.540
462.300,202.297,246.670,176.147
458.996,198.289,251.548,177.825
453.300,198.140,254.246,178.071
453.142,198.907,252.890,177.835
456.670,197.090,248.670,178.629
460.931,196.540,243.556,179.154
465.405,195.821,236.239,179.065
470.192,193.421,229.562,178.113
472.441,193.433,223.060,175.398
472.905,194.521,218.317,172.074
474.135,191.566,217.153,171.330
472.418,193.091,217.606,171.296
473.265,190.792,220.395,172.670
470.303,189.027,222.977,174.786
467.097,187.422,225.079,177.474
461.800,186.596,228.316,179.309
454.924,187.199,231.784,180.958
450.450,187.855,234.389,181.538
447.175,188.662,236.352,181.487
448.914,187.459,236.366,181.416
449.618,188.645,233.812,180.681
453.976,188.374,230.335,179.128
458.714,188.324,226.089,177.845
461.664,188.368,222.076,177.133
465.941,188.817,217.451,176.396
466.832,190.163,212.180,174.589
468.362,189.881,208.342,172.670
466.662,188.916,207.569,171.619
464.511,187.868,208.238,171.287
466.484,189.197,214.167,171.094
459.974,187.143,219.913,172.287
452.650,188.125,222.948,172.832
448.505,187.693,224.960,172.863
447.847,188.536,225.955,172.466
450.564,188.803,227.510,173.179
452.078,187.513,227.586,173.361
452.139,188.180,225.778,173.492
451.357,188.343,220.828,172.793
451.903,188.826,218.009,172.043
450.650,189.580,215.342,171.353
448.388,189.771,213.248,170.824
448.068,189.405,211.593,170.274
448.839,188.074,210.029,170.226
449.452,187.940,213.208,170.827
441.693,189.399,214.899,170.140
447.755,189.406,222.200,170.532
438.841,189.567,228.157,172.203
433.257,191.254,233.240,172.757
429.750,192.499,239.417,171.745
423.299,195.270,245.469,170.533
420.473,195.252,250.113,170.318
420.014,196.314,253.228,170.409
425.494,195.743,249.533,170.449
431.239,195.597,245.245,170.265
435.580,195.614,238.954,170.627
439.148,197.014,232.064,169.263
442.865,198.364,226.838,168.170
444.262,199.187,222.748,166.270
443.204,200.077,218.741,164.281
439.898,200.293,219.631,163.410
439.072,199.494,225.602,164.227
434.718,199.357,233.427,165.168
429.742,198.273,239.448,166.729
426.958,200.002,248.557,167.895
421.692,200.569,253.490,167.382
422.411,202.373,255.115,167.310
428.538,200.033,256.127,167.924
436.117,200.262,255.034,168.492
444.874,198.249,250.251,170.032
447.296,197.189,244.147,171.278
450.513,192.213,241.876,171.960
452.598,189.934,239.719,173.045
453.760,189.270,237.413,173.752
452.647,189.598,235.987,174.610
451.318,189.702,236.151,174.614
448.861,189.757,239.173,175.306
446.814,189.038,242.630,175.542
442.964,189.600,246.987,175.391
441.749,189.186,252.187,175.399
439.311,189.766,254.950,176.207
439.969,192.210,255.188,175.120
443.244,191.778,255.346,173.940
448.694,189.903,252.865,172.570
454.810,189.339,249.182,172.173
460.461,188.345,245.258,171.407
462.452,189.719,239.179,170.666
464.240,190.055,232.572,168.449
470.567,190.629,227.659,165.453
474.202,191.710,223.506,164.261
473.031,192.963,219.896,162.499
474.658,190.751,218.619,161.867
476.778,190.886,221.180,161.491
478.587,190.374,223.496,161.586
482.282,188.402,226.649,162.142
488.753,189.547,232.029,161.949
491.653,190.470,234.653,162.785
496.321,188.102,235.507,165.880
498.590,187.673,234.316,167.780
503.175,184.690,232.255,169.148
499.773,185.951,229.633,171.663
506.900,180.988,227.689,171.800
506.394,180.279,225.866,172.811
502.038,179.752,226.741,173.132
500.612,177.061,229.353,174.945
501.623,176.108,230.092,176.173
494.775,174.770,234.256,178.103
494.378,171.495,236.193,180.052
499.307,169.608,234.910,180.938
506.496,166.181,232.069,182.921
511.126,165.568,226.257,183.247
517.283,162.877,219.178,182.879
523.161,162.556,211.474,181.517
528.714,161.499,203.219,181.108
532.556,162.688,197.150,179.514
534.058,163.157,191.240,176.495
535.268,164.173,186.523,173.382
538.027,164.604,183.041,173.312
537.450,166.766,180.789,172.882
538.806,164.564,180.128,173.751
536.832,164.392,180.413,174.583
534.641,163.973,181.087,175.289
534.473,162.273,182.754,175.436
534.263,164.403,182.350,174.135
538.365,163.818,183.600,173.239
541.154,161.714,183.765,173.766
541.918,160.922,183.671,173.856
541.578,161.162,184.561,174.401
541.606,160.376,184.840,174.730
541.314,159.922,185.787,174.741
540.335,159.985,187.161,174.361
538.009,159.480,189.986,175.069
534.254,158.692,193.790,175.174
530.853,159.215,196.892,175.271
526.758,158.118,199.198,176.189
520.239,157.290,199.476,176.429
519.742,156.875,202.231,177.100
516.619,156.443,205.536,178.033
515.789,153.003,208.471,179.416
513.063,153.848,210.371,179.924
511.836,150.693,211.045,180.327
512.457,149.961,210.621,180.630
515.017,148.957,209.361,181.025
522.434,145.947,206.466,181.939
522.062,147.792,203.714,182.644
523.973,145.160,201.368,183.558
521.752,146.414,198.591,182.972
522.369,145.710,196.867,182.535
521.341,143.809,195.391,182.610
519.316,146.530,193.707,182.096
518.513,145.424,193.178,182.244
516.901,148.469,193.080,182.308
514.027,150.238,192.442,181.829
513.281,151.619,192.286,181.847
515.065,151.504,192.701,181.556
522.147,151.283,190.889,180.804
525.092,152.316,189.533,180.267
528.098,151.930,188.151,179.696
527.861,152.603,187.132,178.966
527.405,152.011,186.453,178.398
527.394,152.000,186.126,178.308
527.107,150.498,185.712,178.541
526.346,149.773,186.144,178.965
523.564,148.872,186.763,179.337
520.977,150.838,187.688,179.438
517.876,150.995,188.817,179.456
515.471,149.799,190.274,179.519
513.099,149.755,192.720,179.764
507.885,149.599,194.351,179.579
504.945,150.117,196.364,178.998
502.721,151.772,198.217,178.105
505.500,151.771,199.160,177.809
510.054,150.936,199.127,178.089
516.180,150.884,197.262,178.316
521.917,152.091,194.003,178.001
523.419,151.769,190.130,177.872
524.741,152.428,184.361,177.694
526.655,151.711,178.486,178.141
527.414,154.101,173.050,178.693
528.535,154.091,169.283,178.803
525.752,153.947,167.582,179.616
525.198,155.809,165.939,181.034
528.284,154.251,164.626,181.600
529.475,157.221,163.538,182.603
530.513,157.504,162.604,182.335
533.792,159.533,162.959,182.488
532.093,160.108,164.333,182.782
529.635,160.706,164.984,182.868
527.159,160.315,163.437,182.370
528.055,160.060,162.314,182.404
522.444,161.075,162.368,182.744
520.187,162.542,162.392,182.809
516.460,161.636,163.271,182.618
513.957,161.992,163.036,182.823
511.874,161.020,162.672,182.720
514.586,160.390,162.006,182.774
517.023,161.921,160.767,182.784
519.887,161.862,159.404,182.130
521.571,161.854,158.478,181.281
523.609,163.724,157.336,180.647
525.491,164.414,156.716,179.908
528.925,164.918,156.663,178.938
528.773,166.436,156.833,177.143
529.116,170.063,158.727,176.241
529.980,170.057,160.701,174.656
528.157,168.901,162.059,172.348
528.048,166.628,164.860,170.330
525.142,167.431,167.447,168.362
528.610,164.388,171.707,166.928
353.087,141.516,175.544,168.885
337.907,137.595,173.686,172.973
339.022,136.082,174.456,177.200
342.424,134.491,175.767,178.898
345.473,134.794,179.283,179.780
348.122,134.892,181.032,179.143
341.102,138.785,175.660,178.115
346.538,139.536,173.821,176.999
347.612,138.505,173.173,175.778
349.812,137.839,170.838,174.683
349.273,137.686,169.969,175.663
348.940,136.269,169.902,175.951
346.581,139.477,169.780,176.696
342.303,138.845,170.504,177.385
338.832,139.933,171.283,178.331
339.771,140.465,171.470,179.223
343.378,140.621,170.262,180.009
349.254,142.534,168.700,180.355
357.067,143.221,167.100,179.839
369.391,140.883,165.033,180.749
366.109,138.645,157.897,181.274
363.188,136.561,148.468,180.624
369.632,137.354,145.569,178.902
379.091,137.955,149.236,178.075
377.999,138.378,154.015,177.941
388.047,141.440,162.969,179.284
410.643,143.838,176.040,181.356
443.614,141.066,191.959,182.157
439.404,140.672,205.153,183.747
431.248,136.372,218.474,188.079
442.998,136.896,228.040,190.966
442.068,136.512,234.974,193.480
436.972,135.697,240.604,194.338
439.864,135.266,242.592,195.162
437.384,136.085,244.250,196.394
445.383,136.669,243.253,197.056
432.523,134.524,246.898,196.008
428.975,132.756,250.057,198.470
437.744,127.213,249.964,199.594
434.440,123.771,253.921,200.445
435.657,123.383,253.828,199.340
440.096,122.468,251.555,198.871
443.178,123.627,248.369,198.837
447.636,123.511,242.908,199.203
450.451,122.418,237.157,199.002
455.507,120.402,231.398,199.611
459.124,120.221,228.714,199.730
458.577,120.274,228.397,200.851
461.171,114.669,225.953,201.776
465.905,113.307,222.530,203.446
467.468,113.588,220.880,205.231
470.552,117.992,218.739,204.588
472.851,117.338,217.345,205.822
473.684,117.741,213.100,206.810
480.287,120.300,207.142,205.930
483.192,118.579,202.424,205.307
484.988,116.771,198.712,205.248
487.977,116.598,196.750,205.607
489.188,116.412,196.387,206.213
488.423,116.754,198.112,208.304
489.938,117.726,198.215,210.175
490.042,115.318,197.987,211.287
492.804,116.007,196.377,212.196
493.720,115.463,196.304,212.654
488.465,115.008,193.607,212.837
490.865,115.238,190.337,212.654
490.604,114.880,183.668,211.897
494.334,115.694,178.643,212.459
499.230,114.908,175.320,213.031
501.084,115.610,171.381,213.183
503.060,115.466,167.969,212.855
508.792,115.719,165.303,212.820
510.708,115.163,164.372,212.680
511.712,117.208,160.937,211.554
512.504,115.605,157.258,210.329
513.726,116.828,154.431,211.198
515.630,118.142,152.635,211.884
514.831,121.904,153.667,211.718
515.725,125.502,154.994,210.919
517.267,127.404,155.122,210.462
520.122,127.659,156.030,209.881
519.225,127.421,156.333,208.745
517.011,130.067,155.882,208.662
513.647,128.278,153.021,208.473
517.180,127.398,155.278,210.938
516.748,126.565,158.331,212.630
516.600,124.786,161.119,215.485
508.918,127.120,157.157,214.629
512.224,127.955,158.623,213.018
512.047,131.335,160.321,212.011
508.386,135.455,159.453,212.243
510.223,131.755,161.529,210.995
503.798,138.822,161.875,209.562
503.865,139.233,160.999,207.626
504.773,139.177,161.232,206.690
503.914,143.149,160.546,202.899
502.388,144.380,158.343,196.550
503.344,146.451,157.217,191.709
508.202,147.467,160.283,189.404
508.153,147.336,167.087,188.773
504.991,150.265,171.027,184.006
505.660,152.854,172.362,181.676
506.738,155.867,172.683,180.391
502.790,158.413,176.567,180.611
497.501,156.160,182.428,181.866
495.791,155.632,186.471,182.512
492.321,154.744,188.614,182.752
489.400,152.675,188.499,184.571
487.998,154.867,188.889,186.526
485.560,153.232,189.866,187.445
483.159,151.455,191.682,188.332
480.440,150.803,193.120,189.937
477.384,150.886,193.905,191.228
474.243,149.230,194.486,193.439
470.944,150.886,195.383,194.442
469.248,149.774,197.049,196.134
466.763,149.883,199.341,197.272
464.065,149.848,201.853,197.972
462.261,148.956,205.067,198.298
460.950,146.432,208.976,199.307
457.864,147.564,211.184,199.464
454.053,148.313,211.957,199.191
452.331,151.166,214.133,197.481
451.879,150.970,215.420,198.334
447.218,151.499,214.936,199.204
447.459,149.952,218.342,199.354
442.141,153.782,220.800,197.568
440.993,153.250,224.321,195.900
439.475,154.361,228.881,194.609
432.987,157.552,230.468,195.565
430.699,157.157,229.941,195.426
434.354,156.110,232.312,195.130
436.485,156.326,231.149,194.817
437.881,156.750,229.099,193.503
438.405,156.211,225.592,192.699
437.718,157.516,221.065,191.247
439.400,158.035,216.937,190.437
441.081,159.171,214.885,190.665
443.244,157.511,215.003,192.135
444.602,155.511,218.105,193.666
442.818,154.962,222.404,194.793
440.420,155.216,225.348,195.021
438.521,154.440,226.998,195.548
437.436,154.976,229.521,196.787
436.617,157.383,233.639,197.845
434.743,160.408,237.169,197.924
430.027,162.169,239.142,197.544
429.248,161.847,242.533,197.630
426.342,161.318,243.720,198.099
417.874,162.089,242.194,199.239
409.824,165.243,240.054,198.677
409.852,165.963,242.751,197.041
409.158,166.086,249.973,197.171
404.741,163.939,258.352,198.582
398.901,160.802,265.294,201.395
394.567,160.489,271.052,203.395
397.864,160.494,275.500,204.261
398.317,162.072,276.712,204.989
407.544,161.514,275.916,205.341
413.441,160.668,273.815,203.966
419.773,159.075,271.826,204.744
421.642,159.018,271.077,204.843
419.813,160.830,273.963,201.690
417.795,159.094,276.894,198.909
420.460,155.837,275.890,194.306
418.174,154.512,275.618,188.282
417.503,155.512,275.810,181.318
416.821,164.237,273.170,180.463
422.315,163.970,275.132,178.184
419.416,169.300,277.791,176.682
421.755,172.431,280.983,177.920
419.517,176.900,285.216,183.545
419.521,172.662,288.750,189.759
419.329,168.892,289.883,192.919
420.558,173.607,289.151,192.271
423.424,170.927,287.654,190.234
426.086,175.315,285.728,188.925
425.995,180.348,285.109,188.691
425.600,183.209,284.239,189.594
422.865,184.476,285.552,189.872
417.558,186.322,289.460,190.064
415.127,183.609,295.190,189.879
406.823,185.746,300.914,188.263
405.006,182.938,304.698,190.609
402.835,183.019,307.184,191.791
398.547,181.325,309.430,194.385
406.273,184.454,309.769,195.300
405.359,186.202,302.699,195.861
412.835,184.458,292.113,197.694
426.037,179.291,282.425,200.815
433.492,176.051,275.881,201.655
435.985,175.585,266.707,203.004
438.618,176.208,260.940,201.847
443.758,174.620,259.366,198.478
446.453,174.000,258.972,195.158
445.393,173.249,257.319,190.189
448.151,172.306,255.467,186.713
447.355,176.893,254.081,186.747
448.397,175.619,253.178,189.371
443.704,175.317,254.369,191.583
443.467,173.424,254.637,194.160
440.637,176.144,252.168,194.942
442.126,178.954,248.705,198.165
441.964,176.410,247.770,202.378
441.493,174.281,250.297,204.193
438.411,172.703,254.020,207.071
435.354,172.760,257.867,210.069
432.241,172.546,258.817,212.807
431.206,173.696,260.497,215.212
430.629,171.511,261.633,217.158
431.465,168.246,263.623,219.599
431.748,165.811,263.778,221.526
431.299,163.912,262.336,221.708
432.996,163.830,260.139,220.485
434.553,164.720,258.736,219.643
438.890,165.031,257.896,219.823
438.489,166.350,259.158,219.701
431.423,165.644,258.229,219.894
428.343,168.139,259.382,220.374
429.432,167.408,261.541,220.203
423.197,173.032,262.651,218.604
420.195,176.172,263.390,219.178
420.676,178.645,265.796,218.201
422.330,180.331,269.726,217.497
421.155,182.025,276.148,216.116
423.914,182.281,282.966,213.991
413.021,184.420,291.768,212.933
410.929,185.196,299.333,211.629
404.300,187.710,307.969,211.069
405.965,188.712,312.487,212.826
402.383,187.472,316.214,213.982
395.318,189.163,320.190,215.855
386.819,189.687,325.481,217.648
389.161,192.735,330.851,218.884
388.443,191.978,335.553,218.055
388.248,192.166,340.925,217.575
379.210,193.090,345.436,216.612
373.431,192.624,350.147,215.920
368.409,191.748,358.065,213.589
335.463,193.649,357.373,213.051
332.616,192.535,358.193,212.860
344.358,188.053,368.592,210.294
320.493,184.914,381.149,206.666
314.847,188.255,394.082,207.683
293.007,190.507,401.303,208.091
282.765,186.665,406.063,208.294
273.563,178.959,408.182,206.704
294.209,184.369,411.397,204.274
284.427,185.432,412.328,204.062
292.118,196.682,412.671,202.745
290.279,191.908,412.816,202.334
294.863,200.529,411.903,201.540
292.403,198.669,414.581,201.854
295.965,203.689,411.723,202.708
255.201,195.558,407.209,203.296
275.347,192.150,405.178,201.857
271.021,190.361,401.691,201.558
318.782,205.250,400.626,201.923
318.622,198.255,401.709,202.035
288.680,198.215,398.706,202.312
293.650,198.974,401.953,201.993
324.072,194.191,407.974,200.430
323.219,195.712,410.385,199.945
269.354,187.856,409.669,198.165
256.155,186.680,406.558,199.087
241.213,182.494,383.046,203.266
274.472,186.065,376.780,203.237
263.899,185.777,363.736,206.684
300.584,193.435,362.732,208.105
362.144,196.617,356.473,210.142
363.204,197.504,350.552,211.909
337.992,191.128,350.838,214.544
359.184,193.080,346.175,216.849
346.976,194.069,345.457,216.831
367.058,195.253,338.009,217.611
357.221,193.790,335.225,216.511
381.906,202.459,330.219,213.287
372.430,195.933,331.004,210.782
373.756,200.273,330.495,208.859
367.502,195.680,333.584,206.532
384.874,204.640,330.628,204.444
369.791,194.398,332.570,202.904
366.979,200.124,333.827,202.506
367.003,194.266,335.769,201.298
387.805,195.599,329.662,199.998
373.080,187.254,329.103,200.658
383.652,193.250,322.415,199.289
382.855,185.334,318.818,198.572
393.362,186.516,313.181,198.810
401.677,187.094,306.853,198.343
405.158,182.740,301.530,199.603
406.153,180.285,296.942,199.892
406.806,177.796,293.727,202.035
401.370,175.826,292.652,204.249
394.211,170.600,294.209,205.043
392.234,167.913,294.529,205.065
385.543,164.180,296.708,204.780
266.941,160.294,295.696,203.584
259.071,152.866,285.422,204.167
270.403,150.622,275.499,203.804
289.603,152.996,270.723,203.035
322.825,154.597,277.935,202.460
339.400,156.703,289.299,201.192
344.444,155.179,301.868,201.359
328.420,154.410,309.747,203.572
332.341,152.791,314.891,205.160
325.014,149.852,321.947,207.766
324.989,146.328,324.832,209.744
326.435,144.171,327.528,212.059
325.045,144.544,325.712,212.388
321.506,140.056,326.828,214.775
319.039,137.248,326.101,217.237
317.287,140.782,326.662,217.774
319.572,140.014,327.484,218.657
315.860,138.570,329.039,219.732
314.835,137.647,329.463,221.334
315.171,136.190,330.308,222.898
311.885,135.450,333.344,223.454
303.072,137.364,333.015,222.875
306.698,138.101,331.713,222.118
305.294,138.286,331.294,221.583
308.761,139.435,326.901,221.205
316.020,140.401,321.747,220.267
319.189,139.547,317.033,219.959
322.601,139.785,315.057,220.080
325.905,140.451,310.923,220.531
326.539,141.849,306.304,220.446
325.129,143.353,304.929,218.889
325.018,143.398,305.011,218.445
321.692,143.761,303.982,218.958
324.995,143.735,305.250,218.122
324.107,144.153,304.664,217.412
321.044,146.012,301.608,217.278
322.946,145.646,299.706,217.192
321.977,145.801,297.878,216.582
321.395,144.767,295.049,216.403
318.878,145.222,294.181,215.856
319.785,144.409,294.364,215.450
315.535,145.038,296.614,215.649
310.684,144.868,297.177,215.927
309.308,144.713,300.707,216.590
304.273,145.784,302.924,216.756
303.843,143.986,308.583,215.825
297.883,143.709,314.219,215.488
293.963,143.191,314.029,215.316
290.548,142.916,314.277,216.339
292.477,142.332,316.504,217.427
288.547,140.510,315.591,219.103
287.891,140.779,317.030,220.816
285.270,140.354,317.002,222.772
283.796,138.424,315.598,224.266
284.662,135.706,316.956,225.810
282.155,134.483,316.887,226.725
281.983,133.532,316.197,227.469
279.695,132.971,313.996,228.787
276.930,133.096,312.709,229.061
273.147,133.269,310.187,229.376
277.210,132.940,309.119,229.628
278.905,134.090,310.686,229.606
272.573,134.180,308.260,228.899
273.650,135.302,308.107,227.331
269.776,134.319,307.322,227.015
269.475,136.010,307.935,225.396
268.598,136.637,310.269,224.289
266.026,137.625,313.469,224.204
264.748,136.940,315.852,223.626
264.011,136.345,318.380,224.505
262.445,136.738,322.373,224.845
259.632,137.076,326.809,224.987
257.527,135.539,329.936,225.789
256.368,135.103,332.673,226.033
254.623,133.648,335.174,225.831
250.657,134.994,336.793,224.979
251.757,133.503,336.064,224.360
246.289,133.155,335.506,224.083
246.964,134.363,334.003,223.964
247.313,135.875,332.892,223.497
244.420,134.445,330.620,224.071
247.456,133.869,329.747,224.418
243.730,133.024,327.203,225.842
248.694,130.753,327.540,226.431
248.135,133.736,329.948,225.882
246.069,133.816,330.815,225.786
245.922,131.662,331.356,226.340
245.733,131.341,333.060,226.432
