810.000,194.000,266.000,246.000
805.564,182.734,262.381,251.297
800.055,181.724,262.430,255.429
806.950,179.302,261.099,258.938
804.720,175.592,259.792,261.483
806.887,177.214,261.077,263.003
806.457,176.144,259.379,263.011
803.504,175.425,260.696,263.600
797.835,176.868,261.383,263.618
797.304,175.236,260.564,264.216
794.879,179.242,263.119,263.289
789.325,177.844,261.123,264.284
788.340,179.179,260.249,263.524
784.179,181.578,260.709,261.686
786.401,182.485,257.503,259.927
783.330,180.937,258.354,259.137
781.536,181.187,256.947,259.110
780.390,183.398,253.783,256.804
781.652,185.260,251.564,255.217
779.330,187.600,249.451,252.650
775.067,189.915,248.229,251.486
779.060,190.365,245.497,247.803
781.116,188.603,241.970,244.532
787.454,189.921,241.463,243.575
781.697,193.836,239.065,241.945
779.949,193.778,237.454,240.357
783.990,192.461,236.409,236.195
782.994,194.538,233.343,235.340
788.166,196.409,233.758,234.536
790.217,198.394,228.548,234.273
793.699,204.570,227.913,231.924
793.763,206.077,227.120,230.857
796.420,204.742,225.623,229.030
799.645,206.506,225.329,227.101
803.134,208.627,224.028,224.523
808.055,209.272,221.199,223.010
811.409,211.998,220.460,220.955
816.264,211.566,217.681,219.655
818.120,217.246,218.503,217.152
817.862,215.841,217.418,215.120
816.787,217.894,219.567,214.443
820.885,215.217,217.184,213.187
824.664,215.266,216.505,213.373
828.646,213.750,217.054,214.276
834.904,213.217,215.985,214.323
835.325,211.671,217.932,214.757
834.602,211.205,219.765,215.626
835.628,211.032,220.932,216.182
835.914,209.728,223.120,218.275
841.065,211.238,222.378,218.510
839.702,209.254,223.186,219.689
841.696,210.653,223.595,220.053
835.511,208.315,220.822,217.408
825.641,213.778,214.576,209.337
810.557,219.584,208.565,200.692
803.487,225.549,198.928,190.590
794.939,232.214,190.863,181.593
787.799,239.213,181.750,172.029
781.908,246.216,173.297,162.839
775.841,252.179,163.008,154.292
770.052,257.732,155.434,147.607
766.483,261.738,147.235,140.322
761.274,266.513,140.141,134.924
757.607,270.213,132.910,128.696
755.122,274.567,126.403,123.231
751.857,278.544,121.543,118.165
749.373,281.674,115.651,113.308
744.157,286.089,112.027,108.659
741.867,289.559,107.912,103.158
740.116,292.298,103.257,98.468
738.111,295.468,98.786,94.486
736.413,297.766,95.059,90.935
734.213,300.372,90.936,87.269
733.484,302.284,87.479,84.352
732.486,304.509,85.030,81.395
731.418,306.762,80.786,78.756
731.256,308.494,77.632,76.111
729.780,310.589,74.048,73.827
730.574,311.627,71.584,71.930
730.055,312.382,68.808,69.797
729.936,314.000,66.296,67.976
731.736,315.176,64.102,65.858
731.765,317.039,62.088,63.931
733.579,317.614,59.818,61.965
734.932,319.147,57.952,60.333
735.841,319.871,55.759,58.448
736.867,321.512,54.371,57.179
737.176,322.016,53.083,55.112
738.293,322.638,51.648,53.343
738.962,324.121,50.329,51.927
739.150,324.734,49.348,50.376
740.221,325.372,47.827,48.729
741.917,326.669,46.985,47.642
742.544,326.964,45.917,46.171
743.118,328.392,44.280,45.097
744.570,328.546,42.661,43.976
744.267,329.720,42.074,42.875
744.149,330.165,40.789,41.693
745.062,330.625,39.621,40.972
748.244,331.416,39.221,40.516
751.122,330.751,39.300,39.955
755.029,331.161,39.126,39.887
757.787,330.390,39.694,39.857
762.048,330.280,39.722,39.822
766.713,330.264,39.863,39.947
771.170,329.552,39.218,40.089
775.401,330.178,39.282,40.442
781.056,329.289,38.554,40.273
785.625,329.883,38.665,40.478
789.339,329.046,38.829,40.635
793.694,328.877,39.104,40.830
798.264,329.103,39.259,41.218
801.722,328.656,39.874,41.238
805.632,328.480,40.259,41.503
809.453,328.432,40.863,41.578
813.597,327.768,40.708,41.421
816.638,328.396,40.991,41.610
820.494,328.116,41.035,41.777
823.956,327.234,40.975,41.953
827.509,327.898,41.213,42.259
831.676,326.891,40.967,42.387
833.967,327.550,41.695,42.661
837.497,327.198,41.746,42.317
840.637,326.462,42.491,42.614
843.859,326.592,42.871,43.016
846.591,326.422,43.072,43.141
849.699,326.145,43.596,43.256
852.767,326.467,44.013,43.502
856.213,325.790,44.079,43.836
859.499,325.913,44.384,43.890
861.632,325.135,44.880,44.213
865.334,325.278,45.054,44.506
867.298,325.343,45.465,44.756
871.421,324.832,45.283,44.907
873.457,324.647,46.084,45.182
877.495,323.799,45.993,45.341
879.573,324.713,46.918,45.749
882.906,323.068,47.043,45.977
885.181,323.232,46.804,46.339
888.139,323.267,46.965,46.503
891.294,322.837,46.951,46.689
894.104,322.274,46.575,47.033
896.429,321.916,46.343,47.254
899.208,321.989,46.645,47.431
901.343,321.691,46.507,47.825
904.117,321.212,46.564,47.865
906.243,321.072,47.236,48.779
908.553,320.646,47.355,49.043
910.455,320.436,47.928,49.200
912.666,320.409,48.257,49.532
914.999,319.113,47.694,49.836
917.470,319.319,48.238,50.063
917.931,318.577,47.955,49.983
919.832,319.004,48.425,50.207
921.566,318.028,48.175,50.377
923.082,318.080,48.020,50.533
923.939,317.392,48.141,50.524
925.082,317.354,48.635,50.974
925.732,317.124,48.472,50.827
925.948,317.163,48.426,50.886
924.596,316.426,48.704,50.866
923.782,316.374,48.924,50.889
923.371,316.706,49.384,51.167
923.321,315.809,49.563,50.997
922.196,315.685,49.788,51.165
921.518,314.864,49.737,51.129
921.955,315.245,50.153,51.636
920.693,313.834,50.242,51.792
920.116,314.661,50.582,51.929
920.729,313.456,49.889,51.921
919.583,314.101,50.210,52.288
919.791,312.840,49.749,52.025
919.531,313.068,50.129,52.389
919.282,312.784,50.352,52.464
918.701,312.369,50.961,52.725
920.115,312.535,51.375,53.059
919.230,312.195,51.468,53.106
919.910,310.875,51.628,53.523
920.550,310.377,51.672,53.947
921.233,310.490,51.818,54.438
921.905,308.786,51.798,54.744
921.911,309.610,52.750,54.977
922.877,308.451,52.172,54.844
922.907,308.024,52.189,55.421
923.487,307.052,51.924,55.581
923.152,307.085,52.198,56.080
924.269,306.145,52.231,56.362
925.036,305.930,52.504,56.742
924.351,305.435,53.211,57.157
924.656,304.922,53.850,57.516
925.645,305.017,54.516,57.967
925.663,304.869,55.238,58.406
926.163,304.533,55.538,58.747
926.497,304.200,55.565,58.678
927.236,303.847,56.080,58.766
927.668,303.031,56.423,59.127
927.201,302.820,56.870,59.756
927.488,301.985,57.197,59.789
927.196,301.735,57.851,60.147
927.721,301.446,58.367,60.288
924.899,302.069,58.274,60.291
926.672,301.847,58.401,60.055
927.002,301.794,58.758,60.427
924.828,302.479,59.043,60.975
925.984,301.191,59.151,61.255
925.428,300.891,59.501,61.981
925.009,299.932,59.481,61.879
924.629,300.022,59.373,62.244
924.680,299.580,59.590,62.511
924.163,299.922,59.891,62.835
923.541,300.105,60.412,63.168
922.593,299.208,60.532,63.046
922.238,299.506,60.891,63.187
921.582,298.908,61.445,63.559
920.848,298.605,62.072,64.138
920.801,297.046,62.512,64.645
920.969,296.126,63.145,65.065
920.517,296.043,63.686,65.062
919.917,295.545,64.260,65.451
919.562,294.988,64.933,66.048
919.560,294.034,65.849,66.507
919.738,294.110,66.149,66.716
920.484,294.763,66.505,67.456
920.915,293.964,66.976,67.839
920.333,292.556,67.623,68.480
921.373,293.165,67.805,68.917
921.140,292.953,68.507,69.580
921.185,293.451,69.169,70.253
922.164,294.357,69.944,70.582
922.919,293.653,70.860,71.086
923.122,292.362,71.632,71.172
923.021,291.332,72.145,71.839
924.141,291.501,72.472,72.201
924.202,290.666,73.102,71.969
925.894,290.966,73.356,72.417
926.860,290.864,73.570,72.738
927.640,290.874,74.391,73.338
927.398,290.484,73.839,73.431
926.834,289.951,74.417,73.925
928.536,290.270,75.369,74.085
928.814,290.322,75.445,74.284
929.122,289.957,76.065,74.638
930.874,289.253,76.551,74.638
931.646,288.417,77.399,75.051
932.964,288.602,77.858,76.134
932.955,287.807,78.341,76.655
933.891,287.343,79.591,77.270
936.495,286.179,81.562,76.933
935.613,286.037,82.480,78.206
936.521,285.205,82.494,77.998
937.916,284.726,82.829,78.776
938.457,283.824,82.275,79.066
940.225,283.521,83.235,79.246
941.460,282.155,83.685,80.271
942.270,281.535,84.492,81.140
944.441,280.297,84.768,82.490
946.053,278.647,85.023,83.293
946.328,278.331,85.101,84.067
949.129,278.010,85.223,83.920
949.852,276.465,86.203,84.178
950.760,275.901,87.261,84.428
951.563,275.262,88.700,84.744
952.129,274.855,90.469,84.879
953.908,273.844,92.373,85.281
954.419,272.281,93.864,85.616
955.543,271.785,98.579,85.975
954.994,270.172,99.721,86.519
957.076,270.532,102.966,86.754
957.723,269.198,103.941,86.764
958.194,268.980,106.628,87.614
958.203,268.083,107.959,87.504
957.364,267.606,107.874,88.301
958.525,266.168,106.993,89.006
959.795,265.687,107.717,89.688
960.260,264.524,106.823,90.663
961.447,264.281,107.989,91.118
960.947,262.993,108.313,92.077
961.109,262.098,108.194,92.755
962.089,261.229,108.469,92.827
962.325,260.776,107.735,93.444
962.480,259.810,107.718,93.949
962.395,259.890,106.714,94.736
962.821,258.548,107.384,96.599
961.886,257.630,108.337,98.657
962.536,256.833,109.091,100.138
961.031,256.094,109.837,101.288
960.972,255.674,110.527,102.505
960.220,254.847,113.021,103.131
959.908,254.306,113.999,103.979
959.397,253.044,115.483,104.822
958.034,253.128,115.733,106.105
957.794,251.252,116.791,107.087
959.037,252.091,117.737,107.958
958.661,251.313,119.830,108.845
958.505,251.501,123.125,109.416
956.910,250.713,125.893,109.592
956.402,250.532,127.855,110.051
955.140,250.436,129.256,111.042
955.791,250.965,131.170,111.520
953.607,249.452,131.682,111.225
952.520,250.150,132.408,112.191
952.116,250.292,132.201,112.399
950.473,250.039,132.070,113.848
950.106,247.825,129.629,114.405
950.952,248.483,129.267,115.863
947.338,247.745,129.662,117.273
945.908,247.225,128.724,119.232
944.162,246.086,130.552,121.662
943.161,245.257,132.027,122.704
941.577,244.704,132.144,123.741
940.413,244.056,134.355,125.784
939.021,243.186,136.846,127.572
935.836,242.460,138.833,128.532
933.941,242.187,140.269,129.779
931.820,241.179,142.118,130.836
929.851,241.319,144.598,131.506
928.608,240.312,145.707,132.211
925.046,239.869,148.029,133.204
923.149,240.104,151.161,134.799
920.238,239.274,151.859,135.454
917.872,239.997,155.412,137.203
914.380,237.412,154.205,138.145
912.002,237.295,158.336,140.530
909.397,236.405,160.907,141.664
906.616,235.598,160.824,143.069
904.316,234.586,163.073,145.070
901.227,234.050,164.774,145.903
897.969,231.743,166.850,146.785
894.416,233.175,171.876,148.765
889.988,230.969,172.359,150.364
889.519,228.870,173.990,151.303
886.288,228.538,172.706,153.607
885.769,227.873,172.503,154.769
883.780,228.329,174.097,155.371
880.255,227.511,175.702,156.378
877.812,226.142,177.231,157.291
875.164,226.754,176.956,158.013
872.502,227.181,178.966,159.971
871.942,226.632,180.383,161.919
867.934,225.396,184.810,165.056
866.925,223.248,186.845,165.549
865.979,224.099,192.063,168.062
859.779,222.056,195.631,171.408
859.090,221.045,197.997,172.639
859.169,221.056,199.961,175.661
859.353,218.936,204.876,177.785
859.817,218.854,210.881,177.540
860.033,218.671,214.748,179.446
858.046,215.758,219.613,181.517
864.166,217.024,223.969,183.096
864.221,214.124,224.405,185.090
871.902,213.012,221.048,185.061
864.661,214.166,227.477,191.280
868.765,209.223,235.849,196.781
866.425,207.487,244.166,198.660
866.196,206.306,255.064,203.185
869.081,201.835,259.578,207.400
866.395,199.480,266.785,209.631
864.901,197.973,273.976,213.916
868.274,194.185,279.083,220.075
