14.000,198.000,1101.000,322.000
7.791,197.752,1086.167,316.917
31.773,203.893,1050.909,310.290
63.891,206.806,1031.204,304.246
123.472,205.910,988.843,307.608
156.045,208.470,958.796,308.253
137.097,206.678,949.106,307.425
143.885,203.826,949.452,305.905
178.775,202.924,914.832,306.144
194.404,204.240,894.588,302.387
171.104,202.470,898.892,301.860
201.390,201.590,885.551,305.237
202.186,202.935,877.162,301.424
169.597,196.605,894.642,301.606
164.500,195.132,908.794,301.073
143.566,194.187,925.543,301.494
154.060,196.580,924.608,301.171
166.700,196.444,915.888,299.220
200.580,194.837,880.992,298.465
173.788,195.684,876.477,301.355
156.236,194.101,893.802,299.785
157.806,194.612,898.266,298.376
139.711,197.093,907.463,296.449
101.158,198.666,936.086,296.568
101.658,202.252,937.288,293.547
94.379,203.273,940.639,291.723
53.691,202.311,959.991,290.475
58.246,199.265,965.893,289.885
46.686,201.955,975.838,288.709
54.773,200.204,980.183,289.651
13.985,198.408,1008.771,285.280
-3.999,201.385,1016.022,282.194
2.401,203.473,1012.129,277.583
24.893,204.187,1002.089,279.200
15.687,209.396,1010.508,278.440
11.316,212.118,1013.321,280.700
61.281,213.040,986.478,285.974
18.711,213.779,1004.034,285.483
18.312,214.682,998.933,281.077
23.896,215.973,993.843,278.470
32.037,218.638,995.061,276.274
46.628,220.757,993.390,275.179
39.281,224.613,991.312,276.516
38.295,227.240,984.531,276.986
44.366,227.537,989.778,275.532
38.472,226.287,986.367,276.349
51.607,227.916,981.085,280.409
76.352,228.140,973.978,292.231
67.896,226.670,972.603,294.224
67.020,222.202,973.068,300.217
50.300,226.869,974.136,301.844
58.699,222.461,969.950,299.456
66.179,225.947,982.340,301.552
79.271,217.064,959.935,299.131
74.478,214.870,946.994,301.413
138.410,219.189,950.778,313.880
130.651,210.260,917.674,308.950
182.557,203.005,867.809,311.941
203.809,205.726,840.576,310.333
175.915,197.354,835.248,311.367
227.549,192.985,806.901,311.157
184.241,193.221,804.639,307.121
198.078,184.773,801.340,308.968
222.931,193.988,799.007,306.330
205.892,186.167,805.431,307.298
206.206,182.050,807.948,303.244
218.229,185.149,804.304,300.555
192.271,186.149,820.699,298.996
169.429,185.355,838.926,292.914
189.807,190.424,833.876,290.913
168.897,184.379,839.221,293.585
173.651,184.845,839.214,290.831
194.523,186.987,827.091,284.348
192.893,186.914,816.284,281.929
225.746,183.396,793.780,283.095
303.704,178.891,740.817,286.363
310.763,180.557,710.556,288.524
318.116,178.551,703.960,291.164
319.565,181.384,704.041,290.507
320.370,180.294,696.977,292.354
320.939,180.580,690.915,292.892
334.416,181.561,686.327,291.768
323.651,177.735,682.382,292.493
326.231,175.220,677.784,292.403
347.869,168.350,664.269,294.671
326.736,173.302,661.414,290.588
339.906,171.943,659.383,288.567
311.549,172.620,652.093,286.802
330.554,175.829,650.524,282.950
316.821,172.115,655.106,279.591
325.244,178.853,640.783,276.081
319.355,175.341,636.397,276.264
311.163,176.204,632.573,272.558
331.498,182.058,616.260,268.415
338.598,179.734,619.840,266.471
325.885,182.484,605.546,263.702
260.304,180.524,618.401,261.157
268.344,178.066,624.175,260.522
261.014,176.059,642.157,258.132
223.656,174.720,670.611,257.743
186.693,177.407,702.852,258.619
165.161,174.849,729.396,254.687
213.844,180.518,762.267,247.944
151.790,183.111,791.856,241.408
160.922,182.964,808.690,235.439
283.048,180.907,792.158,237.823
284.524,179.649,789.487,235.381
222.880,181.378,792.791,235.905
255.186,176.061,792.273,237.838
217.579,178.866,802.605,237.272
206.505,174.931,830.689,235.805
158.792,174.484,863.598,236.557
139.876,180.477,874.063,234.268
150.360,177.487,906.070,233.523
129.674,177.366,916.642,232.738
91.409,178.644,913.089,230.902
90.449,177.072,906.642,227.687
97.188,175.525,909.875,225.056
113.866,178.718,910.636,224.837
99.039,178.785,908.790,228.086
108.892,181.748,911.342,228.180
120.880,185.262,893.410,228.935
143.576,182.053,883.761,227.629
101.742,186.564,874.176,229.849
132.899,186.462,865.445,229.198
137.166,188.701,841.900,229.590
128.370,188.989,822.348,227.503
254.114,183.915,798.222,227.366
216.386,185.609,751.036,228.609
205.226,186.681,724.584,230.274
260.715,182.902,705.629,230.722
269.636,185.073,686.985,229.003
207.979,193.373,690.062,225.947
196.884,191.438,689.348,225.420
197.021,186.883,688.386,224.187
235.005,194.566,683.248,221.374
222.687,194.235,687.153,219.605
211.273,195.907,705.999,217.377
209.498,203.107,736.537,214.911
154.808,201.483,742.235,213.502
172.208,199.231,760.701,214.615
157.609,199.244,774.830,214.346
158.044,202.347,783.038,213.227
149.423,200.128,774.323,213.341
163.026,204.262,780.492,218.513
148.352,200.486,780.916,219.595
158.818,198.832,768.689,222.790
159.182,197.756,759.957,226.593
180.829,199.227,774.127,225.393
175.301,201.765,778.776,224.725
206.367,200.289,797.595,224.604
165.085,198.545,822.987,226.742
149.638,193.474,850.946,230.516
115.452,192.237,879.789,232.918
124.596,187.449,923.794,232.644
106.336,188.072,919.211,232.362
117.071,191.255,920.807,234.246
134.377,192.498,913.392,229.277
138.695,196.148,901.684,225.880
118.557,194.553,888.191,224.169
137.867,198.231,892.699,225.926
155.633,198.734,902.566,223.068
149.941,200.709,913.315,223.226
137.668,201.845,924.702,223.964
131.588,205.254,932.795,221.479
136.947,206.932,937.557,217.878
153.526,210.710,930.651,215.997
118.558,210.059,903.163,213.669
128.359,210.720,881.874,214.207
136.242,209.228,867.892,215.587
138.729,209.948,859.550,215.168
148.232,210.743,843.383,214.476
156.084,213.180,828.084,214.172
166.496,210.844,821.930,214.530
161.910,211.541,818.363,214.949
168.872,213.397,811.278,213.164
169.855,216.274,803.432,211.302
181.102,216.674,797.077,208.460
183.227,216.636,794.129,208.793
186.772,216.284,791.950,209.102
186.740,214.747,786.878,208.089
192.943,216.724,782.122,208.623
197.024,214.971,780.196,209.093
198.149,215.006,774.763,208.815
201.013,214.322,774.683,210.833
204.062,212.175,774.545,206.572
205.550,213.569,770.067,207.470
211.131,211.766,768.849,206.049
211.421,211.757,765.258,207.684
212.121,208.391,764.273,205.518
215.273,208.790,761.092,207.232
215.292,206.532,759.198,204.967
219.980,206.720,759.370,205.819
220.648,204.133,757.169,206.127
221.496,204.234,758.119,206.067
218.948,202.770,758.796,205.154
219.078,202.501,757.149,204.973
222.033,202.273,753.224,203.982
225.057,202.108,749.462,201.840
227.873,201.307,746.693,199.764
225.954,201.587,745.649,198.427
226.918,202.873,743.093,196.826
233.792,201.969,744.852,196.159
231.656,200.469,741.808,193.718
236.056,202.275,740.567,193.795
238.423,201.696,741.826,193.642
232.948,202.016,737.180,192.582
239.171,202.511,739.027,191.404
241.650,203.634,736.525,192.224
242.977,200.572,732.919,190.028
244.712,203.654,730.834,189.256
245.339,202.870,728.225,189.908
253.902,200.318,731.511,190.734
244.976,201.614,730.375,189.484
242.441,202.377,729.732,190.146
251.406,201.104,729.603,189.506
233.290,201.208,720.219,189.842
255.407,202.330,721.165,187.744
246.423,200.430,717.853,187.569
250.030,205.936,712.240,184.404
255.675,202.286,709.070,181.942
264.087,206.069,712.396,183.155
262.429,203.042,711.375,180.205
248.860,205.529,701.795,178.410
281.726,205.052,708.661,177.312
258.843,206.101,700.023,175.990
309.417,201.014,709.159,176.603
319.887,203.546,685.490,176.484
313.109,201.594,676.315,175.374
308.633,207.759,672.020,173.889
353.168,204.784,656.331,174.604
315.257,204.753,665.214,174.793
307.149,205.138,656.723,174.561
320.281,207.113,659.624,172.442
293.460,208.815,671.909,172.857
274.351,205.794,673.100,173.084
272.267,200.426,682.284,173.292
282.234,199.729,689.385,171.975
328.904,196.202,675.961,172.715
367.102,191.711,643.925,176.808
338.934,192.091,622.825,179.577
390.717,189.409,597.888,179.648
324.957,190.435,604.552,179.424
407.609,187.674,580.140,178.799
374.338,188.602,580.326,178.831
376.296,187.685,581.121,176.919
379.379,184.280,581.061,175.395
341.980,184.887,595.442,177.023
368.291,182.030,595.970,177.127
356.921,182.307,592.500,178.063
301.810,181.175,616.133,177.660
298.270,179.114,629.121,179.714
290.396,178.388,644.344,181.282
291.117,181.642,661.459,178.450
279.775,181.076,673.890,176.609
272.026,185.130,678.805,173.966
290.346,181.866,669.362,176.700
311.605,181.082,655.766,174.709
292.161,185.073,656.389,173.519
286.609,181.874,654.518,175.325
292.029,184.449,653.765,173.349
283.980,186.092,657.063,170.169
301.657,190.043,649.935,168.297
283.334,190.132,652.249,166.194
289.356,192.778,654.486,163.829
293.244,194.203,652.813,162.215
291.409,195.404,651.464,160.964
291.151,196.740,650.507,160.865
288.709,197.649,648.279,160.884
284.654,200.841,643.692,160.114
286.649,203.661,640.069,159.721
287.377,204.552,638.535,159.119
288.005,205.957,637.552,158.835
291.952,205.893,634.687,158.554
286.787,206.991,634.196,159.678
288.426,207.773,635.393,162.330
289.305,208.173,634.026,161.832
286.640,208.467,633.111,161.711
286.591,209.705,635.414,161.214
287.525,212.051,638.053,162.315
287.174,213.866,638.556,161.560
288.241,215.859,638.544,160.677
289.452,217.526,635.926,160.409
289.826,218.750,635.952,160.754
286.777,220.030,635.908,160.871
285.910,220.228,636.911,160.855
285.813,222.051,636.942,160.600
283.455,223.240,636.920,160.057
279.718,225.768,637.136,160.032
277.977,228.682,636.021,157.720
280.574,229.747,637.238,157.441
283.552,232.570,637.806,157.108
281.740,232.363,636.606,157.468
281.831,234.643,637.127,158.697
284.247,235.133,636.075,159.711
283.760,236.333,634.004,158.949
284.475,237.262,634.528,159.548
284.692,237.529,633.040,159.161
282.118,238.461,630.985,160.110
281.800,240.045,630.451,160.294
283.686,241.132,630.714,160.974
284.725,241.159,630.266,161.108
281.243,242.516,625.562,161.316
285.845,243.616,624.075,161.632
286.684,244.328,624.714,162.053
285.141,243.610,621.803,161.329
284.220,245.894,619.962,160.043
280.524,245.523,618.683,159.407
281.611,249.260,618.151,159.656
283.892,248.242,617.719,158.898
281.934,248.780,615.778,157.900
280.352,252.567,613.077,157.225
283.719,251.387,612.655,155.210
281.227,254.282,611.605,154.788
287.464,254.572,611.790,154.461
291.214,253.528,613.335,155.099
289.437,253.972,612.266,157.093
287.231,254.313,610.542,157.192
288.942,254.107,609.794,157.319
288.000,257.342,610.184,156.994
290.010,255.995,609.406,156.695
289.817,256.135,608.402,157.500
290.181,258.030,606.982,157.570
289.450,256.646,602.667,157.999
293.873,257.753,601.875,156.029
294.732,261.675,600.029,155.885
291.713,261.219,599.002,155.669
292.372,261.038,599.128,154.617
295.856,263.886,599.847,154.449
291.456,263.459,596.046,152.599
293.816,263.330,597.638,150.215
295.159,267.338,598.503,151.019
292.029,267.021,596.937,149.627
297.907,267.086,597.675,150.306
295.052,269.092,595.925,149.978
292.570,268.825,594.849,148.713
299.014,268.574,593.827,148.649
298.783,269.634,591.077,147.902
299.133,270.302,585.642,146.442
301.972,271.115,584.470,146.030
303.030,270.560,583.596,144.648
303.377,271.695,585.832,144.929
299.465,270.002,584.209,143.852
301.863,272.027,584.343,144.027
299.558,270.296,580.618,143.226
300.700,271.818,581.769,143.503
299.929,269.672,579.308,141.763
298.379,271.821,578.693,142.898
300.068,271.766,579.540,143.084
293.015,270.697,575.487,141.467
298.204,270.405,573.255,141.289
301.113,270.677,571.941,141.509
299.794,269.674,571.792,142.418
302.175,269.666,569.181,142.370
306.008,269.119,570.628,143.253
306.637,269.523,572.094,142.476
296.095,272.007,566.760,141.226
304.184,268.332,562.268,142.611
303.956,270.124,561.888,142.777
297.938,271.261,554.530,142.259
301.270,270.122,549.378,141.504
306.853,268.543,548.706,141.403
308.195,268.548,547.968,142.742
308.710,270.445,545.054,142.677
302.723,270.087,540.917,141.166
310.194,270.378,537.448,141.678
310.749,270.189,536.512,141.230
312.026,269.442,534.707,141.876
317.171,267.782,536.414,143.145
313.343,271.776,536.610,143.003
307.686,271.577,536.367,142.077
314.739,270.284,536.393,142.145
314.534,272.127,535.394,143.304
309.597,272.467,534.976,142.530
313.467,269.914,533.403,142.270
319.981,270.415,533.883,143.529
317.679,271.696,534.818,143.339
318.610,273.570,535.079,141.810
318.632,272.367,531.515,141.624
318.792,274.579,526.831,139.726
319.158,275.405,523.506,138.269
319.231,272.557,519.112,138.505
330.921,275.200,519.786,140.621
325.538,272.350,519.710,140.515
327.827,276.050,519.099,141.203
323.908,275.090,519.312,140.033
326.391,277.710,520.950,140.073
325.279,276.780,519.582,139.228
328.460,278.947,516.716,139.157
328.043,278.814,518.355,138.378
323.984,280.214,515.942,137.833
329.797,277.795,514.980,137.993
327.916,280.752,518.552,137.837
324.066,282.198,514.690,136.934
328.033,282.155,512.227,136.334
330.176,282.920,512.771,136.310
329.457,283.036,511.979,135.315
330.145,284.273,509.928,135.251
333.795,283.192,509.853,135.423
326.301,284.480,507.702,134.848
328.865,282.205,504.784,135.391
336.505,282.607,503.472,135.930
329.682,284.434,499.465,135.335
332.822,282.161,498.854,135.059
336.810,283.742,498.779,135.633
331.959,284.504,499.457,135.205
332.361,283.758,497.044,134.798
333.457,284.104,495.050,134.486
339.738,285.015,497.940,133.808
337.867,287.092,500.116,132.550
339.512,287.300,502.388,131.661
339.486,287.068,502.774,130.847
337.021,286.903,503.089,130.370
338.717,287.615,504.588,131.052
343.452,285.505,507.069,131.285
337.062,287.280,506.893,131.175
340.369,285.553,506.504,131.740
339.720,287.906,504.680,131.807
338.372,287.594,501.314,130.733
344.015,288.557,502.450,131.082
343.773,285.945,503.022,130.864
343.985,289.697,500.430,130.052
342.297,287.739,500.529,129.929
343.986,290.496,502.607,129.458
341.116,288.531,500.911,128.526
341.536,290.917,502.692,128.296
339.725,288.807,500.591,127.441
341.513,291.049,499.504,127.653
348.899,287.831,501.070,127.355
339.684,290.451,498.506,127.054
347.167,290.461,498.236,127.344
344.622,290.016,498.541,126.723
341.344,289.852,497.690,126.468
344.964,290.861,495.531,127.109
342.423,291.068,493.556,126.518
344.821,291.979,491.677,126.592
346.532,292.090,490.518,126.189
345.377,292.711,491.159,125.440
344.859,292.506,489.263,125.550
346.257,292.565,488.812,125.470
344.112,293.008,488.317,125.408
341.688,293.201,488.636,125.304
348.931,295.078,487.525,125.306
339.027,294.486,485.043,124.456
344.772,296.472,483.886,124.611
348.723,295.897,480.645,123.922
339.310,296.464,480.544,123.599
343.730,298.132,478.637,123.464
338.104,298.701,477.183,122.732
345.511,300.238,475.860,122.312
339.242,299.469,473.053,121.154
341.590,299.651,471.441,120.363
343.919,299.959,472.656,119.683
340.593,300.154,470.799,119.127
340.867,301.012,470.478,118.466
336.596,301.708,467.114,118.028
344.685,300.928,465.467,118.141
340.099,301.901,464.456,117.861
343.392,301.633,462.703,118.258
346.214,301.912,463.393,118.808
345.182,302.798,462.322,118.448
340.922,303.960,456.492,117.775
342.735,302.770,453.809,117.881
342.200,303.230,453.150,117.961
347.924,302.766,452.104,118.120
338.745,303.950,451.632,117.877
342.892,303.854,448.597,117.560
340.631,304.200,447.004,117.454
341.948,304.483,445.583,117.660
341.313,303.499,445.653,117.535
346.662,304.168,446.643,117.799
339.031,303.281,446.420,118.365
343.731,305.740,447.226,118.448
342.716,305.432,447.621,117.949
343.536,306.522,445.067,117.683
346.084,306.009,444.781,117.109
344.457,307.800,444.888,116.096
350.174,307.462,443.864,115.653
344.907,307.469,442.733,114.899
348.682,308.825,441.338,114.345
