257.000,158.000,76.000,33.000
256.726,157.331,74.457,33.094
257.934,157.731,73.187,32.698
258.209,157.669,72.661,32.540
258.637,157.846,72.068,32.487
259.226,157.795,71.834,32.393
259.694,157.766,71.750,32.602
260.226,157.674,71.826,32.580
260.397,157.760,71.750,32.548
261.172,157.628,71.924,32.613
261.204,157.761,71.827,32.576
261.802,157.726,71.646,32.471
261.924,157.777,71.607,32.403
262.056,157.893,71.026,32.272
262.903,157.842,71.043,32.349
262.386,157.990,70.602,32.364
263.325,157.920,70.909,32.470
262.972,157.838,70.513,32.522
264.144,157.775,70.613,32.615
264.213,157.453,71.331,32.853
264.243,157.540,70.734,32.974
265.604,157.584,70.893,32.920
264.943,157.403,70.630,33.124
265.719,157.396,70.459,33.105
265.015,157.388,70.336,33.135
265.553,157.240,70.869,33.402
265.557,157.213,71.220,33.486
264.854,157.122,71.230,33.604
265.779,157.095,71.724,33.632
265.690,157.145,71.718,33.582
267.046,156.846,71.573,33.755
267.821,156.804,70.402,33.788
268.803,156.767,70.198,33.931
269.594,156.752,69.750,33.989
270.162,156.737,69.365,34.004
269.914,156.656,69.854,34.253
270.226,156.681,69.502,34.305
271.483,156.564,69.808,34.055
272.201,156.582,70.222,34.053
272.150,156.568,70.104,33.971
271.584,156.656,68.924,34.007
273.416,156.177,69.738,34.176
273.538,156.650,69.331,34.098
273.499,156.554,69.153,33.903
273.945,156.462,69.504,34.034
273.622,156.168,69.870,34.166
274.917,156.021,71.342,34.346
276.077,155.777,71.364,34.354
275.896,156.008,71.289,34.429
276.988,155.922,70.953,34.313
278.749,155.889,70.825,34.368
277.399,155.906,70.932,34.504
278.534,156.095,71.155,34.431
279.673,155.954,70.279,34.611
280.918,155.765,70.619,34.949
281.037,155.813,70.788,35.222
280.591,155.585,71.717,35.144
282.767,155.753,70.851,35.070
283.343,155.445,70.046,35.017
285.336,155.504,69.616,35.308
284.908,155.268,69.765,35.680
285.380,155.026,70.212,35.909
286.603,154.931,71.554,35.996
286.495,154.863,72.258,36.209
287.837,154.484,72.303,36.413
288.561,154.648,73.342,36.416
287.854,154.709,73.612,36.177
291.329,154.609,74.463,36.058
289.489,154.371,73.879,36.150
291.792,154.231,74.152,36.198
292.272,154.485,74.486,35.893
294.634,154.211,74.965,36.018
293.991,153.815,74.029,36.294
296.083,153.474,75.232,36.314
294.282,153.781,74.707,36.349
297.757,153.449,74.527,36.771
296.963,153.257,75.940,37.403
298.936,153.047,76.088,37.603
300.596,152.513,75.506,38.129
302.033,152.153,74.437,38.720
302.595,152.162,75.036,39.007
304.786,151.949,75.049,39.153
305.781,151.723,75.121,39.111
307.789,151.370,75.268,39.319
308.409,151.714,74.886,39.210
310.573,151.118,75.044,39.249
310.617,151.498,74.826,39.128
311.851,150.651,75.022,39.634
313.797,150.572,75.692,39.839
314.932,150.678,75.532,39.816
316.365,150.413,75.614,40.050
317.230,150.593,75.700,39.866
318.896,150.233,76.063,39.999
320.101,150.347,77.110,40.059
320.680,150.006,77.355,40.307
322.811,149.550,78.170,40.564
323.277,149.933,78.265,40.377
324.625,149.716,78.215,40.375
325.595,149.837,78.331,40.598
326.551,149.193,78.404,40.791
328.522,149.000,77.984,41.023
330.281,148.644,78.115,41.251
331.517,148.397,77.686,41.420
332.733,148.334,78.210,41.607
333.779,148.213,78.682,41.889
335.541,147.774,78.960,42.117
337.396,147.888,78.916,42.257
338.743,148.156,79.280,42.242
341.081,147.473,79.021,42.182
342.957,147.050,79.620,42.575
345.010,147.138,80.384,43.023
345.404,147.385,81.968,42.816
346.606,146.503,81.864,43.286
349.265,146.001,81.760,43.806
349.653,146.669,82.204,43.983
351.425,146.006,83.963,44.122
352.015,146.813,84.410,43.689
353.665,146.719,84.947,43.747
355.230,146.515,85.507,43.897
354.040,147.313,84.225,43.602
351.419,148.012,82.227,43.049
344.702,148.464,82.159,42.500
336.620,148.218,81.852,42.240
330.358,147.402,81.377,43.019
323.479,147.805,81.489,43.771
317.628,147.622,81.883,44.069
309.840,147.958,82.541,44.186
305.296,148.216,83.389,44.564
299.112,147.924,84.616,45.004
289.344,148.299,86.087,44.721
281.317,148.323,86.644,44.934
268.069,147.965,87.711,45.434
255.772,147.806,88.551,45.706
239.347,149.723,87.611,44.275
222.689,151.283,87.664,43.261
213.125,148.572,89.150,44.874
202.127,148.115,92.148,45.838
195.421,147.275,93.801,46.749
183.241,148.129,94.955,46.803
175.171,147.613,95.531,47.337
172.449,147.335,95.468,47.221
164.532,147.422,97.123,47.511
158.011,146.356,99.027,48.772
157.372,146.321,99.399,48.901
150.609,146.448,100.465,49.169
148.479,145.715,101.892,50.161
146.566,145.461,101.615,50.896
140.414,145.682,102.710,50.593
137.041,144.845,103.963,51.314
132.859,145.548,105.438,51.462
126.949,144.807,106.589,51.988
127.554,144.781,107.609,52.490
117.556,144.799,109.095,52.592
111.030,144.194,110.299,53.263
108.648,144.307,110.613,53.614
104.492,143.553,110.634,53.934
103.874,143.204,110.675,54.852
103.158,142.798,111.208,55.672
102.768,142.627,111.615,56.208
100.776,142.334,112.009,56.405
98.947,142.477,111.945,57.465
90.681,142.065,112.429,57.807
80.524,142.049,115.126,58.080
76.419,142.318,114.617,57.728
72.007,142.075,115.224,57.632
68.346,141.731,117.051,58.261
64.561,141.744,117.868,58.915
69.014,141.341,118.251,59.529
67.264,140.310,120.497,60.156
63.192,140.485,124.103,60.626
65.555,140.067,124.803,60.682
62.905,139.882,126.913,60.966
60.554,139.053,127.237,60.929
61.613,139.219,127.682,61.439
61.631,138.384,129.670,62.123
62.638,138.265,133.142,62.838
66.770,137.287,134.177,63.604
68.666,137.080,132.737,63.903
64.270,136.101,132.017,64.310
61.739,135.040,135.495,65.419
67.001,135.000,132.859,65.448
57.491,134.702,135.381,66.252
53.513,133.807,136.998,67.061
50.502,134.862,137.952,67.095
51.381,132.963,135.249,67.767
48.360,132.908,134.869,68.489
48.193,131.642,133.628,69.073
47.783,130.919,138.931,69.811
45.521,131.119,143.852,70.341
43.425,131.866,144.544,70.926
42.479,130.971,148.190,72.099
46.806,130.917,148.268,71.518
45.671,130.584,149.302,72.935
45.132,129.036,148.003,74.685
47.392,128.363,144.272,74.986
49.946,127.325,142.288,74.511
50.539,127.634,142.891,74.706
52.070,128.226,144.235,75.755
52.585,126.186,146.815,76.965
49.984,124.481,151.019,76.144
48.798,125.404,155.503,76.030
49.236,126.525,159.796,77.736
54.889,125.561,161.323,79.216
51.788,125.476,166.993,81.857
49.298,122.746,173.915,83.576
49.515,122.032,179.893,85.171
48.144,123.190,188.227,85.389
51.870,122.365,192.419,85.995
64.821,121.022,188.687,86.079
69.456,120.477,184.528,86.707
69.228,119.454,183.307,87.801
68.359,118.887,184.083,88.545
57.543,117.554,188.612,89.881
49.114,116.170,190.056,90.710
32.596,115.846,193.407,91.259
17.087,114.848,194.466,92.803
6.647,111.748,194.874,94.931
0.714,109.888,198.241,97.009
-5.132,106.351,201.058,99.302
-6.314,104.948,203.471,101.297
-4.590,104.173,208.330,102.509
-3.250,100.822,213.475,104.273
0.441,100.971,219.387,105.122
9.215,98.186,224.303,106.289
6.331,96.334,231.561,107.674
4.566,95.086,237.866,108.746
1.224,92.861,244.060,110.518
-4.762,91.157,245.886,111.505
-11.657,84.979,249.098,114.790
-8.131,84.922,256.059,116.888
-10.983,84.672,257.641,117.862
-5.849,80.949,263.615,120.241
-3.263,80.797,270.879,122.612
4.835,75.898,281.675,125.609
13.420,74.513,291.767,127.739
17.685,78.384,305.069,127.394
35.356,76.838,316.251,126.990
39.346,76.021,326.059,127.816
53.258,73.475,333.579,128.869
54.356,76.500,341.401,128.303
50.475,75.724,344.744,127.836
70.326,74.477,353.174,129.304
78.884,74.139,362.154,130.459
84.737,74.138,368.447,131.489
96.687,72.444,375.873,131.781
108.393,71.838,382.004,132.070
111.824,70.481,390.678,131.491
117.234,70.223,407.233,131.682
126.036,69.973,416.302,133.604
129.312,70.145,425.956,135.750
131.748,72.056,438.848,137.211
128.957,72.422,448.118,140.196
126.566,69.087,453.010,141.874
120.627,70.232,459.748,143.807
108.075,67.216,466.782,144.078
85.050,66.468,478.251,144.316
71.651,63.808,485.132,144.983
57.096,65.114,493.592,147.868
66.444,58.862,502.196,148.640
77.284,58.473,507.011,149.098
89.968,58.166,512.347,149.622
116.337,56.191,505.635,150.211
136.954,56.942,493.923,153.303
163.359,52.293,474.772,153.033
186.084,55.967,455.045,152.355
204.281,56.600,438.784,153.402
225.786,55.236,419.434,152.349
228.508,54.022,406.996,154.550
236.306,61.672,402.663,158.456
223.493,55.274,402.236,155.574
204.588,62.540,410.089,154.600
176.057,60.890,425.504,153.426
167.609,60.954,435.107,152.603
142.889,65.412,441.619,151.516
127.269,62.657,442.023,150.664
119.742,68.473,440.918,150.593
104.166,69.206,435.769,148.339
101.871,71.810,424.575,147.389
94.623,74.330,414.616,144.917
88.328,78.699,398.168,143.534
82.139,79.751,385.326,140.664
66.491,82.447,366.575,139.065
49.908,88.450,349.718,138.131
40.697,89.545,342.336,136.985
20.564,92.136,331.260,133.081
16.651,95.957,316.743,131.190
7.421,99.062,304.323,128.477
12.462,98.972,289.940,124.831
11.854,104.099,276.649,122.546
15.447,106.139,268.988,120.202
15.471,109.016,262.763,117.573
5.375,105.626,255.395,116.675
-1.780,106.740,250.291,118.385
-2.652,106.082,244.045,119.241
-14.121,105.546,236.126,119.410
-7.832,106.445,230.450,117.944
-1.543,107.522,229.137,117.396
-3.178,105.848,224.211,117.177
9.361,107.505,222.892,114.892
19.738,103.327,225.683,116.744
30.456,102.995,229.360,112.925
61.436,102.891,230.035,110.208
74.880,100.649,230.954,106.998
95.905,100.092,228.432,104.555
112.771,102.216,226.019,104.955
111.142,101.819,225.418,105.018
110.452,102.634,223.638,103.831
127.813,105.183,218.865,100.861
137.931,102.385,215.221,102.135
156.106,103.973,213.026,99.787
164.054,101.380,212.083,100.539
187.477,103.916,203.468,97.143
191.455,103.349,196.326,95.759
206.555,105.657,193.259,93.227
212.316,105.810,186.879,92.017
213.074,107.323,182.167,90.563
207.876,106.861,177.843,89.521
210.352,109.292,173.983,87.733
218.247,109.794,169.182,86.310
225.094,110.462,164.096,84.631
229.564,112.188,160.179,82.662
239.184,112.741,152.821,81.181
239.823,116.365,150.313,78.308
235.854,115.307,145.679,77.716
235.817,116.174,141.155,77.681
230.417,115.473,136.872,78.137
233.627,116.230,131.135,78.103
235.708,117.212,130.409,79.083
227.351,116.157,130.987,79.595
228.878,116.960,128.863,77.500
229.083,119.820,122.707,74.964
224.302,120.942,118.473,72.245
213.815,122.138,116.686,69.812
212.881,124.469,116.865,67.570
210.617,125.720,112.250,66.057
208.446,126.835,111.352,65.003
210.556,128.384,110.314,63.706
216.756,128.912,109.410,62.272
217.858,129.932,109.199,61.527
218.880,132.008,106.188,60.546
222.599,133.192,105.923,59.569
219.524,134.292,103.471,58.670
228.836,135.815,103.461,56.814
236.146,137.348,103.187,55.225
239.620,137.586,102.368,54.693
245.642,139.391,100.592,53.654
250.298,141.507,98.526,52.581
253.833,140.988,98.426,51.899
257.571,143.007,97.550,51.445
258.436,143.400,98.090,50.883
262.284,144.967,98.253,50.298
267.237,145.368,96.518,49.326
268.181,146.469,96.698,48.296
268.331,147.609,95.557,47.553
266.642,147.744,94.774,46.681
268.544,148.149,94.040,46.105
267.485,148.625,95.132,45.436
268.781,149.401,94.823,44.647
268.931,149.725,93.954,43.706
272.606,150.464,92.043,43.413
273.301,151.225,91.841,42.251
271.321,151.788,93.456,41.358
275.032,151.861,90.878,41.228
273.814,152.521,89.623,41.040
273.127,152.566,88.320,40.699
272.081,152.833,87.820,40.299
269.105,153.423,87.076,39.961
267.098,153.090,86.353,39.553
261.074,154.293,85.191,39.202
261.891,153.279,84.310,38.352
256.025,153.667,84.345,37.764
253.726,153.371,84.730,36.942
249.486,155.215,84.038,36.608
248.842,154.592,83.172,36.753
244.674,154.634,83.806,36.144
243.341,154.885,84.396,35.439
242.580,155.424,83.210,34.856
238.169,155.644,82.220,34.663
237.565,156.094,81.577,34.047
234.403,156.167,80.726,33.274
233.890,157.467,79.682,32.561
231.683,157.053,79.104,31.782
230.192,157.258,78.110,31.471
229.888,157.229,77.521,31.462
228.590,158.146,76.504,30.914
228.192,158.119,75.577,30.557
227.702,158.799,74.317,29.877
226.047,159.002,73.885,29.693
222.762,158.813,74.267,29.753
225.447,159.015,72.872,29.600
227.349,159.549,73.284,28.967
228.009,159.057,75.891,29.233
226.503,159.587,77.410,28.782
224.903,159.940,78.709,28.520
223.760,159.933,79.175,28.316
221.871,160.621,78.751,28.204
220.667,160.915,77.296,28.506
220.437,160.761,75.543,28.797
221.308,161.341,73.839,28.649
224.896,161.703,72.220,28.679
228.535,162.634,70.643,28.759
232.241,162.686,68.625,28.734
236.302,162.138,67.259,28.536
240.260,162.499,66.230,28.298
243.201,161.722,65.656,27.796
244.640,161.788,65.669,27.430
248.072,161.944,65.102,26.856
250.026,162.058,63.988,26.894
253.492,163.326,62.667,27.281
253.968,162.608,63.051,27.734
255.146,161.963,63.319,27.839
255.658,162.018,63.477,27.630
257.208,161.758,63.228,26.922
258.349,161.475,63.127,27.058
259.072,161.692,63.033,27.077
261.647,162.377,63.388,26.492
262.673,163.167,63.280,26.796
262.074,163.345,63.521,27.053
262.459,163.454,63.929,27.263
263.471,162.936,64.361,27.278
263.719,163.159,65.301,26.949
263.304,163.324,66.118,26.971
262.892,163.578,67.109,26.631
261.659,163.505,68.066,26.475
259.982,163.220,68.639,26.522
257.991,162.857,69.283,26.579
262.748,162.163,69.017,26.593
268.329,162.293,67.088,26.485
273.169,161.598,64.091,26.151
275.321,161.915,61.098,25.732
278.226,162.577,58.772,25.022
279.394,162.974,56.793,24.360
280.898,163.370,55.296,23.664
281.585,163.750,54.198,23.070
281.961,164.170,53.275,22.534
281.510,164.440,52.559,22.092
281.169,164.658,52.095,21.819
280.766,164.471,51.451,21.632
281.038,164.380,50.736,21.426
281.983,164.259,50.550,21.122
282.325,164.174,50.021,20.770
283.622,164.329,49.712,20.350
284.602,164.671,49.200,20.026
285.281,164.882,48.659,19.791
285.909,164.913,48.082,19.551
285.506,164.778,47.712,19.465
285.476,164.699,47.351,19.431
284.893,164.669,46.952,19.381
284.212,164.536,46.487,19.316
283.300,164.417,46.144,19.123
283.440,164.321,45.792,18.816
283.573,164.476,45.351,18.519
283.697,164.296,44.910,18.466
284.295,164.119,44.641,18.292
284.659,164.344,44.645,18.070
285.185,164.108,44.696,17.991
285.125,164.219,44.557,17.809
284.826,163.982,44.137,17.663
285.288,163.962,44.035,17.442
285.585,163.694,43.882,17.355
286.255,163.593,43.405,17.207
287.212,163.331,43.256,17.083
287.652,163.155,43.237,16.870
287.713,163.078,43.167,16.744
287.595,163.036,43.187,16.614
287.248,162.928,43.101,16.457
286.917,162.834,43.076,16.320
286.896,162.789,43.039,16.191
286.994,162.585,42.852,16.076
287.039,162.505,42.295,15.981
287.450,162.307,42.421,15.952
287.398,162.143,42.210,15.946
287.202,161.996,42.108,15.892
288.687,161.660,41.855,15.882
289.730,161.234,41.494,15.947
289.528,161.096,40.654,16.020
290.524,161.018,40.227,16.039
291.207,161.047,39.985,16.101
292.173,160.927,40.149,16.208
292.227,160.704,40.268,16.276
