665.000,86.000,248.000,432.000
654.274,89.049,242.130,427.923
659.606,96.347,244.988,421.059
646.283,104.303,242.742,411.704
661.192,90.903,244.490,412.791
642.838,58.767,243.685,438.476
642.915,52.098,231.744,449.628
647.774,40.092,219.717,465.154
645.432,71.394,212.480,459.446
631.809,44.010,212.743,467.177
638.518,24.942,212.312,479.866
655.156,57.814,223.438,469.571
656.828,79.726,235.045,455.427
639.057,63.688,226.271,449.360
640.986,39.979,214.187,456.869
639.444,34.641,215.533,462.626
624.797,35.562,224.408,462.894
643.570,49.603,232.057,460.269
639.475,56.607,222.619,454.487
632.165,57.344,222.572,451.230
641.010,70.199,234.025,444.515
619.871,52.097,245.304,451.999
641.214,54.599,264.378,450.815
640.896,54.721,279.784,454.913
613.618,33.149,288.363,467.823
617.136,35.926,275.978,479.753
620.382,41.233,262.543,484.121
621.036,68.777,257.559,475.863
625.878,65.753,260.938,470.547
629.264,74.984,283.727,463.611
618.881,73.307,314.485,462.218
619.880,87.483,333.384,457.708
648.374,85.771,361.753,452.893
626.669,87.690,351.879,458.025
613.576,97.413,325.702,457.544
610.963,62.696,296.928,474.809
625.467,102.627,278.907,465.768
636.293,80.488,276.435,473.841
638.789,89.265,298.048,476.083
629.418,73.389,325.896,484.623
629.020,69.655,335.002,485.837
608.690,70.125,315.777,488.754
615.915,64.064,283.701,497.498
602.636,113.764,267.376,481.373
600.505,123.591,267.965,466.521
597.994,119.799,277.921,453.072
654.484,79.803,267.948,462.825
655.992,69.137,257.529,470.816
660.070,45.746,248.204,486.633
648.639,48.822,259.068,492.086
636.973,28.942,262.929,503.350
630.205,57.398,253.462,498.104
612.939,89.679,247.500,491.077
579.330,69.445,270.601,494.736
545.049,76.128,290.818,497.503
555.787,60.264,306.075,504.566
558.439,57.130,319.753,511.000
593.362,55.437,302.156,521.266
601.914,65.153,278.108,515.432
591.179,113.536,279.786,489.896
590.725,116.396,280.258,480.936
583.428,99.226,287.035,482.601
611.858,71.679,281.989,494.522
648.089,61.118,273.786,499.812
664.904,61.158,265.452,503.803
649.308,73.918,242.989,497.160
649.420,113.659,246.755,479.173
646.960,118.984,265.785,464.568
597.745,107.454,291.883,467.004
602.975,78.083,314.104,490.650
575.469,90.549,340.052,497.567
604.356,74.829,348.277,518.697
641.870,49.609,328.802,534.384
653.972,61.605,296.752,536.531
654.051,94.176,267.732,519.132
628.477,137.968,269.533,494.243
609.142,94.387,292.581,498.267
625.005,83.256,309.385,503.119
674.156,57.578,298.689,519.349
684.282,34.613,288.822,533.762
681.202,34.573,265.993,543.375
667.545,87.953,253.255,519.241
651.675,108.454,261.979,504.607
648.662,117.591,274.880,485.162
631.125,103.999,299.452,489.413
594.255,94.381,343.172,495.767
575.521,84.328,378.888,503.664
586.118,85.346,388.105,504.287
636.174,65.524,346.763,517.173
646.389,49.486,305.921,524.299
622.573,97.887,288.381,506.707
598.464,71.428,303.218,508.001
581.284,51.015,337.056,503.451
589.691,67.978,362.521,488.224
629.685,43.240,354.521,493.158
664.740,46.690,321.500,496.671
652.823,41.064,290.903,490.843
647.089,61.514,271.942,478.982
633.759,70.615,274.409,469.608
587.693,68.137,291.871,461.545
569.077,65.496,330.664,463.856
551.810,58.069,361.680,472.923
539.898,42.955,388.071,478.314
548.865,34.900,383.790,487.416
581.070,22.473,334.451,496.169
597.164,13.926,289.736,501.672
571.406,43.271,291.704,494.546
548.722,31.053,325.502,489.809
554.985,27.904,347.622,481.594
598.198,12.831,347.176,493.404
611.106,12.023,328.891,495.601
615.810,41.731,295.958,493.875
615.600,42.141,262.928,488.425
606.903,55.080,258.243,478.475
581.437,60.420,288.606,471.922
562.266,63.916,318.628,471.805
572.799,75.341,344.658,475.411
572.713,81.995,368.843,481.436
583.006,80.200,377.787,486.697
582.958,66.419,345.270,498.599
593.772,71.970,302.833,499.141
562.742,89.557,305.226,490.365
519.647,77.197,331.877,477.635
544.091,73.493,348.598,477.285
550.523,71.399,373.106,478.331
589.686,71.964,378.586,482.524
611.172,66.063,382.528,475.583
627.494,84.578,359.684,468.722
619.077,80.994,339.482,466.333
611.439,92.570,317.749,463.592
641.454,87.778,314.909,468.966
652.555,86.490,313.521,479.114
619.411,120.326,325.118,461.978
562.941,118.649,348.806,441.350
500.974,101.482,364.679,421.347
477.410,117.048,366.621,410.162
485.760,139.396,351.931,417.813
488.850,114.489,336.134,430.517
452.577,94.773,340.241,424.819
452.019,110.634,344.631,403.427
475.807,88.530,326.206,404.600
521.222,105.293,315.337,393.877
540.722,99.427,312.494,394.205
554.188,112.405,311.058,392.196
547.610,77.410,311.828,415.501
543.933,98.186,304.581,426.876
542.449,111.049,295.846,423.552
514.493,108.948,293.996,413.027
467.686,130.965,308.828,396.468
458.106,139.482,308.315,392.359
457.508,136.789,312.278,381.896
472.179,149.289,311.278,369.548
473.720,133.529,308.570,373.829
502.714,152.281,292.278,370.774
547.839,149.118,285.063,370.076
596.823,136.049,286.067,379.293
606.143,141.903,291.073,380.571
616.160,136.396,294.438,390.000
614.900,149.241,295.308,406.705
600.812,154.679,292.741,421.372
556.302,148.875,292.786,410.467
517.905,149.207,302.037,390.394
499.569,133.421,298.376,382.296
492.515,153.453,305.271,367.329
481.001,135.656,297.867,369.669
493.817,154.300,292.006,359.872
530.735,137.103,277.002,363.623
575.163,137.091,269.803,364.774
602.428,107.752,263.524,376.059
604.390,98.527,264.763,388.080
615.613,86.945,271.750,396.166
619.267,123.490,275.217,384.108
603.187,135.859,273.851,369.013
598.260,137.864,264.394,362.610
586.103,133.398,248.249,365.379
541.031,140.969,262.681,365.496
530.370,123.645,275.466,369.467
526.489,134.018,279.647,368.901
550.845,106.720,265.291,381.166
560.117,84.942,252.966,398.648
589.710,99.527,250.896,401.426
603.102,104.718,259.066,398.756
599.641,106.634,263.851,392.729
604.760,109.388,271.824,388.158
573.162,126.616,268.367,377.675
583.564,107.192,260.080,376.472
587.667,115.626,249.144,374.318
553.565,123.967,249.788,372.164
511.510,142.775,274.932,364.894
512.583,134.392,291.677,362.583
503.914,116.705,298.929,366.912
528.963,108.770,284.537,370.092
559.848,104.344,266.805,375.196
570.600,87.693,252.488,386.009
602.153,79.547,249.692,397.571
615.050,91.762,262.165,396.926
619.663,92.347,270.658,395.295
626.461,103.090,274.988,391.977
612.593,108.962,267.030,390.501
599.723,115.573,254.289,387.123
625.771,131.041,244.080,381.079
605.617,152.456,241.128,371.020
573.907,163.519,257.220,367.560
559.000,136.977,276.737,369.253
569.934,132.028,278.458,373.707
578.991,136.482,265.937,376.188
578.705,120.233,254.953,385.678
611.845,105.901,243.818,401.125
628.643,96.282,243.009,412.832
647.381,123.800,255.128,407.998
653.400,121.685,262.621,406.020
671.032,118.299,271.258,404.332
635.284,123.646,273.576,401.123
602.926,137.546,256.563,395.003
615.460,154.412,243.161,383.436
591.393,155.397,239.289,378.285
567.188,143.962,248.038,380.822
583.285,136.502,258.816,385.280
556.077,134.938,272.952,388.688
536.930,153.600,272.062,381.989
557.010,159.792,264.908,377.544
576.507,122.830,255.930,390.055
592.819,128.451,248.146,395.748
633.756,149.834,255.645,393.586
638.067,129.953,271.009,398.655
636.328,118.767,283.770,403.617
628.717,92.543,291.781,419.132
636.331,106.565,295.782,421.800
617.648,137.619,285.423,408.329
585.356,139.235,275.830,393.766
573.655,147.914,267.627,378.895
550.704,165.167,280.242,367.599
571.410,149.483,281.628,372.749
590.642,123.104,276.260,391.960
588.102,121.075,262.692,404.863
590.738,112.919,251.997,413.088
611.444,107.993,252.263,424.128
624.146,98.830,268.458,429.520
625.561,107.704,272.299,429.405
621.895,89.440,273.375,447.677
615.644,77.476,261.377,477.310
578.388,61.910,257.329,489.798
567.464,47.942,259.801,487.955
558.327,28.522,260.477,482.111
587.500,48.300,252.014,479.798
582.936,10.969,246.560,494.635
590.788,14.914,239.692,508.383
593.855,10.906,243.997,515.752
604.692,9.500,255.385,514.120
607.393,17.624,258.305,512.604
595.982,17.353,251.002,511.052
591.425,40.755,241.770,498.910
590.123,15.791,245.009,503.653
592.269,24.515,245.229,502.564
581.303,11.607,240.173,511.899
590.027,9.977,238.740,516.621
591.529,12.638,242.108,518.605
592.814,-4.844,248.682,512.187
600.804,9.122,251.896,510.496
593.486,8.836,236.407,507.906
591.556,23.599,237.286,502.421
584.285,8.637,244.292,500.880
580.912,14.943,239.147,495.702
586.648,15.315,234.505,506.837
582.108,20.581,230.452,507.691
588.087,-0.185,245.179,507.201
583.052,-5.163,259.262,512.342
591.530,7.843,263.891,513.131
585.296,5.716,247.492,498.582
573.913,5.062,245.326,484.283
573.173,11.078,254.393,489.214
575.567,-4.904,248.457,506.028
582.913,16.421,250.396,504.757
598.356,17.160,250.792,506.685
593.105,35.111,251.312,501.328
589.366,59.592,256.002,494.722
595.810,59.276,264.881,494.666
582.768,86.263,264.962,489.416
583.705,89.837,266.237,489.171
605.481,109.117,289.152,488.498
613.062,121.637,308.981,480.396
605.536,122.391,316.735,477.085
604.976,121.553,320.146,476.487
630.725,115.418,316.312,481.374
618.216,136.435,311.992,475.977
585.517,161.860,317.282,464.441
597.849,129.634,316.707,467.318
600.294,162.790,332.232,458.884
662.369,131.474,338.454,462.168
654.814,124.714,342.760,463.279
663.588,121.484,346.273,465.990
622.371,125.180,355.461,463.552
641.458,122.111,359.550,463.591
613.671,143.857,369.724,456.555
616.387,143.167,374.679,451.964
624.773,135.712,376.441,452.367
618.066,134.296,377.018,452.658
633.646,128.661,379.584,452.718
636.236,129.825,382.423,451.524
643.159,129.177,384.682,451.100
635.297,130.892,385.756,449.101
616.881,119.051,382.154,450.145
650.001,105.433,376.518,454.620
606.699,122.543,376.624,453.689
639.213,174.876,383.103,434.801
628.371,171.668,388.185,426.540
624.878,160.659,393.368,422.805
633.053,126.217,395.240,431.694
625.923,132.421,397.281,437.458
624.392,141.133,397.053,438.812
615.684,143.001,395.814,436.844
622.606,157.685,396.737,431.889
621.805,192.255,391.189,422.002
638.197,135.775,381.681,430.123
605.565,174.302,377.177,427.921
579.232,192.616,383.888,425.757
569.240,157.686,384.456,433.271
565.092,167.319,379.941,437.798
569.103,173.581,388.178,439.653
569.615,162.907,393.525,446.101
548.438,150.418,401.018,451.076
523.933,176.915,414.206,444.209
514.182,184.037,427.826,434.256
525.404,193.013,433.929,427.607
523.046,164.290,437.227,434.397
529.782,185.905,440.299,434.404
522.997,213.023,447.890,420.869
518.984,225.870,459.618,412.983
525.859,211.068,467.412,423.373
537.238,201.229,469.257,443.701
487.795,176.029,459.948,465.343
486.457,180.979,443.213,480.108
482.951,168.042,434.378,492.988
485.615,141.808,433.512,513.573
496.643,156.836,425.635,522.675
493.286,112.032,407.753,546.934
488.803,82.869,389.980,565.842
456.204,80.137,362.337,579.970
473.127,65.938,346.943,588.198
496.731,18.457,330.321,596.319
473.243,6.480,325.500,608.236
459.082,34.744,313.139,620.599
455.887,11.634,302.552,641.083
448.951,24.698,292.692,646.530
444.248,23.376,285.806,642.416
445.039,-7.675,281.036,642.793
452.009,-2.988,272.025,642.500
452.703,1.072,266.130,644.147
471.574,64.036,253.852,618.082
457.823,-3.093,249.491,628.617
482.560,4.111,246.501,623.045
469.429,14.796,242.744,623.327
467.125,31.034,243.290,617.154
469.383,13.596,253.014,617.485
460.707,17.720,259.176,624.124
467.029,37.237,257.848,619.554
486.892,33.299,263.893,616.567
471.178,40.986,268.143,621.372
474.608,48.909,265.214,621.767
475.917,53.914,266.052,623.227
480.072,49.000,268.046,625.208
485.812,45.211,272.236,631.034
503.043,34.187,277.966,639.748
503.617,15.510,288.088,655.002
509.600,35.241,296.052,654.356
520.132,42.504,310.814,645.776
514.044,58.782,324.296,638.573
643.570,1.102,341.734,623.499
648.964,53.445,358.531,613.699
508.430,98.078,359.078,607.699
535.857,68.534,360.904,610.860
579.699,71.112,370.740,606.994
580.196,46.087,390.581,607.845
597.812,39.246,411.080,615.243
631.534,61.866,405.647,618.388
