585.000,157.000,166.000,509.000
571.109,154.569,166.820,493.801
567.637,161.052,166.816,486.608
562.533,158.526,165.730,486.179
555.190,158.887,167.192,488.998
550.341,158.159,168.945,492.408
546.418,158.432,170.319,496.461
542.879,159.718,170.028,496.844
538.055,156.543,169.877,495.123
534.589,158.969,169.467,494.896
531.714,162.545,170.306,494.986
528.572,159.473,170.013,492.964
530.678,165.344,169.777,492.327
525.752,157.683,168.460,493.904
528.392,163.127,168.221,491.890
523.443,156.573,168.420,494.588
524.227,157.542,167.787,492.542
523.858,161.597,166.896,492.963
520.439,163.992,166.012,491.569
521.662,161.053,165.478,488.775
525.930,161.529,165.815,488.012
524.624,160.954,166.646,491.530
525.726,164.526,166.967,491.500
527.932,166.857,166.539,491.603
531.455,169.350,164.561,491.707
535.923,170.518,163.503,490.480
539.462,169.840,161.686,488.967
541.838,168.664,162.513,488.672
539.850,172.208,164.028,487.827
544.715,173.599,166.032,486.033
541.911,171.893,165.198,487.468
540.911,172.275,166.178,486.864
541.627,176.873,167.707,485.820
540.760,178.220,168.287,484.955
541.820,177.323,168.903,483.933
543.494,185.680,168.754,480.707
543.564,186.292,166.792,475.864
543.580,188.446,166.124,476.831
543.883,184.840,166.015,476.791
543.526,186.022,166.690,481.511
547.358,183.318,167.107,477.005
545.406,184.851,166.772,476.866
546.084,185.574,167.193,477.687
547.569,183.974,167.327,477.417
547.133,187.923,167.385,475.297
548.404,196.036,167.074,467.676
545.121,194.868,165.481,465.499
545.485,194.641,165.526,466.240
543.005,195.210,164.057,467.880
545.677,192.370,163.922,466.398
546.086,189.991,165.783,470.733
543.914,190.802,164.687,468.231
541.682,189.685,163.453,468.950
541.761,191.157,163.212,467.232
540.036,191.455,161.850,463.553
534.303,192.815,160.766,462.129
535.104,194.346,163.054,460.434
527.834,194.808,162.608,463.164
527.796,195.944,164.170,462.035
523.267,191.265,164.204,464.565
517.044,194.158,164.033,464.578
511.988,194.705,165.085,467.486
503.609,192.648,164.469,472.069
503.582,195.674,162.415,465.193
499.463,196.072,162.910,464.141
498.783,196.596,163.785,462.959
494.404,200.110,164.572,463.011
492.698,199.953,163.145,461.785
490.710,197.892,162.408,460.953
487.773,200.400,162.023,461.338
482.782,200.472,159.777,459.179
482.630,201.906,157.605,455.561
481.062,206.319,156.392,452.349
478.434,201.617,156.277,452.384
475.609,203.969,157.311,452.187
472.701,201.643,156.879,450.220
470.729,200.760,157.511,449.039
473.563,205.171,158.109,444.660
467.839,205.091,157.892,444.729
472.985,199.915,158.318,443.152
464.231,197.565,158.501,444.669
468.592,198.285,159.300,443.549
462.519,197.372,159.942,443.779
465.422,201.718,159.698,442.477
464.325,198.209,159.362,441.189
464.836,195.803,158.908,439.291
470.329,192.664,159.486,436.672
468.911,194.135,159.786,436.788
469.386,193.807,160.478,437.428
470.847,194.097,160.601,436.546
474.810,197.079,160.612,435.788
474.298,196.439,161.572,434.952
478.534,197.338,163.183,434.958
478.107,196.574,163.829,436.536
476.313,195.287,164.420,436.948
478.874,198.700,164.828,433.278
494.151,205.903,167.108,429.073
494.324,203.315,171.380,426.117
493.856,209.256,174.093,420.962
488.535,209.866,176.452,416.822
494.677,219.319,181.006,410.775
483.143,220.558,182.398,415.379
480.797,225.363,183.622,419.213
498.236,224.619,189.429,419.969
489.682,230.671,192.003,417.250
586.684,211.133,192.454,412.148
478.520,237.029,191.827,411.910
489.918,225.160,194.940,413.003
475.391,234.819,196.854,412.458
471.925,235.954,197.578,411.496
470.164,229.205,195.555,412.807
471.889,227.851,194.444,413.769
474.697,227.427,194.190,413.425
473.997,230.121,192.892,412.531
471.987,225.652,192.393,413.465
488.299,231.578,194.831,412.320
477.576,224.114,196.851,412.533
480.660,226.376,197.846,412.348
467.863,226.281,198.324,414.049
469.693,223.579,195.816,413.942
468.069,220.305,193.265,415.643
484.772,225.555,195.811,414.361
477.348,221.286,197.026,413.096
472.207,224.544,196.150,412.638
471.295,224.152,195.728,414.100
464.549,218.930,195.382,416.850
465.626,206.425,194.499,416.540
463.700,207.057,198.729,412.923
458.025,209.809,198.628,414.703
445.997,220.991,196.059,417.698
447.736,219.760,194.548,420.573
449.817,217.589,193.136,422.575
451.073,216.724,192.997,423.881
452.881,211.391,190.338,428.031
457.823,211.423,189.246,430.520
449.811,204.853,188.444,432.809
455.273,209.262,188.584,434.470
457.286,203.312,187.762,437.060
459.805,190.522,188.515,438.335
452.060,195.139,187.379,440.524
462.899,196.786,189.757,441.156
451.995,194.093,189.142,443.780
463.945,194.228,193.132,443.236
451.076,197.946,191.782,444.979
454.506,192.510,194.463,449.479
464.774,185.884,197.932,451.972
457.398,182.561,197.502,454.136
459.240,181.014,196.911,456.123
461.648,182.395,197.156,457.998
462.005,184.571,199.597,459.025
468.304,185.539,201.525,456.872
465.927,188.694,202.270,455.049
469.594,185.966,204.309,453.784
464.154,184.128,203.157,454.324
465.457,188.027,201.877,453.208
462.517,193.404,199.056,453.910
469.493,189.519,200.248,455.458
465.740,188.493,199.900,455.602
468.104,190.522,200.443,457.767
475.308,196.848,204.743,455.583
470.366,196.474,206.613,453.266
469.405,194.877,209.245,454.582
464.854,189.667,210.250,455.098
454.100,187.405,210.181,460.083
455.914,183.995,210.572,463.131
458.745,188.883,212.454,463.386
655.383,144.074,209.340,452.226
674.819,149.090,204.550,447.619
674.613,149.832,201.009,439.428
689.258,149.505,196.342,433.218
689.024,147.873,194.210,427.777
687.317,160.096,193.295,424.416
705.907,152.149,189.960,422.410
705.092,158.340,187.577,418.515
709.374,159.858,185.289,417.549
703.918,164.066,185.172,416.480
706.702,158.770,186.049,417.420
702.433,160.912,188.132,418.468
693.989,165.349,191.956,421.628
700.023,162.702,192.719,422.936
687.779,171.327,197.258,423.822
697.529,165.641,198.215,423.191
674.091,175.948,203.980,423.864
694.102,164.469,204.853,425.330
683.565,162.314,208.656,427.155
701.117,158.404,206.368,425.930
685.382,170.423,207.474,427.091
704.326,166.668,202.990,429.331
690.022,171.163,205.128,430.580
709.196,165.833,203.477,433.693
701.094,159.334,206.151,434.027
715.193,151.093,204.551,436.673
718.006,149.008,202.547,437.754
710.640,156.744,203.098,437.613
725.506,158.780,201.086,439.033
706.139,173.712,201.687,439.154
725.640,172.456,200.015,438.655
741.334,164.620,197.949,437.407
735.214,166.136,199.543,437.599
748.806,160.305,198.683,441.383
744.269,166.165,199.457,442.799
757.862,154.160,198.461,444.759
757.142,148.779,200.507,451.279
756.890,142.387,201.927,455.554
757.480,138.693,204.327,463.138
761.121,137.686,205.793,465.958
773.770,135.221,203.551,465.777
771.641,140.018,203.241,464.481
770.984,138.208,203.357,462.510
784.700,138.770,201.781,463.921
768.943,148.522,203.257,463.835
779.957,146.297,200.911,462.746
761.320,153.176,203.640,462.813
751.261,156.422,205.595,461.058
774.146,148.265,204.286,462.414
769.263,155.989,202.956,459.364
761.537,158.563,204.530,457.230
775.124,159.284,201.268,458.430
761.465,166.116,204.299,460.431
768.397,159.096,203.613,462.989
617.118,201.475,213.719,474.694
617.297,194.933,226.486,480.536
607.313,193.433,234.914,489.157
608.241,191.880,240.267,497.715
610.450,185.996,245.140,503.259
607.809,186.922,247.162,506.204
611.154,189.355,248.828,506.358
615.438,191.683,250.948,501.208
616.248,201.769,253.282,499.707
608.979,200.557,253.683,497.879
772.436,161.913,245.847,492.847
757.510,160.324,243.611,490.533
779.853,171.289,240.546,488.272
777.187,165.458,235.647,484.034
806.331,156.708,225.438,486.719
801.579,166.099,219.797,489.849
790.349,167.342,219.867,486.759
805.529,163.765,216.103,489.026
776.195,168.244,218.827,488.198
796.569,165.720,218.651,489.695
776.748,168.264,222.043,490.236
806.610,167.682,216.732,488.547
789.277,172.770,216.788,490.367
812.487,164.584,211.249,489.430
782.726,168.757,213.886,488.800
809.215,168.161,212.667,487.424
789.222,171.622,216.185,485.042
796.508,170.609,216.034,483.367
797.239,166.152,216.238,483.866
627.574,195.110,225.772,496.200
626.621,190.112,238.423,506.261
627.727,183.865,245.691,510.780
617.098,186.392,250.312,517.734
616.702,182.530,254.312,521.639
611.711,191.297,255.902,520.249
614.690,186.654,258.344,522.178
780.811,141.349,247.081,517.112
750.027,152.589,246.187,512.451
771.799,149.896,239.841,506.028
751.313,159.690,239.423,504.459
772.912,152.143,231.814,502.307
786.689,156.614,225.734,504.841
758.309,159.477,228.537,504.385
774.143,152.198,225.622,504.453
785.652,162.201,221.945,508.744
753.473,162.326,227.573,510.912
766.855,161.541,229.395,511.604
786.567,161.728,227.934,514.806
772.021,159.245,232.946,514.622
785.332,161.162,232.093,515.030
755.387,165.244,238.876,516.084
770.414,159.678,241.795,514.228
779.762,161.047,244.879,513.803
626.735,186.471,256.630,522.432
627.679,183.165,258.936,527.399
628.466,179.055,260.470,529.991
634.002,173.562,259.812,534.544
637.194,167.440,260.239,539.671
633.099,166.322,261.885,541.876
636.594,165.926,265.957,543.969
648.242,161.639,270.863,544.311
628.591,166.944,271.748,543.945
633.145,162.197,272.773,545.194
632.280,162.074,273.429,545.848
824.598,145.952,269.575,537.195
854.324,139.916,261.864,531.043
856.251,140.405,256.310,525.275
853.034,140.438,252.537,521.896
877.574,139.842,246.486,518.047
878.567,146.134,240.561,517.012
879.704,147.864,237.740,517.967
881.552,147.254,236.747,519.238
881.122,149.129,236.840,519.091
891.560,145.834,237.636,521.302
888.836,144.674,239.670,523.115
909.278,140.829,238.165,523.527
910.674,144.769,235.724,523.896
913.796,144.072,235.052,524.472
914.679,148.247,233.485,527.339
913.072,147.134,236.189,536.547
909.115,139.883,241.371,541.557
916.142,138.469,242.028,545.920
927.429,133.025,241.167,550.180
928.418,128.737,240.462,551.127
925.733,131.487,245.325,553.499
926.483,139.527,247.858,549.549
923.082,142.115,250.177,550.181
935.058,141.753,250.374,550.227
943.355,139.262,250.505,551.857
943.442,139.136,249.062,554.500
944.677,130.295,247.211,557.450
941.147,126.034,248.686,561.100
942.328,121.053,249.537,564.935
938.541,115.519,250.647,567.619
936.294,113.746,251.519,568.130
930.778,100.238,255.532,569.343
920.959,110.002,257.536,575.979
935.504,103.996,258.316,581.489
938.779,100.223,257.000,586.006
946.410,106.389,254.811,588.550
942.534,98.769,257.421,593.329
938.554,98.091,260.466,593.534
941.122,100.698,262.806,595.881
925.403,95.856,269.117,598.212
920.922,103.251,277.469,598.959
926.101,101.276,282.672,598.835
931.189,98.718,286.955,598.981
935.303,96.539,289.195,600.089
919.964,96.434,290.621,600.599
924.908,103.311,293.387,600.231
952.930,102.790,291.353,599.979
977.953,106.931,282.587,600.117
968.692,108.072,280.311,599.018
979.000,106.502,275.931,600.027
970.955,108.184,276.150,601.177
985.027,97.649,271.678,602.854
969.071,105.426,271.446,604.881
986.822,82.371,269.845,604.992
984.213,89.755,270.646,607.813
969.312,92.836,271.382,609.428
971.363,88.303,273.674,614.606
972.316,85.399,274.553,620.215
985.503,85.069,272.936,622.613
996.487,81.104,269.648,623.379
998.191,80.307,266.488,624.476
1004.825,81.615,262.768,626.290
1008.695,81.286,258.731,627.538
1008.640,75.280,257.036,627.793
1010.959,70.727,254.510,627.730
1010.092,69.457,253.131,627.933
998.579,63.678,257.358,626.459
994.300,70.893,262.270,625.796
1017.024,78.416,260.312,624.416
1038.658,76.578,253.598,621.778
1036.387,84.939,247.160,617.937
1032.339,90.859,243.654,616.136
1032.262,89.375,240.458,616.982
1023.118,85.369,240.312,617.812
1040.856,81.949,237.378,621.201
1000.634,81.474,241.849,622.201
1027.241,74.376,241.956,622.423
1030.678,74.821,241.988,622.684
1033.412,72.658,242.220,624.932
1002.760,68.199,244.049,623.488
1026.915,65.442,244.322,621.663
1031.046,68.034,243.076,622.533
1036.310,69.959,240.334,623.190
1046.063,79.701,235.862,623.852
1047.045,73.117,233.131,626.265
1049.908,73.631,231.529,625.737
1055.387,73.990,229.454,625.096
1054.392,72.623,227.356,624.886
1056.445,70.106,226.494,626.508
1046.546,71.080,228.593,626.966
1028.304,70.463,236.768,624.508
1022.833,72.279,242.558,624.740
1027.266,75.690,245.087,626.534
1040.174,76.157,243.836,626.569
1066.550,75.275,236.551,625.234
1044.168,78.099,235.381,622.572
1062.981,69.095,231.903,618.999
1043.231,75.512,231.177,617.558
1055.120,69.184,229.563,618.375
1058.519,65.362,227.438,619.677
1031.796,67.130,226.994,617.649
1043.896,68.475,225.878,617.843
1059.481,63.437,222.358,616.779
1078.649,66.637,218.409,615.731
1062.657,76.338,218.929,615.945
1066.157,72.225,219.094,616.982
1066.047,70.605,220.582,616.184
1085.676,69.066,216.779,617.560
1087.487,72.156,213.584,615.408
1089.133,70.099,210.019,613.483
1083.115,85.838,209.180,612.322
1081.313,79.590,209.392,611.161
1088.507,81.062,207.623,611.128
1094.370,82.210,205.981,611.487
1092.070,81.103,205.749,611.279
1083.314,76.810,205.831,609.347
1059.984,78.310,210.805,608.504
988.914,102.891,224.608,604.719
762.816,121.862,244.521,600.987
755.119,114.843,259.613,597.210
750.055,121.298,271.102,594.432
750.082,125.059,279.571,589.415
745.640,128.094,288.065,585.721
734.913,131.638,293.091,579.835
731.828,131.970,296.688,578.203
729.067,133.481,300.013,577.739
721.957,130.495,302.806,577.959
719.009,127.164,304.337,576.983
714.259,131.734,306.689,575.218
720.110,126.890,306.182,574.775
717.514,117.725,305.290,575.913
721.652,116.807,306.789,575.798
726.557,122.092,308.325,575.866
725.097,115.766,309.089,577.156
722.083,108.761,312.562,578.864
728.615,113.892,317.097,578.139
712.657,109.502,312.139,580.250
722.542,111.619,313.532,580.064
728.217,107.868,318.373,580.753
733.473,122.163,322.243,580.789
716.188,117.605,320.373,581.140
713.057,118.055,320.950,581.064
718.240,122.105,319.600,582.464
722.578,131.782,318.973,581.316
722.574,124.630,320.658,582.884
722.054,121.900,323.488,584.195
724.918,137.685,321.714,582.411
727.008,134.838,320.111,580.391
723.793,141.427,320.553,576.363
725.053,145.052,318.342,573.898
726.959,148.748,317.514,571.270
719.949,136.539,320.268,572.778
716.594,133.764,321.220,571.680
712.339,128.884,322.418,572.453
704.836,122.312,324.589,572.354
693.143,124.427,325.785,574.308
682.337,116.038,324.062,575.793
676.627,117.115,326.449,577.043
667.681,107.716,331.307,580.031
671.155,110.926,335.865,581.789
667.863,99.721,337.689,583.527
659.497,113.000,338.417,583.959
653.756,115.231,337.660,582.252
664.976,118.281,338.077,581.540
658.887,126.630,340.757,580.989
637.810,116.940,343.283,581.695
