444.000,169.000,49.000,135.000
441.724,163.417,48.605,132.198
439.617,162.139,48.613,129.121
437.073,161.374,49.101,129.434
438.073,159.665,50.116,132.329
438.472,158.197,49.412,132.445
438.200,157.359,48.527,131.612
435.878,158.165,47.724,131.383
436.048,160.071,47.885,132.474
435.728,162.318,48.039,131.039
435.149,165.704,47.805,130.056
435.458,169.388,47.730,127.726
435.419,170.874,46.874,121.802
435.408,174.498,46.694,121.020
434.907,175.829,45.805,122.920
434.688,174.464,46.306,124.641
433.017,173.929,47.604,126.943
428.010,172.906,48.009,128.141
424.793,170.112,48.115,130.306
421.977,168.445,46.996,130.130
417.862,170.538,47.288,131.608
416.753,172.389,47.071,129.080
414.824,175.969,47.892,127.647
414.137,177.152,47.453,126.010
414.035,176.639,46.801,124.439
412.028,179.096,47.788,124.123
409.606,178.996,48.701,122.646
406.816,178.534,49.927,122.193
405.763,179.024,50.440,122.317
404.882,177.583,49.723,123.381
404.482,175.899,47.756,125.377
400.925,174.775,46.797,128.173
401.619,176.005,48.487,126.855
398.573,177.113,49.001,127.090
397.141,175.183,50.377,126.939
396.248,175.048,51.044,127.450
394.112,173.877,50.914,127.210
393.723,172.649,50.757,126.113
394.191,174.151,49.800,126.783
393.104,173.940,49.904,126.593
392.322,174.021,50.378,127.195
391.772,173.458,50.215,126.739
390.561,173.119,49.692,126.996
389.555,172.455,50.354,126.670
386.178,172.470,51.189,126.592
384.269,173.904,52.424,126.547
385.002,174.791,52.416,126.378
380.612,173.927,54.286,126.793
381.459,174.271,53.806,126.885
379.688,173.030,54.555,127.778
374.602,174.318,56.719,128.817
372.137,173.554,57.856,129.593
369.810,173.237,59.183,129.868
368.435,173.626,60.408,129.168
366.228,173.101,61.197,129.377
364.148,172.469,62.350,130.052
361.138,172.613,63.083,129.810
361.329,174.105,62.738,129.672
361.116,174.465,63.039,129.447
357.145,175.727,63.026,129.014
357.851,176.225,63.699,128.834
354.796,177.448,63.846,128.772
355.225,175.583,64.433,128.102
353.486,176.303,65.462,128.457
350.810,178.370,65.705,127.847
351.263,179.671,65.648,125.970
351.268,180.797,64.603,124.861
355.354,180.520,62.718,124.901
348.627,181.148,62.774,124.243
353.109,180.201,62.362,123.477
353.290,181.614,64.473,123.429
352.624,181.004,65.004,123.138
349.119,181.764,65.243,123.268
358.369,177.578,64.901,123.864
381.996,175.703,61.413,124.800
346.745,179.502,60.227,123.422
388.346,172.469,56.779,125.451
386.271,171.421,54.092,127.360
383.438,169.751,53.233,129.221
389.108,167.772,51.551,130.365
345.546,175.033,50.160,127.890
345.439,177.173,48.458,125.682
346.212,177.655,47.461,124.646
344.263,177.645,46.593,123.677
341.866,176.936,45.652,122.930
339.165,176.731,44.920,122.426
337.338,176.423,44.150,122.814
335.005,177.787,43.661,122.432
332.168,174.276,43.653,123.264
329.871,174.027,43.922,123.956
326.775,173.262,44.270,124.296
324.580,173.025,44.773,124.728
323.360,174.223,44.685,125.377
323.231,174.192,44.566,126.631
323.623,175.241,44.674,127.371
323.562,175.203,44.627,128.665
322.401,175.446,44.852,129.779
322.094,174.932,45.064,130.751
363.351,167.040,45.482,135.115
362.814,168.472,44.699,139.380
363.723,165.865,44.235,143.105
364.016,167.803,44.922,143.120
364.345,166.186,45.742,143.005
363.882,167.890,46.919,142.839
363.751,168.669,48.014,142.484
334.933,168.042,52.675,142.956
335.900,169.608,56.297,142.580
332.145,171.341,57.151,141.784
334.073,171.350,58.285,140.425
337.485,171.959,61.535,139.399
336.532,172.309,61.874,139.416
333.877,172.022,62.674,139.186
335.738,173.180,64.020,137.518
335.721,177.010,66.616,135.842
336.415,178.190,67.701,134.561
335.034,178.949,67.359,133.408
335.231,179.526,68.151,133.019
331.656,177.742,64.982,133.306
331.631,178.609,62.922,132.943
333.315,178.640,63.486,133.536
333.848,181.605,64.640,133.315
334.865,181.891,65.688,131.789
332.638,181.966,63.857,130.445
333.979,181.918,64.087,129.581
335.622,182.486,63.942,129.374
335.872,181.706,64.419,129.149
336.339,181.183,64.188,128.786
335.320,181.023,64.222,128.675
336.932,180.423,63.786,129.200
336.695,181.198,64.673,129.246
337.149,182.424,65.638,129.385
335.993,181.142,67.351,129.903
336.713,181.374,67.018,129.217
336.660,182.304,65.743,128.728
336.575,181.307,63.990,129.334
336.174,181.524,62.834,129.976
333.603,179.282,61.366,131.126
333.236,178.980,60.936,132.470
331.521,181.484,61.664,132.155
329.308,178.407,59.822,132.251
328.255,178.239,59.832,133.211
327.685,176.616,59.181,133.932
322.872,177.447,60.324,133.660
320.985,179.522,60.948,131.460
317.462,179.721,62.250,130.545
314.253,180.676,63.595,131.132
311.042,179.964,63.653,130.393
311.332,180.013,61.421,129.957
312.932,179.916,58.128,129.610
313.720,181.478,55.965,129.393
313.676,182.871,54.712,129.281
313.173,184.144,53.471,128.176
312.429,183.896,52.874,127.650
312.816,181.257,52.195,127.880
312.482,183.117,52.470,128.445
311.854,183.819,52.292,126.321
311.761,184.129,51.427,124.384
311.434,183.867,51.406,124.535
311.836,183.575,51.542,124.676
312.153,183.794,51.142,124.447
312.184,183.111,50.970,125.510
310.804,183.378,51.028,125.739
312.988,183.820,50.185,125.126
313.832,184.955,50.515,123.722
314.778,185.645,51.139,122.079
315.318,186.533,50.789,119.867
314.398,184.357,50.898,120.405
314.269,184.386,50.788,121.129
313.380,182.146,49.934,121.571
313.261,180.602,49.304,123.067
312.445,179.953,49.143,124.195
313.837,179.009,49.389,125.592
312.552,179.604,48.622,125.019
311.240,179.783,48.092,124.666
310.557,179.188,47.356,125.762
310.501,179.698,47.994,126.261
310.236,180.588,49.023,125.875
309.709,182.378,48.755,124.512
311.352,183.350,48.877,123.636
312.175,182.734,48.948,122.343
312.977,185.692,48.780,121.384
313.044,185.286,49.175,120.729
313.278,185.996,49.977,120.208
312.436,187.820,50.120,119.169
310.956,188.183,49.996,118.131
310.585,188.021,49.564,116.665
310.911,188.664,49.510,115.566
312.613,189.222,48.505,114.831
314.309,190.164,47.306,113.725
315.087,191.609,46.157,111.687
313.836,190.526,45.263,110.157
313.886,191.947,46.267,109.659
313.464,190.036,47.087,111.027
313.576,188.888,47.365,111.885
314.007,187.291,47.127,113.424
314.464,185.819,47.819,114.729
313.496,186.382,47.247,116.114
311.956,185.766,46.309,117.122
311.197,186.343,45.268,118.254
312.339,185.879,44.630,119.368
312.875,183.675,45.348,119.449
311.009,185.297,45.328,118.751
310.406,182.922,44.250,116.195
311.947,182.349,45.014,116.610
311.827,182.413,46.651,117.148
311.014,182.527,48.727,117.756
309.213,182.840,50.952,118.682
309.632,183.722,52.790,118.083
308.047,182.189,54.094,118.854
306.552,182.571,54.607,118.610
307.483,182.586,54.982,118.776
307.199,182.458,54.486,118.402
307.860,183.542,53.872,117.416
308.134,182.997,52.646,116.806
307.215,183.301,51.544,116.924
307.541,182.383,49.668,116.890
307.560,180.903,48.324,117.123
306.846,181.796,47.198,117.395
306.602,179.533,45.863,119.011
306.291,178.359,44.245,119.950
306.592,177.847,42.728,120.732
306.556,177.580,41.490,121.478
306.577,177.409,40.632,122.575
306.637,176.511,40.079,123.294
306.763,176.074,40.161,124.654
305.666,176.838,40.092,125.574
304.567,176.074,39.899,125.025
304.052,177.288,40.601,125.030
303.619,176.068,41.101,125.034
304.192,176.045,41.810,124.408
304.091,174.196,42.255,125.648
304.573,175.105,42.814,126.355
304.461,173.742,42.415,125.708
304.410,174.185,42.531,126.050
304.896,176.272,43.148,124.734
304.383,177.659,42.700,121.934
304.355,177.915,41.773,121.382
304.760,174.620,41.148,123.553
305.708,175.359,41.933,124.531
306.334,175.629,42.760,125.089
305.860,175.490,42.499,124.515
305.999,175.039,43.154,125.641
305.769,177.157,42.859,124.720
306.219,176.904,43.793,123.916
306.226,178.364,43.278,122.867
306.235,177.023,43.552,123.045
305.211,177.296,42.760,123.551
306.740,177.059,43.758,124.293
305.012,176.460,44.184,123.892
306.689,174.768,45.578,122.564
306.520,175.020,46.248,121.927
306.915,174.858,48.556,121.757
305.118,175.127,50.232,121.496
305.093,177.396,52.564,120.607
304.039,176.781,53.058,121.320
303.009,176.621,52.208,121.017
303.172,180.742,52.127,120.461
302.212,177.350,50.786,120.032
303.814,178.018,51.266,121.417
302.199,177.333,50.578,121.876
303.287,176.703,51.109,122.807
301.930,178.294,49.200,123.349
302.416,178.835,47.665,122.797
302.330,178.970,46.264,122.803
302.357,178.501,44.996,123.104
303.444,182.282,43.757,121.737
304.553,185.457,42.720,119.528
305.242,185.873,42.088,118.461
305.472,185.846,41.766,118.204
306.196,185.805,41.768,117.410
306.949,187.061,42.185,117.287
307.529,188.053,42.939,116.879
305.939,189.252,42.209,116.497
306.150,189.515,41.652,115.764
305.585,189.638,41.771,115.369
306.584,189.009,42.311,115.329
306.380,189.726,42.040,115.099
307.010,190.641,42.219,114.826
306.591,191.463,42.780,114.438
305.283,192.948,43.426,113.869
304.203,193.157,42.855,113.974
304.730,192.268,42.042,114.646
305.544,193.048,41.523,114.552
306.107,191.135,40.858,115.150
305.369,190.619,40.624,115.376
304.593,189.690,40.682,116.624
304.006,189.752,40.908,116.963
302.374,188.877,41.231,116.733
301.158,188.133,41.183,116.773
301.279,187.868,42.255,116.124
299.211,187.092,42.662,116.087
296.460,184.919,43.280,117.280
293.906,185.154,43.400,117.008
292.622,185.868,43.265,116.403
291.383,184.594,42.635,116.392
289.704,182.300,41.356,116.440
290.917,181.444,41.556,115.977
290.331,181.044,41.948,115.165
290.836,179.429,42.118,113.554
290.078,178.118,43.158,112.652
284.723,177.273,43.542,111.860
281.176,177.667,44.816,111.974
275.641,182.937,43.717,114.741
269.896,197.252,43.102,116.594
