336.000,200.000,276.000,262.000
330.469,197.318,276.256,261.733
327.107,198.374,283.025,263.058
328.796,196.921,285.429,261.864
324.563,197.620,288.753,262.365
327.844,197.633,287.572,261.013
325.823,198.749,288.040,261.466
328.441,197.466,286.787,259.970
324.372,197.589,288.060,260.721
329.276,196.935,287.491,260.391
325.604,198.433,286.126,259.683
328.013,198.433,288.189,259.474
327.401,196.684,287.690,259.729
323.907,196.952,288.981,262.128
328.057,197.615,290.711,260.688
325.811,198.798,289.759,260.083
329.754,199.168,290.332,261.296
325.812,198.761,287.943,262.314
331.692,197.911,289.559,261.525
327.116,199.257,288.371,261.282
328.983,200.934,290.155,261.491
327.395,201.301,289.233,261.095
328.450,202.617,290.734,262.067
326.171,205.094,291.407,262.262
329.184,203.000,292.761,263.006
326.024,204.650,290.292,262.331
331.163,205.535,289.402,260.618
328.880,207.348,285.937,260.361
331.573,205.763,287.335,261.699
328.916,208.273,287.009,261.554
329.932,210.667,284.508,260.035
330.720,206.506,285.676,262.059
331.981,209.084,288.184,264.059
328.103,210.989,286.560,263.545
329.111,210.849,282.276,261.432
328.943,212.972,281.715,261.693
326.106,214.273,276.447,260.127
331.310,213.744,276.103,261.531
330.698,214.263,278.669,261.710
327.299,216.187,276.435,260.484
334.050,215.114,275.923,260.895
328.049,217.889,278.391,260.960
331.831,215.397,279.924,258.914
329.260,218.140,280.670,259.023
331.668,215.627,279.704,259.723
324.851,219.910,278.746,259.754
330.733,214.591,278.185,261.091
326.107,216.980,279.577,261.471
327.279,214.179,278.900,260.176
326.552,218.500,276.626,259.261
333.335,215.283,279.216,259.412
326.026,216.908,277.862,260.176
326.396,215.985,278.636,261.688
323.075,215.577,275.142,261.431
329.987,214.530,278.422,262.207
323.895,218.497,276.886,260.712
329.534,215.737,279.861,261.241
323.509,218.281,279.049,260.571
326.864,214.763,280.190,261.043
322.934,216.870,280.364,261.286
322.260,214.806,277.150,261.833
325.006,215.658,277.793,261.056
322.970,216.582,280.795,262.146
323.775,215.461,277.680,261.488
322.222,219.595,276.051,261.259
328.546,216.723,279.317,262.528
321.911,219.146,278.039,261.787
324.364,216.192,277.609,261.859
323.305,219.057,280.404,263.084
325.260,216.729,278.939,262.290
319.212,219.847,278.944,261.721
328.210,214.754,280.438,263.916
320.402,219.310,276.866,263.834
327.269,214.989,278.886,265.104
322.922,219.646,277.153,263.237
321.663,218.106,276.579,263.134
324.619,217.511,276.619,262.840
319.983,219.634,279.022,264.107
326.471,216.086,280.707,264.444
322.175,220.178,279.039,263.014
320.847,219.410,275.151,261.190
330.379,218.037,279.075,262.409
321.635,220.953,279.184,262.473
328.839,218.082,283.341,262.150
319.777,221.218,281.600,263.080
328.090,218.390,283.496,262.551
322.259,217.679,283.540,265.014
322.027,217.462,279.129,264.156
329.293,216.925,283.548,265.138
320.295,217.531,282.350,265.845
329.618,216.832,284.017,264.221
321.072,219.693,284.267,265.644
324.034,218.207,281.484,264.054
324.179,219.237,277.643,262.283
329.365,218.728,278.971,262.815
325.340,216.952,278.956,263.286
327.722,219.207,282.379,263.814
328.472,217.900,283.109,263.097
324.089,217.955,280.984,263.571
332.690,217.727,282.731,263.405
327.241,218.448,283.227,263.684
327.755,218.125,282.691,263.227
328.133,219.006,280.203,262.556
329.225,219.077,278.672,262.278
329.027,218.987,279.088,263.114
328.719,218.824,278.924,262.382
331.200,216.553,280.376,262.641
330.279,218.345,284.724,264.224
329.719,219.297,284.926,263.314
331.023,217.048,285.264,262.995
326.267,220.162,282.249,262.626
335.149,215.777,285.524,261.858
328.730,219.360,282.406,261.928
335.958,215.483,285.246,262.225
330.499,219.569,283.614,261.793
330.226,219.422,282.266,261.626
335.136,216.075,283.665,261.711
331.467,220.096,282.453,261.894
332.294,218.891,282.259,261.184
333.536,218.904,281.330,260.401
335.345,219.429,281.716,259.687
333.475,221.190,281.317,260.984
334.966,222.189,281.893,259.391
337.543,219.905,283.704,259.716
334.095,221.433,280.310,257.736
339.183,218.618,284.904,259.344
337.876,222.412,286.416,260.236
338.179,219.849,286.923,260.097
336.104,222.126,286.682,259.905
338.473,221.275,285.853,261.249
336.729,221.981,285.044,260.334
342.529,219.799,288.353,260.446
339.195,221.202,287.909,259.967
336.879,222.843,286.657,258.457
340.477,220.498,288.353,259.435
335.597,222.346,284.978,260.086
340.864,221.997,285.334,260.036
338.560,222.449,284.750,259.105
341.207,222.393,286.937,260.336
338.852,222.991,288.215,259.585
338.949,223.428,287.277,259.979
341.284,222.074,287.135,260.954
340.775,221.639,287.845,259.084
339.314,222.396,288.214,257.460
339.489,221.466,286.803,256.263
339.321,220.495,286.501,259.283
339.719,220.840,286.636,258.822
340.240,220.703,285.962,258.492
339.997,220.245,284.694,258.427
340.440,219.798,282.137,259.500
343.539,217.417,282.323,259.236
342.075,220.971,281.555,257.928
343.821,220.342,280.700,259.258
341.151,219.128,278.215,257.441
343.782,218.695,280.490,259.640
340.585,219.393,281.404,260.713
343.068,215.584,281.962,260.951
342.304,219.223,281.339,260.627
343.823,217.146,279.814,258.763
345.505,219.128,280.537,259.552
342.365,216.369,280.874,260.549
344.049,218.074,283.518,261.179
343.407,217.621,281.859,261.154
340.604,217.037,283.559,261.725
344.398,219.888,284.183,261.243
344.395,219.013,283.123,260.544
344.364,222.334,284.281,260.770
342.444,221.425,280.432,258.987
345.388,221.748,283.086,260.534
342.117,221.625,281.469,259.650
345.266,221.312,282.884,260.172
344.975,223.074,282.441,259.462
345.764,219.827,282.653,260.146
344.233,222.147,284.326,259.505
344.344,221.174,284.158,259.287
345.404,222.665,284.722,259.501
342.774,222.079,282.717,257.185
342.405,220.129,283.761,258.527
341.778,218.766,284.026,259.269
344.588,218.850,284.523,258.748
345.304,215.411,284.646,258.659
344.638,217.788,284.876,257.150
344.643,213.512,285.172,256.995
343.512,215.699,286.328,258.444
344.907,213.637,286.493,259.506
343.824,211.045,286.860,260.393
348.936,210.603,286.633,258.990
349.219,210.428,287.817,260.191
350.339,209.008,289.130,259.995
349.660,210.833,289.380,260.195
350.265,208.592,288.279,258.868
348.790,209.264,290.022,261.231
349.132,208.246,290.974,261.452
348.692,207.357,292.324,261.696
348.846,207.018,293.528,262.295
349.202,206.575,293.681,263.359
352.046,206.726,292.812,263.497
353.560,205.409,291.669,263.311
353.538,204.936,291.978,262.186
355.233,205.031,293.059,263.782
354.515,206.010,291.631,263.167
355.784,204.546,291.583,263.850
355.552,204.974,292.255,263.284
356.901,203.807,292.335,262.597
356.650,202.604,293.028,262.669
356.972,201.859,295.042,262.731
356.205,202.034,293.365,262.668
357.876,202.216,296.119,265.138
357.773,203.075,294.238,264.690
359.354,201.306,292.675,264.650
360.210,200.965,294.216,263.707
359.620,200.689,293.153,262.680
358.652,199.641,295.882,263.413
355.249,198.768,295.613,263.023
356.382,197.810,295.596,263.732
358.410,197.216,296.841,263.432
358.701,197.199,296.205,264.271
359.412,196.014,294.422,263.783
358.616,195.458,294.833,264.618
358.685,194.602,295.673,265.261
358.515,193.369,295.860,264.801
355.661,193.019,298.143,266.161
355.366,191.512,298.360,265.717
353.380,188.934,298.346,264.895
354.283,189.367,299.348,266.575
351.853,188.900,299.183,265.575
350.527,189.512,303.182,267.263
347.758,189.109,304.343,268.676
345.763,187.310,304.971,268.704
344.996,186.387,308.475,270.817
341.843,187.380,309.153,271.862
341.414,186.067,309.740,272.311
338.368,185.733,310.999,272.811
338.076,185.051,314.033,273.709
334.431,185.882,314.475,275.731
334.790,180.569,317.160,277.170
333.761,181.910,318.340,278.606
330.336,181.545,320.444,281.403
331.980,178.480,324.796,279.185
324.068,181.316,326.094,278.078
323.725,177.363,328.835,280.221
323.054,178.516,333.068,281.728
322.160,179.721,334.220,282.023
321.126,177.630,335.766,283.722
320.705,177.135,338.512,286.193
317.802,174.245,341.157,288.989
315.612,175.698,343.612,290.833
315.554,171.035,344.896,292.881
315.541,170.456,346.995,294.351
313.299,171.064,349.517,297.663
310.050,166.417,352.513,300.710
306.750,170.295,359.249,303.523
304.710,168.898,362.588,304.878
298.050,167.115,371.242,311.385
294.355,163.245,372.999,312.484
288.826,163.259,380.016,319.533
278.820,163.909,387.690,322.381
275.867,161.646,393.962,326.101
266.185,164.187,403.904,328.021
257.439,171.476,409.200,325.744
257.401,168.052,411.242,326.902
252.213,175.434,414.580,326.544
242.299,168.755,422.036,329.307
233.204,168.545,425.940,333.423
228.585,166.788,428.831,337.439
217.837,162.432,434.773,340.527
219.048,161.832,440.764,344.559
210.066,159.429,444.688,346.364
212.102,154.081,452.818,347.619
214.818,157.881,458.492,343.098
224.847,139.876,469.625,349.455
212.815,150.986,483.446,348.403
208.115,146.537,492.206,350.040
217.455,138.383,498.111,351.127
228.812,131.681,507.930,353.266
226.172,127.838,520.193,353.264
230.948,111.541,539.519,361.608
234.286,97.972,555.696,370.626
231.623,93.795,565.461,373.721
235.335,96.763,571.947,374.376
244.342,82.995,587.673,379.102
244.540,104.980,597.191,370.074
241.530,102.131,590.578,368.728
259.298,94.852,589.335,370.800
260.119,87.121,599.253,373.547
256.635,87.924,611.762,374.040
255.948,93.368,616.148,370.999
272.474,83.232,627.804,376.562
260.808,82.230,634.548,379.328
254.921,80.987,640.045,383.432
248.282,84.695,644.856,384.419
261.572,73.724,647.718,392.220
240.624,79.090,650.027,389.963
231.001,77.332,661.386,392.263
223.895,77.176,672.465,388.939
222.317,79.894,679.978,389.547
208.163,75.130,686.869,388.692
212.845,77.007,679.242,391.203
196.503,75.371,683.625,395.080
189.567,77.114,683.442,395.451
179.987,83.661,670.577,394.754
198.008,82.491,666.801,388.811
205.562,82.326,667.060,389.093
204.980,85.239,659.524,391.273
232.717,89.383,665.785,398.478
226.774,95.683,655.632,400.627
198.291,103.399,642.029,400.214
203.119,108.729,634.595,402.499
197.008,115.120,627.535,401.920
203.610,106.208,622.451,409.492
218.901,117.409,617.274,411.928
227.824,134.045,603.416,407.560
229.739,150.601,588.378,401.093
246.720,165.250,567.123,392.892
258.934,166.137,553.584,387.861
273.336,168.447,538.880,385.338
295.712,180.990,522.802,380.554
320.546,186.844,503.671,376.462
333.545,193.458,489.314,368.979
360.015,178.528,472.246,370.666
362.444,177.488,466.407,372.844
369.703,177.492,460.359,372.314
370.484,182.540,450.507,365.581
378.008,189.177,435.566,356.108
391.082,198.751,418.465,344.788
401.528,199.950,406.596,339.066
407.622,199.122,394.273,334.016
414.274,202.392,380.264,326.537
419.290,206.721,370.210,318.371
401.131,208.070,361.676,312.080
408.807,212.211,351.056,305.722
398.557,209.688,336.304,300.251
411.890,214.166,329.117,294.906
407.724,212.406,320.250,290.378
405.680,204.047,310.774,288.570
403.692,199.035,301.249,286.724
404.886,191.319,292.032,283.760
407.234,186.131,281.580,278.626
407.739,181.902,274.832,273.687
410.971,179.659,267.168,270.153
411.108,177.414,259.502,265.852
413.873,174.590,251.440,262.267
408.556,170.900,245.899,260.038
403.580,169.108,241.711,258.701
407.217,174.318,238.748,257.076
401.323,170.702,236.372,255.415
398.761,175.171,232.215,251.760
394.565,176.575,226.915,248.131
396.385,174.488,225.044,244.807
390.720,185.141,221.794,240.359
393.195,182.899,221.117,239.392
392.378,180.182,221.875,239.091
388.289,183.650,219.666,237.795
387.627,185.149,217.132,235.258
388.953,181.477,215.184,234.243
385.895,193.352,210.203,229.249
387.135,185.787,208.934,227.333
386.825,186.985,207.501,224.597
389.448,198.270,206.481,219.000
386.455,197.273,203.401,216.315
384.207,190.671,201.260,214.167
385.605,205.348,198.583,209.019
382.839,201.176,195.475,207.774
384.874,208.371,195.537,204.368
382.815,198.784,193.316,206.164
386.542,198.674,194.540,202.810
389.461,204.428,195.073,199.193
390.470,195.363,196.034,201.045
384.159,188.675,196.446,202.132
390.864,203.438,196.988,205.392
391.854,196.059,195.795,206.110
386.262,195.409,195.774,206.953
389.205,203.008,197.811,208.012
379.657,195.650,197.628,203.815
393.946,213.985,196.524,203.459
392.256,208.171,194.880,204.031
385.424,198.724,194.275,204.010
389.421,214.836,196.000,202.865
378.007,195.808,198.125,202.801
385.724,212.578,199.369,202.573
373.975,197.560,202.163,203.578
382.208,213.518,204.181,206.267
377.923,204.820,205.245,209.334
376.173,195.557,204.547,212.854
380.038,197.894,207.517,214.858
377.286,194.143,207.868,217.739
377.205,185.447,211.573,222.035
375.261,183.086,215.298,227.071
373.215,180.313,217.842,230.225
371.311,171.715,220.070,234.553
370.812,172.587,220.135,233.901
372.570,165.379,219.571,234.054
369.791,159.039,220.105,236.113
369.583,154.480,221.668,237.310
367.833,159.726,222.996,234.363
367.574,156.204,223.203,234.643
364.641,152.739,224.028,235.899
363.132,157.833,225.401,233.740
359.729,148.259,227.534,234.614
358.915,147.035,228.152,238.818
354.631,151.436,227.711,239.092
352.583,143.194,228.061,240.615
349.017,136.828,228.065,244.254
347.882,138.364,228.021,245.303
344.618,151.736,226.948,241.820
343.767,148.151,226.876,241.706
344.486,158.275,228.576,241.272
348.050,168.773,230.955,240.316
351.134,178.039,231.209,239.811
354.279,176.874,232.653,242.084
351.127,179.123,234.975,243.019
352.010,180.675,235.985,243.592
351.090,179.299,238.884,246.269
354.895,183.298,241.924,248.180
349.835,176.878,239.511,252.456
357.987,187.381,241.814,252.671
351.548,183.224,237.148,256.547
354.064,182.726,235.989,259.122
355.175,179.033,233.642,262.256
360.523,179.126,234.740,263.735
358.310,175.067,234.179,262.332
357.952,170.988,234.665,262.909
348.101,173.996,233.155,263.175
352.529,182.296,232.764,261.873
349.050,176.903,232.945,261.599
350.596,176.630,231.126,262.979
350.905,177.533,230.918,264.426
358.106,177.548,230.851,265.950
362.269,178.777,230.546,267.588
362.102,180.413,230.055,267.529
368.639,179.626,231.117,268.468
373.874,182.806,231.660,270.216
379.694,188.506,230.061,271.301
384.850,195.082,229.447,273.199
392.846,198.639,226.803,272.761
396.059,202.368,225.202,269.759
402.940,206.764,222.767,268.354
409.688,213.204,219.328,266.674
413.947,216.974,216.345,263.252
418.407,219.577,212.404,259.811
420.138,221.540,208.590,257.862
423.375,221.833,207.875,256.630
419.618,221.608,206.262,255.071
420.882,224.954,204.192,253.162
415.122,226.701,201.969,252.688
414.941,229.484,200.235,250.841
412.948,230.793,198.131,249.726
413.858,231.285,196.203,249.048
416.312,233.009,196.965,247.163
417.306,232.111,196.645,244.647
418.134,232.532,194.900,244.228
417.341,234.089,192.286,243.063
418.138,238.055,190.674,242.723
419.979,237.535,189.745,242.095
419.797,240.668,188.113,241.647
423.657,243.698,187.896,240.177
426.743,247.213,188.323,240.027
427.445,250.900,188.016,237.919
431.569,254.081,186.717,236.725
430.916,254.429,185.881,234.977
436.004,257.510,186.141,234.152
437.199,260.069,185.772,232.656
440.027,263.965,183.933,230.970
447.485,265.724,184.743,229.335
447.993,270.752,186.945,228.516
448.549,271.829,186.257,228.460
451.138,272.829,186.957,227.197
453.695,278.965,187.074,226.438
457.484,281.838,187.510,225.475
459.537,283.537,189.047,224.987
460.624,284.532,188.209,225.084
460.160,285.070,188.410,225.380
463.089,287.977,188.024,224.958
465.166,285.613,189.997,224.245
468.818,279.209,193.359,223.228
471.723,276.900,195.122,221.164
478.387,273.526,198.937,220.659
473.116,275.559,199.744,218.662
479.957,273.676,201.664,218.161
482.005,272.376,203.190,218.074
486.005,270.770,206.602,218.625
483.272,273.261,209.531,218.693
484.594,274.926,213.017,218.087
483.456,277.488,215.045,217.430
487.558,276.389,217.895,217.302
488.966,281.157,219.148,215.720
492.666,280.484,221.362,215.598
489.421,287.111,225.775,214.432
494.657,292.669,228.215,213.764
497.495,289.065,229.746,212.851
497.994,296.241,232.341,212.672
507.410,302.459,233.806,210.330
514.620,305.652,237.657,208.933
516.038,308.387,241.143,208.292
519.364,313.669,243.014,207.748
521.011,310.477,244.107,208.703
525.262,316.774,246.011,207.429
533.643,317.826,247.065,206.561
539.421,322.203,248.820,204.993
543.695,325.022,251.526,203.744
548.953,327.159,253.865,202.777
549.371,328.766,255.893,201.458
554.964,329.271,257.252,200.913
561.750,329.709,258.461,200.547
568.031,330.997,260.108,200.421
572.188,329.902,261.714,200.810
574.167,330.734,263.823,200.788
577.763,330.045,265.776,201.039
576.942,330.029,267.467,201.105
579.930,326.941,269.507,202.494
580.434,327.346,272.339,202.535
579.947,326.685,274.787,201.947
579.553,330.243,276.527,200.213
580.061,328.024,279.293,200.330
580.247,331.356,280.915,199.143
579.559,332.350,284.021,197.874
578.135,329.970,287.591,200.248
576.169,332.655,291.269,200.668
573.415,338.659,294.027,199.570
572.006,339.693,296.422,200.210
572.877,335.977,297.202,202.998
573.427,342.122,298.569,201.343
572.421,344.312,300.655,200.712
573.900,345.652,301.009,201.357
576.429,347.852,300.416,201.458
579.801,349.571,301.293,201.311
579.764,348.250,301.465,202.163
582.511,353.518,301.117,200.557
584.022,357.733,302.281,198.835
581.702,358.280,306.963,198.766
581.221,357.215,306.948,201.497
581.577,362.836,307.617,199.896
581.847,365.506,308.346,198.572
579.798,369.580,309.649,196.908
578.606,375.068,310.757,195.220
575.698,377.928,311.014,194.880
576.193,376.942,311.533,196.644
575.169,381.828,311.026,196.600
573.340,380.343,311.411,198.792
572.560,388.418,311.010,196.567
569.705,393.654,311.086,195.866
567.784,397.768,310.851,194.791
565.986,402.136,311.898,194.229
563.686,404.100,313.183,195.264
563.812,404.872,312.725,194.685
561.228,407.996,312.136,194.983
558.155,411.278,313.232,194.887
555.688,412.516,315.028,195.876
553.303,417.655,315.307,195.117
551.675,419.745,314.457,194.667
551.021,420.823,313.084,194.159
548.173,420.192,314.758,195.907
545.212,421.626,314.772,196.541
541.752,420.985,315.059,198.209
537.885,422.429,314.078,198.233
535.819,416.502,312.773,200.499
535.630,415.363,312.574,202.244
534.781,415.456,312.089,201.402
531.757,410.664,312.392,201.664
530.464,407.618,313.220,202.293
530.623,401.157,312.290,202.900
526.016,396.103,314.193,202.778
523.372,396.371,315.328,202.898
522.372,393.159,314.849,201.733
521.628,385.685,316.289,202.304
516.266,386.425,317.691,201.103
511.310,382.356,316.822,201.841
506.379,380.533,317.053,202.307
506.053,378.765,315.664,203.761
501.935,378.258,315.804,204.126
496.387,377.840,315.871,203.394
492.661,370.877,316.056,205.383
490.593,368.708,316.141,205.678
485.312,366.433,315.094,205.146
486.250,367.071,314.875,203.983
482.880,361.655,314.209,204.127
474.836,357.880,312.537,203.622
469.619,352.350,309.084,202.684
467.701,347.902,307.934,202.600
464.311,342.941,305.830,203.735
466.223,340.497,307.773,205.443
463.503,339.163,307.488,206.632
461.287,336.871,306.377,207.457
462.042,333.873,306.332,208.669
459.297,332.761,303.994,208.566
459.108,331.721,302.024,208.920
457.523,332.112,301.883,208.552
456.930,329.049,301.507,210.813
454.688,326.237,301.063,213.186
450.502,323.962,301.520,215.758
450.395,322.563,299.585,217.642
446.465,321.975,300.083,219.444
447.726,322.998,298.423,219.764
441.658,325.157,299.218,219.924
440.331,324.841,298.279,220.683
432.052,333.220,299.921,219.373
421.688,331.939,300.147,221.201
415.067,332.490,300.334,221.538
418.258,332.491,298.819,222.624
404.056,337.088,300.767,223.870
394.170,337.794,304.582,224.097
385.391,337.647,304.288,224.620
376.921,338.859,303.190,224.568
375.951,340.833,299.554,223.447
376.253,341.756,298.162,223.088
371.840,341.594,298.141,223.881
370.960,341.007,296.916,224.213
373.571,339.239,298.899,225.932
382.523,338.541,299.778,225.208
389.540,333.269,299.240,224.698
394.528,331.091,296.604,224.815
399.916,324.970,293.712,225.243
408.209,312.822,291.268,225.401
414.421,300.068,289.609,225.324
417.213,282.747,286.917,227.925
416.975,270.248,283.910,227.836
416.548,269.269,282.427,228.221
414.943,257.703,280.349,227.590
415.908,244.979,278.032,226.447
415.261,231.669,274.962,229.349
413.711,221.970,271.891,230.965
412.797,216.983,268.361,231.991
412.172,217.576,267.050,231.936
411.453,212.743,265.005,233.056
409.743,211.366,263.474,233.340
406.634,213.704,262.829,232.698
402.012,214.165,261.443,232.601
395.369,220.366,260.621,230.667
396.819,212.760,259.511,232.617
389.989,220.386,256.832,231.245
381.219,224.194,254.778,231.135
377.352,222.463,251.343,233.542
373.911,221.982,248.425,236.890
369.735,225.669,246.812,237.708
370.118,223.973,244.235,239.636
364.979,227.889,241.809,239.220
362.710,230.957,238.715,238.461
360.563,233.500,234.150,237.612
358.225,234.415,230.072,237.763
356.082,238.207,228.148,236.462
357.057,240.708,226.997,235.127
353.062,243.149,222.835,232.505
351.976,245.401,219.167,231.173
352.649,246.330,216.060,230.091
350.031,249.506,212.031,228.281
345.807,250.711,208.505,227.341
347.325,253.054,207.097,225.778
343.439,251.550,206.006,226.146
341.359,253.981,203.023,227.127
339.769,255.204,200.669,229.324
339.719,256.807,199.056,231.432
337.902,258.765,200.015,234.227
341.570,259.640,197.191,235.275
340.271,262.795,197.264,237.990
341.134,266.639,197.774,239.949
340.661,269.225,199.186,240.335
339.824,268.845,202.084,241.608
337.669,264.365,203.884,243.133
338.134,268.758,205.735,242.052
337.034,262.802,206.830,245.103
