559.000,126.000,302.000,429.000
555.161,113.517,304.176,434.635
550.721,111.615,310.512,439.212
547.931,115.695,316.300,440.442
538.269,116.526,326.339,439.195
524.191,121.786,339.924,433.971
512.651,141.515,352.391,421.577
498.342,164.948,367.564,404.448
506.388,195.734,369.147,379.362
502.547,206.711,373.407,362.106
499.327,216.125,375.397,348.669
501.472,222.814,379.585,340.346
492.125,228.264,385.097,332.260
490.945,229.510,389.072,328.847
489.536,232.486,392.186,326.343
487.467,234.031,395.519,324.248
486.523,234.762,397.078,322.746
485.042,236.860,398.458,321.149
480.244,238.799,402.215,319.914
472.829,238.598,405.194,318.826
469.985,240.907,408.007,317.194
465.736,239.396,410.297,316.812
472.949,239.758,406.495,317.237
472.669,239.681,405.536,318.093
476.339,238.628,403.051,318.904
473.193,236.357,403.434,319.588
476.458,231.646,400.764,322.532
473.452,226.782,401.042,326.868
482.675,218.027,396.068,333.188
490.886,208.639,388.256,339.124
492.749,200.169,383.582,346.798
502.178,192.666,374.595,354.274
496.659,184.327,374.870,363.515
501.463,177.959,371.878,372.306
515.866,173.413,359.627,378.938
519.980,164.937,351.779,384.804
525.762,161.281,344.394,390.446
527.789,154.050,341.980,396.848
527.804,149.153,339.069,403.544
528.917,144.553,337.897,409.309
529.038,137.808,339.031,415.677
530.377,131.064,341.098,423.248
533.728,123.525,343.206,431.646
527.628,113.871,348.189,442.635
533.682,108.267,349.571,451.850
523.994,93.142,354.283,460.188
529.031,92.895,354.990,469.255
533.076,90.947,353.818,469.610
530.121,82.621,356.131,473.953
520.236,87.125,360.949,474.475
509.645,90.847,369.643,471.115
500.056,104.238,376.670,466.144
490.134,115.455,383.644,454.839
481.711,142.072,388.842,434.201
476.732,159.817,392.664,413.331
476.398,184.449,396.217,391.068
480.854,197.694,396.074,374.687
481.319,203.385,398.544,365.234
470.626,204.730,405.908,358.323
477.697,200.559,408.063,356.075
481.561,192.942,405.543,358.234
487.667,186.212,399.854,359.902
496.791,180.339,395.033,364.059
510.703,173.762,384.784,370.066
523.683,165.806,375.827,376.685
528.465,156.534,372.779,385.370
526.963,145.184,372.470,397.639
531.941,135.740,370.975,408.727
536.594,121.995,371.523,422.344
529.534,102.935,381.510,441.456
534.617,95.014,381.795,453.042
542.222,88.092,379.936,464.233
548.993,77.074,378.287,475.780
559.010,66.779,379.577,484.862
560.851,62.546,378.547,494.212
561.653,64.297,377.240,496.834
566.254,73.109,378.412,488.143
566.379,98.398,386.831,469.781
557.886,123.971,394.421,449.225
557.129,164.935,405.134,421.086
555.154,188.948,417.616,388.763
543.605,208.034,430.367,364.092
545.283,221.491,438.226,344.932
547.708,233.155,444.440,330.657
559.137,240.803,446.959,320.168
575.135,246.107,438.979,311.333
591.785,248.590,432.161,309.521
608.120,247.726,425.077,310.616
619.691,253.905,420.502,311.799
628.012,254.020,418.646,315.895
628.714,252.835,414.405,316.626
633.420,249.479,410.383,319.134
639.625,248.098,406.433,321.399
643.275,246.649,406.459,322.950
637.246,245.877,404.503,324.077
635.432,245.345,404.239,324.368
627.748,247.274,403.221,324.366
618.863,248.839,399.757,321.457
614.209,250.609,400.205,316.906
605.252,253.823,401.040,311.579
593.552,256.369,403.159,306.142
583.488,260.348,405.103,300.647
573.813,262.466,407.759,295.936
563.785,264.551,409.232,292.062
549.196,266.211,407.084,289.397
547.881,266.525,412.792,286.950
539.436,267.436,423.038,284.501
528.390,269.226,432.282,282.424
520.440,271.065,439.489,280.980
509.974,274.017,443.942,278.081
504.637,272.963,450.326,276.622
500.967,273.636,458.064,274.932
491.214,273.854,462.156,273.894
485.617,272.953,464.614,273.686
479.445,271.673,463.183,274.168
476.869,271.772,461.888,273.948
476.198,270.181,462.167,274.248
476.590,268.682,465.355,273.803
467.805,268.119,460.050,274.339
480.456,267.700,462.582,274.996
467.085,268.167,456.785,273.873
479.059,269.160,454.477,275.054
474.647,271.712,453.160,274.932
471.644,275.051,449.846,275.175
474.512,280.142,449.830,273.765
478.112,284.492,454.452,271.203
475.294,286.061,454.953,267.891
470.890,287.709,450.161,266.243
482.539,283.924,453.471,266.244
476.454,283.187,451.813,266.460
478.762,281.327,449.075,268.812
483.242,277.423,450.126,271.119
481.778,273.789,450.454,272.734
481.122,269.109,450.033,275.640
483.970,264.241,451.486,280.105
489.532,259.072,453.194,285.276
490.522,254.387,455.712,287.106
490.828,252.351,459.851,289.486
489.441,250.109,463.373,292.838
488.823,247.375,466.009,296.627
487.084,248.167,467.051,298.092
489.506,247.989,467.672,300.204
491.074,249.294,470.286,299.808
491.005,250.367,473.467,299.172
494.205,251.462,473.571,299.643
495.376,253.026,474.988,300.013
498.608,254.522,475.844,300.302
501.075,255.229,475.343,300.227
504.136,255.766,473.246,299.639
508.451,257.339,471.845,298.980
513.694,258.987,470.011,298.938
515.688,259.782,465.998,299.038
520.544,261.476,462.073,299.170
523.719,262.237,458.672,298.386
524.358,263.732,456.631,297.082
526.819,265.366,454.754,295.918
526.469,267.917,453.035,294.114
529.067,268.664,451.617,292.907
530.579,270.054,451.313,291.350
529.635,272.261,451.033,289.738
529.859,272.526,450.755,288.320
528.393,274.324,450.392,286.278
527.943,274.825,450.045,285.041
526.490,276.691,449.443,283.424
526.296,278.179,448.593,282.544
526.254,280.089,447.921,281.567
525.725,280.333,448.230,281.171
523.288,280.146,449.088,280.723
521.948,280.559,448.626,279.796
521.807,278.623,447.684,279.818
516.056,277.549,449.031,279.443
516.283,275.647,448.165,279.239
511.490,275.293,448.469,279.519
509.872,274.187,447.962,279.434
507.328,273.910,447.100,278.843
505.211,274.110,445.730,278.724
503.464,273.602,444.480,278.296
501.917,274.277,444.333,277.858
502.705,274.772,444.026,277.569
501.426,275.701,443.087,277.155
501.415,275.858,441.993,277.604
502.491,275.401,441.464,277.665
502.564,275.785,441.425,277.689
504.459,274.349,441.438,278.559
503.189,272.993,440.913,280.023
501.304,270.453,441.687,282.048
498.803,269.004,443.742,283.215
495.071,268.976,444.779,283.477
492.417,267.738,442.254,285.615
494.081,265.403,439.365,288.141
497.246,264.018,438.774,290.483
498.052,263.495,438.733,291.082
500.317,262.898,436.248,291.418
506.518,263.656,435.967,292.466
510.107,263.926,435.458,293.474
512.749,264.706,434.400,293.329
516.176,265.192,431.362,293.476
522.492,265.103,427.107,293.491
527.755,265.716,424.778,292.083
530.082,268.465,419.350,288.430
534.003,270.496,414.646,287.631
535.685,273.700,408.591,285.349
540.941,275.322,405.323,282.961
543.053,277.427,401.895,280.401
541.706,279.159,397.620,280.188
544.427,278.251,393.774,276.909
545.663,277.948,393.162,276.444
544.868,273.712,390.712,278.570
541.450,272.335,386.267,278.187
542.145,277.562,381.042,274.392
543.566,279.350,382.214,271.199
539.461,278.848,383.684,271.041
536.793,277.621,384.252,269.671
539.904,273.461,384.686,274.803
536.424,269.766,386.202,278.351
530.738,270.632,389.686,283.327
518.923,267.357,397.071,286.201
501.687,265.980,410.809,287.682
479.103,263.339,427.778,289.645
460.698,259.079,446.607,290.779
445.019,256.705,465.713,293.473
441.597,255.216,477.071,293.907
458.420,247.140,474.701,298.236
462.321,236.819,472.264,303.121
465.419,225.422,471.361,308.993
467.823,214.838,474.033,312.754
473.192,202.530,474.493,318.595
475.379,192.505,477.991,323.665
475.483,182.529,481.100,329.776
475.570,169.504,481.599,339.077
471.012,161.917,477.876,349.711
468.438,155.418,471.857,358.105
476.110,148.650,466.804,364.033
474.930,149.190,462.022,368.921
488.052,150.433,451.774,371.584
494.735,157.806,441.295,370.836
506.497,159.567,431.277,370.224
513.295,159.745,422.794,369.722
517.465,162.158,414.372,368.492
519.468,166.659,406.865,365.266
523.357,173.966,399.555,360.152
528.669,177.832,394.500,355.376
531.985,179.551,391.079,353.127
533.500,181.875,386.281,351.532
535.789,179.654,382.754,351.764
538.900,179.060,380.134,351.491
539.796,176.371,378.699,353.075
539.831,174.785,377.422,354.763
539.848,169.223,376.648,358.980
540.321,165.919,377.557,365.017
540.541,159.346,377.638,368.933
538.634,158.400,379.962,375.064
538.689,150.304,380.677,379.734
539.850,144.843,380.503,388.125
540.952,139.557,380.736,394.569
540.207,136.838,380.886,400.031
540.626,133.463,380.817,404.356
541.546,126.836,381.615,409.029
541.612,125.391,381.445,414.898
541.652,123.551,380.914,418.088
543.043,123.771,379.001,419.197
542.859,128.415,377.536,416.888
543.893,136.838,376.430,410.372
541.784,145.073,377.308,400.446
540.753,152.935,377.514,389.584
541.186,161.001,377.815,380.542
538.411,165.300,376.944,374.769
540.232,166.579,376.755,371.273
540.225,169.306,377.643,369.833
538.654,170.773,378.039,367.141
538.889,174.267,378.645,366.287
539.487,173.562,378.208,365.936
540.233,177.496,377.091,363.085
537.396,188.628,378.131,357.064
538.743,191.065,376.345,351.896
541.857,196.034,373.600,345.613
545.977,200.214,371.112,341.370
548.710,204.071,369.704,337.205
547.876,212.785,367.443,330.893
547.654,220.657,365.934,324.589
545.777,235.188,369.441,315.400
541.974,250.706,372.308,301.048
542.852,274.020,374.225,283.705
542.207,276.574,380.209,274.372
539.222,281.165,383.027,267.487
534.066,283.584,389.069,266.313
527.732,291.740,395.932,269.653
514.622,287.178,405.859,263.976
495.926,285.732,420.587,262.065
475.516,284.026,438.796,260.850
475.776,273.537,446.686,265.783
495.507,259.381,442.818,277.103
484.671,236.557,443.424,293.692
493.572,213.271,436.755,313.534
506.648,189.928,428.738,335.719
519.289,162.885,412.432,360.324
533.071,155.784,394.141,382.229
539.141,150.268,382.164,393.227
539.697,156.074,375.470,395.782
538.936,176.388,368.223,382.924
546.409,200.568,372.040,364.576
544.220,214.830,373.528,347.999
546.579,224.026,376.856,335.579
544.684,228.159,381.562,327.451
543.495,226.357,386.187,324.797
538.025,222.022,387.906,327.424
537.344,216.825,392.002,330.038
531.565,211.560,393.649,334.883
528.842,203.954,396.138,338.561
524.360,199.854,396.787,345.301
522.968,195.255,395.350,350.069
523.921,188.530,397.051,358.238
520.191,182.431,395.057,368.100
516.388,174.257,390.298,375.512
521.839,166.015,391.984,384.105
522.611,160.091,391.614,392.878
518.074,159.211,388.770,399.453
515.117,154.719,383.367,402.907
518.997,151.373,381.874,406.593
527.277,149.680,384.656,409.396
523.432,153.754,384.607,410.396
518.585,158.544,379.995,409.376
512.855,160.658,376.200,404.226
516.768,166.465,378.070,400.294
517.327,169.309,379.939,395.326
517.820,170.442,380.844,392.208
513.018,178.038,378.381,389.778
517.267,176.061,381.997,387.023
510.180,179.878,378.968,385.938
513.915,179.172,381.585,384.098
513.345,179.331,382.371,383.524
511.553,181.876,381.701,383.980
512.782,182.800,385.349,382.994
512.387,184.425,386.683,380.552
510.675,187.492,386.741,379.045
510.285,182.901,385.653,379.818
511.972,181.833,384.856,382.576
512.601,178.235,382.871,385.972
512.074,177.477,384.225,387.302
508.935,179.598,388.119,389.656
507.218,183.355,389.899,389.956
503.775,194.039,392.521,398.470
502.115,201.038,395.571,406.719
501.937,204.239,395.239,414.685
501.451,210.413,393.436,419.283
501.631,221.581,390.726,420.203
500.751,232.146,385.560,418.111
499.001,244.832,381.222,410.955
498.265,260.305,376.430,400.328
498.255,284.431,370.015,386.007
495.817,295.155,365.838,374.504
496.903,292.825,361.403,369.676
499.000,286.487,356.203,368.223
502.237,279.873,352.676,370.045
498.487,271.331,347.106,376.360
505.005,259.407,339.700,384.746
514.578,247.048,332.396,397.257
525.381,237.989,326.044,414.476
533.178,225.586,318.315,441.953
547.802,211.927,310.106,468.738
553.573,196.432,303.206,491.582
561.501,182.650,295.670,506.453
570.891,168.095,289.854,521.430
582.325,158.413,282.500,535.277
589.529,151.351,278.457,547.780
598.087,144.060,270.404,552.034
604.423,141.784,259.707,553.798
612.351,153.760,251.850,550.105
619.898,152.006,243.076,548.612
628.153,156.207,233.083,544.275
635.132,164.773,224.841,537.894
642.740,192.850,217.243,517.317
649.652,205.059,211.340,506.485
652.034,208.879,204.261,503.678
655.539,208.641,196.741,499.204
659.611,199.866,189.478,501.735
664.207,192.209,185.871,505.346
667.747,192.705,184.807,510.731
670.168,186.327,183.805,514.639
672.184,180.091,183.458,519.392
674.215,178.422,183.892,523.357
675.307,176.270,182.187,527.421
676.805,169.365,181.510,526.869
677.780,163.333,182.844,527.056
678.943,159.339,183.586,528.590
680.630,157.166,184.004,527.713
680.411,152.802,184.753,523.221
680.649,151.732,185.443,520.340
680.535,143.627,184.891,518.129
681.573,141.860,184.775,517.034
681.558,132.572,184.714,516.682
682.446,127.728,183.432,516.497
682.554,127.449,183.504,512.904
683.193,135.107,183.232,507.448
683.298,144.523,183.569,496.737
681.535,160.589,184.577,481.439
679.248,171.502,184.528,467.558
678.560,180.362,181.808,454.346
680.786,189.132,180.974,443.824
682.194,194.930,180.377,435.676
685.683,195.322,182.033,431.598
685.747,197.126,185.100,431.011
686.034,192.448,188.316,432.144
684.626,191.202,188.136,432.143
685.205,188.365,186.236,434.196
686.288,186.358,182.176,435.126
688.087,182.389,178.080,435.937
690.757,181.823,174.301,436.788
693.026,180.326,171.714,437.369
696.282,178.810,171.152,438.031
697.394,179.367,170.871,438.032
698.748,179.309,170.688,438.185
698.527,179.542,171.275,438.704
699.618,178.978,170.990,439.106
702.515,176.995,169.986,441.443
705.538,173.225,169.400,444.669
706.671,170.311,169.345,448.077
708.360,167.793,168.951,451.333
709.710,162.164,168.570,456.582
709.320,155.115,168.371,461.310
709.146,151.751,167.691,467.333
705.838,148.294,169.046,472.070
703.749,147.716,170.217,479.256
702.186,146.323,171.878,484.416
701.388,143.375,173.603,490.717
697.864,141.156,177.101,496.244
695.840,141.283,178.158,498.283
695.166,145.567,179.876,497.952
691.334,144.951,181.143,495.450
687.215,155.582,180.035,485.144
685.024,154.034,180.411,481.313
680.486,161.316,179.782,473.559
681.036,159.849,179.225,471.803
678.141,165.889,177.713,465.050
676.203,169.976,174.649,460.062
675.920,174.737,172.257,456.457
674.484,176.523,170.717,455.216
674.058,180.124,170.267,451.796
674.875,185.155,168.901,448.295
673.078,185.422,167.879,446.112
671.210,187.030,167.003,442.815
672.652,175.024,166.230,449.428
668.265,181.193,166.083,445.933
665.490,181.037,164.778,444.452
662.134,185.775,164.508,441.096
662.743,184.378,165.613,443.694
661.853,189.268,166.452,442.202
660.059,188.615,167.394,440.391
659.690,191.838,167.764,438.105
658.287,189.850,168.955,435.900
660.786,194.588,171.039,433.943
661.773,195.635,173.333,430.528
662.884,190.553,177.046,430.487
661.948,196.075,181.649,430.365
663.901,195.932,185.968,425.916
663.360,203.301,190.388,420.964
662.961,207.352,194.672,414.921
666.050,217.372,199.263,406.663
666.511,228.310,202.237,395.140
663.444,241.063,202.528,381.878
661.627,249.100,199.780,370.985
663.464,252.921,197.137,363.459
661.631,253.965,194.523,358.636
661.184,254.370,190.857,357.119
661.489,254.009,187.689,357.156
660.927,254.548,186.333,356.681
658.965,253.513,187.022,356.365
656.755,259.974,184.402,353.628
659.725,251.055,183.704,354.968
652.325,258.804,180.949,352.427
658.201,249.451,179.540,354.384
652.794,258.721,176.757,350.769
654.148,251.711,176.276,352.457
653.020,260.085,174.699,350.520
654.064,250.374,174.538,352.486
654.013,248.977,175.154,353.977
653.438,235.495,175.361,360.561
650.533,230.583,177.223,367.694
647.163,223.283,179.446,373.397
641.746,219.189,183.356,381.228
631.844,213.227,188.811,384.394
622.969,215.467,199.528,384.911
607.493,221.678,210.533,380.201
594.595,243.628,222.181,366.991
597.090,275.825,228.220,345.383
597.863,284.440,227.988,330.011
592.646,293.230,229.314,317.252
598.533,293.033,227.917,309.829
604.551,292.659,218.958,302.905
618.513,282.653,209.776,306.046
625.506,269.060,201.458,313.298
635.324,256.874,194.608,326.194
632.150,236.829,189.860,341.670
638.535,232.974,188.737,354.550
643.888,241.531,192.364,353.916
638.173,265.058,196.662,339.371
638.408,296.821,199.062,318.910
638.941,306.813,199.237,302.641
636.833,316.777,197.490,288.903
639.682,317.334,199.626,279.860
640.652,313.924,201.452,275.951
636.308,310.212,198.860,276.947
639.942,302.804,199.248,281.984
635.742,296.548,197.689,287.793
635.221,289.233,195.462,293.909
637.300,277.739,196.228,302.112
635.100,265.057,194.389,313.576
635.432,250.108,194.494,327.282
633.606,237.827,193.575,342.376
635.740,226.920,193.086,355.018
