491.000,118.000,561.000,318.000
489.839,115.784,555.955,313.966
483.231,113.525,559.617,314.579
481.993,114.821,561.917,314.878
485.682,112.299,566.993,317.882
488.603,112.904,570.121,316.814
491.624,109.941,572.772,318.751
487.727,110.997,568.598,319.002
487.910,111.731,568.473,317.882
489.061,111.392,568.205,317.002
485.189,112.669,560.391,315.224
495.717,113.978,560.996,312.871
493.667,112.559,558.709,315.271
496.967,112.385,557.216,314.870
494.564,112.631,556.268,313.843
495.265,110.726,557.330,313.321
493.629,112.308,558.826,314.158
496.886,111.491,563.472,313.208
490.400,110.854,560.721,313.747
490.639,110.119,556.849,314.898
495.302,111.077,551.453,314.473
503.134,108.967,550.037,316.266
498.195,109.423,549.203,317.014
501.289,104.554,550.611,319.179
505.647,102.129,556.397,321.630
505.853,99.472,552.150,324.799
512.298,100.781,552.709,324.606
510.672,99.101,550.022,326.157
506.462,98.585,549.552,325.890
516.796,97.776,550.219,324.991
513.328,95.835,550.647,326.705
512.125,97.145,551.823,325.239
514.959,99.191,546.023,323.570
526.138,96.020,541.939,326.011
522.931,94.540,545.203,327.220
517.532,96.196,544.047,327.449
514.902,95.654,550.850,327.995
509.411,94.279,552.334,327.247
505.624,99.515,558.454,326.058
514.336,100.963,545.117,324.226
511.462,99.706,549.494,325.050
509.453,97.198,554.487,326.359
512.788,102.573,553.993,324.017
510.505,105.341,557.260,324.417
517.061,100.766,546.239,324.252
513.206,105.432,548.577,322.244
503.359,108.353,549.408,319.533
502.383,106.817,553.589,319.558
495.557,108.175,556.188,318.289
495.443,107.740,561.395,318.595
493.220,108.790,564.417,318.636
495.558,107.286,566.847,321.317
492.163,109.666,567.114,319.842
488.897,110.118,565.275,320.276
486.513,111.467,572.444,319.723
478.246,115.077,570.155,316.642
478.511,115.164,572.982,318.641
468.868,116.452,566.290,316.995
467.522,114.487,563.694,317.613
465.925,114.557,565.353,319.620
464.645,113.881,565.153,321.228
456.249,114.795,563.471,321.698
444.711,121.355,555.725,317.608
441.296,119.277,552.604,319.083
439.173,121.175,557.300,318.964
434.116,123.950,556.072,318.738
437.205,121.982,558.637,320.939
434.763,121.134,557.976,320.650
431.558,121.697,559.267,321.968
429.247,122.494,562.425,322.974
426.022,122.387,559.081,322.183
418.839,126.189,552.123,322.172
414.853,126.834,550.945,323.003
408.726,128.805,551.268,323.049
403.680,128.781,552.917,323.951
402.006,128.903,556.967,323.852
393.468,129.510,560.768,324.884
400.432,125.040,569.527,327.682
387.644,127.517,567.655,328.551
379.033,132.376,564.355,325.584
369.363,136.768,557.028,325.337
375.435,133.070,563.258,325.558
360.036,134.661,552.213,326.051
361.571,135.726,561.239,327.427
354.379,138.816,555.484,326.545
347.317,140.745,548.445,324.597
337.778,145.744,544.497,324.582
335.930,146.602,541.998,324.074
328.586,150.837,529.123,321.504
337.702,146.859,535.774,322.762
324.327,152.439,531.017,322.870
321.623,149.463,531.637,324.928
314.240,155.770,530.942,321.411
311.255,154.689,533.015,323.826
298.436,168.604,525.714,316.796
297.115,170.383,523.294,314.265
294.952,161.169,531.184,318.891
282.122,169.774,522.352,315.574
285.583,167.770,522.064,317.312
278.452,170.056,524.615,317.502
271.744,173.068,525.995,316.042
264.227,178.108,523.306,314.695
264.696,170.983,527.857,318.672
259.491,173.368,524.091,318.808
250.023,173.184,525.945,320.869
247.474,176.739,525.483,321.856
240.615,178.391,524.213,320.650
234.895,191.019,518.096,313.706
238.530,185.562,517.165,314.111
231.554,183.970,521.399,316.904
224.906,184.702,526.760,317.387
213.335,190.939,527.147,313.590
214.388,186.256,527.337,316.375
207.809,189.927,524.393,317.631
205.782,192.118,529.194,317.150
197.169,192.590,527.656,318.005
194.419,193.257,527.955,318.795
189.565,198.177,524.240,316.853
185.833,194.118,521.115,319.721
175.571,195.137,525.074,322.392
171.653,195.721,521.393,324.430
167.836,198.730,522.162,323.018
163.024,200.417,525.279,324.419
155.278,198.121,525.894,326.019
150.478,200.329,523.904,326.400
147.431,201.794,525.079,324.592
145.345,205.253,524.414,323.380
139.334,206.627,523.055,322.325
137.268,208.543,521.295,323.318
135.058,211.892,520.292,322.923
127.695,206.846,513.419,326.749
134.084,208.981,512.084,328.049
126.965,211.845,509.868,327.302
125.059,214.448,505.017,327.842
125.880,210.147,506.414,330.663
126.258,210.272,502.967,331.255
123.279,213.292,500.487,332.866
121.637,213.681,500.979,332.553
117.233,217.516,498.848,332.699
117.677,213.321,504.541,335.179
105.570,216.428,501.819,335.974
114.627,215.634,505.110,336.788
108.586,218.909,502.431,335.799
104.009,220.077,496.746,335.615
104.946,224.247,495.521,336.872
95.972,222.159,491.771,336.391
101.421,223.905,488.753,337.129
91.433,224.870,487.146,337.580
92.041,228.568,483.808,336.214
87.427,226.037,478.807,339.615
94.388,226.218,484.827,342.501
81.127,227.100,482.442,344.768
78.524,228.074,474.481,343.305
77.526,230.212,466.913,346.758
75.252,236.193,466.416,344.130
73.506,232.942,460.154,346.130
76.638,235.635,457.041,346.340
70.884,234.769,454.144,348.270
69.530,235.459,453.650,350.898
61.920,230.971,454.657,353.995
58.549,238.950,455.059,354.338
63.204,240.130,450.434,352.828
63.841,231.957,442.305,347.505
56.894,236.273,443.946,342.308
49.506,240.121,444.624,340.807
50.795,239.090,442.889,338.740
41.097,244.636,442.650,339.265
42.292,246.570,442.553,340.342
36.053,246.150,447.340,347.735
37.612,246.758,444.221,345.254
33.324,247.765,442.077,345.810
29.387,249.391,448.192,345.063
25.032,249.474,453.530,345.775
19.246,251.378,458.828,347.496
10.854,250.086,462.715,349.121
10.906,249.623,459.296,350.014
13.169,249.402,458.511,348.858
6.984,255.713,455.724,348.596
5.805,255.869,457.797,350.664
5.933,255.618,462.448,351.228
-3.344,255.691,460.587,351.454
0.004,254.882,457.965,355.509
-2.111,253.945,463.264,358.419
-2.907,256.335,461.143,358.098
-0.170,253.947,457.625,358.591
-0.698,254.411,457.624,358.957
-1.027,253.402,456.871,361.139
0.340,255.586,457.238,360.980
0.444,256.547,458.430,359.100
1.563,257.022,459.464,359.702
-5.133,261.190,455.296,358.898
5.280,257.658,455.465,358.190
-3.853,263.159,453.210,358.068
9.644,260.228,450.924,355.057
4.817,258.552,448.128,359.723
6.536,258.040,448.942,357.773
4.264,258.972,447.786,357.567
5.773,259.550,448.401,357.556
4.685,259.622,447.685,357.821
3.674,258.587,450.283,358.242
1.876,259.411,447.719,358.480
7.518,261.827,450.476,357.085
1.706,261.672,447.549,355.042
12.230,254.963,447.976,358.961
5.856,257.967,445.052,358.726
4.674,255.154,444.890,360.052
6.452,259.370,442.875,357.622
-0.110,258.778,446.399,354.786
0.806,258.334,448.294,358.947
-3.515,256.199,449.436,357.439
4.503,255.025,444.438,358.110
3.299,258.483,443.070,357.417
1.052,260.030,448.834,358.863
10.939,257.356,445.382,356.250
4.031,256.673,442.890,356.718
8.924,258.741,439.716,357.844
4.713,254.637,439.342,356.061
10.764,252.945,440.828,356.245
2.862,256.701,439.889,355.221
7.592,251.282,433.666,355.453
8.541,252.853,429.734,352.247
16.220,249.162,426.290,353.685
13.608,250.268,423.291,353.761
19.775,247.733,423.967,353.105
20.304,248.356,419.687,352.753
24.283,247.157,414.772,351.420
34.395,252.089,408.393,347.318
36.209,250.210,406.077,347.889
41.802,247.849,400.277,345.025
49.360,246.893,393.409,346.183
51.481,241.986,388.578,344.801
56.753,241.368,386.046,345.277
58.036,242.077,382.878,346.041
61.743,239.281,378.087,347.669
63.158,238.444,375.343,345.658
67.365,242.521,369.366,347.500
70.596,239.000,366.285,345.211
77.539,242.324,363.102,345.423
75.811,238.745,360.721,345.807
81.293,239.352,358.322,345.848
