449.000,275.000,257.000,91.000
439.222,271.531,265.836,87.766
440.572,271.789,268.186,87.474
442.644,271.684,267.993,86.766
440.285,272.022,265.747,87.125
443.060,271.895,265.843,87.603
442.553,271.781,266.619,87.367
442.510,271.907,267.255,87.281
442.704,271.999,267.998,87.395
440.700,272.084,267.360,87.248
443.601,271.568,267.982,86.283
438.193,272.007,266.901,86.926
441.472,272.162,268.001,86.847
441.944,271.949,267.767,87.275
441.302,271.709,267.185,88.039
441.800,270.931,267.950,87.716
439.639,271.493,266.506,88.464
439.974,271.225,268.540,87.933
439.354,271.021,268.601,88.282
439.470,271.178,269.407,88.386
441.985,271.022,270.576,87.188
439.657,271.222,268.855,87.143
442.412,271.613,268.634,86.277
441.211,272.296,268.431,86.285
443.368,272.562,268.262,85.273
440.621,273.241,268.683,85.713
443.950,273.053,269.695,84.829
441.945,273.462,267.881,85.447
443.212,273.019,269.254,85.099
442.044,273.254,268.403,85.464
441.703,272.457,272.348,85.325
440.454,273.243,271.518,85.784
441.048,272.452,273.562,85.168
438.626,272.674,273.319,85.617
440.497,271.778,274.222,84.842
439.124,273.738,272.030,85.505
439.938,273.046,273.881,85.213
438.238,272.893,274.655,85.423
437.706,272.498,275.926,85.069
437.284,272.929,276.927,85.810
435.453,273.095,278.193,86.616
434.487,273.012,278.629,85.569
436.875,273.263,277.190,85.758
435.101,273.837,277.191,86.485
435.794,273.430,277.147,85.950
436.106,272.847,278.779,86.320
435.597,273.206,278.205,87.031
434.513,273.260,278.623,86.882
433.853,273.216,279.362,86.041
434.809,272.979,278.963,86.162
433.662,272.882,281.488,86.940
433.266,272.450,281.278,86.433
435.265,272.718,283.775,87.203
431.406,272.819,284.063,86.998
430.653,272.632,284.188,86.647
432.657,272.418,283.186,87.023
431.788,272.633,282.667,87.727
430.122,272.351,285.021,87.474
429.439,271.468,285.668,87.140
431.158,271.686,285.703,87.787
429.835,271.564,283.131,87.990
432.645,271.368,282.892,87.805
432.070,271.979,282.220,89.176
432.502,272.372,283.476,88.009
431.109,272.442,281.277,87.748
430.161,272.337,283.163,86.908
431.652,271.659,283.563,86.978
432.634,271.884,281.316,87.963
430.385,271.751,283.039,87.743
430.355,271.547,284.648,87.190
431.646,270.865,282.994,88.071
434.194,271.652,279.540,87.957
434.369,271.772,280.148,87.894
431.436,271.624,281.559,87.369
434.882,272.590,277.633,88.444
433.208,271.541,277.024,88.025
433.527,272.472,275.898,88.895
432.442,272.546,276.199,88.376
430.468,270.993,279.120,88.346
430.550,271.013,281.667,89.120
431.497,271.275,282.659,88.566
428.407,270.875,284.172,87.897
428.290,270.813,281.119,89.035
427.897,270.481,282.180,88.869
428.089,270.671,283.172,89.789
427.185,270.850,283.035,89.357
426.936,270.672,282.200,89.361
428.028,270.985,282.091,89.203
427.026,270.152,281.541,89.254
429.898,270.391,279.521,91.046
425.849,269.111,279.048,91.574
429.917,269.616,278.825,92.460
425.727,269.185,278.780,92.547
427.147,268.553,280.357,92.868
427.483,268.489,280.539,93.454
426.726,268.541,282.280,94.247
423.920,268.409,282.777,94.804
424.979,269.306,282.074,94.638
424.602,268.780,281.636,95.881
425.829,270.118,282.036,96.338
421.418,267.333,282.235,95.335
427.626,269.129,280.447,95.216
423.169,269.146,281.588,95.616
426.150,268.889,279.951,94.875
423.293,269.576,281.469,94.928
423.126,270.167,283.603,94.570
421.436,270.314,281.605,93.207
420.700,270.199,285.406,93.704
423.202,271.708,282.615,92.750
422.069,269.666,282.160,92.721
421.373,271.032,283.923,92.540
422.944,271.247,282.902,92.933
419.691,269.803,285.130,93.572
421.495,271.845,283.002,92.628
420.129,270.296,283.414,93.415
421.902,270.558,282.206,92.567
420.847,271.383,280.291,93.114
420.446,271.797,280.690,93.255
420.677,270.699,281.090,91.915
419.336,271.677,282.731,92.146
418.843,270.987,282.797,92.506
418.707,270.518,281.793,92.785
418.651,271.409,281.600,92.317
417.670,270.837,282.422,93.680
419.424,269.991,281.706,93.261
415.175,271.061,282.362,93.103
420.800,271.140,281.304,93.039
415.909,269.409,282.772,93.399
416.430,271.836,281.502,92.473
415.898,271.679,280.660,92.277
414.842,270.585,281.985,92.360
418.113,271.133,280.916,92.212
416.304,270.290,281.465,92.626
415.696,272.952,282.833,93.055
415.699,272.474,281.848,92.581
414.877,271.083,284.049,92.452
415.185,272.298,283.501,92.091
413.533,270.141,285.561,91.951
413.611,269.901,284.727,91.755
412.875,269.884,285.861,92.123
413.486,270.607,286.755,93.239
413.298,270.607,285.244,92.291
413.016,270.674,283.727,92.189
413.446,271.210,285.993,92.167
413.044,269.961,286.897,92.350
412.615,270.285,289.794,93.561
410.747,271.107,292.894,93.200
410.552,270.744,290.861,93.182
411.312,271.058,291.879,93.729
409.232,270.245,291.367,93.282
409.914,270.454,293.664,93.425
409.198,270.727,294.125,93.265
408.354,271.438,290.875,93.027
409.236,269.581,289.601,92.280
410.925,270.216,290.038,93.088
411.074,269.863,290.367,93.331
410.769,268.826,291.084,93.166
411.635,269.625,292.042,92.403
410.954,269.652,292.081,92.145
408.531,269.395,294.148,92.186
409.617,269.247,293.127,92.305
410.135,270.256,293.963,92.635
410.825,270.217,293.456,92.802
408.624,270.807,293.312,93.737
412.762,270.057,292.888,93.299
411.265,268.696,293.362,93.593
412.083,269.066,291.462,94.087
410.030,269.461,292.342,94.517
412.406,269.587,292.675,93.819
411.269,269.861,294.424,93.716
412.643,269.321,294.781,92.713
411.262,269.503,291.516,92.713
412.940,268.079,290.963,93.340
416.366,269.233,288.120,94.154
414.342,269.422,288.778,93.787
414.002,268.958,288.334,93.003
414.419,269.740,286.417,94.223
414.425,267.545,289.260,94.244
412.872,268.911,286.654,95.229
412.754,267.466,288.431,95.020
413.112,267.954,287.320,96.347
409.771,267.805,288.981,94.873
409.611,267.095,290.085,94.691
412.582,267.671,288.025,95.129
408.186,267.641,289.599,95.609
408.351,267.731,289.920,94.977
411.471,267.111,289.918,95.191
406.650,266.853,289.987,97.833
407.764,266.762,291.306,97.135
406.923,265.119,291.970,97.503
409.024,265.509,289.517,98.678
407.700,265.313,289.502,97.756
409.392,265.593,286.709,98.474
408.037,267.030,287.496,98.583
405.190,266.384,290.819,97.648
404.139,267.160,291.928,97.925
400.792,266.837,294.328,98.335
402.182,266.807,295.390,97.897
400.333,266.946,296.496,97.531
398.693,267.181,295.514,97.879
400.479,267.469,294.274,97.721
400.917,267.308,295.120,97.435
399.670,266.181,296.804,97.224
398.993,266.110,298.318,97.341
398.554,266.750,299.038,97.378
398.607,267.208,297.639,97.537
399.416,266.557,297.018,98.003
398.916,265.832,297.822,98.360
396.056,264.910,300.743,99.001
396.953,266.058,301.049,98.124
399.579,265.415,299.938,97.969
401.884,266.115,301.922,98.090
398.683,266.412,300.055,99.030
398.034,263.919,301.314,98.969
399.297,264.382,303.050,99.772
399.873,264.023,302.746,99.745
400.088,264.834,305.343,100.854
399.672,264.717,302.853,101.286
402.679,265.428,299.280,100.372
401.806,264.477,300.499,99.851
401.922,263.553,303.271,99.938
402.471,263.758,304.072,100.236
399.914,263.914,306.928,100.290
400.537,263.165,304.487,100.593
401.496,263.810,304.572,99.956
403.315,262.392,303.598,99.154
400.939,262.593,302.494,101.447
403.264,261.269,304.791,101.834
404.311,262.167,303.940,104.039
403.178,262.330,302.601,104.252
404.439,262.255,303.037,102.272
404.962,261.525,303.461,102.690
403.468,261.887,305.703,104.452
403.362,262.288,305.554,104.015
405.466,263.356,303.610,102.272
406.065,265.491,302.435,100.896
407.635,264.400,304.056,102.196
406.782,264.782,307.704,102.950
408.518,265.298,310.149,102.671
406.587,264.603,313.099,102.918
405.657,265.905,317.043,102.299
408.867,264.597,320.139,103.966
404.108,265.178,320.475,103.176
405.195,266.808,322.222,102.666
409.313,267.363,328.494,104.062
406.345,266.142,328.048,103.795
408.741,266.531,328.254,104.159
404.079,266.524,326.069,104.250
409.409,265.236,328.696,105.627
406.074,263.259,332.914,108.004
401.780,264.094,334.196,108.519
402.216,264.631,336.898,107.711
400.451,263.818,338.252,108.152
401.118,263.982,341.810,108.316
400.647,264.295,341.898,108.883
399.770,263.290,341.033,107.838
400.110,263.411,341.840,107.456
399.306,262.428,340.785,107.834
400.505,262.846,338.570,107.395
398.806,263.316,341.506,106.496
398.227,264.392,346.396,106.365
398.805,264.836,349.186,107.000
393.794,265.890,350.605,107.704
397.575,265.704,352.007,107.637
398.055,265.795,354.181,109.090
400.901,265.731,355.243,110.165
395.480,264.274,355.663,110.930
394.686,264.646,357.018,111.616
397.912,263.694,355.873,109.429
393.599,263.761,361.427,110.379
389.172,262.040,361.228,109.616
392.956,261.569,362.876,109.493
392.305,261.823,368.903,110.835
392.224,260.831,368.742,110.352
391.330,260.542,366.818,110.162
387.657,259.862,371.786,111.429
391.090,260.228,373.059,112.767
397.748,261.250,372.327,114.094
391.165,259.565,374.539,114.972
392.802,258.921,373.803,115.544
400.442,259.797,373.448,115.868
394.352,258.333,377.568,116.827
390.509,258.387,380.509,118.154
394.672,257.927,385.467,121.209
394.851,258.017,382.920,121.258
395.451,258.037,378.488,119.704
388.857,257.369,384.234,120.106
390.718,257.224,389.276,122.219
391.281,254.799,388.227,121.729
396.447,255.096,384.490,123.513
393.139,257.008,385.784,124.940
394.899,256.622,382.943,124.338
395.640,256.910,385.063,124.121
395.158,256.461,386.842,124.131
396.226,256.114,381.915,123.281
393.526,254.764,385.077,122.954
394.211,255.447,387.764,123.233
393.996,255.205,388.599,125.636
396.817,257.241,386.850,126.578
402.858,257.989,383.174,124.422
404.751,257.743,378.925,123.219
404.464,258.461,377.769,121.654
403.296,259.338,379.131,121.425
409.274,261.826,377.068,120.869
407.039,261.804,377.446,121.729
410.328,261.850,376.509,119.699
417.196,262.972,369.483,119.328
407.013,263.164,368.445,118.336
412.514,263.315,370.895,116.631
409.557,263.277,369.379,116.872
410.386,263.976,369.872,116.977
410.380,263.168,370.951,115.859
411.367,263.121,369.830,117.330
403.422,262.484,374.831,118.262
402.736,264.353,376.688,119.730
397.476,263.359,381.139,117.550
418.654,264.082,374.365,117.829
419.309,266.017,368.455,116.945
416.720,263.777,367.740,115.417
419.694,266.250,364.686,116.780
419.623,264.804,364.818,116.706
418.577,265.726,363.935,116.474
422.245,264.940,356.627,118.034
421.738,264.302,358.649,118.664
416.050,264.132,361.256,118.313
412.718,265.289,362.427,118.508
425.096,267.079,354.693,116.204
429.299,264.236,353.240,114.753
426.296,266.227,356.262,113.070
425.982,267.844,353.268,113.822
423.018,266.860,357.470,113.563
421.347,266.818,359.234,113.771
430.310,266.846,357.894,114.463
424.407,266.236,360.609,115.834
433.357,265.279,352.079,114.332
433.659,263.772,352.817,115.980
434.774,263.728,353.621,116.986
430.250,263.612,356.323,116.326
431.825,263.158,355.786,118.015
437.317,263.290,350.798,117.525
432.410,264.084,357.330,118.188
438.445,263.818,350.972,116.390
435.254,263.807,353.559,114.981
434.105,265.615,352.341,113.909
440.253,265.213,349.713,113.779
441.033,265.424,347.635,112.772
440.284,266.359,345.348,112.611
447.607,264.610,343.627,112.421
447.604,265.306,336.311,113.038
446.384,263.290,339.893,113.247
447.056,265.906,339.551,112.242
444.673,263.423,342.049,113.346
446.713,265.360,337.182,113.688
441.344,265.028,341.541,112.391
451.501,266.257,337.835,112.061
444.330,264.619,339.993,112.127
445.157,265.627,340.970,113.415
434.092,264.463,346.249,113.506
440.191,263.576,347.985,114.794
429.007,265.983,353.693,113.888
434.057,266.757,352.227,114.527
439.465,263.153,347.288,115.812
437.636,265.179,346.005,114.612
432.990,266.982,346.370,113.693
440.231,265.645,343.994,116.006
425.178,264.460,350.152,115.534
435.647,266.327,348.340,115.932
435.587,265.621,344.759,116.142
435.816,264.168,344.494,116.921
435.438,262.193,344.590,118.356
430.316,263.805,345.799,116.928
427.887,263.385,353.392,118.402
426.985,262.598,355.380,119.192
429.913,261.976,355.085,118.624
417.393,263.088,359.115,120.544
428.447,264.879,356.293,119.697
433.673,266.650,352.662,117.123
430.120,268.149,352.599,115.956
429.266,265.999,354.166,115.599
424.182,265.701,357.668,117.417
428.576,265.965,356.359,116.660
428.363,262.977,356.808,116.430
417.534,264.562,361.732,117.094
424.199,262.900,361.564,117.063
416.375,265.029,361.261,117.070
425.037,264.622,365.353,116.344
422.738,265.531,363.973,115.317
417.384,262.426,362.492,115.003
423.264,261.147,357.759,114.418
419.449,263.442,357.954,117.763
418.443,262.578,360.371,116.043
420.345,261.838,362.391,116.062
417.859,263.985,363.213,116.200
415.064,264.593,360.341,116.243
409.841,261.418,365.302,118.687
411.226,261.452,370.058,119.347
412.932,259.586,369.553,121.924
416.495,260.736,367.329,121.798
411.876,259.912,368.723,120.701
419.383,261.398,367.135,119.242
414.305,261.810,369.485,119.988
416.413,260.137,374.836,120.333
410.808,263.866,376.985,119.836
421.970,263.455,371.861,117.836
415.315,264.345,373.650,115.215
412.988,264.804,374.915,115.821
425.501,263.976,372.148,114.595
412.030,263.897,370.798,114.751
416.360,262.340,375.537,116.545
412.908,263.800,375.402,115.456
418.795,265.099,375.749,114.865
419.391,265.005,372.508,112.772
415.414,266.027,374.927,112.513
417.362,266.453,375.122,112.272
413.460,266.761,376.600,111.956
414.923,265.276,380.985,111.167
414.927,266.296,378.970,112.006
414.142,266.151,375.182,110.941
419.510,265.555,380.084,111.980
412.549,266.499,381.465,111.353
411.342,265.982,383.255,112.221
413.628,265.054,380.524,111.940
417.328,265.893,383.887,112.482
407.508,265.806,383.397,112.159
414.717,263.802,383.711,111.522
413.636,262.819,377.020,113.383
417.459,261.594,377.875,114.194
419.347,261.041,373.514,114.996
419.440,260.767,373.590,115.516
421.023,260.009,372.140,114.352
422.854,261.499,370.941,113.885
423.048,262.098,370.262,114.177
427.057,261.343,367.489,113.228
421.267,263.892,372.733,114.543
423.472,262.081,372.568,115.488
428.645,261.437,373.202,115.249
430.032,261.925,366.817,114.437
427.369,262.060,366.991,113.989
428.565,263.851,367.275,114.503
432.884,263.208,364.068,114.730
430.231,263.492,364.980,113.912
431.037,263.172,364.726,113.911
432.567,263.221,363.350,114.249
430.324,265.458,363.957,113.991
432.042,264.683,365.635,114.696
428.264,261.887,378.889,112.658
423.024,261.377,376.028,115.603
427.505,261.363,374.080,116.038
421.354,260.366,376.991,115.670
422.720,259.200,375.826,115.694
422.951,259.367,374.398,115.212
424.712,260.331,372.461,113.946
419.750,259.898,375.438,113.649
423.086,259.294,375.541,114.055
420.915,258.828,378.500,115.532
410.640,259.687,385.802,117.487
415.181,259.414,381.179,116.193
418.020,258.658,378.622,115.347
408.658,258.967,382.433,115.719
416.890,260.941,376.078,115.012
419.208,259.936,372.033,114.515
414.130,259.883,372.382,116.705
423.714,260.486,367.438,116.638
419.736,259.928,366.452,116.553
421.438,258.743,363.499,116.508
419.285,259.383,363.494,117.629
423.569,260.227,360.864,117.266
415.166,259.533,359.809,116.175
415.474,259.563,362.308,116.197
423.095,257.584,362.102,115.172
412.958,259.691,364.183,115.344
420.700,259.007,363.845,115.430
418.121,262.794,361.363,115.369
418.440,258.056,364.563,116.237
417.468,261.105,364.558,115.288
413.483,261.438,366.177,114.054
416.179,261.872,368.374,113.111
412.470,262.917,369.424,113.124
413.031,262.006,372.570,113.905
409.141,261.535,374.945,114.614
405.945,261.470,376.477,115.199
414.151,261.084,371.965,114.717
407.761,261.641,372.357,114.710
408.683,257.675,377.669,116.275
405.937,259.366,378.305,117.388
416.656,260.962,372.565,116.740
408.905,260.337,382.467,114.383
405.029,260.855,384.020,113.797
410.159,261.485,383.991,113.207
399.453,259.877,400.308,114.056
394.873,258.192,406.700,115.545
397.757,258.594,406.776,116.484
400.614,257.921,405.258,118.533
394.916,256.541,407.985,119.231
397.704,257.465,407.156,119.400
389.705,256.586,417.011,119.983
382.835,257.591,421.621,120.193
391.548,255.087,421.967,121.815
382.446,252.235,422.426,123.005
391.375,253.133,413.749,124.728
388.820,254.873,412.236,124.362
388.603,255.179,407.435,124.608
386.624,256.712,409.533,126.403
382.892,256.241,415.459,125.560
385.072,254.768,417.210,123.375
380.934,254.107,416.196,123.739
383.426,253.373,417.345,124.365
382.807,254.123,417.923,124.950
378.782,253.775,417.377,125.623
392.954,254.032,411.878,125.544
384.794,254.557,410.753,125.272
391.072,254.577,404.811,124.943
389.504,256.845,401.336,123.855
394.163,255.627,404.587,122.235
393.604,256.561,398.771,124.024
396.106,257.157,401.638,122.449
389.716,256.876,410.058,121.249
398.442,257.811,415.964,122.133
383.358,251.177,416.290,124.215
393.775,256.385,409.947,124.860
388.007,253.144,410.086,124.575
392.009,253.321,405.663,125.445
393.986,252.080,401.703,127.350
396.379,252.324,392.286,127.956
398.384,247.728,398.567,128.582
395.564,252.410,406.895,127.317
399.315,254.663,404.506,126.029
399.363,253.433,408.056,125.100
399.268,253.074,407.290,124.807
401.809,254.931,401.843,125.119
404.684,255.341,404.177,124.214
400.718,252.820,405.471,123.810
402.117,255.548,398.791,123.978
406.480,257.060,396.175,123.316
402.013,255.052,398.971,124.121
406.115,253.704,398.262,124.018
407.916,256.427,392.040,124.055
407.536,253.666,394.572,123.263
403.525,256.425,393.727,122.378
408.403,255.462,390.642,122.448
408.744,256.053,384.942,121.853
412.837,257.956,388.909,120.158
407.839,257.298,392.189,119.983
408.648,259.361,397.043,120.146
402.335,257.509,402.782,120.421
404.852,257.322,400.589,120.234
402.309,257.536,399.031,122.109
405.501,255.420,400.392,121.941
403.519,257.271,396.419,122.227
403.912,254.643,397.161,124.307
405.564,253.157,400.015,124.944
409.976,256.708,393.291,124.224
410.750,255.614,393.785,123.905
410.711,253.781,400.695,123.665
409.936,252.540,400.376,124.672
408.025,256.702,392.153,124.324
409.326,253.376,387.892,125.623
405.119,252.500,391.247,127.312
414.423,254.377,388.696,126.747
411.580,252.801,395.453,126.906
408.608,250.135,399.414,128.908
414.035,255.594,396.815,128.204
414.724,253.201,396.600,128.696
409.316,251.251,393.496,130.646
415.614,251.143,392.146,131.142
401.843,249.855,395.761,132.719
408.411,246.665,395.790,135.281
406.842,251.797,399.257,133.652
409.360,248.409,411.000,134.079
408.203,251.374,408.219,134.921
409.041,250.294,410.219,134.486
410.847,252.070,409.131,133.780
398.917,250.235,414.960,134.757
418.396,248.186,412.598,136.875
415.307,249.771,408.680,137.018
406.931,244.832,414.971,139.941
410.813,247.831,412.684,139.495
416.715,249.250,413.146,139.172
414.529,247.378,417.893,138.757
414.943,248.166,417.135,138.838
414.819,246.799,420.591,140.129
411.976,245.824,425.160,141.481
413.830,244.271,420.903,142.430
417.450,247.961,415.652,141.063
417.544,243.619,427.161,142.327
415.957,248.748,422.240,140.471
418.577,246.433,427.338,140.372
416.990,249.123,427.353,140.352
415.051,246.499,429.263,139.278
414.613,247.447,430.883,140.482
417.588,244.837,438.732,141.479
415.360,243.768,439.167,140.844
415.174,240.194,444.693,142.581
412.889,241.406,452.970,144.951
412.853,240.629,453.504,144.148
411.571,239.809,456.716,144.197
407.886,240.475,461.170,143.158
399.737,242.596,456.780,145.691
410.501,238.159,458.073,146.546
399.343,238.278,466.236,147.130
400.696,234.763,477.196,149.866
389.888,235.186,479.349,151.373
388.822,233.485,476.683,150.760
384.332,235.873,470.528,154.104
391.699,232.849,468.800,152.838
387.113,229.654,465.154,155.070
384.500,225.568,472.188,158.303
383.731,224.144,477.919,161.599
377.185,221.783,482.326,162.755
379.190,219.446,485.987,166.213
373.365,220.310,486.981,165.610
370.430,217.634,490.971,165.574
368.225,216.904,498.112,168.951
362.788,221.344,498.470,166.887
367.385,218.378,510.590,169.218
367.545,218.683,510.296,167.528
360.912,217.397,519.801,169.238
361.305,215.866,520.627,165.773
351.168,215.086,529.890,166.174
353.152,213.561,533.852,165.915
343.625,214.246,541.310,169.363
355.706,214.639,536.319,169.374
354.677,214.507,539.471,168.997
354.463,213.476,544.399,169.529
346.926,212.193,551.520,169.940
336.372,209.953,557.671,171.420
343.802,210.745,564.503,172.229
355.824,213.042,558.693,169.215
350.999,217.446,539.063,166.269
368.401,220.652,529.715,163.230
369.429,219.802,530.032,163.172
361.152,219.765,531.764,162.670
365.621,219.903,527.111,160.984
359.597,222.495,525.398,161.344
367.168,221.512,517.854,161.393
358.694,222.336,508.558,161.016
365.240,223.173,506.550,158.234
366.517,225.990,504.455,157.147
374.408,227.246,496.807,153.969
385.118,231.051,491.287,151.363
368.933,231.732,499.642,150.824
381.030,229.566,499.497,151.993
381.987,228.484,491.828,149.772
378.121,229.167,489.041,151.462
387.412,231.213,480.510,149.099
386.794,231.145,477.565,148.885
388.022,231.401,475.582,147.202
382.224,229.438,478.720,148.417
391.212,232.200,476.012,148.851
390.856,231.706,469.538,147.928
397.525,233.091,463.001,146.131
389.818,231.439,466.240,146.485
393.168,230.828,459.894,148.764
393.772,222.996,459.311,152.733
383.170,225.789,464.795,153.735
396.097,223.772,467.297,154.545
394.131,225.146,467.501,153.256
389.566,229.104,467.251,151.040
395.733,230.075,466.512,149.386
398.879,232.744,464.623,148.325
400.206,227.444,467.798,150.555
396.634,227.937,469.505,150.692
397.013,229.249,472.404,151.054
395.225,225.892,472.562,150.663
395.895,229.578,471.909,150.206
406.467,227.658,475.077,148.453
398.305,231.242,474.714,148.846
406.711,227.215,476.919,149.776
403.073,230.263,481.083,149.692
408.924,226.988,489.854,149.275
407.583,229.171,490.932,148.886
403.551,228.996,499.348,148.712
413.633,224.862,507.878,150.233
402.930,225.847,506.606,151.196
396.560,223.677,515.915,152.429
401.213,224.047,514.910,152.293
400.277,225.604,514.930,150.592
400.221,227.476,519.522,150.641
393.050,225.272,517.746,150.913
399.963,225.465,519.407,153.354
389.765,225.191,529.711,151.362
391.507,223.700,539.036,150.577
395.626,225.910,538.965,149.272
394.161,226.077,537.932,150.969
390.540,224.986,537.109,151.780
410.350,224.260,535.699,151.687
405.279,227.610,536.866,150.713
416.501,226.146,527.443,150.308
403.087,227.056,537.855,150.572
406.529,223.435,537.564,150.745
408.423,227.403,537.049,151.028
398.222,226.027,537.552,151.056
399.245,223.214,533.652,152.587
404.580,224.895,531.291,152.628
400.963,219.686,531.311,156.012
410.640,222.982,529.364,158.065
397.745,217.864,531.742,157.985
404.146,219.357,525.303,158.771
410.550,218.695,525.031,157.952
399.415,216.573,533.507,158.406
394.245,217.461,537.521,160.520
392.987,215.850,546.049,162.200
403.607,219.277,540.140,160.939
394.151,216.104,544.207,162.419
402.771,216.618,551.098,162.507
404.009,215.577,560.599,163.029
399.690,217.011,557.161,163.250
409.604,219.112,550.420,161.108
402.298,217.469,542.321,159.520
409.539,216.605,542.603,161.468
417.557,215.125,559.901,161.843
417.904,215.536,568.229,163.627
420.884,215.402,571.539,163.410
407.970,217.063,580.363,161.523
404.190,217.784,576.934,162.689
402.069,213.785,579.122,166.310
400.847,214.759,581.698,165.532
408.003,215.179,582.145,165.062
398.543,212.835,581.932,166.509
406.973,212.770,586.315,166.820
405.996,212.143,584.464,168.844
397.706,209.961,583.371,169.648
402.103,209.093,582.815,169.128
404.340,207.893,587.971,170.218
396.323,208.372,589.699,170.144
401.068,208.045,602.222,170.635
386.939,207.050,605.852,171.499
388.050,208.040,611.076,170.195
398.322,208.696,615.054,171.878
394.841,212.931,610.507,170.677
400.131,211.115,605.849,172.401
386.247,210.901,599.025,173.946
388.709,208.758,597.423,174.235
404.838,208.720,590.982,176.301
384.971,209.602,588.812,177.610
375.767,207.069,590.594,179.012
370.021,205.281,604.137,180.140
364.533,204.904,623.107,177.644
357.906,202.511,634.128,178.745
351.043,201.370,633.122,180.417
361.048,196.592,631.428,185.339
362.936,198.660,648.975,185.880
337.053,190.698,665.450,192.503
328.502,181.730,697.429,196.333
321.785,181.698,703.988,202.141
308.266,177.812,713.470,204.680
317.520,174.754,710.044,208.265
317.346,172.546,712.207,209.991
324.781,173.684,698.188,209.509
320.339,174.712,694.263,210.057
333.242,178.872,690.650,206.703
323.095,178.179,686.098,207.941
313.415,181.569,686.697,206.300
314.192,178.953,692.392,208.143
304.713,173.892,697.892,211.577
311.720,174.195,692.440,209.559
308.529,172.318,686.612,210.872
295.978,173.091,688.323,211.765
299.854,171.453,685.458,214.002
309.096,171.622,679.945,210.162
325.112,175.388,661.345,208.544
335.514,181.034,651.513,204.898
331.922,181.476,644.241,205.294
342.187,184.366,631.527,204.647
354.619,182.005,618.863,203.616
341.857,180.176,620.362,203.791
324.754,181.403,627.177,204.137
338.138,174.524,620.582,207.631
346.272,178.648,612.416,207.586
332.365,174.133,632.984,207.971
336.625,175.747,625.710,206.980
347.236,178.327,625.672,203.381
348.449,177.326,630.980,201.778
351.484,176.032,644.053,202.794
340.752,177.854,651.957,201.683
346.628,175.159,659.184,202.536
336.966,176.897,663.214,201.279
336.772,174.503,669.441,203.749
338.286,174.415,677.331,205.442
337.444,172.944,676.216,205.782
329.522,174.323,678.839,205.612
339.900,174.027,676.367,204.328
344.884,174.876,684.560,202.669
296.758,170.804,703.669,205.260
283.213,169.968,697.002,208.213
318.225,170.763,712.744,208.785
325.480,167.730,742.924,212.365
290.771,164.428,741.956,215.629
295.686,158.563,767.529,219.114
299.996,150.712,779.466,223.583
290.945,142.483,804.774,231.508
270.500,143.031,817.386,236.089
294.425,139.738,808.327,237.029
274.505,130.817,816.213,245.031
278.592,137.469,810.996,242.636
260.645,133.658,820.461,245.883
265.223,142.344,812.829,240.667
277.115,143.579,793.218,238.352
303.970,150.405,771.074,232.962
315.560,152.328,755.309,227.679
311.979,157.856,741.142,223.879
324.884,160.263,725.489,220.351
338.874,164.645,705.923,214.596
352.916,166.926,681.730,210.142
367.642,173.287,654.829,206.648
363.775,175.202,641.955,203.991
365.079,176.037,635.718,200.900
374.134,179.659,620.521,198.543
381.819,178.344,612.750,199.005
375.293,178.335,616.351,198.116
383.035,177.327,623.583,196.963
369.034,173.238,643.265,198.853
356.264,173.053,658.779,201.255
364.966,168.620,656.301,201.474
364.285,173.156,649.072,202.662
361.906,170.454,656.060,203.304
348.853,173.194,667.796,202.085
345.884,171.858,680.478,204.185
343.897,168.588,694.265,206.710
341.457,166.708,709.411,207.727
341.212,164.439,722.914,210.007
338.274,157.813,733.768,215.699
315.424,159.016,737.566,218.495
281.616,167.468,715.252,217.359
295.569,164.856,701.626,216.003
317.331,161.008,715.322,214.491
309.789,163.907,721.042,214.559
315.126,161.145,728.455,213.604
311.677,162.566,732.063,212.941
312.659,160.053,739.578,214.189
299.836,157.563,753.618,216.086
309.861,156.212,763.672,218.333
301.428,156.766,762.245,220.260
295.782,155.627,769.335,223.853
293.197,156.946,761.561,223.576
296.404,156.332,762.521,222.966
288.713,154.675,761.724,225.923
286.298,152.101,760.432,227.617
273.923,150.390,769.422,227.316
271.974,149.689,785.010,229.362
277.131,147.957,778.218,232.592
268.857,148.160,765.473,233.668
258.280,143.419,758.755,235.610
268.366,148.792,759.219,233.742
260.807,147.103,744.750,234.622
271.603,151.638,739.445,231.515
280.255,152.572,744.703,229.125
289.265,152.493,750.022,226.861
258.557,154.790,752.059,225.011
283.292,150.607,757.271,225.017
274.352,153.686,756.353,223.062
291.208,152.370,744.507,220.646
285.123,150.468,760.068,223.086
287.352,150.201,764.170,223.668
269.290,146.079,753.932,224.489
273.008,142.293,757.034,225.426
275.325,145.759,757.252,226.900
277.120,144.584,772.003,229.839
267.945,142.809,774.966,229.924
258.646,141.010,783.768,233.009
264.901,138.873,787.454,231.894
249.701,137.914,800.754,233.721
254.057,134.013,812.180,234.648
262.602,135.487,814.255,236.009
242.743,132.865,826.727,236.225
254.687,134.396,819.525,236.547
236.566,132.437,813.212,237.523
261.586,140.182,791.070,235.880
279.281,143.803,762.654,231.834
310.120,145.157,741.431,229.042
285.649,146.965,729.245,226.529
288.664,152.044,730.472,219.517
309.100,154.500,733.532,214.704
310.135,155.398,737.370,214.957
274.074,149.465,762.862,216.029
273.293,149.862,766.936,218.014
307.610,147.120,763.677,224.604
266.625,146.214,790.626,231.599
287.900,147.085,803.926,232.204
256.728,142.014,823.574,241.485
278.100,136.940,831.376,244.828
263.555,132.119,827.840,247.941
279.423,132.572,836.346,250.264
290.642,133.249,828.328,246.826
288.706,136.791,835.602,247.518
251.743,134.026,845.847,249.303
227.224,125.542,860.475,253.781
271.109,127.551,858.475,254.559
216.937,123.830,878.999,259.331
243.076,125.059,882.602,256.321
238.175,122.433,890.633,255.279
221.684,120.629,895.509,252.666
249.226,122.399,884.302,248.912
271.046,121.855,871.432,247.735
261.234,126.392,861.169,248.232
255.127,125.660,849.116,247.644
255.258,125.005,847.228,245.961
235.174,123.508,860.747,248.330
242.943,120.331,868.405,249.911
239.946,120.157,871.711,251.041
