258.000,96.000,344.000,110.000
257.831,89.716,345.241,110.710
253.269,90.176,341.765,112.513
255.110,88.457,340.063,111.825
252.035,88.465,342.127,111.859
255.555,90.066,342.243,111.263
252.195,90.908,339.646,110.132
248.740,91.260,338.219,109.452
245.333,92.398,337.649,109.182
242.450,93.282,336.086,108.299
240.772,92.771,333.469,107.423
237.471,92.727,333.122,108.060
235.368,92.977,331.053,107.233
231.482,92.983,329.497,106.173
227.288,93.640,330.553,105.588
224.768,94.396,329.990,105.143
224.700,94.115,328.958,104.051
221.352,95.277,328.726,103.969
223.137,94.180,325.446,103.035
222.086,95.966,323.602,102.686
222.400,96.745,321.542,102.461
222.398,98.073,319.697,101.861
222.542,98.311,318.787,101.544
221.927,98.032,317.956,101.252
222.223,97.910,315.570,101.195
220.434,97.701,314.998,100.897
219.330,98.407,313.787,100.730
219.216,98.732,312.969,100.783
218.148,98.511,312.059,100.376
216.491,98.611,311.370,99.789
215.977,99.185,311.158,98.571
214.835,98.944,310.114,98.076
213.462,99.580,309.033,98.099
212.733,99.843,308.010,97.065
213.751,101.341,306.997,96.624
214.566,101.178,308.179,96.093
214.757,101.474,306.587,94.980
216.423,102.180,306.790,95.336
213.237,101.682,308.664,94.994
215.538,103.100,310.274,95.089
214.181,102.345,311.802,94.998
213.664,103.218,313.302,94.578
213.413,103.912,313.115,93.626
214.953,104.318,312.575,93.202
214.770,105.215,310.966,93.210
216.987,105.197,310.668,94.272
216.752,104.668,313.139,94.274
215.446,104.874,312.736,93.982
216.375,105.456,313.075,93.927
216.896,106.637,311.953,93.663
220.344,106.875,313.062,94.038
218.807,107.521,313.304,94.236
224.132,107.496,310.344,93.688
221.269,107.759,309.461,93.316
224.853,107.632,305.842,91.932
224.494,106.765,306.951,91.575
223.839,106.223,307.953,91.655
225.152,105.732,307.851,91.053
225.406,104.925,308.905,91.131
224.539,104.106,308.376,91.249
225.133,103.707,310.075,91.145
224.210,102.228,312.479,90.915
224.229,102.615,316.253,90.052
221.617,103.194,316.129,89.584
219.926,104.023,319.812,89.615
215.327,105.006,317.415,88.853
213.796,105.425,313.324,88.153
212.351,105.957,309.704,87.967
213.910,105.693,307.179,87.762
211.944,107.425,307.805,87.633
211.091,107.789,306.017,87.694
210.463,108.615,305.736,87.259
209.289,109.023,303.450,86.830
209.447,109.142,305.296,86.288
207.533,109.661,304.017,85.127
208.645,109.998,304.608,85.059
206.199,110.069,300.325,85.073
206.476,110.546,298.318,84.320
206.638,110.432,297.113,83.967
205.099,110.441,295.767,84.588
204.651,110.999,293.632,84.767
204.835,111.063,290.904,84.335
204.444,111.307,289.054,84.664
203.418,111.375,287.298,84.649
203.674,111.563,286.174,83.901
202.874,112.699,284.797,83.518
202.152,111.785,284.166,82.830
197.601,113.976,283.838,82.752
197.827,113.549,285.507,82.478
195.534,113.662,286.257,82.593
193.328,114.162,286.972,83.217
194.944,114.063,286.752,83.345
194.169,114.140,287.327,83.995
192.265,113.597,287.575,83.773
191.926,113.299,286.180,84.153
190.303,113.355,285.285,83.886
187.204,113.674,285.816,83.496
187.849,114.156,285.698,82.666
185.630,114.532,285.259,82.292
188.743,114.163,283.554,81.466
184.889,114.159,283.047,80.989
184.984,114.368,283.834,80.844
183.920,114.776,283.379,80.649
187.090,114.106,282.470,80.737
182.747,114.642,282.640,81.373
186.842,113.761,283.324,81.319
182.629,114.847,283.520,81.455
186.304,113.000,283.235,81.378
181.523,114.424,284.193,81.624
186.641,113.214,282.970,82.051
182.990,114.200,283.860,81.686
188.214,113.359,282.063,82.150
186.432,112.676,280.304,81.973
188.102,112.447,278.419,81.878
186.156,111.483,277.937,81.499
186.970,111.478,277.345,81.933
189.365,110.829,275.761,81.248
189.827,111.058,275.597,80.979
190.233,110.256,276.921,80.377
195.725,110.002,276.483,80.162
195.209,109.486,276.880,79.499
196.645,108.460,277.414,79.298
194.108,107.872,280.038,79.105
197.291,107.195,280.377,78.802
193.737,107.100,282.035,78.895
195.522,106.050,283.347,78.698
200.078,104.879,283.079,78.478
199.325,104.693,282.921,79.100
204.057,104.808,281.690,79.355
206.056,106.373,282.048,79.203
207.274,106.317,284.203,79.234
205.223,106.195,286.928,79.648
211.068,105.056,285.770,80.095
214.075,106.304,284.364,80.236
218.330,107.455,282.523,80.307
223.093,110.456,279.314,80.641
220.753,109.589,278.912,80.965
222.727,110.125,278.167,80.909
227.352,110.696,275.185,81.303
228.674,111.075,272.892,80.986
226.893,109.454,274.909,81.256
234.113,106.674,271.624,81.225
230.745,104.555,274.892,81.358
230.885,102.868,277.546,81.881
232.871,102.352,279.812,82.043
232.814,101.967,281.379,82.345
234.473,101.461,282.127,82.493
239.482,101.327,280.383,82.491
235.128,103.589,281.290,82.495
235.001,103.522,282.815,82.489
228.080,106.551,284.364,81.813
229.245,107.901,285.920,81.970
219.229,112.049,290.364,81.771
217.151,114.324,292.673,82.274
210.825,117.914,293.258,81.958
205.414,120.684,295.700,82.219
203.702,124.545,295.600,81.879
199.580,130.727,296.763,81.701
200.635,134.405,295.975,82.228
200.649,137.803,296.209,82.691
200.794,138.442,296.651,83.288
199.562,135.045,295.302,84.122
199.951,129.552,294.723,84.397
193.652,129.626,296.031,83.959
194.087,126.700,296.678,84.909
189.731,126.942,300.002,84.928
190.407,123.764,302.701,85.779
186.083,124.387,306.507,85.548
184.898,121.812,307.518,86.379
179.080,121.456,310.644,86.061
174.729,120.994,311.558,85.950
174.099,120.986,313.371,86.120
175.209,121.372,315.332,86.094
179.091,123.577,315.742,86.414
180.787,123.610,317.757,86.711
178.210,123.810,319.353,87.127
178.331,122.527,321.133,87.674
178.009,122.219,321.620,87.930
174.926,121.023,322.831,88.678
177.008,119.493,322.452,89.770
177.383,118.573,323.336,90.165
180.784,117.603,324.201,90.401
177.419,117.816,326.179,90.065
178.767,118.140,327.638,90.802
180.017,115.366,329.056,90.852
177.730,112.620,330.472,90.697
176.274,114.622,329.692,90.447
179.628,111.161,330.498,90.941
181.738,108.591,331.865,91.284
179.423,110.109,333.245,91.368
181.009,107.006,334.333,91.405
171.922,111.130,335.768,92.656
175.485,104.513,336.635,93.832
168.802,107.531,338.674,93.534
175.689,105.090,337.587,94.415
169.978,108.490,337.876,95.067
175.106,103.400,337.706,95.406
173.462,105.109,336.736,95.405
176.987,102.509,334.497,96.334
175.546,102.668,333.440,95.838
173.847,103.309,334.606,95.570
170.957,103.742,336.772,95.386
171.664,103.456,338.778,95.775
167.965,104.247,342.208,96.004
165.147,105.030,345.655,96.507
163.135,104.931,347.419,97.419
162.946,104.444,349.225,98.835
162.474,103.726,348.890,99.884
160.590,103.213,350.325,100.982
158.330,102.460,351.238,102.015
156.838,102.213,352.990,103.029
158.121,101.401,357.061,103.755
153.564,100.874,358.808,104.310
154.059,99.406,360.000,104.802
150.227,100.342,359.755,105.853
149.145,98.963,361.692,106.421
147.771,102.129,362.226,107.411
145.009,101.065,363.358,106.672
148.499,102.263,362.562,106.288
148.037,102.151,362.931,105.985
145.648,102.254,364.247,105.106
144.837,102.900,365.629,104.683
143.743,103.474,367.002,104.581
144.164,104.409,367.699,104.262
143.391,104.364,367.441,104.672
143.290,104.026,368.370,105.022
143.215,103.441,366.687,104.860
142.000,103.576,367.772,104.578
140.054,104.383,368.718,104.217
143.484,102.123,368.683,104.743
139.599,102.156,367.998,104.920
141.102,99.998,366.895,105.023
136.056,99.715,366.551,104.944
133.545,99.979,366.457,104.512
131.727,99.926,365.830,103.836
130.522,101.936,365.951,103.216
128.557,104.922,367.181,102.958
126.859,103.807,367.742,103.074
120.241,107.143,369.403,102.672
125.056,104.902,371.250,103.670
121.333,106.959,372.741,104.455
121.197,103.721,376.123,105.343
116.481,104.549,378.515,105.366
111.892,104.680,381.716,105.797
109.730,104.781,384.804,106.227
105.368,104.821,389.048,106.864
105.359,103.686,392.214,107.803
101.706,103.668,394.257,107.613
102.468,102.877,397.768,108.961
100.304,99.753,399.297,110.856
95.016,100.024,401.202,110.832
97.964,100.137,403.873,111.085
91.179,99.172,402.893,111.308
91.140,100.535,403.812,111.731
93.517,99.835,405.078,112.691
92.785,98.519,406.770,113.179
91.165,99.564,408.473,112.790
90.773,98.484,408.867,113.572
89.946,97.957,408.528,113.765
87.631,96.756,407.652,113.791
85.624,98.386,408.291,113.647
87.037,97.465,408.268,114.152
86.117,98.792,408.372,113.315
88.558,98.210,408.633,113.528
86.268,99.662,409.214,113.023
88.011,98.174,407.882,113.274
88.627,100.473,406.963,113.020
91.120,97.798,405.553,114.101
91.483,98.814,406.169,113.705
91.761,97.269,405.527,114.068
91.636,98.276,407.225,113.718
90.460,97.260,409.851,114.837
92.136,97.438,410.061,115.258
93.816,97.820,410.370,115.715
94.224,97.121,411.436,116.253
92.894,97.562,413.602,116.548
93.451,97.640,414.155,116.983
92.699,97.597,413.857,117.305
91.788,96.968,415.479,117.278
87.907,96.275,417.618,117.114
89.647,95.255,417.947,116.910
86.793,96.192,417.583,116.356
86.685,94.852,417.692,116.458
86.374,96.114,417.835,116.005
86.286,95.467,418.622,115.900
82.436,95.564,419.903,115.846
82.460,95.969,418.859,115.821
83.973,95.619,417.858,115.820
82.543,96.104,418.641,115.765
83.582,96.204,417.813,115.815
82.385,96.016,418.434,115.913
83.993,96.389,416.987,115.495
83.618,95.980,417.433,115.459
84.818,96.979,415.196,114.547
83.446,96.964,415.791,114.381
82.113,97.479,417.434,114.043
83.250,97.119,415.758,114.182
83.432,97.494,416.147,114.082
81.807,97.491,415.705,113.952
84.246,97.849,415.369,113.991
82.347,97.880,415.331,113.681
79.935,97.738,412.856,113.340
85.640,97.264,410.776,113.102
84.393,97.622,409.367,112.255
84.520,97.903,408.493,111.904
85.296,97.664,406.541,111.875
84.476,97.308,406.063,111.788
88.363,96.922,406.207,111.878
87.710,96.865,405.309,111.046
87.955,96.856,402.645,110.719
88.420,96.931,401.677,110.558
89.224,96.016,402.628,110.619
89.234,96.482,401.654,110.513
92.213,95.433,401.429,110.522
90.156,95.966,401.658,110.349
90.599,95.198,400.603,110.838
89.310,95.557,400.840,110.759
92.347,94.018,402.099,111.235
91.625,94.698,401.889,110.904
93.113,95.147,401.947,110.888
91.676,94.324,402.215,111.628
91.711,94.164,403.453,111.932
90.812,93.753,403.900,112.440
90.884,93.802,403.994,112.378
92.424,93.305,403.798,112.522
90.218,93.355,404.848,112.462
92.983,92.021,404.554,112.734
91.804,94.015,406.123,112.781
91.371,92.108,407.263,113.570
89.246,93.647,409.198,113.471
91.170,92.886,407.277,113.959
93.574,92.675,406.313,113.440
94.508,93.520,406.210,113.178
95.022,92.708,405.412,112.957
92.737,93.651,407.396,112.861
97.491,92.548,404.796,112.545
96.096,93.211,403.009,112.280
96.866,92.869,404.338,112.907
94.512,93.159,404.081,112.974
95.626,92.622,405.108,113.412
96.282,93.665,407.593,113.720
94.873,93.165,407.472,114.233
94.107,93.495,408.749,114.265
94.958,93.341,408.239,114.428
93.259,93.616,408.577,114.562
95.658,93.493,408.771,115.113
90.776,93.744,409.127,115.267
90.343,93.925,410.109,114.808
90.564,93.950,410.630,114.692
87.348,94.421,414.046,115.192
90.574,92.810,415.241,115.215
86.894,94.797,415.129,115.134
89.101,92.426,416.074,115.142
87.224,94.158,417.259,115.349
87.753,93.916,416.437,115.587
87.038,94.316,416.897,115.674
91.677,93.430,415.732,115.510
89.011,95.942,415.830,115.204
95.358,93.607,413.792,115.415
88.306,95.226,413.755,115.549
95.783,92.968,412.763,115.687
89.256,95.047,413.114,115.923
95.876,92.861,410.957,116.581
86.808,95.137,413.901,116.311
92.985,93.252,413.351,116.846
89.408,93.698,413.966,116.519
87.261,94.055,415.775,116.907
91.909,92.910,414.677,117.167
89.581,92.496,415.051,117.182
95.054,91.863,412.451,117.446
90.233,91.725,413.255,117.086
92.079,91.235,413.094,116.995
92.822,91.117,412.161,116.342
92.049,92.421,412.834,115.955
89.809,91.864,413.750,115.669
95.310,91.040,412.999,116.464
88.277,93.334,413.434,116.176
98.934,90.817,412.623,116.590
91.918,92.404,414.497,116.661
91.059,90.517,415.163,117.201
86.500,91.809,418.173,117.027
89.301,91.349,417.877,117.920
93.498,89.865,415.226,118.938
90.864,88.609,416.440,118.397
90.863,90.580,415.992,118.296
91.386,89.019,413.492,118.637
86.436,90.105,415.113,118.143
85.266,88.927,416.888,117.710
83.972,90.028,419.731,117.340
88.500,89.397,418.032,117.361
89.217,89.269,416.740,118.080
86.706,88.071,417.349,118.000
87.353,90.111,419.307,117.793
94.169,88.596,416.133,118.975
88.321,88.203,417.241,117.955
90.042,88.405,417.065,117.818
88.635,88.030,418.070,117.512
85.342,88.660,420.036,117.509
86.353,88.293,421.079,117.513
84.988,88.793,422.752,117.047
91.970,88.195,420.406,117.302
93.633,88.019,419.409,117.999
100.260,86.104,415.693,119.431
98.910,85.907,414.184,118.552
96.631,86.418,415.260,117.910
99.417,84.598,416.020,117.788
99.998,85.737,415.353,118.298
96.192,85.802,417.029,117.913
95.233,85.729,419.354,118.177
94.147,85.509,421.945,118.421
94.107,84.898,423.428,119.283
93.335,85.558,424.567,119.278
94.669,85.968,424.829,119.055
91.299,87.229,426.310,119.337
94.378,87.555,425.785,119.518
88.999,89.584,427.623,118.996
90.327,90.272,427.770,119.200
92.417,88.598,428.283,119.629
86.232,90.081,429.209,119.229
87.630,90.502,430.552,119.094
91.523,89.914,428.754,119.209
88.726,90.942,428.365,118.621
81.694,93.012,432.733,118.171
82.990,91.450,433.178,118.990
81.485,92.943,435.086,118.283
85.067,91.042,433.322,118.075
77.535,93.704,435.093,117.857
81.683,90.858,434.539,118.840
74.210,93.503,438.019,118.460
77.486,90.419,437.546,119.206
68.617,93.284,442.622,119.037
76.032,90.745,442.283,119.322
67.926,91.855,445.971,119.436
71.539,90.940,446.094,120.570
72.227,91.530,446.637,120.237
73.632,90.714,445.572,120.848
74.576,90.763,443.600,121.285
74.886,89.018,441.254,121.702
73.923,89.737,441.165,121.464
74.585,88.179,440.190,122.031
74.578,87.820,439.217,121.781
73.755,87.795,438.887,121.581
76.609,87.127,437.880,121.494
73.610,87.745,438.317,121.279
77.122,86.848,436.903,121.499
78.471,86.974,438.309,120.282
77.704,87.465,440.287,120.103
80.310,87.740,439.554,120.779
85.008,85.773,436.513,121.007
80.153,88.304,441.346,120.256
