583.000,215.000,176.000,197.000
569.413,214.171,175.801,197.998
559.411,211.969,178.407,197.696
550.980,212.886,181.209,199.383
544.867,214.234,183.555,202.131
544.450,212.764,183.947,201.829
542.033,215.945,185.665,203.492
540.381,216.847,189.044,204.895
535.903,216.860,191.925,205.566
530.769,218.068,196.168,204.763
528.104,219.966,197.672,202.317
524.453,220.571,198.536,200.844
524.333,223.226,197.927,199.576
526.971,222.373,196.264,201.301
530.623,219.032,191.448,201.106
530.968,220.893,184.910,201.813
530.162,220.529,177.844,201.902
535.915,223.787,170.865,207.502
540.139,216.440,164.532,209.962
544.519,214.487,160.029,209.898
548.428,212.787,157.385,208.900
548.655,218.592,155.525,211.267
551.723,215.993,154.577,212.807
546.587,215.914,153.966,216.016
545.738,214.625,154.975,220.009
547.105,207.397,154.094,220.912
549.822,211.185,153.552,221.220
555.071,212.275,151.979,222.574
557.909,213.948,150.810,224.400
561.507,214.923,149.555,226.294
562.250,213.826,150.029,227.051
560.387,215.949,151.083,230.152
559.401,211.885,151.909,229.747
556.285,215.830,153.313,226.983
556.418,216.583,153.290,226.769
555.548,220.238,154.035,227.280
555.189,224.394,155.045,229.266
558.452,226.306,153.992,230.873
561.152,223.093,152.820,234.983
563.425,219.813,151.754,235.864
563.049,211.605,151.079,236.566
560.585,213.386,150.457,236.505
559.966,214.502,149.088,236.308
560.889,208.791,146.927,237.376
560.575,215.123,145.746,236.688
566.020,213.096,142.904,237.947
568.521,208.729,142.049,238.289
569.950,217.798,141.941,236.414
573.093,216.328,141.137,236.740
573.885,220.343,141.573,237.779
573.324,215.594,142.491,240.667
574.729,212.855,143.087,243.421
574.145,207.151,145.206,247.169
577.299,199.579,144.497,247.427
580.619,195.428,143.860,245.479
582.751,195.420,144.296,245.147
583.899,200.235,144.256,244.570
587.901,205.203,143.423,245.242
590.233,204.739,143.681,245.482
588.469,210.650,144.998,242.721
585.784,213.547,146.821,239.507
584.888,216.759,149.944,238.196
581.416,221.090,153.905,239.692
574.574,227.078,158.264,245.727
568.057,223.312,158.839,249.361
560.221,228.732,160.590,252.550
555.443,224.976,161.948,253.121
550.828,222.533,164.369,253.956
545.272,212.520,164.451,255.306
540.360,212.501,164.260,251.270
534.541,209.688,163.371,249.655
526.455,203.311,162.114,249.721
520.556,207.206,160.135,250.112
518.336,203.469,158.312,253.218
514.273,203.105,159.689,254.887
517.663,207.359,158.367,254.015
518.063,202.856,156.656,255.050
518.781,205.197,156.484,254.521
518.536,200.827,155.665,256.883
520.294,201.075,153.906,259.139
523.393,199.503,152.884,261.064
523.741,194.038,153.475,261.665
526.844,195.363,155.124,261.883
530.114,197.992,155.216,258.874
534.627,199.962,154.368,257.813
535.787,200.453,155.464,257.595
538.703,197.710,156.347,256.114
540.447,203.798,158.018,256.537
539.736,197.024,159.844,253.521
541.587,195.941,160.111,251.489
540.797,197.859,161.351,248.177
535.820,203.336,163.370,247.568
533.341,197.741,164.794,245.665
532.959,193.835,167.344,244.356
527.652,194.401,174.126,247.662
526.839,190.406,176.135,248.350
527.337,192.816,175.605,248.636
529.410,190.777,172.604,251.945
530.611,195.883,170.233,253.557
533.705,196.183,167.884,255.819
537.494,198.369,167.437,259.608
541.311,200.637,168.113,260.469
541.502,200.447,167.369,261.259
540.856,195.263,166.467,256.962
537.448,202.778,165.871,250.903
535.992,198.892,165.223,248.767
534.392,199.566,165.304,244.957
533.414,202.202,164.366,251.847
528.701,210.245,167.115,256.174
525.675,198.699,171.124,266.424
524.148,205.112,175.705,265.422
522.628,200.694,179.709,268.565
520.736,197.054,183.540,270.276
518.657,195.786,187.171,268.294
518.279,202.564,189.445,265.056
515.549,200.168,191.691,265.388
515.094,202.800,193.397,267.015
509.175,206.071,189.840,272.357
499.914,211.864,182.594,272.676
501.891,211.754,175.746,274.582
498.769,212.500,166.144,276.742
505.768,212.754,160.096,276.076
510.782,218.023,157.260,277.829
519.728,211.236,160.125,283.171
523.536,215.086,164.744,285.391
532.969,217.995,166.350,282.611
539.705,210.373,169.765,287.325
548.430,208.237,173.815,286.583
551.930,209.600,178.886,284.287
550.757,212.284,185.109,281.037
555.117,212.046,188.310,277.703
556.885,215.017,191.822,274.062
562.999,219.138,194.139,272.104
569.197,224.118,196.524,271.843
573.923,226.017,199.606,270.580
580.624,231.966,203.097,272.077
584.004,238.386,208.791,273.160
585.578,238.652,212.913,271.881
590.302,237.165,214.983,275.323
595.585,234.178,215.466,278.634
602.807,235.740,214.956,277.888
606.462,237.623,213.424,277.159
611.377,235.762,213.406,277.645
617.129,231.657,207.898,278.107
620.009,224.311,203.602,277.824
612.888,220.956,199.799,277.098
609.184,213.426,195.677,274.153
602.303,213.035,190.723,272.626
593.855,215.628,187.614,272.131
586.124,208.681,184.925,276.235
581.950,205.389,181.814,281.031
580.676,205.173,178.072,285.316
577.564,204.728,173.759,293.011
577.717,202.522,168.266,298.833
581.477,198.912,162.431,306.404
581.239,190.343,160.945,309.956
581.831,179.828,158.677,310.371
582.301,182.733,159.798,306.362
582.987,179.190,158.225,300.089
581.432,182.857,157.552,298.395
575.855,179.402,157.463,299.997
574.489,177.345,157.417,300.805
574.894,175.208,158.529,303.256
573.459,168.773,158.930,299.260
570.048,167.288,159.028,300.465
570.111,172.370,160.350,301.449
565.137,173.660,162.421,306.116
565.487,175.984,167.755,310.294
564.838,172.919,169.436,306.872
561.972,174.293,171.974,305.729
560.011,170.937,174.752,304.539
560.143,170.976,176.568,300.728
559.663,173.580,176.551,299.194
560.427,176.077,175.280,297.699
561.065,178.850,174.827,298.556
567.845,185.147,176.706,298.955
574.806,183.056,178.682,301.055
578.640,184.626,185.380,301.713
576.364,182.928,186.784,303.370
570.799,187.736,190.377,309.407
571.092,191.359,197.055,315.923
561.871,185.553,198.448,318.421
559.323,185.608,204.995,317.859
558.827,187.810,209.006,316.656
564.295,185.261,213.917,310.106
556.181,191.564,220.336,308.895
549.250,197.179,225.083,309.346
545.853,201.087,233.647,315.963
539.359,200.381,237.980,319.867
535.951,195.111,241.107,316.790
538.930,203.240,254.113,318.470
535.015,193.256,260.599,312.667
535.616,190.607,271.046,307.839
526.567,197.292,278.834,305.428
522.816,197.154,285.153,303.927
522.304,195.586,287.820,302.263
524.665,190.409,291.654,302.278
525.560,188.399,295.887,300.699
521.045,192.827,298.744,297.841
514.988,199.484,303.936,298.526
508.646,207.064,306.577,305.816
511.226,200.230,306.573,314.489
499.079,192.058,309.527,317.430
505.242,190.541,307.613,325.033
497.924,184.804,301.446,326.412
501.902,200.441,292.636,323.364
510.968,193.179,281.906,328.060
516.713,206.926,275.535,323.608
524.441,198.773,268.118,328.764
517.186,198.795,261.391,329.675
513.370,193.815,262.337,333.181
504.607,194.715,263.279,334.931
492.024,200.228,264.237,338.156
490.105,206.279,268.936,341.915
479.950,206.738,268.561,346.426
476.128,210.531,270.147,354.426
475.548,214.673,271.953,364.131
470.322,206.952,273.494,367.000
467.413,204.461,271.303,370.726
466.153,196.669,270.855,372.578
463.488,194.038,273.416,375.243
459.088,188.105,274.855,376.704
462.641,189.888,273.430,373.045
468.464,187.068,271.092,373.873
472.507,187.929,269.576,371.723
475.290,185.191,266.716,368.985
484.253,190.118,266.559,364.905
483.400,186.944,266.558,359.122
487.900,185.685,267.869,354.587
494.771,186.386,270.998,352.173
503.378,194.877,272.314,350.703
502.383,202.378,271.918,352.828
508.300,204.413,272.456,359.539
512.203,207.602,270.358,366.492
515.730,200.330,268.707,373.460
515.294,196.792,267.547,377.427
521.532,190.465,265.632,380.107
523.186,189.598,263.494,378.000
529.869,183.055,259.312,375.709
533.468,151.399,256.537,372.352
530.775,86.786,250.379,372.352
534.947,81.641,252.546,374.147
535.071,95.802,249.638,372.253
533.173,111.682,247.399,371.700
532.534,120.261,245.562,372.503
534.119,134.144,247.337,378.657
531.681,145.148,244.669,383.617
535.718,147.271,242.864,389.519
534.826,136.976,241.895,397.022
531.947,129.748,239.673,401.522
525.787,133.551,239.186,404.122
515.203,134.995,241.139,406.637
503.125,146.830,240.632,403.062
489.460,151.948,241.812,398.969
482.430,150.631,242.462,392.868
475.227,147.175,243.533,388.032
474.667,149.537,243.301,384.159
467.510,155.716,241.327,380.971
462.180,161.818,240.883,378.867
456.992,157.405,241.283,381.223
452.758,158.277,242.017,377.964
458.400,157.845,247.415,377.754
465.038,161.554,251.351,380.106
474.198,153.772,254.769,387.113
488.688,143.833,256.661,392.167
502.401,136.076,258.735,398.960
506.447,134.009,259.783,398.608
511.883,144.098,259.773,396.857
512.593,156.872,257.111,393.187
516.598,163.958,255.912,393.126
516.540,168.157,256.255,392.817
523.542,171.459,253.754,390.166
532.296,162.858,252.464,391.167
547.623,167.226,254.354,392.052
549.482,175.563,255.875,391.996
544.778,176.327,253.624,389.723
545.643,190.096,257.051,392.871
538.560,197.185,254.191,398.843
529.048,191.784,252.526,404.185
524.127,191.592,252.762,417.334
530.348,175.121,255.597,429.303
527.038,163.856,254.428,433.453
533.443,156.422,251.370,437.393
531.538,154.682,254.963,441.521
528.335,157.225,256.058,441.338
523.631,157.553,260.420,441.562
517.453,147.488,262.618,442.593
513.491,141.958,263.711,441.483
512.711,132.524,262.496,439.220
511.049,127.523,264.015,439.320
512.501,123.666,261.146,438.324
510.663,122.082,263.934,439.978
503.665,115.352,266.209,439.435
503.396,123.054,270.149,437.515
500.476,119.523,272.372,437.494
500.504,132.245,277.116,430.426
494.999,127.466,277.834,428.021
490.825,122.818,279.535,429.989
489.128,115.621,282.155,429.474
488.244,123.006,284.798,430.627
484.713,125.545,287.192,432.658
482.016,126.086,291.120,434.644
481.239,137.097,292.907,434.464
480.461,132.690,297.496,434.274
481.107,130.335,301.321,432.862
472.497,127.796,302.061,430.835
469.101,129.131,304.939,432.675
461.265,128.119,309.182,429.988
450.100,137.517,311.735,427.177
433.862,146.726,318.967,426.116
420.724,155.455,325.430,421.927
414.915,159.495,341.203,417.000
413.974,168.019,353.548,407.276
395.200,171.976,367.605,405.222
384.498,180.516,382.330,405.139
372.005,178.881,395.885,408.532
358.935,182.740,404.768,417.899
346.104,179.684,412.178,419.209
332.885,178.590,417.365,421.279
321.591,178.219,421.719,418.995
316.397,182.823,426.994,416.523
308.649,188.690,429.397,412.385
306.366,187.278,434.224,408.771
301.943,197.398,440.612,405.875
300.565,202.660,448.660,405.796
300.826,204.189,455.297,404.112
298.035,201.812,465.532,407.026
301.017,200.445,473.304,406.827
297.712,198.819,488.845,409.192
296.045,194.787,503.767,411.104
300.462,197.809,514.678,410.012
301.894,195.442,526.581,412.651
301.957,196.048,536.477,415.223
298.082,192.887,546.406,415.788
303.756,192.384,552.821,415.069
313.197,184.664,557.888,410.385
327.107,182.303,562.186,408.774
322.283,175.616,560.474,410.137
325.164,177.838,556.463,412.006
321.424,174.571,554.092,417.223
320.209,168.024,552.079,421.318
311.106,160.525,549.632,420.172
303.218,167.404,547.893,424.716
288.347,166.528,544.954,429.312
282.934,159.893,543.778,434.739
275.753,156.158,543.248,440.281
269.559,150.786,542.978,442.900
275.016,148.041,543.943,444.837
273.033,145.116,548.193,448.516
270.499,140.742,553.741,450.106
269.354,145.814,557.083,448.671
276.471,149.650,564.709,450.127
273.306,144.339,573.037,454.707
274.174,146.662,579.867,459.620
276.254,146.604,585.169,460.160
272.743,146.726,592.052,461.996
267.758,145.593,598.936,463.036
266.403,143.348,602.297,464.129
265.530,144.493,609.252,465.940
263.170,137.992,609.566,464.903
258.095,141.691,615.445,464.706
250.385,151.439,620.173,463.942
245.744,148.295,621.088,464.334
244.499,143.669,622.821,465.340
241.507,141.586,620.427,465.576
241.383,139.712,620.033,463.838
239.139,140.610,620.205,463.474
239.698,137.722,618.789,462.648
241.886,138.569,617.608,463.264
242.448,135.821,617.025,463.364
241.605,136.521,616.565,463.743
241.763,138.447,617.013,462.041
231.408,141.128,615.479,460.723
231.561,137.259,614.007,461.362
230.588,143.885,613.836,460.761
