214.000,359.000,822.000,130.000
199.477,357.394,796.004,142.480
204.902,358.491,788.507,149.608
216.689,356.892,777.863,154.281
218.369,356.677,765.064,154.885
214.043,356.139,756.175,154.929
234.795,353.991,762.752,155.783
220.695,356.565,759.796,156.526
229.872,354.165,767.496,159.008
226.853,358.881,764.871,160.363
232.028,363.259,768.216,161.716
232.958,359.216,766.394,160.648
240.380,360.521,766.478,158.152
240.278,361.197,765.929,155.802
237.722,360.867,763.760,154.141
247.564,359.347,762.357,155.318
243.094,364.134,761.147,155.062
249.964,364.516,761.783,152.571
250.616,363.708,766.273,151.158
245.607,364.367,759.836,153.233
248.456,365.353,766.215,150.593
252.017,367.084,769.592,149.701
248.145,367.957,769.094,148.411
247.664,369.174,764.811,146.885
255.900,369.853,757.469,145.034
243.616,367.332,743.987,147.774
270.162,367.397,757.220,145.139
258.390,366.957,765.167,144.819
249.333,368.085,765.426,145.374
254.842,368.969,761.894,144.480
253.961,369.506,756.406,142.971
263.351,367.265,755.604,146.504
267.094,367.732,747.174,148.073
266.913,369.513,742.341,145.753
277.461,367.807,750.073,148.489
264.454,368.794,742.906,146.871
285.380,362.580,749.225,147.854
287.676,362.347,741.492,145.278
287.973,359.548,741.952,146.548
288.592,360.639,739.519,146.154
286.278,361.123,735.471,146.171
293.260,360.018,730.051,147.342
296.891,359.388,723.774,146.450
293.735,356.147,728.579,146.603
299.223,353.955,726.310,146.366
303.742,353.230,735.685,146.135
301.041,353.160,740.863,146.264
299.079,354.436,742.005,144.365
304.869,354.545,750.384,142.408
299.074,355.522,747.139,144.519
304.518,353.994,744.585,145.033
296.671,356.518,737.346,144.737
302.801,356.246,728.973,142.645
299.143,356.239,731.152,143.826
303.606,356.014,729.272,143.561
300.122,356.917,733.315,146.649
304.344,357.289,738.743,147.883
305.980,355.255,742.447,148.918
289.547,356.134,731.023,148.042
293.090,356.491,718.161,148.427
316.653,355.164,733.135,147.363
304.989,357.693,726.145,145.151
308.096,354.993,719.963,146.229
318.351,354.103,725.818,146.108
297.607,350.982,719.153,148.429
322.184,350.302,722.136,148.178
320.499,349.373,726.508,147.310
317.752,352.466,717.670,145.432
315.733,352.166,710.362,144.790
311.625,353.698,702.028,143.078
335.290,352.399,713.561,140.686
315.739,349.772,704.193,140.418
322.638,352.550,707.102,137.730
318.607,350.729,698.554,138.966
330.686,349.578,701.421,139.111
332.825,348.811,701.085,139.754
336.016,347.950,710.298,139.380
320.379,346.087,714.270,138.327
334.278,345.419,715.493,137.304
310.626,342.000,706.878,138.372
328.109,340.947,712.871,137.540
318.095,337.990,700.053,138.586
332.898,329.714,705.827,140.166
324.346,328.267,707.015,139.272
319.287,325.168,694.921,140.055
334.342,327.083,706.532,140.261
324.172,321.393,706.805,142.340
323.040,319.321,706.514,143.427
318.302,318.497,705.547,142.086
328.074,318.669,709.053,141.734
322.742,319.606,714.612,141.257
322.839,317.823,717.674,141.400
325.390,321.473,720.883,140.723
301.314,320.223,699.367,142.522
321.258,318.399,701.748,142.312
315.426,317.958,695.367,143.232
333.990,319.014,695.652,142.752
321.657,320.284,695.751,139.304
326.210,321.302,696.831,137.731
322.489,321.230,699.899,136.590
319.588,320.231,695.677,136.789
329.005,317.588,698.963,139.685
318.568,319.232,698.163,137.906
320.380,317.196,692.439,139.427
322.545,318.455,693.149,138.375
329.959,316.794,703.768,138.864
319.232,319.597,695.760,136.112
322.041,317.400,701.691,137.784
321.498,316.508,697.100,135.931
317.871,315.043,695.310,134.968
327.429,316.020,697.963,134.883
315.774,318.905,692.965,134.660
314.469,315.409,683.695,135.344
323.758,315.606,692.832,134.830
318.818,316.203,691.305,134.851
328.003,318.038,699.500,135.979
311.006,315.797,690.418,137.095
315.627,314.965,688.750,135.736
319.389,315.682,694.995,135.204
310.905,314.681,687.485,135.361
304.161,311.625,678.842,135.411
315.744,308.478,683.577,137.815
315.046,309.826,681.148,138.965
317.327,308.509,673.857,140.567
307.706,310.464,658.535,135.994
325.509,308.823,665.250,135.813
312.017,302.826,663.557,137.952
318.597,302.194,672.960,137.947
321.542,299.748,682.999,139.173
311.615,306.902,675.903,136.477
318.509,308.444,678.802,136.347
310.158,307.064,673.778,135.985
317.789,309.665,674.126,134.028
318.033,307.843,678.141,133.404
309.578,310.054,668.509,131.661
310.302,308.135,666.741,132.044
314.416,306.283,670.527,133.886
310.935,305.473,671.827,135.437
315.098,305.785,672.381,135.288
307.372,306.364,672.837,133.105
304.902,307.077,675.338,130.989
300.102,308.082,671.698,130.028
304.097,308.248,671.672,129.951
299.754,305.680,670.512,129.108
299.896,305.622,671.046,129.849
298.562,306.356,669.353,129.209
303.376,306.226,667.494,129.551
297.900,307.066,670.102,130.564
296.567,307.463,664.116,131.765
294.165,307.486,663.037,131.236
292.320,305.064,665.904,131.733
295.132,308.856,664.792,130.606
296.525,309.494,664.294,129.657
293.328,308.650,660.523,129.971
282.771,307.573,644.762,129.455
293.406,307.018,649.961,128.344
290.643,303.679,643.049,129.411
294.412,303.535,652.503,129.228
286.632,302.935,655.856,132.001
275.899,300.068,648.501,132.240
285.656,301.510,645.289,134.723
281.794,302.903,648.997,134.319
277.758,303.196,635.935,133.614
297.675,303.614,637.966,132.898
289.346,302.127,638.466,132.478
292.499,303.412,642.866,131.469
279.033,301.557,631.802,133.250
295.729,304.058,635.273,130.694
292.610,304.207,635.516,131.949
288.260,304.684,633.910,134.241
287.421,305.580,628.924,135.070
294.050,306.060,632.461,133.424
294.450,306.231,628.687,132.997
294.197,304.907,631.173,133.515
294.587,304.967,633.553,134.790
290.309,304.133,628.521,137.844
290.771,305.519,621.876,137.903
293.759,308.032,621.020,135.023
297.686,306.328,619.455,134.991
291.306,309.362,614.385,132.581
301.221,309.276,617.919,133.475
308.643,309.069,622.732,133.003
297.017,306.621,617.584,134.511
299.213,307.286,614.675,132.061
298.941,306.243,610.912,132.298
305.733,307.919,611.578,129.076
300.555,307.361,612.449,129.167
300.812,305.148,610.503,131.027
298.013,302.747,607.284,133.947
306.107,304.857,609.228,133.187
301.561,306.351,607.637,131.966
295.968,305.782,606.854,132.706
301.046,307.115,607.824,133.000
299.564,305.413,606.506,134.282
302.452,306.618,607.209,132.965
304.658,306.655,611.496,131.569
305.298,307.655,611.644,132.107
304.512,307.357,606.568,135.002
307.459,309.140,602.214,132.850
310.385,309.626,596.941,133.086
315.836,310.693,593.584,133.972
324.240,310.772,593.910,133.168
322.792,308.860,597.203,132.344
317.227,311.748,588.304,131.812
325.321,311.047,592.488,131.009
321.523,312.305,586.642,132.542
327.160,313.020,593.575,131.064
327.542,312.851,590.676,131.767
323.365,316.784,586.557,131.565
330.640,316.864,588.952,131.610
329.754,316.224,590.072,133.286
332.752,316.988,588.028,134.506
333.923,318.988,582.844,132.594
339.107,319.485,582.880,131.610
342.544,321.769,580.658,130.854
338.171,320.624,578.864,132.260
346.958,323.414,574.577,131.611
342.567,323.223,571.370,132.229
349.663,322.446,577.238,131.789
350.042,323.207,578.369,131.766
343.010,324.808,569.828,131.669
346.931,325.317,568.083,132.769
347.619,324.895,566.205,134.187
347.293,326.717,555.692,131.966
354.323,325.961,553.176,132.476
355.157,326.292,547.020,133.068
357.534,326.707,549.638,134.310
357.251,325.279,553.581,134.113
358.905,326.760,558.276,135.216
358.704,327.082,555.544,136.569
359.217,326.338,558.358,134.396
353.469,325.401,554.729,132.008
352.347,326.492,560.818,131.519
345.135,329.972,556.935,131.452
354.084,329.816,556.857,129.900
348.428,328.377,557.622,129.839
349.907,326.524,554.125,130.862
352.664,325.947,553.908,132.033
343.367,326.001,546.081,127.591
350.182,327.095,545.377,125.646
348.358,328.132,540.489,125.011
349.572,327.532,545.165,121.653
341.836,324.856,540.782,122.932
348.333,327.120,543.346,125.256
340.683,327.590,537.451,123.317
343.844,327.886,540.467,122.019
349.424,327.162,542.988,124.860
346.494,327.886,537.754,125.300
347.852,327.329,535.090,123.410
346.716,329.420,538.578,123.302
347.432,330.216,541.008,122.974
338.856,328.992,537.029,122.843
339.896,331.932,540.477,124.549
339.514,331.269,540.634,125.360
338.473,331.236,534.234,124.608
346.214,330.880,539.044,125.299
342.944,329.009,536.077,127.323
340.661,332.076,532.336,127.476
342.544,328.002,526.662,125.299
337.386,324.808,520.966,123.922
336.427,325.389,519.029,122.917
338.971,324.515,520.946,121.936
340.409,324.421,521.708,125.493
335.716,324.212,522.265,123.550
347.864,325.053,526.581,123.346
340.704,323.839,528.585,123.991
343.759,323.830,523.119,125.879
342.907,323.929,521.181,125.677
347.630,328.888,519.245,123.215
343.275,328.735,517.413,124.075
346.259,329.767,515.576,126.368
346.325,328.846,513.595,125.191
346.072,332.695,511.943,126.924
344.840,330.699,510.166,127.311
345.516,336.118,510.994,126.457
344.042,335.068,507.889,126.197
346.556,335.045,507.685,125.819
351.423,335.668,510.566,123.910
348.238,341.079,507.885,123.399
345.531,339.447,504.450,124.236
347.087,336.718,497.906,123.869
347.550,337.012,495.631,125.011
347.436,337.078,495.288,126.151
347.614,336.925,492.962,124.296
352.332,340.425,491.249,127.073
356.808,338.133,493.471,125.247
352.061,341.179,487.434,124.417
359.410,341.971,484.792,122.905
362.178,341.569,483.502,122.884
363.918,340.625,480.965,122.302
368.947,342.309,478.167,122.841
370.210,343.100,478.278,122.717
372.534,343.537,477.224,123.064
372.132,343.335,474.669,123.663
374.147,344.259,469.990,124.850
368.681,342.354,469.063,124.135
372.750,342.723,469.473,122.132
374.438,343.576,470.495,121.501
371.596,342.682,472.609,121.078
372.153,344.069,472.310,121.607
374.787,342.052,469.680,122.587
379.857,342.448,472.793,123.005
377.287,341.187,469.681,125.187
379.195,339.507,466.210,124.901
386.310,339.336,466.809,126.385
389.404,341.006,464.641,128.250
391.310,337.306,465.399,130.479
390.059,334.599,464.782,128.200
391.349,338.185,463.596,128.734
390.561,338.428,462.533,127.691
390.182,338.565,461.430,127.332
389.406,338.803,461.097,127.951
388.062,337.468,459.449,126.503
387.445,337.395,458.228,127.187
388.901,336.088,459.850,126.773
384.699,334.524,457.467,127.061
383.560,335.239,457.807,127.169
385.634,334.200,457.659,125.789
382.806,334.050,460.120,126.998
377.959,334.225,459.222,126.512
374.854,334.816,458.663,126.808
375.370,334.898,458.447,126.534
376.034,334.140,460.773,126.250
377.260,332.862,460.647,125.008
378.391,332.471,457.508,123.293
378.961,334.440,453.990,122.745
379.906,337.578,453.398,121.407
383.271,337.228,452.999,122.845
380.940,339.839,453.377,121.986
378.377,340.160,452.171,124.683
380.066,340.160,449.438,122.878
378.573,342.124,447.015,121.712
383.924,343.958,449.649,118.353
376.444,341.892,445.568,119.297
380.276,341.849,448.142,119.847
378.752,341.848,446.301,120.481
380.714,342.516,441.916,120.947
377.177,341.930,437.489,119.804
382.186,343.086,442.414,119.068
374.860,342.352,436.978,119.337
371.971,340.434,435.993,118.621
370.749,341.335,435.458,118.610
364.894,339.591,431.825,117.942
369.180,342.254,434.508,119.908
365.591,340.619,431.658,118.377
366.647,340.753,428.967,118.777
367.480,340.347,427.130,117.584
362.482,342.455,421.780,118.267
367.191,343.147,420.822,116.159
368.483,342.605,418.763,117.160
366.838,340.976,417.351,115.376
363.881,344.167,413.612,116.095
362.200,342.933,412.018,115.496
364.866,341.896,415.054,115.860
360.406,342.399,413.602,117.396
357.956,346.733,411.770,117.021
359.170,346.353,409.310,117.110
356.725,345.733,410.308,114.953
360.725,346.199,409.201,114.071
357.391,345.663,409.410,111.542
358.009,344.825,406.568,110.780
356.888,344.421,405.638,111.718
353.829,343.696,403.372,112.323
354.343,348.345,405.876,112.925
360.459,349.577,405.084,110.599
359.389,349.186,406.039,109.041
361.472,348.710,405.798,109.035
358.945,348.632,404.353,110.717
359.444,349.829,405.694,110.477
362.130,350.035,403.864,108.377
355.380,350.949,402.297,109.568
359.393,352.477,404.802,109.813
359.594,354.796,405.190,112.666
357.107,352.498,405.585,111.118
356.068,352.096,405.164,110.961
357.204,352.980,407.643,111.154
355.722,357.125,405.668,112.503
356.914,353.241,401.140,110.378
355.920,354.022,400.609,107.675
358.031,354.483,401.758,105.729
354.489,353.377,401.736,105.932
356.629,354.852,404.032,105.367
353.240,356.149,402.039,102.843
353.562,356.967,401.105,102.915
351.786,354.752,401.931,103.533
350.688,352.115,401.709,104.532
349.774,350.020,401.031,103.415
351.486,351.774,403.481,103.275
347.834,353.696,401.075,104.450
348.311,352.117,402.387,107.004
344.241,355.863,399.604,106.980
343.771,355.666,394.139,107.317
346.408,356.705,392.473,106.993
342.856,356.359,389.507,106.519
346.513,359.575,389.639,108.218
342.753,359.614,388.545,108.294
342.976,358.220,386.368,109.918
342.321,359.983,387.291,107.341
342.716,359.363,389.060,105.810
341.718,359.959,389.930,104.316
340.956,360.003,390.117,104.392
338.036,360.646,387.632,103.632
339.486,362.506,385.978,104.032
339.356,362.222,386.022,104.021
338.477,362.753,383.188,102.831
334.982,360.690,380.294,104.681
338.692,362.180,381.972,106.925
335.071,361.146,378.993,107.749
339.247,361.634,378.450,106.491
334.091,359.935,377.172,106.454
333.456,359.700,374.153,106.684
335.702,360.428,376.937,108.133
332.102,360.983,375.096,108.047
330.568,362.447,369.892,109.147
335.610,360.628,367.795,107.301
331.999,361.910,367.204,107.492
332.238,360.201,366.002,105.825
329.892,360.350,365.657,105.914
329.836,360.727,364.231,104.552
331.494,360.629,362.656,104.158
333.455,359.234,362.334,104.743
332.185,358.309,364.042,104.131
332.511,360.011,364.490,104.953
333.401,362.740,366.591,106.472
327.262,364.008,362.244,105.967
329.502,365.032,361.352,105.618
329.036,365.934,362.070,105.260
327.561,365.782,361.836,104.227
328.120,364.398,364.405,102.563
326.954,359.787,364.183,100.632
319.983,360.333,359.988,100.403
325.099,361.381,363.515,100.832
321.114,359.768,360.068,101.152
319.078,359.910,358.488,101.125
324.326,360.221,358.992,100.111
321.311,361.284,356.941,100.065
322.064,362.123,358.005,99.396
324.182,361.958,357.848,99.351
318.303,362.767,352.418,99.138
322.948,359.923,355.227,98.531
319.857,360.186,352.746,98.892
320.422,359.996,350.181,99.166
319.589,359.348,345.599,98.220
321.514,360.914,346.116,96.799
322.636,360.855,345.170,96.102
321.501,362.251,342.549,95.021
324.699,362.985,343.507,94.030
321.361,363.909,341.468,90.899
319.484,364.279,338.127,92.224
323.560,364.283,337.833,91.658
321.539,363.656,336.167,91.119
320.784,362.816,335.351,91.109
321.989,363.920,334.559,91.564
323.570,363.063,334.708,91.335
324.058,364.168,335.171,90.971
323.741,365.008,336.199,91.867
322.640,365.373,335.167,92.032
325.115,365.740,334.991,92.736
323.284,366.514,332.956,92.762
322.091,366.225,332.660,92.914
322.372,365.688,331.114,91.797
322.817,364.943,329.711,92.822
324.191,364.104,328.651,93.871
326.070,365.228,328.398,93.403
324.646,366.348,327.150,92.226
329.472,367.315,329.384,91.375
328.360,369.732,326.510,92.739
331.851,370.705,328.121,93.187
331.394,370.796,327.836,94.123
329.891,371.651,327.612,94.450
327.787,370.908,326.967,95.015
328.181,372.768,328.331,95.885
327.465,372.997,325.383,94.721
334.508,374.229,326.546,95.283
331.988,374.440,323.393,96.637
333.665,374.434,322.977,96.836
332.151,373.281,322.449,96.755
333.482,375.476,321.808,96.007
332.394,374.701,319.131,95.536
335.858,375.487,322.205,94.591
334.349,376.451,321.459,94.457
333.288,374.801,320.873,93.565
333.575,373.467,321.164,94.488
336.207,373.605,321.806,95.608
331.376,373.453,317.608,94.936
338.352,374.612,317.362,94.437
335.748,373.673,314.752,93.696
339.319,374.534,315.242,95.206
335.335,372.055,311.157,94.221
338.883,374.109,310.404,93.272
337.668,371.877,307.921,92.826
337.146,369.778,307.807,95.063
336.287,366.751,308.498,95.733
336.643,360.816,307.970,96.045
338.434,366.398,311.812,95.916
335.020,364.515,309.562,96.231
335.380,366.009,308.931,96.399
332.791,363.485,307.378,96.237
336.376,365.706,307.892,95.016
333.703,368.909,304.846,93.311
335.911,367.525,304.643,93.807
334.471,364.527,301.599,93.669
339.374,366.273,303.610,93.171
334.518,366.847,300.339,93.053
337.317,367.779,297.748,92.765
339.654,366.341,295.329,92.640
340.615,365.842,292.759,92.561
339.189,364.056,290.658,92.353
338.994,365.004,290.198,91.562
344.148,368.402,291.207,91.075
341.738,364.245,287.876,90.038
338.179,367.381,287.251,87.980
338.903,366.521,287.587,88.928
338.576,360.240,285.124,89.583
337.255,361.052,283.719,88.867
339.033,362.315,284.310,87.411
340.713,360.197,286.595,86.560
336.867,362.561,287.331,84.718
338.335,364.324,288.244,83.810
337.180,365.894,288.883,83.179
337.662,367.365,289.880,82.843
335.682,363.008,286.658,83.934
338.847,363.348,288.092,84.362
336.794,361.154,287.864,85.242
336.379,362.251,288.603,85.212
333.784,363.293,289.804,84.834
332.818,364.559,290.111,84.352
330.906,364.676,291.107,84.729
328.883,365.764,289.499,85.666
331.850,365.525,290.201,85.741
331.813,359.829,288.709,86.968
328.916,351.720,286.389,88.748
330.040,357.370,287.275,88.891
327.004,355.803,285.252,88.990
331.359,355.906,286.498,88.979
326.776,356.947,286.316,89.573
325.944,359.270,285.899,89.709
327.671,360.298,286.171,88.649
326.625,363.659,285.811,88.280
326.358,363.822,285.573,88.415
