167.000,149.000,1013.000,301.000
235.277,112.605,963.839,309.303
273.575,109.930,916.429,319.284
271.088,110.918,888.910,325.062
258.322,107.344,880.102,331.498
288.874,97.717,859.161,340.351
280.710,105.540,842.511,340.592
285.372,100.792,829.927,344.580
264.496,101.242,830.823,352.223
268.040,95.742,829.359,359.973
232.555,91.356,836.257,369.816
192.040,88.865,868.442,382.059
167.965,78.603,890.350,381.112
148.814,84.841,907.015,379.380
145.153,76.107,912.250,384.744
152.990,65.869,915.324,394.215
119.578,74.308,919.644,402.533
91.865,76.908,937.471,412.615
101.378,41.314,968.486,400.547
58.107,56.660,991.389,398.083
55.921,80.894,1000.710,400.173
194.096,61.356,972.300,391.857
177.571,105.702,960.276,378.057
181.274,121.902,949.068,368.829
170.545,102.047,952.734,356.445
91.392,143.713,965.782,349.251
53.994,154.030,974.286,342.409
53.283,149.442,985.078,336.923
49.642,159.649,981.642,329.995
33.262,171.504,978.771,332.105
41.970,168.676,977.448,326.018
31.220,174.503,988.917,331.322
26.544,180.518,1005.477,335.777
48.498,181.574,1005.713,341.276
70.884,172.562,1020.098,340.427
39.370,176.788,1012.621,349.770
57.162,153.882,1010.072,354.697
21.704,161.349,1010.871,350.261
18.280,165.478,1018.328,352.003
25.436,161.146,1011.373,356.492
10.852,149.900,998.056,364.838
10.819,148.846,992.622,376.219
34.441,129.749,993.276,366.952
36.016,151.039,993.959,346.614
75.985,129.500,998.466,347.023
-22.067,188.359,988.803,333.397
-32.592,211.677,964.501,330.987
-24.439,213.080,953.526,323.732
-15.309,211.960,941.748,318.598
-19.619,206.601,932.236,324.095
-8.109,197.198,922.296,329.258
-14.556,194.288,916.736,338.959
-0.633,186.401,905.061,338.343
-1.263,182.063,904.572,344.996
6.342,179.169,902.983,345.320
-0.203,185.085,902.809,345.992
9.376,183.736,898.550,345.890
2.025,187.064,898.537,346.405
1.417,185.873,900.362,346.949
-5.623,192.204,900.139,352.541
-10.831,184.474,896.673,356.708
-3.648,179.514,900.056,351.897
-9.899,185.276,901.866,351.291
-0.420,193.612,904.427,356.790
-13.425,188.119,902.069,363.344
0.147,184.900,905.309,350.743
-3.256,200.058,906.834,349.887
-15.684,196.754,908.649,341.998
-9.913,205.791,906.399,335.174
-0.521,212.826,905.106,332.382
-10.312,213.723,904.894,325.230
-3.419,219.845,902.186,328.098
-21.560,217.496,905.759,326.665
-41.058,246.947,912.105,334.012
-36.345,266.878,903.449,333.225
-6.591,290.115,882.401,319.442
27.571,307.754,859.631,315.714
76.899,308.201,841.531,297.107
54.001,287.668,837.615,278.140
113.323,269.108,821.826,269.580
55.336,266.264,842.379,259.478
52.469,244.815,853.415,257.515
3.354,238.193,872.563,255.407
-21.872,230.850,891.545,250.369
-15.676,209.907,903.521,249.403
-18.667,191.516,910.704,253.546
-17.220,170.625,912.028,258.084
-37.092,159.922,915.280,261.817
-29.969,124.800,910.587,271.177
-37.201,137.977,912.926,269.652
-15.330,113.644,910.739,272.571
-20.283,131.670,908.391,269.375
-13.569,132.499,905.228,266.605
-21.631,137.892,900.346,260.555
-20.043,145.735,899.411,262.709
-23.183,135.029,895.963,267.301
-25.541,143.709,896.668,265.886
-19.934,130.202,895.258,268.360
-23.022,147.969,894.742,265.193
-9.898,134.044,892.824,265.684
-16.597,144.197,890.121,259.208
-6.784,142.797,886.711,262.962
-18.893,155.306,888.833,260.584
-8.692,174.511,895.977,269.008
9.376,205.982,886.990,274.927
-11.903,234.136,887.798,269.968
-5.602,244.805,883.974,263.746
22.469,269.385,873.174,253.977
70.902,282.017,902.418,242.100
74.265,278.945,909.140,237.670
78.086,260.913,911.047,237.908
52.428,228.219,924.004,244.796
42.993,218.147,911.262,246.294
10.193,225.094,899.195,254.803
6.326,207.950,926.596,262.394
25.523,197.142,956.073,265.998
0.694,200.469,963.823,263.085
-21.243,209.809,966.837,273.036
2.690,195.748,990.988,277.444
-24.707,215.352,990.763,278.364
-0.936,202.043,994.084,280.217
-1.562,208.107,1001.243,277.618
6.145,200.467,998.951,276.533
-20.750,208.049,988.489,277.672
24.986,208.081,996.067,280.797
-5.086,212.111,985.055,279.723
5.445,192.984,977.474,281.123
-19.578,210.004,974.376,276.073
7.076,202.750,987.233,276.200
0.147,208.511,987.297,276.425
14.742,213.257,990.870,272.815
4.878,219.629,997.451,276.401
37.820,212.095,1002.407,272.132
27.652,205.113,999.266,281.204
56.645,189.175,1001.376,288.599
10.602,190.497,996.374,295.988
8.639,182.913,986.845,302.165
17.870,179.771,997.991,303.958
-3.277,183.083,1004.612,314.584
32.536,169.437,1004.759,314.161
20.180,174.986,1007.733,318.538
17.905,177.630,998.519,331.916
29.924,176.699,983.862,345.711
26.285,168.512,981.457,362.700
27.003,159.414,969.063,373.993
47.375,144.141,962.605,391.989
8.218,130.434,945.669,409.190
35.931,114.280,946.986,418.518
40.071,118.396,945.933,441.176
44.704,124.131,946.678,462.980
53.123,100.455,951.116,480.180
61.322,103.554,943.201,477.313
52.655,116.542,936.654,481.234
69.277,80.952,943.961,484.052
49.904,112.719,940.253,497.019
67.205,82.628,945.922,496.097
57.915,93.645,942.503,493.776
38.199,107.416,932.427,494.486
68.784,90.054,938.774,495.517
46.733,98.134,941.010,490.210
55.544,100.535,943.607,487.104
-5.767,102.380,927.637,490.369
39.048,105.741,932.129,479.116
72.715,103.450,947.682,466.391
71.494,110.556,952.381,462.418
25.525,145.473,951.400,469.313
44.261,126.867,962.342,467.833
26.773,127.464,976.624,468.256
41.952,112.156,993.957,467.599
80.165,105.987,1000.974,468.908
137.301,93.170,1006.380,459.410
104.129,98.701,1020.242,457.952
137.041,98.136,1013.604,443.607
112.119,115.676,1008.623,433.154
133.424,101.597,1006.756,422.758
157.321,99.225,1008.007,414.768
153.840,107.385,995.215,407.570
147.143,114.271,993.634,401.850
150.125,111.720,990.210,396.840
216.161,77.605,987.774,390.499
174.881,98.323,986.959,394.339
230.795,61.108,979.909,393.157
209.203,94.214,974.722,400.235
218.253,73.185,964.349,394.922
206.360,77.311,962.618,396.604
226.133,87.648,961.963,397.679
193.862,80.603,962.599,398.497
217.317,83.552,962.532,395.897
215.914,78.650,960.281,395.938
216.769,76.896,957.237,395.009
215.695,64.439,956.136,396.032
193.940,96.012,952.199,406.091
201.309,81.893,952.181,398.555
213.246,66.147,953.659,403.072
176.255,108.513,946.039,413.818
172.748,86.563,947.203,407.513
201.965,68.065,943.229,403.514
191.071,79.448,945.395,406.405
172.321,82.451,948.642,404.178
145.888,125.133,936.842,411.130
116.196,123.049,934.115,417.714
143.218,104.484,936.932,420.763
148.929,97.561,942.122,421.764
165.477,92.050,945.623,421.530
154.591,84.038,942.859,422.468
150.833,108.332,938.685,432.664
136.389,116.144,928.635,433.945
155.692,117.684,919.279,437.190
159.997,111.234,913.417,436.205
162.656,98.431,910.597,436.672
165.208,107.705,903.050,431.838
172.577,116.385,894.267,432.669
156.618,124.511,879.113,437.087
170.808,128.019,864.015,445.778
182.757,130.021,855.973,448.282
162.211,130.832,841.796,448.291
186.818,142.574,830.377,456.633
177.964,136.301,825.926,458.019
178.738,126.758,827.319,462.779
197.614,130.569,821.714,464.454
201.960,110.118,823.246,464.016
224.250,98.471,814.033,463.438
212.634,119.476,812.578,462.134
231.148,123.639,822.441,456.235
284.753,92.304,842.874,443.807
300.826,99.566,860.161,423.326
303.434,144.417,867.749,424.367
304.378,172.944,870.733,412.202
318.682,193.751,864.630,405.476
311.067,207.805,845.881,406.417
313.218,256.774,827.348,402.905
335.518,244.517,819.535,392.301
332.037,252.703,814.453,376.715
307.114,258.477,811.912,372.102
319.183,257.131,798.572,365.900
317.211,277.433,790.837,349.964
329.860,273.272,784.132,342.916
333.579,263.869,773.205,339.525
338.142,257.267,764.876,341.751
363.202,251.783,757.691,342.527
369.955,321.878,732.882,340.248
425.419,330.829,727.839,336.037
344.973,307.531,716.079,330.076
338.360,318.741,699.689,322.460
348.598,330.386,671.141,311.495
364.172,337.358,643.748,302.542
380.974,343.315,617.712,291.221
407.897,354.094,589.787,279.083
416.711,357.262,565.680,264.135
430.096,359.481,547.575,250.454
437.431,369.708,533.569,239.862
449.315,373.351,519.499,233.088
451.466,373.817,509.904,225.634
458.854,374.115,500.550,221.066
465.745,374.610,492.835,219.005
469.894,374.246,486.402,217.452
473.571,373.274,480.710,216.580
472.750,377.672,476.758,216.933
473.561,379.380,472.656,214.355
475.039,380.530,468.358,211.803
476.873,384.333,465.713,209.386
481.700,382.032,463.187,208.222
481.341,381.870,460.835,208.949
480.887,384.614,458.909,208.162
482.985,382.761,458.081,207.202
480.987,385.022,456.605,207.724
482.069,384.089,456.125,207.090
482.955,383.445,454.930,206.369
482.989,384.864,453.602,206.968
486.113,384.556,452.567,205.767
