665.000,86.000,248.000,432.000
643.978,88.689,247.278,429.472
645.795,101.476,247.140,421.191
656.070,101.440,254.626,411.334
641.082,82.256,251.702,420.902
635.995,43.455,246.486,445.950
634.702,60.568,239.034,446.610
638.971,47.940,223.834,463.995
643.467,74.656,217.111,457.617
624.376,42.656,217.765,466.109
643.830,33.187,217.686,476.205
632.657,35.368,224.980,477.829
649.435,73.835,238.324,460.374
636.391,59.743,235.295,452.903
635.334,34.010,220.818,461.225
637.694,35.700,220.032,465.129
616.570,32.872,231.461,464.397
630.666,45.279,238.187,461.963
627.123,56.898,230.124,455.216
628.976,62.658,225.930,451.579
636.539,67.424,238.419,445.047
610.004,52.587,248.837,452.021
622.400,60.064,267.705,449.679
616.198,51.931,290.875,452.999
593.311,44.176,302.647,462.725
595.038,27.025,289.500,482.890
603.794,33.879,274.413,492.509
605.021,63.159,266.278,485.728
616.692,85.444,268.053,471.619
615.281,66.982,292.662,469.427
602.789,70.853,310.753,466.793
613.675,89.169,331.144,461.426
646.983,94.785,356.459,453.777
607.747,95.429,350.110,456.135
599.806,86.335,322.743,458.927
609.789,78.917,291.429,468.795
614.203,112.666,278.158,459.530
633.610,85.092,278.502,470.260
628.019,84.948,301.303,477.400
618.890,80.405,333.556,482.002
596.161,79.884,333.360,480.479
611.280,99.075,323.022,471.892
605.423,84.049,291.275,481.848
587.546,125.959,280.854,468.541
586.585,135.793,276.505,453.725
578.796,129.389,283.636,444.131
653.142,94.125,284.120,448.451
639.912,82.142,274.595,459.847
654.535,43.374,261.453,480.740
642.984,47.660,269.697,489.162
627.526,33.702,276.074,498.406
616.333,68.036,268.888,490.089
603.095,107.652,264.186,479.042
570.096,73.878,282.949,489.278
548.487,82.497,300.858,489.766
553.258,68.842,314.826,499.268
554.630,66.842,331.642,504.478
586.238,43.227,312.044,518.854
594.996,65.556,283.332,515.568
583.584,114.696,285.747,490.311
588.182,92.239,283.846,495.466
588.592,81.926,292.659,497.470
601.044,68.691,300.847,496.919
632.992,65.481,291.600,498.306
652.259,86.361,278.199,491.693
646.037,96.245,252.295,482.409
654.689,118.426,256.186,468.686
614.282,123.845,283.615,454.958
601.904,118.547,305.164,454.195
598.260,88.873,328.804,480.553
572.449,86.192,360.428,493.815
621.269,71.633,351.828,514.512
631.841,89.526,324.769,514.510
647.736,68.143,296.947,524.956
648.045,96.339,266.982,515.065
622.490,141.348,273.526,491.768
624.792,94.687,295.046,496.148
625.622,104.043,303.720,491.878
674.837,61.322,295.439,514.670
683.489,38.182,287.649,529.367
682.575,38.318,265.861,538.579
666.198,77.972,254.105,522.744
648.024,116.261,268.317,502.441
634.676,122.110,281.944,484.395
617.793,103.355,311.865,485.461
585.791,96.840,354.258,489.242
565.504,86.760,387.366,497.109
580.319,90.991,386.482,500.234
615.205,71.385,349.419,506.735
635.359,38.430,305.705,524.390
617.177,91.807,286.494,505.544
598.507,82.253,301.471,499.456
580.279,53.410,341.073,497.357
584.817,60.471,370.968,487.513
626.999,25.750,360.878,497.983
655.531,37.933,324.321,502.062
637.549,44.011,294.615,495.413
639.574,56.039,275.228,488.968
615.265,72.303,280.253,471.270
572.664,68.734,302.395,463.622
561.951,62.022,340.267,467.409
553.046,55.897,370.947,474.311
538.661,40.586,393.308,482.263
531.879,30.932,385.302,491.711
591.573,19.912,339.941,498.870
587.957,16.612,299.087,501.985
565.893,42.914,301.565,496.333
545.455,31.387,331.544,489.786
551.466,35.741,350.970,478.725
596.611,18.494,343.012,489.445
609.301,15.201,324.576,493.931
618.228,40.293,292.940,494.867
614.425,48.996,261.984,487.727
602.749,58.101,257.501,475.270
577.755,70.818,292.964,466.997
550.954,60.772,327.380,470.146
551.475,68.673,353.130,475.324
576.555,82.361,363.519,484.983
578.897,75.151,376.712,489.646
581.671,74.753,340.672,495.591
587.776,75.058,301.476,495.646
554.434,88.882,307.739,488.678
527.622,75.434,336.136,476.133
515.313,80.961,360.586,469.485
554.156,79.157,378.343,473.417
573.753,74.116,391.758,473.603
595.799,67.270,397.444,468.449
611.317,76.504,362.194,469.058
613.146,85.059,336.772,465.749
606.363,88.875,319.460,463.431
634.005,86.691,314.022,470.786
635.058,94.864,314.044,477.455
609.240,100.772,334.798,475.449
563.779,108.084,360.772,453.408
492.409,118.011,367.915,415.635
466.068,137.089,365.167,395.913
480.907,143.261,354.112,408.508
469.446,128.033,343.113,420.018
444.332,104.301,349.397,411.723
448.393,100.000,352.902,400.536
465.161,121.950,337.797,386.968
510.423,88.236,325.817,393.280
534.078,108.726,321.825,388.328
540.672,112.583,321.174,389.707
544.074,94.216,320.145,408.237
539.010,88.292,311.789,429.914
545.886,104.617,310.593,429.292
506.756,105.590,306.551,415.985
457.371,119.568,322.585,403.347
448.652,144.606,317.752,390.171
456.427,127.635,317.982,384.187
474.283,139.152,314.981,376.138
485.649,134.518,306.830,376.658
503.854,148.544,296.975,373.814
554.518,157.685,291.285,366.064
593.562,129.645,289.742,382.350
598.085,130.070,297.800,386.340
603.052,125.834,304.017,397.485
604.660,142.661,309.403,412.905
589.652,154.404,302.755,421.009
548.811,150.050,301.072,411.092
508.404,148.068,305.603,390.063
492.430,142.413,304.689,376.138
497.630,165.465,310.419,358.436
474.843,128.312,310.903,364.528
485.353,148.374,306.709,359.475
527.196,130.437,286.478,365.101
566.115,123.130,273.281,373.021
597.694,99.183,263.916,387.489
601.495,108.996,268.474,389.109
610.141,89.984,278.265,394.671
617.238,126.309,287.024,381.898
601.676,131.205,281.742,369.680
583.907,156.478,270.846,353.915
575.797,147.524,254.226,351.757
532.313,159.797,271.440,347.437
532.574,142.920,284.502,346.362
517.817,148.156,284.994,352.494
555.338,118.327,267.964,368.051
566.638,112.243,256.403,378.477
576.823,111.677,255.164,385.161
598.397,122.623,264.459,380.786
601.524,119.268,273.568,377.980
594.333,119.755,284.472,374.520
571.150,128.126,279.418,367.680
569.132,95.639,262.264,378.209
573.107,95.562,250.587,381.756
545.983,115.030,250.329,381.113
517.219,129.948,271.118,374.813
528.062,126.991,283.401,369.534
506.137,123.540,287.828,365.321
523.085,120.445,280.983,364.258
560.068,92.166,264.960,374.814
577.383,93.207,254.277,387.585
592.673,89.995,248.711,394.148
611.723,87.764,258.999,395.776
624.747,96.973,275.861,393.085
628.314,100.790,285.622,390.448
602.460,109.889,274.361,389.841
600.111,109.675,258.690,390.558
616.827,130.950,246.927,385.439
597.189,144.758,246.525,374.445
569.231,144.507,261.477,376.236
557.540,151.508,282.145,368.327
543.293,140.240,284.460,372.100
579.228,126.586,269.213,381.526
590.193,130.928,256.826,389.253
602.170,113.517,241.619,401.530
627.539,107.379,240.328,412.087
642.708,117.367,255.568,409.902
652.770,128.393,274.736,401.032
642.663,115.039,277.615,404.519
622.540,114.417,274.932,404.563
600.663,119.670,262.772,403.184
601.721,137.482,253.912,391.138
568.490,154.134,257.301,377.939
566.547,153.968,268.296,375.770
566.824,143.930,279.510,380.123
540.911,150.102,292.319,381.463
512.961,171.329,295.387,370.760
544.858,150.894,281.587,375.333
559.727,145.183,268.184,380.411
589.706,136.656,255.913,389.138
616.120,128.679,256.997,396.206
633.126,130.627,273.021,397.303
635.544,139.182,290.071,393.166
626.118,145.167,301.698,389.226
617.336,111.250,301.599,404.305
605.444,115.720,292.914,408.061
579.329,125.687,279.360,403.534
568.359,130.483,269.188,393.772
549.779,156.420,283.911,377.123
561.218,142.792,286.574,378.679
569.642,132.625,289.169,389.458
562.926,129.606,277.369,393.952
576.162,104.521,266.241,413.105
598.059,97.245,261.495,428.661
614.653,93.735,271.626,436.241
615.790,91.831,280.575,439.932
611.221,83.778,275.702,451.961
610.600,83.526,259.819,477.277
573.153,73.138,255.867,485.099
566.099,39.501,256.553,489.754
557.063,42.489,258.929,476.883
585.097,43.460,253.820,478.773
583.768,15.690,247.437,492.329
583.268,14.342,245.839,508.224
586.404,19.213,249.437,510.924
591.722,7.691,255.907,511.359
599.986,24.859,260.127,512.351
595.690,18.192,250.669,511.970
590.283,39.069,242.454,503.409
582.362,17.610,249.221,507.989
586.659,16.266,248.208,509.173
573.708,24.908,247.606,509.304
577.453,9.706,240.797,519.350
582.320,14.166,244.402,516.245
583.934,3.549,252.602,507.695
595.454,5.935,259.159,510.451
586.464,23.015,241.473,503.853
582.225,19.585,240.417,503.363
566.554,16.786,251.769,495.592
573.633,4.927,247.071,491.983
579.152,12.440,245.726,502.768
574.097,6.094,237.711,513.565
580.606,4.654,255.942,513.813
583.697,-12.333,262.035,511.694
581.038,6.464,264.218,514.133
571.440,4.176,250.614,497.555
560.424,19.014,255.025,480.549
558.583,9.253,264.253,488.909
556.519,5.828,260.459,503.296
578.726,13.069,259.121,502.176
587.189,25.006,258.329,500.571
579.689,38.969,263.360,500.435
589.389,59.051,270.007,494.783
579.414,65.778,273.815,491.646
570.459,91.055,275.010,484.290
578.363,91.692,280.890,483.906
590.048,102.637,294.846,487.290
601.946,119.745,318.240,481.781
592.899,93.211,327.917,491.618
608.137,125.752,333.380,485.300
599.670,119.194,331.725,487.737
585.857,142.221,326.329,478.552
569.501,151.674,328.069,467.207
600.417,143.010,334.803,466.799
616.483,164.054,353.615,456.206
645.335,137.452,360.733,456.216
635.166,125.439,364.630,460.061
624.168,153.290,375.474,448.614
611.092,134.502,377.489,450.202
615.621,127.166,383.502,451.675
622.616,132.007,387.623,452.123
616.121,153.226,389.550,444.285
616.172,146.743,387.224,443.734
618.101,143.593,389.657,444.166
623.568,143.507,392.700,443.124
629.049,146.261,395.544,440.446
626.512,135.232,398.054,440.127
614.972,142.664,397.444,437.311
601.436,108.298,383.529,443.980
601.041,119.877,378.702,445.860
623.854,137.433,380.152,440.890
634.529,157.865,387.528,432.307
631.257,166.924,395.069,422.206
616.757,158.887,402.125,419.119
615.701,138.595,405.421,424.890
612.507,141.244,405.368,428.886
613.865,123.829,406.064,439.170
612.338,130.253,408.476,442.862
617.617,149.924,409.056,439.245
616.299,172.182,406.181,432.705
633.037,141.105,399.001,435.488
608.409,177.915,392.946,430.978
581.408,194.323,400.110,428.051
546.434,148.845,406.989,439.762
530.048,149.474,406.824,445.977
549.111,167.885,412.490,445.742
530.029,162.417,412.494,449.257
528.961,176.678,422.716,447.551
521.588,171.636,428.791,442.766
522.938,173.982,438.161,439.120
532.223,170.432,441.301,436.724
502.846,186.849,447.046,430.829
503.367,175.787,455.145,433.323
490.742,192.659,454.271,429.786
511.089,220.176,464.937,420.387
519.512,214.529,477.515,426.481
515.652,204.061,485.748,443.667
481.141,183.759,475.630,465.668
454.727,200.470,458.003,472.092
465.850,179.078,444.628,483.567
482.876,148.188,435.850,503.141
487.324,142.636,427.926,523.139
489.470,101.326,416.126,548.631
472.255,86.753,396.502,563.203
458.134,85.717,369.594,575.569
467.430,73.535,348.701,587.398
458.565,61.431,333.888,597.014
461.831,9.591,325.925,617.990
458.550,12.953,311.018,632.946
458.354,4.495,300.598,647.775
448.221,10.983,290.155,654.655
447.357,4.589,282.405,658.155
446.397,1.110,275.684,649.815
447.830,-12.005,268.233,649.081
456.210,-2.609,262.368,646.684
453.993,34.072,256.258,626.652
466.626,3.474,253.663,630.893
462.556,1.429,247.632,633.423
462.393,14.258,243.345,627.355
461.489,14.497,246.611,625.681
460.336,6.351,253.135,634.163
459.875,25.562,258.373,631.045
461.969,30.367,262.468,629.060
460.235,39.530,265.182,624.843
467.192,45.346,265.609,622.662
466.125,45.581,265.963,624.160
469.127,54.627,265.185,621.970
470.947,57.217,266.543,621.541
476.242,57.153,270.522,620.771
487.817,24.868,268.768,636.008
513.198,11.528,282.118,649.774
492.119,27.248,288.996,652.870
511.888,40.292,303.963,645.239
504.399,74.048,319.587,630.690
522.173,66.958,336.149,621.258
530.357,88.593,344.829,610.289
526.383,88.297,349.379,602.840
548.168,67.399,359.879,603.004
522.971,84.867,361.653,597.202
592.705,46.699,391.660,604.756
605.798,12.203,405.984,623.499
569.818,67.687,410.808,615.930
