60.000,93.000,102.000,41.000
59.949,92.392,101.454,41.349
60.190,92.670,101.478,41.312
60.009,92.477,101.224,41.659
60.053,92.100,101.221,41.798
59.680,91.819,101.128,41.977
60.086,92.222,101.215,41.824
59.938,91.595,101.104,41.819
59.786,92.081,100.999,41.424
60.021,92.063,100.948,41.310
60.293,91.705,100.823,41.326
60.681,90.511,100.899,41.676
60.267,90.580,101.087,41.445
60.763,89.830,101.252,41.520
61.219,88.908,100.762,41.882
60.705,88.653,100.979,41.750
61.443,88.995,101.085,41.400
61.711,89.100,101.295,41.316
61.958,89.490,101.608,41.321
62.469,89.434,102.382,41.220
62.273,89.972,103.279,41.200
62.475,89.738,103.511,41.570
62.526,90.095,104.016,41.502
62.513,90.751,104.869,41.771
62.068,91.117,105.001,41.666
61.852,91.376,105.993,41.752
61.115,91.580,107.116,42.172
60.792,91.711,108.340,42.253
60.057,91.804,109.604,42.497
59.392,92.227,111.372,42.459
58.569,92.225,112.848,42.725
57.411,91.937,114.650,43.297
56.572,91.425,117.067,43.594
55.000,91.343,119.012,43.634
53.465,90.145,121.971,44.325
51.786,87.367,125.482,45.373
49.650,85.654,128.526,45.962
49.117,83.756,131.897,46.999
46.734,81.418,136.080,48.379
44.924,79.932,139.992,49.490
44.395,77.409,144.283,50.703
45.938,75.985,148.949,51.251
43.283,76.941,153.587,52.375
46.138,76.084,158.133,53.082
47.027,76.928,163.214,53.487
45.179,76.979,168.290,53.990
43.260,76.820,173.725,54.500
43.286,75.098,178.792,55.872
38.731,74.730,183.438,57.164
36.257,73.455,187.740,58.253
29.635,73.925,193.459,59.679
27.622,72.747,198.247,60.311
24.247,71.880,203.345,61.259
18.845,70.151,209.445,63.165
14.946,69.252,214.840,64.168
11.088,68.116,220.343,65.470
8.358,67.014,227.115,67.400
8.078,66.586,233.721,68.624
10.903,66.523,240.686,69.854
17.068,67.392,248.006,71.185
17.407,67.289,255.465,72.313
17.123,68.343,261.253,73.469
17.064,68.651,267.278,73.936
13.373,70.338,272.344,74.234
5.786,71.734,277.292,75.209
-3.248,74.722,282.256,78.625
-6.039,72.063,287.339,80.360
-6.951,75.428,291.061,80.684
-6.072,78.559,293.859,81.173
-4.268,75.149,296.977,81.145
-3.512,69.097,300.281,82.689
-0.601,62.184,302.698,84.502
1.702,62.743,304.417,85.719
2.450,59.862,305.307,85.093
2.865,64.447,304.007,85.078
5.224,65.696,302.731,84.075
11.269,67.857,298.959,82.401
19.845,70.978,293.098,79.419
27.611,77.163,285.529,77.176
43.715,80.198,273.422,74.556
54.049,83.015,257.827,72.178
63.254,80.669,244.975,69.411
74.251,78.329,229.966,66.923
83.315,77.570,214.464,64.452
92.583,77.340,198.685,62.060
95.272,74.268,183.931,60.571
99.621,73.954,170.606,58.160
102.966,74.695,157.825,55.363
104.289,78.271,145.513,51.765
100.598,84.401,136.879,48.424
107.775,87.010,127.058,45.580
105.147,84.597,117.075,43.756
93.552,81.573,107.788,41.990
93.846,80.216,97.948,40.149
93.093,79.528,89.551,38.109
99.999,84.366,83.133,35.840
102.248,87.212,77.555,33.932
100.992,92.272,74.147,32.493
102.348,104.015,71.286,31.231
104.195,110.939,69.535,31.029
99.911,127.957,68.887,30.720
96.875,143.052,68.861,30.339
94.859,148.677,68.772,29.895
92.194,150.147,69.445,29.492
86.168,138.575,70.594,29.811
81.219,133.116,72.239,30.483
74.122,123.687,72.554,30.068
62.981,116.676,73.811,30.287
57.572,113.354,76.134,30.273
55.460,109.739,77.505,30.505
55.703,103.781,80.393,31.508
56.536,101.678,82.924,32.064
57.982,99.451,86.218,33.328
58.859,98.179,89.544,34.747
55.244,97.902,91.092,35.765
47.015,94.558,94.774,36.508
44.261,90.903,98.532,38.214
43.954,88.464,102.116,39.597
44.687,86.021,105.876,41.701
49.842,88.586,110.299,43.446
53.002,91.409,113.235,44.451
63.705,96.354,114.768,44.194
69.922,98.195,114.107,43.871
70.730,98.510,113.533,43.531
72.065,99.054,111.410,43.029
67.582,103.205,109.069,41.161
66.343,105.905,107.177,39.974
63.164,111.007,104.549,39.404
59.996,114.544,102.056,38.866
61.691,115.867,100.083,38.267
67.227,119.546,98.197,36.831
75.871,120.463,95.667,36.243
80.925,121.842,92.835,35.145
84.025,123.243,90.388,34.871
87.401,126.769,88.837,34.129
91.059,128.715,87.130,33.172
95.532,132.460,85.770,32.493
103.906,134.632,83.181,31.613
109.245,136.338,81.809,30.564
118.894,136.436,80.139,28.939
125.344,133.420,78.517,27.853
127.978,132.117,77.630,26.774
129.382,132.059,76.809,25.488
125.739,128.802,75.803,24.898
122.091,126.696,75.122,24.487
113.490,123.437,74.221,23.981
108.786,120.626,72.971,23.494
106.595,119.641,72.027,23.007
104.563,115.569,70.684,22.741
102.769,112.377,70.019,22.531
101.516,111.514,69.860,22.166
103.633,110.199,69.393,21.774
110.201,107.869,69.111,21.649
112.231,105.441,69.115,21.814
117.854,100.542,69.839,22.790
125.396,93.875,69.542,24.519
127.392,89.835,69.213,26.177
130.795,83.164,69.467,28.600
133.032,77.446,69.623,30.764
132.844,75.674,69.233,32.770
131.735,74.519,69.262,34.675
127.538,75.100,69.289,36.271
126.053,75.838,68.945,37.505
124.765,81.387,68.117,38.841
121.403,88.614,67.425,39.502
120.380,91.327,67.068,39.442
119.219,94.025,66.498,39.507
118.716,93.131,65.678,38.989
120.606,92.833,64.652,38.882
123.998,87.561,63.190,38.502
127.231,81.797,61.859,38.426
130.665,80.088,60.569,38.277
135.462,77.104,60.253,37.580
140.122,78.753,60.247,37.809
142.158,76.342,59.632,37.224
143.454,80.128,59.416,35.293
152.461,85.154,58.642,33.649
153.659,88.276,58.249,31.881
153.834,91.181,57.661,30.293
153.598,93.014,57.190,28.920
153.589,93.879,56.918,27.701
150.570,94.038,56.758,26.963
146.745,95.308,56.066,26.176
143.190,96.978,55.641,26.176
134.411,99.087,55.271,26.163
126.451,100.567,54.836,26.168
121.618,100.838,54.582,26.491
117.142,101.588,54.085,26.651
114.875,103.026,53.628,26.443
115.610,103.465,53.139,26.742
119.119,106.701,52.705,26.480
119.810,110.526,52.373,26.457
120.086,112.649,52.156,26.308
116.417,115.180,52.309,26.386
109.149,113.715,52.583,26.247
