450.000,91.000,31.000,37.000
440.924,98.983,33.989,32.610
433.137,103.612,36.194,29.491
430.195,108.332,37.088,27.218
423.159,113.556,38.145,27.364
418.925,113.851,39.809,26.195
413.793,115.087,39.045,25.761
412.027,116.762,37.859,25.452
409.498,118.640,37.271,24.974
404.882,119.716,36.917,24.025
400.319,122.081,36.837,23.718
400.233,124.923,35.323,23.245
398.117,127.496,33.544,22.822
397.817,130.902,32.268,22.315
394.326,131.893,31.558,23.139
393.676,131.185,31.854,23.663
393.178,135.295,31.543,24.486
392.272,138.317,30.971,25.105
391.532,141.956,29.803,24.841
390.622,147.006,29.088,23.703
390.358,149.805,28.435,22.954
390.501,151.192,27.492,23.517
386.845,151.552,28.061,24.374
386.101,151.912,28.552,25.486
385.451,151.738,29.533,26.133
383.702,151.563,30.143,26.506
384.372,151.209,30.273,26.565
381.802,148.995,29.636,26.295
381.409,147.450,29.824,26.418
377.613,144.333,29.758,26.742
374.156,142.716,29.405,26.351
375.804,146.592,28.504,25.020
377.675,143.934,27.858,25.333
377.473,144.784,27.007,26.550
376.802,147.419,25.712,27.753
376.959,149.239,24.783,28.822
375.672,151.447,24.731,29.651
376.126,149.803,24.460,30.513
378.849,149.573,24.354,31.013
376.011,146.813,24.672,30.138
374.460,146.310,24.660,29.090
374.370,146.373,25.578,28.405
375.783,152.341,26.478,27.928
375.684,150.864,26.760,28.045
373.747,150.957,26.940,27.918
374.691,153.248,26.543,27.604
376.114,154.922,25.579,26.659
374.218,156.434,24.539,26.719
374.954,158.188,23.351,26.781
375.467,160.606,22.696,27.810
375.503,162.217,22.353,28.982
374.953,165.374,22.794,29.623
375.573,165.876,22.795,30.213
375.990,164.376,22.598,31.554
377.135,165.983,22.778,32.672
377.993,163.328,22.871,32.181
378.196,162.624,22.946,31.463
379.579,164.993,23.058,30.975
380.492,169.831,24.164,29.971
381.260,168.729,24.795,29.215
380.056,169.135,25.152,28.584
380.348,170.283,24.588,27.519
381.834,170.971,24.722,26.495
381.587,171.102,24.094,26.600
382.913,173.950,23.085,26.774
383.675,175.634,23.066,28.003
383.551,179.213,22.745,28.097
384.509,181.104,22.307,29.240
383.913,181.760,22.208,30.059
384.126,180.409,22.378,30.814
384.498,182.734,22.706,31.421
385.334,182.028,21.914,31.707
386.309,180.415,22.706,30.602
387.837,184.009,23.862,29.848
387.739,183.310,25.222,28.831
385.611,182.067,26.314,28.036
382.108,183.489,26.399,27.456
384.204,184.910,26.366,26.528
383.615,186.370,25.637,25.988
383.124,187.843,24.860,25.787
383.658,189.662,24.124,25.993
383.429,190.016,23.538,27.253
383.293,190.136,23.267,27.621
382.279,188.452,22.873,27.295
382.077,188.834,22.616,26.784
382.539,189.733,22.334,26.716
381.093,189.922,22.580,26.713
381.391,190.760,22.352,26.546
380.552,191.591,22.100,26.943
379.619,192.059,22.105,27.269
377.951,193.069,22.497,27.859
376.868,194.197,22.968,26.819
378.683,194.653,24.034,25.385
375.715,195.691,24.415,24.965
375.666,197.205,24.290,23.426
375.311,197.457,23.137,22.172
375.280,197.374,22.231,21.637
374.765,198.157,21.716,21.259
375.100,199.430,21.067,20.799
373.371,198.950,20.834,21.080
372.229,201.188,21.125,20.877
370.414,200.182,21.922,21.290
370.489,201.066,21.841,21.614
369.334,199.405,22.029,22.645
369.523,199.434,21.810,22.426
368.003,199.337,21.915,22.846
366.636,197.613,22.224,23.825
366.197,197.002,22.041,24.361
365.740,198.349,22.352,23.265
364.263,197.240,22.423,22.968
363.775,197.183,22.162,22.293
363.249,197.126,21.652,21.778
362.837,197.347,21.180,21.900
362.288,197.886,21.061,21.884
361.009,197.988,20.879,21.896
360.801,194.588,20.781,22.523
359.749,196.324,20.881,21.614
359.838,195.044,20.803,21.351
358.140,195.100,20.683,20.404
357.820,194.356,20.413,19.989
357.899,194.762,20.691,18.959
356.675,196.172,20.366,18.116
355.826,195.647,20.854,18.114
353.799,194.268,21.421,18.513
352.671,193.745,22.205,18.376
352.569,191.585,22.555,18.371
352.404,192.548,22.361,17.272
351.468,191.930,22.967,17.063
350.162,190.245,22.910,16.101
353.712,189.058,24.159,15.278
349.698,187.261,24.060,15.932
352.556,179.563,24.425,16.028
347.750,180.329,23.415,15.510
348.909,181.203,22.468,14.270
350.843,181.451,21.352,13.781
351.663,181.069,21.639,13.004
351.441,181.825,21.779,12.307
351.821,182.066,21.902,11.473
349.775,180.972,20.835,11.073
350.035,178.702,19.983,11.383
348.539,176.493,19.934,11.978
349.074,174.659,20.308,12.163
348.932,174.372,20.251,12.589
349.267,174.259,20.186,13.053
348.585,175.275,20.118,13.460
348.685,175.358,20.238,13.891
349.053,173.221,20.738,14.078
349.690,173.124,20.933,14.417
349.914,171.550,21.439,14.552
350.500,173.215,21.938,14.686
351.125,170.796,22.337,14.977
354.639,170.424,22.121,15.761
354.845,172.103,22.544,16.082
355.500,174.527,23.120,16.121
356.131,174.224,23.214,16.500
356.829,174.429,23.315,16.822
357.382,174.614,23.407,17.151
358.892,174.440,23.565,17.590
360.447,174.676,23.670,18.035
360.833,177.326,24.362,18.082
361.185,174.942,24.924,18.214
360.816,177.760,25.415,18.515
361.801,181.155,25.742,18.900
362.427,184.507,26.182,19.039
363.979,185.664,26.002,19.524
364.474,186.545,25.912,19.951
364.948,186.902,26.172,20.185
364.753,190.207,26.268,20.471
363.578,191.176,26.434,20.815
363.635,189.850,27.273,20.947
363.940,190.947,27.350,21.339
363.343,192.248,27.273,21.800
363.267,193.184,27.460,22.176
362.752,193.069,27.377,22.404
362.612,193.685,27.358,22.782
362.577,194.508,27.475,23.064
362.471,195.400,27.454,23.501
362.924,195.975,27.747,23.796
362.764,199.717,28.249,24.027
362.703,204.177,28.793,24.265
359.835,204.235,28.567,24.802
359.469,210.221,28.591,25.308
352.946,224.466,29.390,25.817
345.906,230.715,29.954,27.086
343.272,229.480,30.383,27.998
343.329,232.989,30.590,28.848
345.723,233.467,31.115,29.604
344.618,231.473,31.455,30.299
342.854,230.922,31.769,30.765
340.569,227.861,32.055,30.811
339.954,228.965,32.488,31.088
339.370,229.429,32.903,31.312
339.055,230.533,33.357,31.711
339.216,230.839,33.779,32.095
339.958,233.635,34.229,32.546
340.439,233.688,34.860,32.966
341.392,233.750,35.529,33.410
340.066,233.040,36.123,33.930
338.493,233.530,36.595,34.477
342.631,234.383,37.061,35.099
341.579,232.698,37.717,35.732
339.570,233.698,38.313,36.306
336.701,234.667,39.003,36.801
338.117,235.618,39.718,37.126
337.622,234.829,40.387,37.476
337.192,235.652,41.234,37.775
335.277,235.565,41.877,38.028
336.568,235.734,42.574,38.277
334.683,230.506,42.967,38.672
335.833,233.272,43.495,39.177
334.712,231.849,44.323,39.732
333.032,230.688,45.215,40.202
330.041,232.139,46.216,40.779
332.011,230.794,47.071,41.305
329.677,232.647,48.042,41.696
326.811,231.523,49.089,42.121
325.996,230.132,50.283,42.592
324.459,228.630,51.458,43.071
325.598,228.097,52.682,43.601
323.022,227.750,53.766,44.117
324.539,227.841,55.005,44.680
325.111,227.222,56.139,45.221
328.191,227.197,57.224,45.871
325.684,226.061,58.203,46.638
325.986,225.163,59.013,47.427
323.151,224.517,59.896,48.365
322.712,223.339,60.658,49.179
322.200,222.997,62.161,49.818
321.388,222.146,63.681,50.501
321.319,220.085,64.976,51.205
322.893,218.915,66.139,52.008
324.827,219.361,67.443,52.601
324.893,219.477,68.760,53.246
324.500,218.920,69.888,53.853
326.204,218.314,71.041,54.549
323.600,217.692,72.076,55.149
323.835,216.805,73.384,55.695
322.618,216.383,74.668,56.474
324.025,215.259,76.147,57.164
322.749,214.793,77.247,57.635
322.868,214.305,78.655,58.102
323.053,212.939,79.875,58.687
324.464,212.538,81.063,59.131
323.664,211.961,82.057,59.671
320.779,210.655,83.622,60.232
318.731,209.076,84.987,60.649
320.207,208.177,86.242,61.017
320.290,207.215,87.484,61.464
317.866,206.252,88.908,62.004
318.217,204.642,90.228,62.528
317.135,204.044,91.239,63.019
315.957,203.592,92.493,63.550
312.523,201.380,94.072,64.096
316.438,201.022,94.925,64.516
312.785,199.595,96.259,65.021
313.947,198.490,97.257,65.512
312.356,197.297,98.365,65.955
309.205,196.663,99.451,66.480
308.229,195.253,101.165,67.016
309.601,194.185,102.409,67.558
308.683,193.050,103.463,68.060
308.988,191.956,104.600,68.478
308.415,191.621,106.059,69.129
306.341,189.969,107.749,69.823
306.028,189.006,109.463,70.583
305.344,187.650,110.856,71.230
304.732,186.758,111.840,71.923
306.089,185.749,112.723,72.603
301.493,184.246,114.151,73.503
302.243,183.555,115.125,74.380
304.262,182.679,115.732,75.159
300.597,181.369,117.092,75.947
301.348,180.547,118.375,76.750
301.493,179.334,119.282,77.447
298.311,178.440,120.535,78.050
299.154,177.835,122.138,78.870
299.567,176.431,123.468,79.782
298.993,176.054,124.816,80.692
298.288,174.725,126.101,81.429
299.473,174.192,127.279,82.314
296.946,172.947,128.466,83.282
295.777,171.199,130.000,84.401
296.226,169.342,131.083,85.619
295.199,169.410,132.333,87.015
294.644,168.305,133.545,87.918
291.518,167.321,135.552,88.948
290.646,166.210,137.408,90.005
287.850,165.011,139.565,91.025
290.770,163.843,140.750,92.140
286.530,163.774,143.144,93.265
283.682,162.353,145.285,94.344
279.923,159.614,147.653,95.866
279.399,161.083,150.034,97.385
278.713,156.109,152.355,98.928
275.109,158.902,155.184,100.042
278.018,156.580,157.100,101.116
274.050,155.576,159.483,102.304
271.223,153.548,161.615,103.739
270.423,155.023,163.929,104.710
271.376,152.659,166.188,105.954
267.435,152.615,168.412,106.949
267.878,151.591,170.342,107.911
266.751,148.793,172.316,109.663
265.329,147.456,174.530,111.631
262.473,144.631,176.594,114.111
262.948,146.856,179.421,115.865
263.724,145.247,182.020,117.280
259.645,143.650,184.149,118.959
259.742,143.858,186.353,120.457
258.302,142.215,188.653,121.908
256.036,142.391,190.762,123.203
255.911,140.741,192.803,124.569
255.294,142.584,194.725,125.606
251.349,140.837,196.614,126.790
251.170,139.927,198.689,128.465
249.849,137.341,200.543,130.638
246.253,138.284,201.619,132.021
243.439,135.787,202.869,133.606
242.167,137.912,203.985,134.929
240.662,135.212,205.388,136.382
239.161,134.273,207.298,138.435
236.561,134.763,208.593,139.885
235.342,134.864,210.164,141.302
231.780,134.215,211.538,142.511
231.310,133.263,212.860,143.830
224.942,133.258,213.017,145.303
227.884,129.945,214.573,147.243
222.392,130.805,215.695,149.028
221.798,128.895,216.881,151.374
221.036,129.434,218.300,154.290
219.850,129.047,219.984,156.743
218.231,130.647,222.061,158.158
216.928,129.349,224.505,159.956
216.072,130.447,227.247,161.639
208.926,133.131,229.924,162.784
205.813,130.043,231.859,164.400
205.091,131.547,234.168,166.607
203.159,128.809,237.933,168.548
191.381,131.656,241.933,170.462
193.802,130.135,247.283,172.480
191.488,131.292,253.691,174.987
179.902,129.538,258.073,177.725
182.006,130.710,263.547,180.290
181.930,128.720,269.807,183.329
187.286,125.299,275.372,186.690
187.154,121.949,280.044,190.375
183.961,116.868,284.257,195.102
172.340,117.864,288.773,199.583
164.957,114.147,293.986,203.372
163.273,117.211,301.657,206.330
159.886,108.715,308.200,210.741
140.698,110.736,314.956,214.345
146.606,105.304,320.658,218.012
146.879,105.099,326.343,221.622
123.521,103.465,332.153,225.170
127.181,101.167,333.841,228.319
125.728,93.913,335.256,232.223
113.829,95.205,337.322,236.170
119.365,96.941,338.379,239.017
125.222,95.068,342.407,240.538
113.901,83.811,345.116,244.280
138.641,89.570,345.781,247.290
95.202,87.594,346.541,250.644
108.317,88.581,348.575,252.937
96.448,86.509,349.254,255.580
94.362,86.254,350.602,259.098
96.768,86.279,352.828,262.245
87.175,82.807,352.526,266.014
94.514,85.117,350.672,268.719
98.176,88.965,350.438,271.786
95.604,84.526,352.315,274.331
127.701,79.362,351.575,276.592
177.593,85.679,351.125,278.878
166.271,82.023,353.216,280.924
161.474,83.906,355.150,283.482
144.897,91.498,356.713,285.056
192.288,96.555,360.939,285.827
169.467,103.796,364.614,286.026
190.938,104.472,365.631,286.754
200.998,92.902,369.918,285.440
252.059,65.319,373.985,282.123
274.106,61.518,373.986,279.664
245.618,70.217,375.539,275.776
203.128,89.915,377.769,272.373
176.314,85.465,381.671,271.416
157.593,85.154,385.460,270.990
105.338,77.604,389.823,272.177
80.781,66.913,390.842,273.466
81.074,53.750,386.457,273.220
78.890,65.510,381.678,274.944
74.716,56.549,376.666,275.580
64.677,54.189,376.540,276.049
75.372,40.021,377.346,274.954
71.785,49.730,377.664,275.217
88.430,43.226,378.634,274.473
50.555,48.473,380.751,276.345
47.975,50.617,384.333,278.831
43.810,49.079,384.613,281.249
74.715,47.381,386.834,283.172
93.291,47.827,393.475,286.451
86.984,38.743,395.773,287.497
67.294,45.194,398.975,289.045
68.104,38.193,402.264,290.836
34.618,43.621,403.557,292.162
59.860,35.578,405.967,293.968
32.448,40.588,409.963,296.169
35.359,38.776,413.292,297.859
20.767,35.151,416.315,302.042
