0.03290033
0.01587749
0.01579523
0.01568127
0.01482582
0.01480508
0.01488328
0.01504636
0.01528120
0.01522326
0.01509523
0.01554561
0.01540446
0.01524186
0.01542830
0.01537466
0.01551223
0.01551223
0.01549840
0.01548767
0.01545811
0.01553559
0.01551700
0.01537585
0.01535797
0.01549649
0.01532245
0.01534319
0.01562595
0.01551604
0.01561713
0.01558280
0.01545835
0.01562643
0.01573396
0.01554108
0.01549101
0.01551890
0.01553488
0.01783085
0.01559162
0.01580644
0.01575851
0.01556945
0.01554704
0.01549411
0.01556611
0.01553702
0.01557732
0.01567435
0.01562476
0.01562452
0.01565123
0.01563621
0.01562333
0.01562786
0.01580811
0.01594996
0.01596332
0.01574922
0.01593471
0.01597810
0.01583600
0.01583362
0.01598692
0.01601076
0.01581407
0.01592803
0.01579547
0.01581550
0.01579690
0.01598096
0.01609421
0.01585245
0.01582789
0.01586223
0.01654172
0.01614618
0.01624513
0.01592374
0.01601315
0.01623154
0.01607585
0.01608610
0.01614404
0.01611757
0.01610303
0.01636410
0.01626825
0.01627254
0.01613784
0.01622415
0.01629496
0.01614356
0.01618886
0.01648355
0.01628757
0.01626849
0.01619887
0.01615500
0.01627493
0.01614404
0.01632166
0.01621819
0.01622319
0.01610780
0.01634598
0.01614809
0.01608944
0.01631236
0.01617455
0.01632380
0.01625323
0.01609445
0.01622152
0.01634502
0.01623368
0.01622343
0.01615715
0.01630831
0.01622868
0.01617551
0.01638794
0.01648164
0.01620126
0.01621366
0.01610923
0.01607966
0.01611829
0.01611733
0.01610518
0.01626325
0.01630664
0.01611829
0.01611590
0.01614738
0.01682734
0.01635575
0.01633310
0.01620603
0.01620245
0.01593542
0.01608062
0.01590109
0.01586771
0.01582956
0.01581144
0.01585174
0.01593328
0.01597238
0.01593351
0.01600885
0.01587701
0.01586246
0.01578760
0.01583195
0.01581860
0.01579380
0.01579046
0.01582360
0.01583791
0.01582885
0.01603985
0.01597428
0.01603532
0.01602459
0.01602936
0.01580739
0.01587844
0.01598668
0.01590061
0.01575637
0.01576710
0.01589036
0.01585627
0.01581407
0.01588488
0.01590204
0.01581383
0.01582146
0.01580763
0.01584697
0.01578236
0.01584196
0.01582360
0.01580071
0.01583910
0.01585555
0.01580954
0.01580930
0.01605010
0.01605463
0.01605105
0.01603651
0.01582217
0.01588655
0.01587749
0.01605201
0.01633000
0.01613951
0.01612377
0.01613164
0.01603627
0.01596332
0.01620793
0.01597905
0.01593089
0.01597238
0.01598740
0.01594281
0.01614380
0.01618361
0.01615381
0.01619291
0.01617026
0.01618338
0.01631999
0.01635075
0.01637793
0.01646781
0.01722383
0.01619959
0.01616931
0.01620913
0.01611161
0.01623917
0.01620460
0.01630735
0.01624298
0.01622486
0.01609826
0.01612878
0.01614618
0.01627731
0.01609421
0.01616597
0.01610208
0.01610184
0.01635075
0.01617241
0.01593900
0.01611853
0.01583982
0.01582074
0.01593995
0.01601267
0.01580262
0.01596141
0.01586604
0.01563001
0.01563692
0.01565719
0.01564574
0.01562262
0.01559734
0.01560974
0.01562548
0.01607776
0.01569605
0.01569176
0.01576328
0.01579475
0.01567006
0.01567841
0.01565075
0.01565576
0.01571846
0.01563168
0.01560903
0.01566386
0.01562691
0.01567292
0.01576042
0.01571083
0.01594996
0.01595449
0.01579714
0.01574373
0.01602697
0.01586270
0.01614356
0.01601315
0.01580143
0.01580524
0.01580691
0.01580215
0.01580405
0.01579022
0.01585746
0.01597238
0.01588202
0.01581001
0.01581001
0.01579213
0.01626348
0.01601219
0.01596975
0.01590133
0.01590943
0.01609182
0.01614094
0.01601911
0.01595664
0.01600385
0.01599813
0.01620793
0.01613975
0.01614571
0.01611948
0.01611733
0.01614189
0.01612043
0.01613069
0.01628852
0.01612830
0.01631403
0.01613212
0.01625872
0.01649117
0.01627231
0.01641989
0.01628923
0.01620221
0.01626134
0.01615977
0.01625705
0.01640844
0.01592088
0.01581287
0.01582813
0.01605058
0.01582670
0.01591945
0.01596665
0.01596475
0.01585722
0.01594496
0.01589847
0.01581192
0.01577377
0.01575136
0.01583767
0.01581693
0.01578808
0.01571870
0.01581955
0.01602507
0.01558375
0.01554132
0.01553202
0.01554489
0.01555586
0.01556158
0.01562858
0.01570606
0.01577473
0.01542211
0.01534390
0.01536083
0.01549077
0.01536918
0.01551604
0.01557851
0.01538754
0.01535106
0.01530743
0.01527977
0.01533389
0.01534796
0.01557183
0.01539516
0.01536441
0.01574516
0.01574802
0.01574969
0.01554751
0.01552439
0.01554537
0.01563764
0.01560688
0.01564431
0.01570249
0.01568675
0.01581120
0.01596618
0.01575398
0.01565051
0.01581359
0.01570439
0.01569796
0.01563382
0.01580167
0.01591396
