0.03150892
0.01528907
0.01506066
0.01506090
0.01525617
0.01526690
0.01513338
0.01530027
0.01506448
0.01526332
0.01534247
0.01522017
0.01543427
0.01541781
0.01524377
0.01527524
0.01530170
0.01526809
0.01532364
0.01549840
0.01538610
0.01531625
0.01530814
0.01524472
0.01671576
0.01537967
0.01534176
0.01533270
0.01534748
0.01540518
0.01540780
0.01539183
0.01543045
0.01544738
0.01542830
0.01553822
0.01554656
0.01557875
0.01561975
0.01562738
0.01558089
0.01562309
0.01566291
0.01566935
0.01563859
0.01564145
0.01567507
0.01568937
0.01576018
0.01574063
0.01575065
0.01575446
0.01574087
0.01575041
0.01584530
0.01577210
0.01573968
0.01568675
0.01568794
0.01568103
0.01565146
0.01567888
0.01568651
0.01567745
0.01569915
0.01571751
0.01573229
0.01570225
0.01568580
0.01569724
0.01572800
0.01572204
0.01589370
0.01573181
0.01572156
0.01572967
0.01568317
0.01571131
0.01570654
0.01570964
0.01566792
0.01569247
0.01579928
0.01574802
0.01567030
0.01600623
0.01587892
0.01577330
0.01573038
0.01584482
0.01587677
0.01582241
0.01588106
0.01577067
0.01582789
0.01604962
0.01589394
0.01584268
0.01578474
0.01588702
0.01579642
0.01603627
0.01610351
0.01594162
0.01601696
0.01627946
0.01607633
0.01600695
0.01591015
0.01588845
0.01583886
0.01572680
0.01574421
0.01591420
0.01599979
0.01600385
0.01597452
0.01599693
0.01597095
0.01595426
0.01546001
0.01541209
