0.03892946
0.01493144
0.01443982
0.01443410
0.01448607
0.01464319
0.01450348
0.01449728
0.01447272
0.01451731
0.01446629
0.01450419
0.01483107
0.01462317
0.01465702
0.01470852
0.01496530
0.01476622
0.01456261
0.01448822
0.01443791
0.01451135
0.01448274
0.01469851
0.01459503
0.01474881
0.01463151
0.01463580
0.01488519
0.01482940
0.01472425
0.01472235
0.01463890
0.01482129
0.01489568
0.01464581
0.01469970
0.01468325
0.01468873
0.01468229
0.01467824
0.01466894
0.01472807
0.01487112
0.01480961
0.01492691
0.01515508
0.01479793
0.01478457
0.01476431
0.01494980
0.01498938
0.01473093
0.01508141
0.01509929
0.01489878
0.01481581
0.01483059
0.01504087
0.01506209
0.01482797
0.01484990
0.01487756
0.01491618
0.01485562
0.01483393
0.01486015
0.01492858
0.01489449
0.01492143
0.01491880
0.01495266
0.01495123
0.01514411
0.01518130
0.01501799
0.01525044
0.01513529
0.01508665
0.01536155
0.01521778
0.01507235
0.01510477
0.01512146
0.01511836
0.01535487
0.01523376
0.01540208
0.01559210
0.01540256
0.01742387
0.01544046
0.01531982
0.01536560
0.01547885
0.01559615
0.01575828
0.01583958
0.01574826
0.01573014
0.01563954
0.01546931
0.01564860
0.01567650
0.01565552
0.01544547
0.01542258
0.01542664
0.01541233
0.01529837
0.01526380
0.01525164
0.01528525
0.01534939
0.01538515
0.01544952
0.01560974
0.01548553
0.01572824
0.01572156
0.01564360
0.01566076
0.01563120
0.01571035
0.01597667
0.01565695
0.01598811
0.01593685
0.01566482
0.01564550
0.01585674
0.01564097
0.01562476
0.01571107
0.01556706
0.01554823
0.01536679
0.01533985
0.01533246
0.01550484
0.01536846
0.01519895
0.01512527
0.01513028
0.01525235
0.01522660
0.01520395
0.01553893
0.01534081
0.01528406
0.01536059
0.01533532
0.01546574
0.01558495
0.01570272
0.01536250
0.01536131
0.01536560
0.01556396
0.01535797
0.01535964
0.01536012
0.01531315
0.01532388
0.01535559
0.01552558
0.01528645
0.01529837
0.01535463
0.01535630
0.01532674
0.01527905
0.01526976
0.01528597
0.01499057
0.01499271
0.01499152
0.01496291
0.01502538
0.01495576
0.01496434
0.01499176
0.01506233
0.01503921
0.01512837
0.01632690
0.01522851
0.01522040
0.01544976
0.01539612
0.01536655
0.01539683
0.01540589
0.01535177
0.01537275
0.01549482
0.01537704
0.01579499
0.01567411
0.01550102
0.01537275
0.01537895
0.01534891
0.01533341
0.01551247
0.01559401
0.01553965
0.01533890
0.01552486
0.01533389
0.01535606
0.01534629
0.01537251
0.01534224
0.01557446
0.01524854
0.01503611
0.01506495
0.01506662
0.01497912
0.01496696
0.01495218
0.01497531
0.01482558
0.01488638
0.01485038
0.01484823
0.01507020
0.01506305
0.01493597
0.01489806
0.01487756
0.01490235
0.01505256
0.01510000
0.01512313
0.01513958
0.01503134
0.01500416
0.01498938
0.01517248
0.01500392
0.01508951
0.01507783
0.01507926
0.01523376
0.01522565
0.01522183
0.01526856
0.01546502
0.01596165
0.01556444
0.01539135
0.01534200
0.01526666
0.01519704
0.01519299
0.01520109
0.01518822
0.01527619
0.01519561
0.01538324
0.01534033
0.01527858
0.01532650
0.01530242
0.01547647
0.01548862
0.01529479
0.01557684
0.01543283
0.01537347
0.01542616
0.01520753
0.01528311
0.01527524
0.01535225
0.01535416
0.01534700
0.01535130
0.01535892
0.01662278
0.01539302
0.01537418
0.01553655
0.01549816
0.01564908
0.01559567
0.01565480
0.01571989
0.01567745
0.01592493
0.01595473
0.01601672
0.01593328
0.01596189
0.01584721
0.01587272
0.01584935
0.01604605
0.01593900
0.01588774
0.01586342
0.01610970
0.01582336
0.01560259
0.01548481
0.01558352
0.01558900
0.01560616
0.01584554
0.01580954
0.01572227
0.01568508
0.01566029
0.01567054
0.01582575
0.01571345
0.01569152
0.01569176
0.01559162
0.01559544
0.01552010
0.01549077
0.01538134
0.01538634
0.01541710
0.01539063
0.01561308
0.01566219
0.01545119
0.01548791
0.01545048
0.01541591
0.01536655
0.01538682
0.01545286
0.01560473
0.01571941
0.01573467
0.01584625
0.01588893
0.01604486
0.01594353
0.01586938
0.01587272
0.01610065
0.01602554
0.01606226
0.01621556
0.01617074
0.01614904
0.01598382
0.01570034
0.01567984
0.01568699
0.01570225
0.01564360
0.01588655
0.01582599
0.01586461
0.01568413
0.01568842
0.01578689
0.01579046
0.01582313
0.01579046
0.01596951
0.01597452
0.01564240
0.01568007
0.01582456
0.01571560
0.01589966
0.01585460
0.01791739
0.01535892
0.01522207
0.01513314
0.01529527
0.01519370
0.01545739
0.01549029
0.01533198
0.01540971
0.01526594
0.01537371
0.01542687
0.01530814
0.01544929
0.01543832
0.01533937
0.01529813
0.01532102
0.01527166
0.01530075
0.01529288
0.01532984
0.01532030
0.01556611
0.01548862
0.01515222
0.01511765
0.01526618
0.01502705
0.01505303
0.01514912
0.01516056
0.01504803
0.02239347
0.02298665
0.02064657
0.01942635
0.01935768
0.01932526
0.01934195
0.01931429
0.01933408
0.01929903
0.01770234
0.01505041
0.01465440
0.01460075
0.01467252
0.01477408
0.01462293
0.01472545
0.01465988
0.01498151
0.01491833
0.01483917
0.01483035
0.01477957
0.01469374
0.01469088
0.01478744
0.01469898
0.01487350
0.01483846
0.01483727
0.01476383
0.01476264
0.01474071
0.01474547
0.01477313
0.01484299
0.01530552
0.01504612
0.01498652
0.01487827
0.01505065
0.01489758
0.01484561
0.01480246
0.01481771
0.01484585
0.01485062
0.01485991
0.01487088
0.01488924
0.01491618
0.01488471
0.01489735
0.01492238
0.01495194
0.01493812
0.01493955
0.01494408
0.01511693
0.01500583
0.01504493
0.01506758
0.01532340
0.01511025
0.01511621
0.01516414
0.01517153
0.01529574
0.01531172
0.01519608
0.01521850
0.01535821
0.01540422
0.01541376
0.01540160
0.01533461
0.01549268
0.01547694
0.01562667
0.01553726
0.01539874
0.01530361
0.01534939
0.01537037
0.01552606
0.01543808
0.01567912
0.01581407
0.01583576
0.01559019
0.01544714
0.01542044
0.01535082
0.01556754
0.01504588
0.01495004
0.01515841
0.01494098
0.01521587
0.01510978
0.01496434
0.01494074
0.01493812
0.01486778
0.01491952
0.01503491
0.01500702
0.01532888
0.01530981
0.01506472
0.01513886
0.01505995
0.01510692
0.01519871
0.01520300
0.01514149
0.01515269
0.01524401
0.01534247
0.01537085
0.01537275
0.01536131
0.01526809
0.01522374
0.01537633
0.01554704
0.01553893
0.01553726
0.01551890
0.01529932
0.01527572
0.01527309
0.01527786
0.01533222
0.01549649
0.01518822
0.01515365
0.01516533
0.01533675
0.01520181
0.01511550
0.01513004
0.01512408
0.01500702
0.01488328
0.01485920
0.01487207
0.01487613
0.01487803
0.01487160
0.01484942
0.01487255
0.01481676
0.01483464
0.01566362
0.01484561
0.01482964
0.01482177
0.01491261
0.01499748
0.01482940
0.01507425
0.01496005
0.01492810
0.01487064
0.01488185
0.01501012
0.01488471
0.01493025
0.01491404
0.01491761
0.01498938
0.01501894
0.01514959
0.01507998
0.01501203
0.01505184
0.01502991
0.01514149
0.01526642
0.01546907
0.01527119
0.01524305
0.01523638
0.01526213
0.01520109
0.01518798
0.01531339
0.01534152
0.01539040
0.01549578
0.01546836
0.01549292
0.01546979
0.01537037
0.01532531
0.01534939
0.01535630
0.01535010
0.01536512
0.01541257
0.01533771
0.01537633
0.01536918
0.01532769
0.01534939
0.01536632
0.01533866
0.01534128
0.01508307
0.01494622
0.01515079
0.01504493
0.01487231
0.01486421
0.01484466
0.01486230
0.01502681
0.01476622
0.01491332
0.01488566
0.01478958
0.01473212
0.01471043
0.01463485
0.01464748
0.01464534
0.01462054
0.01464033
0.01468945
0.01470852
0.01470804
0.01468134
0.01469922
0.01471972
0.01470184
0.01475978
0.01478028
0.01490164
0.01490116
0.01483822
0.01487923
0.01479912
0.01490903
0.01482773
0.01483703
0.01483512
0.01484942
0.01485586
0.01487041
0.01485872
0.01523757
0.01485658
0.01486468
0.01508975
0.01491237
0.01492333
0.01491475
0.01490855
0.01493406
0.01497865
0.01495814
0.01496577
0.01497698
0.01498890
0.01501584
0.01507950
0.01505756
0.01504254
0.01511979
0.01513934
0.01514101
0.01524401
0.01523399
0.01540828
0.01543951
0.01538348
0.01522923
0.01534629
0.01538873
0.01535296
0.01535606
0.01543021
0.01557946
0.01562476
0.01568246
0.01565123
0.01580715
0.01575422
0.01556587
0.01554751
0.01577330
0.01606011
0.01601720
0.01555371
0.01550364
0.01532578
0.01533866
0.01552439
0.01533079
0.01535130
0.01535058
0.01539445
0.01562047
0.01554036
0.01555300
0.01563954
0.01566577
0.01567316
0.01585150
0.01584554
0.01594210
0.01585746
0.01586390
0.01586199
0.01585579
0.01585817
0.01600862
0.01607466
0.01599932
0.01617622
0.01594853
0.01598024
0.01575112
0.01542139
0.01547074
0.01551533
0.01551080
0.01558924
0.01563144
0.01566696
0.01562238
0.01567626
0.01575112
0.01573586
0.01572227
0.01564670
0.01566768
0.01565909
0.01569748
0.01564169
0.01557493
0.01570702
0.01579809
0.01561689
0.01549435
0.01544905
0.01537085
0.01503634
0.01507425
0.01508665
0.01506805
0.01496863
0.01515293
0.01504803
0.01516867
0.01550388
0.01533031
0.01531672
0.01527309
0.01538205
0.01548934
0.01533866
0.01524305
0.01531410
0.01521492
0.01522088
0.01524448
0.01527476
0.01538301
0.01547933
0.01522779
0.01515460
0.01504564
0.01967645
0.01517010
0.01515365
0.01523709
0.01537538
0.01518488
0.01495385
0.01490808
0.01490927
0.01509619
0.01511216
0.01506352
0.01500368
0.01493001
0.01518440
0.01520038
0.01518750
0.01513028
0.01527810
0.01535416
0.01533747
0.01534963
0.01533961
0.01526403
0.01526618
0.01519132
0.01532054
0.01526165
0.01534867
0.01530313
0.01542234
0.01512289
0.01512647
0.01509428
0.01504993
0.01504159
0.01505423
0.01521993
0.01505542
0.01491499
0.01488256
0.01487494
0.01508665
0.01511526
0.01508904
0.01486683
0.01486611
0.01479149
0.01477075
0.01484513
0.01508665
0.01509142
0.01497293
0.01488161
0.01485920
0.01488352
0.01488996
0.01513386
0.01516151
0.01509309
0.01506162
0.01512051
0.01493692
0.01493526
0.01494384
0.01494503
0.01515436
0.01519513
0.01503587
0.01516938
0.01518011
0.01498723
0.01496887
0.01534629
0.01502419
0.01504087
0.01497865
0.01503539
0.01506162
0.01504827
0.01514506
0.01513839
0.01518703
0.01516461
0.01515770
0.01515627
0.01521993
0.01520801
0.01523232
0.01522136
0.01546931
0.01531124
0.01531029
0.01532888
0.01538038
0.01535988
0.01543307
0.01537967
0.01537347
0.01549101
0.01539111
0.01570821
0.01539826
0.01541233
0.01545596
0.01574087
0.01553273
0.01543117
0.01547718
0.01541495
0.01534796
0.01534653
0.01541257
0.01489782
0.01489663
0.01488423
0.01489997
0.01525998
0.01501322
0.01498914
0.01541209
0.01541090
0.01502585
0.01499796
0.01498604
0.01487470
0.01488805
0.01496601
0.01495242
0.01498270
0.01491928
0.01496625
0.01495099
0.01511693
0.01500988
0.01495337
0.01497507
0.01496959
0.01499438
0.01504421
0.01527596
0.01517510
0.01547694
0.01537776
0.01531982
0.01529980
0.01522517
0.01514220
0.01518464
0.01525593
0.01549506
0.01586103
0.01548338
0.01552224
0.01527262
0.01529551
0.01541996
0.01541567
0.01542377
0.01561904
0.01545525
0.01539922
0.01534390
0.01534724
0.01534843
0.01535702
0.01558447
0.01555729
0.01534033
0.01532435
0.01532459
0.01532698
0.01540804
0.01550269
0.01545835
0.01533842
0.01538777
0.01537371
0.01537251
0.01566291
0.01573992
0.01569557
0.01571918
0.01576710
0.01581550
0.01572275
0.01576829
0.01581168
0.01608372
0.01586342
0.01587367
0.01604414
0.01616454
0.01590109
0.01552248
0.01537561
0.01538968
0.01536989
0.01534891
0.01554155
0.01539493
0.01566768
0.01533866
0.01512718
0.01530552
0.01539564
0.01535463
0.01522684
0.01518154
0.01529980
0.01525402
0.01528931
0.01537299
0.01536417
0.01540685
0.01538157
0.01555276
0.01558304
0.01560163
0.01555347
0.01548409
0.01555943
0.01554084
0.01554132
0.01545238
0.01546645
0.01545048
0.01531816
0.01544499
0.01529956
0.01573348
0.01554203
0.01528478
0.01530957
0.01546550
0.01520395
0.01490974
0.01510048
0.01514268
0.01489615
0.01509452
0.01512718
0.01491022
0.01494312
0.01501369
0.01493192
0.01491213
0.01502061
0.01489401
0.01482892
0.01481605
0.01475477
0.01480556
0.01502442
0.01493311
0.01522279
0.01513505
0.01498175
0.01493979
0.01489162
0.01491308
0.01514173
0.01493979
0.01494265
0.01510811
0.01497340
0.01495910
0.01509809
0.01510787
0.01510620
0.01531029
0.01528406
0.01545405
0.01540637
0.01541352
0.01538467
0.01518774
0.01537299
0.01535034
0.01540375
0.01521897
0.01522255
0.01533341
0.01526332
0.01534343
0.01538754
0.01560187
0.01528168
0.01518464
0.01533437
0.01536059
0.01536322
0.01538134
0.01536560
0.01535892
0.01514030
0.01515222
0.01512456
0.01539755
0.01522684
0.01519012
0.01511931
0.01515293
0.01514149
0.01513815
0.01512599
0.01511216
0.01511002
0.01527715
0.01540136
0.01537538
0.01533842
0.01540089
0.01537943
0.01539230
0.01536727
0.01541233
0.01553178
0.01567030
0.01569963
0.01549864
0.01551270
0.01588249
0.01544666
0.01537299
0.01548243
0.01552558
0.01554847
0.01534033
0.01534843
0.01530814
0.01526356
0.01527858
0.01512575
0.01491594
0.01514530
0.01515889
0.01495862
0.01515293
0.01504707
0.01502275
0.01496935
0.01497459
0.01499248
0.01515222
0.01502442
0.01514626
0.01520610
0.01503181
0.01501751
0.01519156
0.01515841
0.01531816
0.01522183
0.01526904
0.01533079
0.01513076
0.01534963
0.01540136
0.01518607
0.01516032
0.01527262
0.01541281
0.01544261
0.01546860
0.01543403
0.01552582
0.01557684
0.01536870
0.01562238
0.01537871
0.01538062
0.01774764
0.01566505
0.01570249
0.01545691
0.01548004
0.01548195
0.01529193
0.01530600
0.01529503
0.01528811
0.01503468
0.01499486
0.01498103
0.01504588
0.01498961
0.01522255
0.01519132
0.01523018
0.01493216
0.01496816
0.01493669
0.01493597
0.01512527
0.01493645
0.01491022
0.01498747
0.01506329
0.01504898
0.01498342
0.01504230
0.01509809
0.01506233
0.01515436
0.01507902
0.01517248
0.01516795
0.01526284
0.01543856
0.01523399
0.01533914
0.01546311
0.01546216
0.01569414
0.01545906
0.01534629
0.01537991
0.01537967
0.01547933
0.01542997
0.01552463
0.01538467
0.01543760
0.01553082
0.01557565
0.01578212
0.01558805
0.01543713
0.01566005
0.01563287
0.01512051
0.01489711
0.01488948
0.01487589
0.01492548
0.01488352
0.01510119
0.01521707
0.01496625
0.01505327
0.01513004
0.01487327
0.01487517
0.01491880
0.01505995
0.01519418
0.01523924
0.01512313
0.01511550
0.01505280
0.01541638
0.01540613
0.01534820
0.01549363
0.01526022
0.01517725
0.01518059
0.01524091
0.01524210
0.01524043
0.01535773
0.01545715
0.01550007
0.01558518
0.01540279
0.01534247
0.01530385
0.01535726
0.01527786
0.01531363
0.01534462
0.01525927
0.01519561
0.01547337
0.01606488
0.01579690
0.01534677
0.01524091
0.01522756
0.01490521
0.01491070
0.01487279
0.01481557
0.01498437
0.01483655
0.01473737
0.01482677
0.01501751
0.01494479
0.01487803
0.01488042
0.01494694
0.01481557
0.01471949
0.01473188
0.01686525
0.01487565
0.01499534
0.01503086
0.01509213
0.01484847
0.01483393
0.01488376
0.01486278
0.01487827
0.01485920
0.01505017
0.01496983
0.01524806
0.01504564
0.01513338
0.01498246
0.01500034
0.01500535
0.01523638
0.01529241
0.01538038
0.01537299
0.01521277
0.01520872
0.01520348
0.01519537
0.01516986
0.01515174
0.01513672
0.01516461
0.01524043
0.01535463
0.01521325
0.01521468
0.01521707
0.01540184
0.01518559
0.01521564
0.01520419
0.01520753
0.01521707
0.01518035
0.01539111
0.01518130
0.01520300
0.01519728
0.01527214
0.01520085
0.01518846
0.01538253
0.01542830
0.01539993
0.01520777
0.01520729
0.01536584
0.01528692
0.01532388
0.01541495
0.01549125
0.01556253
0.01535296
0.01535749
0.01537180
0.01536465
0.01539207
0.01552606
0.01549196
0.01565671
0.01583838
0.01598072
0.01607394
0.01585269
0.01578927
0.01588893
0.01585698
0.01572776
0.01566505
0.01569223
0.01569819
0.01594329
0.01572418
0.01539922
0.01516056
0.01517892
0.01516652
0.01528025
0.01534104
0.01512909
0.01516843
0.01523638
0.01521564
0.01522803
0.01521349
0.01542234
0.01532912
0.01552987
0.01573849
0.01555252
0.01548576
0.01536965
0.01541924
0.01551652
0.01537108
0.01533842
0.01537418
0.01534700
0.01554489
0.01559424
0.01560926
0.01544857
0.01536608
0.01550484
0.01546121
0.01552129
0.01490688
0.01485491
0.01487923
0.01487017
0.01506734
0.01516891
0.01495314
0.01490760
0.01490164
0.01479459
0.01483178
0.01479983
0.01496577
0.01491904
0.01513433
0.01532435
0.01510715
0.01529860
0.01520157
0.01504922
0.01517224
0.01514912
0.01505518
0.01505351
0.01510429
0.01511097
0.01507807
0.01519418
0.01522827
0.01522732
0.01513243
0.01516581
0.01544476
0.01524520
0.01519394
0.01514268
0.01514220
0.01533270
0.01514030
0.01523733
0.01520205
0.01518250
0.01514268
0.01514411
0.01513553
0.01519084
0.01513147
0.01532674
0.01514149
0.01532507
0.01536584
0.01538920
0.01541901
0.01543975
0.01517534
0.01518559
0.01519442
0.01535583
0.01515532
0.01514983
0.01518512
0.01518750
0.01532221
0.01535058
0.01553059
0.01536417
0.01537204
0.01541185
0.01544666
0.01570201
0.01580358
0.01561356
0.01591134
0.01586580
0.01573586
0.01569438
0.01585913
0.01581693
0.01579547
0.01603317
0.01593614
0.01579261
0.01568723
0.01587343
0.01574397
0.01587868
0.01585054
0.01573253
0.01565194
0.01546764
0.01542306
0.01543522
0.01555371
0.01552653
0.01554728
0.01548624
0.01548624
0.01548982
0.01548934
0.01547337
0.01568031
0.01551199
0.01550889
0.01555490
0.01551843
0.01549196
0.01522541
0.01543045
0.01521993
0.01524448
0.01545787
0.01533628
0.01526022
0.01515818
0.01488042
0.01486754
0.01518679
0.01499343
0.01525068
0.01496959
0.01494551
0.01490426
0.01491547
0.01469135
0.01468682
0.01469827
0.01469922
0.01470613
0.01471591
0.01475286
0.01476097
0.01477504
0.01475096
0.01504946
0.01506186
0.01500702
0.01486206
0.01508379
0.01486635
0.01475739
0.01470232
0.01470613
0.01477480
0.01473403
0.01488495
0.01477385
0.01469803
0.01473975
0.01475596
0.01501346
0.01489043
0.01488328
0.01501870
0.01508927
0.01483583
0.01477289
0.01484036
0.01506114
0.01504827
0.01487422
0.01488447
0.01509452
0.01496315
0.01487803
0.01504827
0.01487374
0.01489925
0.01492715
0.01546621
0.01521564
0.01511383
0.01523948
0.01536870
0.01504827
0.01503849
0.01504683
0.01507449
0.01512599
0.01515317
0.01518297
0.01516819
0.01520562
0.01514530
0.01522732
0.01544595
0.01527166
0.01542425
0.01529956
0.01545906
0.01544738
0.01564932
0.01545501
0.01537275
0.01532817
0.01529694
0.01528740
0.01523638
0.01517940
0.01517558
0.01515794
0.01516867
0.01515627
0.01512194
0.01511788
0.01514554
0.01534438
0.01538777
0.01541495
0.01541424
0.01536393
0.01515961
0.01537561
0.01537728
0.01539779
0.01539278
0.01538181
0.01536703
0.01537418
0.01535654
0.01529884
0.01524854
0.01530957
0.01528168
0.01534271
0.01555681
0.01567316
0.01538682
0.01567435
0.01558614
0.01567769
0.01568389
0.01590776
0.01586795
0.01586008
0.01582050
0.01593399
0.01589274
0.01586938
0.01605630
0.01608610
0.01607823
0.01608920
0.01607251
0.01595044
0.01607847
0.01589680
0.01549459
0.01552224
0.01550078
0.01552033
0.01549888
0.01565981
0.01562214
0.01560163
0.01564574
0.01565552
0.01560187
0.01561809
0.01760507
0.01567173
0.01558089
0.01540422
0.01542997
0.01544619
0.01536274
0.01538301
0.01534057
0.01540303
0.01541853
0.01615572
0.01581359
0.01516485
0.01506042
0.01529050
0.01512313
0.01496887
0.01495981
0.01497602
0.01492238
0.01499319
0.01498747
0.01495862
0.01516271
0.01506305
0.01505256
0.01499820
0.01502562
0.01505065
0.01515746
0.01505756
0.01508904
0.01526475
0.01522207
0.01519084
0.01517725
0.01515651
0.01518440
0.01515484
0.01515126
0.01536202
0.01541018
0.01537037
0.01538086
0.01532578
0.01511264
0.01515675
0.01513791
0.01533794
0.01535439
0.01518011
0.01521993
0.01522923
0.01521254
0.01522374
0.01521349
0.01519537
0.01533937
0.01521468
0.01524591
0.01534748
0.01538706
0.01569581
0.01521254
0.01536465
0.01517248
0.01518226
0.01518106
0.01504612
0.01520061
0.01503086
0.01526499
0.01527691
0.01526833
0.01516819
0.01534963
0.01512551
0.01515317
0.01516366
0.01540184
0.01534271
0.01564860
0.01550508
0.01529098
0.01529145
0.01522303
0.01541877
0.01545382
0.01529455
0.01530552
0.01529837
0.01532030
0.01530695
0.01524878
0.01527953
0.01531672
0.01529598
0.01527882
0.01526737
0.01535583
0.01530576
0.01512885
0.01512861
0.01520300
0.01513052
0.01532960
0.01529837
0.01520228
0.01501393
0.01491809
0.01505899
0.01574183
0.01524377
0.01512837
0.01516533
0.01506877
0.01494169
0.01484942
0.01480985
0.01478386
0.01481771
0.01482749
0.01483917
0.01486325
0.01584768
0.01506042
0.01500487
0.01494980
0.01516080
0.01521397
0.01532578
0.01528549
0.01535869
0.01517487
0.01517177
0.01516652
0.01526093
0.01519990
0.01523590
0.01521063
0.01525712
0.01518559
0.01517940
0.01519251
0.01520848
0.01534081
0.01530719
0.01549220
0.01540875
0.01518917
0.01519132
0.01519322
0.01521397
0.01518822
0.01518631
0.01518512
0.01520300
0.01517892
0.01537871
0.01519156
0.01521826
0.01522565
0.01546764
0.01545548
0.01553249
0.01543760
0.01539350
0.01546192
0.01543355
0.01581383
0.01603055
0.01578021
0.01580667
0.01571941
0.01566839
0.01567340
0.01565075
0.01567292
0.01575518
0.01570010
0.01567578
0.01567531
0.01564360
0.01567984
0.01567030
0.01567841
0.01585579
0.01568151
0.01575494
0.01592994
0.01545119
0.01533389
0.01535654
0.01539183
0.01539683
0.01534271
0.01552844
0.01552415
0.01545906
0.01541281
0.01540852
0.01551270
0.01562262
0.01538587
0.01537085
0.01530528
0.01515317
0.01512694
0.01514244
0.01518130
0.01518250
0.01536536
0.01535964
0.01513362
0.01476145
0.01475024
0.01490021
0.01484585
0.01478553
0.01499820
0.01486754
0.01478720
0.01468515
0.01472831
0.01468849
0.01463795
0.01459789
0.01463914
0.01480269
0.01464844
0.01468134
0.01470399
0.01470399
0.01470733
0.01471281
0.01476288
0.01486206
0.01486015
0.01492429
0.01488137
0.01511455
0.01489806
0.01495624
0.01525640
0.01513100
0.01476908
0.01477146
0.01474571
0.01506352
0.01487660
0.01484799
0.01480865
0.01485133
0.01490188
0.01493239
0.01494670
0.01510739
0.01515746
0.01512814
0.01501656
0.01507211
0.01497078
0.01485920
0.01482892
0.01497412
0.01492214
0.01494360
0.01487875
0.01487374
0.01489568
0.01496077
0.01497316
0.01490712
0.01493931
0.01492429
0.01497102
0.01500463
0.01494694
0.01508451
0.01510096
0.01503825
0.01525426
0.01527715
0.01505399
0.01512814
0.01514030
0.01513767
0.01519132
0.01519156
0.01522398
0.01522756
0.01522923
0.01521349
0.01522350
0.01529217
0.01531529
0.01554203
0.01540589
0.01553464
0.01546645
0.01558423
0.01549387
0.01553416
0.01553249
0.01541257
0.01549792
0.01553488
0.01572847
0.01551509
0.01534319
0.01545930
0.01535797
0.01538992
0.01547647
0.01539445
0.01571107
0.01539683
0.01540732
0.01525927
0.01524186
0.01522374
0.01507187
0.01495075
0.01499915
0.01498032
0.01501155
0.01521349
0.01518774
0.01513600
0.01503992
0.01504755
0.01507282
0.01512790
0.01538587
0.01519752
0.01546335
0.01561093
0.01529121
0.01540232
0.01538467
0.01573825
0.01571131
0.01552653
