198.000,249.000,95.000,325.000
192.772,245.488,99.212,321.126
190.068,246.381,102.876,320.873
188.926,245.747,104.029,318.994
189.569,247.877,104.587,319.268
190.556,249.222,106.469,321.503
190.775,250.274,106.428,325.472
193.701,255.086,106.662,329.503
194.606,253.371,106.209,331.929
196.790,252.738,107.282,333.902
198.120,249.724,109.470,335.778
199.802,249.844,110.357,336.150
202.221,254.542,110.512,339.183
203.995,256.221,110.056,339.998
205.423,259.280,110.617,344.052
206.898,259.693,111.834,345.115
208.006,256.504,112.415,344.984
210.251,253.236,112.665,347.138
213.629,246.404,112.668,348.061
214.364,242.815,113.420,347.873
211.316,235.229,113.805,348.942
204.937,231.060,114.777,348.323
201.773,223.768,114.079,350.418
198.792,221.793,114.508,351.668
193.205,221.407,114.488,351.342
193.874,219.326,113.007,348.268
194.915,217.289,113.249,348.037
196.895,209.828,113.032,348.667
202.945,212.784,113.965,352.529
208.334,217.193,112.365,352.509
209.071,231.014,113.345,352.715
209.012,239.568,111.932,352.572
208.658,241.517,110.458,354.337
209.882,241.429,110.524,356.688
210.039,244.443,110.270,357.520
206.850,246.926,112.329,356.960
203.193,249.199,114.658,358.193
200.836,240.242,118.374,361.884
195.638,234.604,119.704,363.041
198.240,227.749,119.468,361.923
194.811,224.285,121.429,361.793
199.840,220.262,119.854,362.085
197.190,208.599,120.137,362.287
198.505,200.424,117.996,360.877
204.943,196.301,115.987,360.458
213.935,199.927,115.941,360.997
219.141,198.640,114.869,360.603
218.148,190.688,116.891,358.002
226.649,192.473,115.919,355.939
228.571,202.502,116.079,353.023
229.539,207.724,118.708,351.668
227.133,208.771,121.004,351.078
223.653,204.417,123.172,352.644
222.911,201.101,126.976,354.686
227.469,203.096,129.728,354.024
229.777,203.534,131.500,353.803
228.267,198.330,132.623,353.533
227.230,208.211,131.356,349.561
227.361,210.912,132.430,349.480
209.408,201.510,131.999,350.614
192.569,187.571,130.462,350.419
182.343,173.423,126.445,352.257
175.529,158.179,122.722,353.184
171.283,142.374,119.591,353.559
171.500,145.769,118.094,351.853
174.878,158.826,118.244,351.054
176.139,161.851,118.180,350.638
178.803,166.647,118.666,350.279
183.158,167.811,119.246,350.252
188.615,171.450,119.341,349.579
194.269,176.301,119.560,349.399
203.331,175.932,117.846,347.412
209.957,174.309,117.103,346.636
210.548,183.017,117.906,341.772
216.826,197.959,114.381,340.999
215.752,216.079,114.960,338.274
212.915,216.341,112.933,337.291
210.587,213.577,111.607,341.617
213.507,202.494,108.471,344.164
211.260,191.349,106.035,341.970
209.530,186.099,106.104,341.654
212.337,183.699,106.869,340.013
215.677,178.192,106.884,338.095
214.281,174.025,106.878,335.498
216.944,175.076,107.197,334.436
227.763,184.834,107.081,333.889
234.475,198.968,107.831,332.567
245.245,207.791,108.777,334.238
259.054,215.321,108.282,336.346
271.548,218.483,108.296,339.719
288.173,218.074,106.837,339.782
307.694,221.604,105.562,340.528
323.688,216.863,105.030,339.342
337.212,215.020,105.255,340.507
351.143,205.773,107.171,341.908
354.575,201.733,110.010,341.303
352.670,192.284,112.571,338.815
349.103,181.326,113.196,337.983
354.473,169.365,114.534,339.491
351.672,167.380,115.399,337.051
357.260,166.204,115.846,336.529
360.798,164.326,116.600,339.733
358.992,159.762,118.770,341.421
354.677,154.850,123.025,344.882
351.341,160.651,125.281,345.614
350.607,164.962,126.928,345.972
350.517,170.755,127.585,345.607
356.154,176.067,126.492,346.372
360.952,182.871,123.675,348.426
368.811,193.666,118.222,350.101
374.464,199.331,113.693,351.427
372.579,194.400,111.871,354.972
372.347,196.090,111.678,357.390
369.109,200.847,111.963,358.343
368.370,205.912,113.339,358.883
364.823,199.567,115.236,359.203
359.299,180.808,117.385,360.148
356.202,168.748,117.848,359.887
350.323,165.377,118.590,359.074
347.186,171.953,121.598,358.459
338.987,178.600,124.971,358.852
332.234,191.756,129.215,360.219
322.900,199.817,130.946,362.057
311.322,202.639,131.621,366.470
303.442,205.476,132.706,370.796
294.726,209.029,133.356,373.344
291.621,215.478,133.645,373.228
288.005,223.404,133.379,373.426
287.551,233.039,131.650,371.758
286.564,239.824,128.654,370.615
288.408,247.164,126.782,367.633
287.014,247.015,123.521,365.603
293.254,242.374,122.180,364.593
296.053,244.735,117.040,362.129
297.312,241.703,113.904,361.834
297.413,237.198,111.071,361.350
301.670,233.339,109.130,360.050
298.648,224.347,108.184,357.995
295.535,214.840,106.419,355.680
292.319,208.875,104.585,353.179
295.389,201.923,100.439,350.642
295.042,200.467,97.390,347.383
300.422,195.900,94.799,345.350
306.105,194.981,91.346,345.506
311.412,201.928,87.828,344.111
315.081,209.136,83.602,341.405
317.475,214.794,81.052,338.535
316.309,214.807,81.167,336.947
316.553,217.006,81.767,337.960
317.079,220.745,82.879,338.441
313.964,222.982,85.953,337.982
317.744,227.014,88.086,337.696
316.298,227.335,89.469,336.030
317.482,233.049,89.965,333.778
321.130,231.922,89.074,331.174
319.116,228.636,88.474,328.562
318.513,223.929,88.223,326.248
317.723,220.579,88.227,323.723
311.900,211.482,88.663,322.661
310.282,207.361,86.934,317.412
309.435,202.268,85.803,313.709
309.650,203.347,83.572,308.668
308.831,204.521,80.868,303.351
305.705,203.181,78.911,299.221
302.806,201.854,76.912,296.760
303.286,200.575,74.635,293.985
303.379,203.472,73.125,289.748
304.532,213.566,73.145,286.603
303.380,221.870,74.248,283.638
299.975,230.894,76.697,281.313
298.746,236.793,79.398,277.401
298.135,242.365,82.616,274.541
297.771,246.275,84.953,272.468
298.275,248.976,86.865,270.365
301.772,252.689,88.020,269.653
305.399,254.080,88.661,269.310
308.754,252.195,89.866,268.634
313.117,250.106,89.115,267.704
317.183,251.600,88.742,267.279
316.960,251.417,89.178,266.590
316.823,244.000,89.418,265.990
318.656,238.055,88.138,264.083
319.779,228.514,86.598,262.315
317.149,224.182,86.136,261.380
323.201,220.452,83.798,257.897
325.281,223.834,80.956,255.296
329.727,220.134,78.426,253.683
333.130,217.479,76.135,251.377
335.893,220.524,75.132,249.973
340.867,222.841,73.643,246.503
342.909,235.984,72.950,247.643
343.759,241.298,72.105,247.574
341.798,246.376,71.757,248.039
343.704,246.947,71.688,246.649
339.977,245.945,72.638,246.733
334.990,250.873,74.309,246.736
331.235,261.011,75.882,247.689
328.699,259.361,77.034,247.984
327.624,258.560,77.813,246.293
323.920,258.749,76.880,245.070
315.828,258.585,76.396,242.381
311.426,262.462,76.205,241.223
309.056,255.556,75.439,239.573
308.029,252.372,74.017,238.676
306.812,257.013,71.648,242.518
309.389,242.484,69.055,241.633
308.438,246.777,66.823,242.552
309.748,248.197,64.227,244.498
313.443,243.789,64.052,245.082
316.372,240.923,63.264,243.025
315.208,239.497,63.507,241.776
319.818,237.202,65.243,239.537
323.682,239.862,65.249,240.322
321.536,246.026,68.040,240.085
320.987,245.236,70.535,238.711
330.816,246.326,70.816,238.093
337.404,247.102,70.047,236.010
343.087,253.895,68.586,234.737
345.643,262.052,67.561,233.888
343.210,268.818,68.246,233.927
345.729,273.902,67.989,236.427
345.091,270.872,68.753,237.882
347.357,272.230,69.318,239.068
345.786,272.733,70.145,241.084
344.012,259.822,69.691,239.145
344.463,249.912,68.387,235.954
345.273,248.258,67.650,234.459
350.304,249.330,67.882,234.351
356.555,245.241,67.532,233.773
359.252,244.019,67.431,234.193
361.746,240.800,67.233,235.793
366.846,229.773,66.988,234.728
370.075,227.290,67.246,235.696
374.450,225.665,67.073,233.223
378.368,229.346,66.602,232.756
378.074,236.517,65.463,233.183
370.383,243.149,65.124,235.801
373.068,236.515,64.551,236.413
370.654,233.352,64.854,234.656
370.549,249.871,64.832,236.804
369.692,250.834,64.905,237.319
365.692,256.226,65.948,237.046
362.002,258.049,66.601,238.475
358.382,248.477,67.358,238.082
354.423,248.618,68.539,238.783
350.891,257.724,70.114,243.408
344.990,242.429,71.721,242.894
338.552,240.917,73.250,242.023
330.386,234.545,73.841,239.555
325.748,230.833,72.461,238.297
320.038,223.302,71.876,235.624
316.970,215.774,72.074,228.921
316.014,222.008,71.178,227.029
314.323,226.908,70.790,225.513
314.367,230.910,70.710,226.057
308.370,227.526,71.884,228.196
303.419,219.304,75.205,229.408
309.470,202.847,77.532,223.038
314.392,208.362,78.587,217.836
320.144,215.436,78.791,213.333
323.008,223.091,80.146,210.458
331.862,232.515,80.900,209.956
339.039,240.813,79.892,210.439
345.583,242.603,78.006,210.924
356.140,246.821,75.810,211.872
362.296,250.490,72.127,212.148
367.211,257.835,69.303,212.615
373.626,258.729,67.031,210.769
379.789,264.355,64.723,209.820
382.902,270.100,63.438,212.107
384.139,270.555,63.185,214.613
380.700,268.422,63.971,216.383
376.240,260.930,65.378,215.468
375.234,259.913,66.705,216.646
373.339,259.311,68.897,217.948
372.524,255.432,70.803,217.342
367.905,257.406,73.214,217.593
365.576,258.021,76.890,218.391
364.646,257.433,79.211,217.902
365.883,259.416,80.760,219.209
362.742,255.553,81.914,218.712
361.357,257.200,82.775,219.712
359.789,254.776,83.065,220.134
354.628,251.388,83.601,223.283
350.296,249.401,83.414,225.730
346.391,246.841,82.374,225.596
341.604,246.414,81.442,225.311
335.582,244.946,80.536,225.581
329.053,244.210,80.064,226.676
320.493,243.996,78.845,227.531
312.587,244.679,76.932,227.197
305.056,242.777,76.806,229.880
295.840,243.059,76.088,230.905
288.549,243.701,74.988,230.380
280.700,242.850,74.048,231.008
272.164,242.072,73.411,231.533
263.070,242.584,73.316,232.172
255.271,244.381,72.800,231.907
246.661,247.626,72.342,232.848
238.541,248.835,71.212,233.465
232.211,248.220,70.793,233.838
226.681,252.094,69.873,233.736
221.095,255.726,69.591,235.863
211.372,258.495,68.702,236.333
203.092,253.120,68.390,236.837
197.721,246.668,67.647,236.073
195.416,244.392,67.075,237.050
191.505,241.492,67.364,236.894
186.338,241.279,68.410,237.079
181.974,237.231,68.411,235.169
176.382,234.071,69.284,235.085
174.293,230.794,70.323,237.520
170.985,229.436,73.516,238.690
173.244,230.539,77.895,238.330
175.773,230.236,81.600,237.773
182.030,229.878,83.510,237.406
193.772,231.665,84.877,237.464
198.258,235.291,87.721,237.269
207.989,237.026,90.173,237.137
218.429,241.746,91.754,237.120
226.852,247.863,93.274,237.792
238.647,250.930,92.588,239.380
248.000,251.717,90.897,241.322
258.837,248.283,87.154,242.346
265.093,249.605,82.175,243.385
269.703,248.600,77.128,243.792
274.620,252.727,72.593,239.985
280.308,257.332,69.251,237.176
284.911,260.672,66.976,236.928
286.527,257.614,66.903,239.481
288.738,250.704,68.119,239.671
292.900,250.923,69.053,241.108
294.889,250.516,70.386,242.610
296.050,249.567,70.400,241.937
294.608,252.639,70.365,242.557
291.674,251.804,70.506,243.785
291.072,251.816,70.039,243.192
289.998,246.047,69.292,241.944
285.632,244.569,68.743,241.312
278.041,244.174,68.341,242.756
277.217,227.729,68.317,243.053
273.713,232.021,68.562,244.158
268.305,243.180,68.417,247.811
267.475,250.856,67.974,255.538
271.556,257.400,68.110,259.951
271.037,267.340,67.197,263.015
274.065,268.468,67.820,264.999
274.054,267.923,67.488,266.573
277.751,266.845,68.175,267.745
281.602,264.549,68.371,268.294
285.168,270.538,68.856,272.918
288.928,267.564,70.787,274.853
289.197,261.938,72.971,277.338
291.270,247.079,76.983,276.064
306.939,250.403,81.206,273.939
315.846,260.890,84.474,274.047
324.728,261.850,86.194,272.813
327.530,265.880,87.307,274.143
332.264,270.166,89.238,274.954
336.851,257.636,89.043,275.020
344.194,256.548,87.832,273.563
344.831,249.254,87.570,271.820
356.315,245.456,85.388,273.301
361.176,239.683,83.681,273.823
362.894,243.346,82.175,276.279
366.151,226.682,80.552,276.085
365.913,226.224,79.703,274.518
362.634,222.783,78.958,275.061
361.139,224.290,78.018,274.425
358.767,223.051,77.478,277.337
356.595,210.532,77.047,275.989
351.079,208.735,77.078,274.931
344.481,204.930,76.701,271.032
334.199,214.689,77.542,271.118
322.996,220.763,78.862,268.957
309.181,226.060,81.231,262.759
291.538,232.981,85.340,259.467
282.571,241.477,88.631,254.528
258.972,242.855,92.163,253.685
249.008,241.990,93.228,251.788
237.414,244.416,93.211,247.501
226.851,244.756,92.397,245.846
215.732,245.062,91.127,246.791
209.521,247.467,87.795,248.530
202.100,241.950,86.090,249.205
195.861,235.692,84.462,253.180
190.786,229.839,81.683,254.252
187.779,227.246,78.916,253.983
184.544,227.624,76.359,251.967
180.879,230.756,73.850,250.517
179.308,233.349,71.420,250.539
175.671,230.953,69.118,247.699
168.731,234.122,67.707,246.295
164.323,233.943,67.880,248.254
158.818,233.468,68.003,248.398
153.205,234.386,69.656,246.791
151.471,240.009,72.048,246.159
147.478,239.724,75.077,245.411
147.852,242.410,78.902,243.655
148.971,252.008,82.823,242.028
152.558,258.821,84.880,241.679
155.457,263.466,86.101,242.619
159.084,262.012,86.049,242.194
161.402,260.512,86.400,241.900
163.603,255.149,86.766,242.153
164.395,246.806,84.215,242.557
169.656,242.200,83.649,241.742
172.801,240.769,83.655,241.577
176.624,234.350,84.047,242.202
179.991,227.931,84.911,242.447
179.034,220.078,85.933,242.744
179.477,208.263,86.742,241.415
178.655,199.609,86.680,240.212
184.674,201.815,88.013,239.127
182.917,206.402,90.138,238.808
181.467,212.589,93.395,238.976
178.175,217.187,95.000,238.439
176.817,220.217,94.086,238.508
175.467,221.273,93.289,238.250
174.815,222.288,91.650,237.655
176.160,224.619,88.906,237.422
174.731,226.332,87.102,237.819
176.225,227.363,85.240,236.438
173.843,230.091,84.121,237.886
171.220,226.994,82.947,238.730
168.957,227.629,81.481,238.924
165.890,223.198,80.498,239.405
162.898,219.040,80.149,240.941
158.557,209.711,80.179,243.832
155.758,201.610,80.556,245.950
156.382,201.647,81.446,246.325
156.941,199.864,81.934,246.674
154.670,194.392,83.028,248.257
153.486,188.600,84.659,249.136
153.084,181.698,85.206,248.911
157.084,187.642,86.301,248.625
156.916,193.717,88.064,248.312
157.490,202.492,89.394,248.576
158.005,209.368,91.714,249.279
158.314,213.558,92.951,249.458
158.065,216.083,93.988,249.557
159.407,219.581,95.344,250.092
159.939,223.877,96.157,249.795
159.710,228.491,96.549,249.743
159.310,230.884,96.140,251.083
157.228,233.639,94.375,253.469
155.981,234.011,94.114,256.408
157.811,231.155,93.447,258.924
153.858,228.055,91.683,260.873
152.071,224.246,89.704,262.301
152.565,221.823,88.776,263.747
150.555,216.830,87.447,265.003
147.948,211.426,87.016,265.360
150.569,204.809,84.788,266.558
151.427,196.630,83.580,266.612
148.577,184.858,83.783,267.529
147.407,174.564,83.802,267.197
147.098,166.632,84.621,267.993
149.484,163.037,85.601,269.051
148.721,167.243,87.330,268.332
150.988,174.667,88.761,268.160
151.787,181.760,91.114,268.432
152.479,188.032,93.543,267.598
152.094,191.039,94.898,267.199
151.454,194.932,95.440,266.616
151.864,201.019,96.181,266.274
151.325,206.721,96.781,265.619
148.208,210.706,95.664,265.338
145.545,214.400,94.164,265.376
141.669,215.668,94.072,264.987
137.316,214.212,93.607,265.768
135.335,213.285,92.374,265.603
131.357,208.332,90.668,266.320
128.217,204.301,89.719,266.997
126.942,205.613,88.146,266.552
125.429,205.700,86.010,266.381
124.008,206.875,83.945,267.359
123.433,208.866,82.290,267.713
122.167,209.754,81.538,267.601
122.367,206.848,79.248,268.362
121.020,204.383,76.930,268.580
123.195,203.898,73.961,268.356
127.630,208.508,71.244,267.335
132.175,215.007,68.926,267.156
131.984,215.222,67.839,266.605
133.213,218.548,66.805,266.943
134.735,216.782,68.387,267.549
136.368,218.790,72.067,269.111
136.911,222.314,76.823,269.346
135.405,222.197,81.741,270.080
135.754,224.144,85.230,270.272
136.257,222.994,87.400,270.777
135.165,225.485,90.514,271.519
135.153,224.610,94.697,271.065
131.266,223.845,94.770,270.713
131.549,226.585,97.650,270.940
130.632,226.227,98.775,271.415
129.035,227.117,98.068,272.643
129.490,229.657,98.373,272.120
131.325,229.265,98.639,272.833
134.245,229.118,97.515,272.657
136.715,229.810,96.130,273.301
138.221,229.293,94.170,274.003
139.454,228.933,93.272,274.318
140.311,228.082,91.928,274.755
144.759,227.652,89.998,274.418
146.417,229.957,89.229,274.326
150.315,229.505,88.763,274.126
151.509,230.797,87.991,274.098
154.488,230.747,86.897,274.071
155.669,230.944,85.048,273.378
157.629,232.522,84.447,272.624
158.476,234.380,84.556,271.153
161.268,234.542,85.498,270.171
161.015,237.280,84.465,267.931
164.264,239.563,85.184,267.072
167.092,239.949,85.107,265.717
170.070,242.018,85.175,265.369
170.493,240.013,85.204,263.386
172.155,240.707,85.203,262.019
172.319,240.894,85.110,262.616
173.794,238.044,85.460,263.197
175.546,235.357,83.827,263.854
180.787,234.826,81.433,263.524
185.897,236.176,78.808,262.439
189.826,236.102,77.171,261.463
194.898,236.913,75.610,260.055
199.891,237.117,74.543,257.199
202.559,235.901,74.811,255.362
205.919,234.850,75.309,253.063
207.313,234.764,76.683,253.138
208.733,232.605,77.541,252.773
209.091,230.689,78.243,252.660
208.896,229.952,79.282,252.257
209.972,229.920,79.283,252.472
208.603,227.711,79.772,252.623
209.257,228.083,79.180,251.635
208.414,226.949,78.277,250.256
206.609,224.865,77.337,250.970
206.266,223.654,77.119,250.419
203.765,222.990,76.651,248.232
199.746,224.805,76.635,245.355
195.257,225.257,76.039,241.967
192.096,228.565,75.720,240.819
187.796,227.095,75.302,238.924
183.549,227.394,75.484,238.401
179.229,228.480,75.456,237.204
175.141,230.083,75.112,237.002
171.714,229.591,75.792,237.167
167.397,228.639,76.683,238.368
161.801,226.958,77.560,237.661
157.304,227.166,79.595,237.556
150.658,226.428,80.187,237.413
144.824,228.260,80.549,236.240
140.617,229.283,82.020,235.557
132.998,229.199,81.750,234.435
127.565,231.890,82.101,233.878
121.710,231.454,82.227,232.687
117.578,233.331,83.595,232.638
112.403,234.554,83.405,232.204
106.954,235.149,83.659,232.678
103.624,236.113,82.926,232.651
100.235,237.258,81.952,231.952
95.539,237.739,81.896,231.436
94.843,238.524,81.263,228.948
94.748,238.140,80.092,227.125
93.377,237.922,78.388,225.311
91.917,236.141,77.560,224.951
91.082,236.126,76.865,224.474
89.445,235.933,76.415,224.399
88.219,233.990,76.578,224.291
86.847,234.669,76.800,224.497
85.246,234.250,77.303,223.635
86.344,234.810,77.112,222.592
87.515,237.079,76.367,221.047
89.488,240.001,76.266,220.041
91.859,241.578,75.348,218.093
94.656,242.416,74.408,216.634
98.594,242.060,73.421,215.818
102.724,243.796,71.932,215.470
102.889,242.649,71.460,215.085
106.783,240.063,69.693,214.785
105.629,237.035,69.988,214.562
108.345,239.327,68.837,214.911
108.210,239.179,68.957,215.130
108.354,240.739,68.074,214.785
107.678,238.872,67.893,214.699
105.728,236.936,67.470,214.341
102.224,235.970,67.239,214.470
100.044,236.613,67.446,213.788
98.395,235.118,67.923,213.589
97.217,234.328,70.103,214.128
95.441,234.763,71.945,213.680
94.861,234.809,74.734,213.251
93.859,232.522,77.500,210.506
89.463,230.325,80.285,209.876
85.773,227.851,81.948,209.357
85.936,227.465,82.075,208.686
86.641,228.283,82.361,208.046
86.094,230.096,81.151,206.502
85.745,230.998,79.105,205.019
86.660,233.175,77.862,204.866
87.072,235.229,77.040,205.137
88.591,236.944,76.951,204.953
90.869,241.231,76.982,205.155
93.553,245.138,77.116,206.488
96.690,248.940,76.646,207.179
99.016,253.541,76.349,207.745
101.019,255.330,75.416,208.145
102.463,251.803,72.937,209.408
103.236,249.188,69.970,210.052
107.754,248.928,65.424,209.919
111.264,251.363,61.821,210.667
114.545,255.119,58.269,210.969
117.379,256.527,55.442,210.681
118.663,259.426,53.198,211.963
120.601,257.934,51.410,213.388
119.969,254.101,50.242,211.216
116.629,247.387,49.917,209.672
114.230,244.837,50.164,210.120
111.405,245.695,50.751,212.652
113.794,239.617,52.711,215.005
111.670,237.525,54.498,217.327
111.933,232.865,57.693,217.925
109.012,227.646,61.653,216.177
99.730,234.475,65.219,217.431
95.287,222.486,67.776,211.933
88.696,225.640,68.019,211.102
87.731,222.165,68.947,209.935
82.921,218.410,71.302,209.877
77.629,220.324,72.794,210.466
78.203,227.248,71.953,212.349
75.248,231.792,71.052,217.185
70.555,226.228,71.981,215.604
65.286,231.862,71.629,218.379
64.332,229.781,70.123,220.963
64.493,231.850,68.090,222.521
67.821,228.835,66.024,221.420
63.160,227.864,64.658,219.362
58.852,224.175,63.896,216.283
58.141,233.728,62.552,219.479
56.988,232.408,61.215,220.864
57.730,239.249,59.910,221.228
61.203,248.930,59.051,223.919
62.164,232.948,58.145,220.719
58.763,233.201,58.057,217.391
59.611,235.128,58.274,213.726
57.082,230.772,59.699,208.878
58.340,241.874,60.527,208.744
59.446,236.767,60.550,208.326
61.164,244.045,60.856,208.946
64.703,237.247,60.860,207.081
70.273,244.048,59.639,209.013
73.079,235.502,58.584,209.659
71.868,233.085,59.406,211.435
75.962,236.860,58.943,213.238
78.466,244.645,59.193,217.563
91.666,241.331,58.721,220.084
95.740,248.372,58.377,223.136
95.936,235.056,57.261,221.620
98.861,238.487,57.162,221.732
99.030,238.074,56.074,225.213
102.011,230.187,55.418,225.159
102.223,229.253,55.811,226.353
104.993,235.769,57.617,228.091
106.213,241.516,59.359,231.455
107.397,242.319,60.436,234.176
106.654,242.255,61.650,235.404
104.631,236.658,61.854,236.171
103.879,237.136,61.529,239.090
102.360,231.797,59.987,240.878
103.046,223.186,60.195,239.561
101.849,230.643,60.933,240.855
104.812,218.224,60.769,238.133
102.385,222.036,61.203,236.518
99.411,228.622,61.477,237.953
100.358,213.724,60.841,235.051
97.262,218.381,60.310,233.772
92.885,220.603,60.332,235.411
87.743,224.346,61.285,239.021
81.645,220.483,61.572,238.667
74.570,218.947,61.652,235.804
69.582,223.616,61.106,233.981
65.113,232.413,61.776,233.924
60.035,242.769,62.302,235.073
55.445,249.415,63.373,235.558
55.329,253.998,69.444,240.460
46.746,251.970,71.938,242.785
45.775,253.929,73.934,243.113
44.374,257.230,76.241,245.614
44.127,255.437,80.968,246.782
42.176,254.585,83.383,248.076
43.360,251.716,86.632,247.439
44.465,250.410,89.128,249.920
48.777,249.111,91.363,248.960
54.758,248.942,91.699,250.789
61.188,248.706,91.330,253.323
69.241,249.600,90.346,255.644
70.496,241.562,90.880,255.710
74.301,241.269,90.707,256.468
83.087,238.841,89.868,256.844
91.679,235.165,87.785,256.657
97.709,231.970,87.162,256.877
103.042,231.044,86.635,256.576
110.959,227.740,86.009,256.376
118.516,228.573,85.274,257.729
122.730,230.924,85.972,258.008
129.246,233.615,87.719,258.680
128.538,230.848,89.847,257.733
132.792,236.879,90.496,257.774
136.216,238.544,92.317,257.123
134.980,241.813,94.718,260.673
134.531,237.789,94.269,260.187
134.322,241.164,96.763,262.905
136.705,237.640,95.464,261.366
138.705,241.109,96.152,263.324
140.139,241.986,95.575,264.080
149.072,239.401,94.578,263.379
149.159,242.612,94.011,261.337
157.626,243.220,94.644,263.098
157.709,243.521,94.981,263.281
159.012,245.925,92.486,264.965
167.174,242.843,89.985,267.801
169.363,244.884,88.354,267.909
170.948,244.904,87.412,268.484
170.623,243.831,88.117,271.081
171.276,242.229,87.904,272.704
171.541,239.496,87.947,274.268
169.481,235.278,88.947,276.104
169.952,236.905,88.952,276.055
167.841,232.664,89.561,277.505
168.525,229.639,89.220,278.851
168.997,227.666,88.926,278.382
169.681,226.528,89.054,278.970
171.025,226.273,90.235,280.608
173.981,226.033,88.661,281.141
172.225,224.961,89.000,283.068
175.365,225.586,89.174,284.742
176.835,226.398,89.476,288.062
174.319,225.337,92.002,288.757
171.349,225.525,93.545,289.291
172.138,227.503,93.105,288.951
172.676,229.497,92.346,289.529
170.681,229.738,92.998,290.277
169.788,229.885,92.984,291.430
166.698,229.293,93.962,292.461
165.883,230.862,93.341,292.407
166.164,231.431,94.146,294.668
165.923,231.511,93.953,295.462
167.546,231.807,93.216,296.362
167.802,230.964,92.755,298.050
170.356,231.648,93.328,302.079
169.791,230.292,95.718,305.978
170.216,231.184,97.789,308.897
170.298,229.767,100.752,310.586
168.737,230.664,103.182,312.432
169.900,229.643,105.506,313.687
173.466,228.506,109.367,316.271
171.189,227.735,111.626,317.011
172.926,227.098,114.668,319.261
172.181,227.299,115.381,321.304
176.619,226.829,116.134,322.814
176.036,226.670,116.763,324.841
179.032,223.442,118.925,328.080
177.468,226.731,119.477,329.201
179.879,223.987,120.061,329.750
176.432,226.210,117.096,330.057
181.032,224.760,114.708,331.973
181.084,225.748,116.276,333.953
178.560,226.460,115.102,336.319
178.563,222.157,115.564,340.372
175.950,222.269,116.100,341.181
170.330,220.930,114.944,343.359
171.270,219.930,112.417,347.140
170.265,217.447,111.859,349.268
168.306,211.759,111.210,349.686
164.867,209.017,110.359,350.457
161.444,205.871,111.468,352.652
164.995,211.769,115.068,350.790
167.483,218.224,116.346,348.924
172.497,223.503,114.609,347.269
173.811,226.150,115.307,346.366
178.660,231.337,114.078,344.492
182.276,233.782,113.036,343.259
189.167,238.174,111.763,341.667
189.295,236.635,112.706,340.880
194.468,231.098,111.695,342.058
195.323,226.807,112.790,342.142
202.991,222.225,112.153,342.599
203.655,217.879,113.253,342.645
203.944,208.304,113.230,342.013
204.612,201.431,112.567,339.692
203.697,193.701,111.938,340.151
202.376,189.707,110.543,339.745
202.810,183.038,109.364,338.390
198.977,178.901,110.215,337.509
198.643,178.608,111.345,334.437
198.544,180.903,110.348,333.223
199.348,180.687,110.524,331.523
200.979,186.199,109.692,329.639
203.647,193.330,109.664,326.680
204.538,204.320,109.995,326.816
204.418,214.259,110.169,325.642
202.369,222.174,109.420,323.792
198.997,229.353,108.186,322.112
194.061,230.332,107.427,319.720
188.830,228.032,106.724,319.935
183.899,225.058,105.893,319.181
179.188,221.676,105.531,319.159
172.749,215.566,105.349,318.602
168.893,213.751,104.838,317.451
166.265,206.233,104.393,318.227
161.884,197.960,103.830,317.390
160.649,195.848,103.440,315.482
157.963,194.722,104.719,312.732
158.014,194.687,105.340,311.106
164.090,193.188,104.561,309.924
162.396,187.370,106.554,309.256
163.777,184.346,106.453,307.688
164.620,186.636,107.667,305.808
164.519,192.167,109.511,304.023
164.669,194.239,111.581,303.396
160.700,196.811,113.126,301.855
158.901,201.120,115.281,299.709
152.971,203.728,118.760,298.066
155.251,207.797,120.111,296.222
155.225,211.346,123.257,294.863
163.279,214.975,124.454,294.614
167.900,218.374,121.637,293.162
176.129,219.398,116.360,292.322
173.708,219.786,116.552,291.805
177.899,219.680,116.711,293.199
171.617,219.607,119.979,293.360
166.846,219.254,124.958,292.598
166.871,217.622,128.988,292.380
173.304,215.792,126.322,292.656
178.510,210.370,121.090,294.018
180.683,198.262,117.858,295.525
183.212,189.139,116.408,296.078
186.361,181.563,114.760,298.212
189.511,183.472,115.101,296.061
193.223,183.008,115.728,295.547
197.119,187.178,118.090,295.686
198.198,188.269,120.174,295.515
196.470,189.142,123.084,295.778
194.896,190.636,126.124,296.831
193.948,194.390,129.817,297.330
190.661,199.147,132.362,296.749
184.242,205.142,136.210,295.695
178.122,209.491,141.086,295.492
171.113,214.365,144.229,295.924
168.252,216.473,147.419,296.240
166.089,217.768,148.002,297.038
163.025,217.154,148.421,296.827
165.693,216.854,145.915,298.354
169.647,214.860,142.723,299.212
175.001,214.707,136.728,298.450
180.959,217.606,131.665,298.033
186.053,216.567,126.900,298.950
191.929,218.735,124.982,298.521
194.011,217.276,122.315,298.470
193.536,216.131,122.042,297.659
193.592,216.980,122.662,298.236
192.521,218.797,121.975,299.702
192.938,220.931,122.326,301.686
192.314,222.869,122.852,303.113
186.964,223.937,123.283,303.889
184.687,220.917,124.811,306.814
176.916,220.333,129.544,308.288
168.377,220.572,134.012,311.571
163.266,218.389,139.065,312.020
152.135,217.136,144.771,314.543
154.276,215.494,144.173,317.848
146.350,212.587,147.401,318.539
150.133,209.950,145.262,318.670
137.253,209.285,149.612,321.088
138.306,207.227,149.325,323.153
138.425,206.594,149.027,325.383
138.126,204.923,147.131,326.663
136.381,202.404,144.604,327.018
143.270,203.767,138.970,325.717
141.368,205.833,134.890,325.965
140.056,205.586,134.767,325.535
135.568,207.196,135.101,325.462
135.168,205.815,137.431,325.257
132.752,205.048,138.912,325.336
131.414,202.669,140.592,325.770
130.574,203.848,142.481,325.857
128.398,202.756,143.653,326.844
125.343,201.637,146.067,327.798
114.617,196.953,152.393,327.432
115.714,200.790,155.083,328.365
108.880,199.591,160.164,329.114
101.113,201.372,165.948,330.474
93.686,201.157,174.327,329.991
91.279,200.939,179.045,328.714
91.036,200.869,182.109,328.062
88.955,203.405,184.653,327.524
94.621,205.281,187.001,326.441
92.356,206.612,186.579,324.465
92.294,207.982,186.236,323.922
99.115,208.195,182.733,324.344
103.391,208.037,176.971,326.568
104.969,210.824,173.261,328.164
109.568,213.693,170.160,328.818
113.955,211.872,167.304,325.665
114.159,213.323,167.885,326.575
115.050,212.509,170.843,323.349
114.250,213.219,167.118,322.947
115.802,212.747,165.823,323.870
115.686,214.370,162.885,325.721
115.577,216.322,161.354,326.304
111.440,215.589,162.987,327.551
107.937,211.561,165.692,330.309
106.490,209.796,165.624,332.571
102.126,208.857,167.205,331.661
97.568,207.906,171.321,329.267
94.567,205.934,175.930,328.909
93.073,209.368,178.254,327.925
86.910,209.606,179.379,328.366
79.920,206.627,184.091,328.122
82.478,209.700,187.546,328.558
75.777,205.817,188.105,327.144
84.117,210.548,187.542,328.166
85.796,207.730,185.324,327.495
88.588,209.960,181.488,327.235
93.149,208.849,176.473,327.562
93.205,208.735,175.884,328.590
98.857,207.512,170.350,329.745
105.524,206.189,164.322,330.613
114.910,207.362,157.001,332.785
121.365,211.402,150.681,335.498
124.125,214.652,144.214,335.666
125.695,217.751,142.374,335.441
125.957,220.751,141.881,336.007
129.060,221.524,140.664,336.194
130.729,222.868,142.012,337.129
136.182,227.273,142.244,338.334
131.315,231.560,141.591,337.551
132.233,232.990,142.749,338.227
135.703,231.616,142.280,338.780
136.586,231.497,142.307,338.757
133.600,232.102,140.781,339.322
135.823,232.012,141.255,339.678
132.714,229.685,138.553,339.378
131.484,219.270,140.536,338.228
135.720,214.062,139.238,338.383
134.939,206.562,135.954,338.274
134.662,199.127,135.821,338.345
135.757,194.423,135.734,336.954
137.803,192.468,136.089,335.814
141.639,190.584,135.766,336.014
144.579,182.471,133.540,335.548
143.116,178.416,133.908,336.110
144.043,178.895,134.055,334.608
145.974,180.159,135.088,333.392
143.161,179.839,133.895,330.145
150.226,186.143,134.726,327.996
157.952,188.243,128.696,323.527
155.616,190.147,127.447,317.730
150.594,193.825,129.501,311.123
155.722,200.947,128.028,303.980
156.481,213.094,127.240,297.977
157.208,226.198,127.678,290.890
159.211,237.565,126.413,283.774
157.682,248.385,127.404,275.737
158.314,257.426,126.463,268.358
161.218,266.049,126.136,262.037
160.772,273.316,127.400,257.343
160.944,279.745,126.141,252.917
162.492,280.853,124.751,249.528
163.781,278.132,123.265,246.219
162.483,278.721,123.744,244.842
164.342,279.742,121.019,243.927
165.598,281.095,119.677,243.596
165.331,277.712,120.597,245.616
164.835,274.297,120.760,249.292
165.451,272.382,121.222,252.570
166.207,268.738,120.489,256.808
167.394,264.723,119.653,261.989
167.993,261.079,119.169,266.568
167.579,256.337,117.682,273.087
168.225,258.388,117.052,279.527
168.874,256.840,116.912,285.199
167.810,259.006,115.718,288.711
168.829,257.358,116.224,293.461
167.921,256.794,115.485,295.633
166.813,252.843,115.610,299.324
164.524,253.560,114.249,302.394
163.386,249.050,113.394,306.227
161.209,251.813,112.536,309.222
158.842,249.462,113.256,313.408
156.709,245.363,113.577,315.898
153.883,240.981,113.226,317.362
149.892,239.900,113.769,315.806
147.920,239.889,116.023,315.176
147.453,244.812,119.479,314.884
146.367,245.604,121.175,314.548
146.365,243.730,125.292,314.430
144.730,238.434,130.174,311.838
139.246,243.391,135.847,311.704
137.256,245.968,139.672,310.325
134.579,245.967,144.466,307.279
128.785,248.155,149.159,304.130
124.006,248.374,154.555,303.825
114.605,246.712,161.524,299.656
108.697,244.442,170.091,296.712
89.344,247.362,180.071,292.436
84.578,251.076,189.903,293.332
76.079,253.114,200.519,293.611
73.836,254.920,207.357,293.514
70.649,258.587,213.701,293.654
68.119,257.162,220.661,295.278
60.821,261.252,224.791,294.099
62.908,256.885,230.614,294.779
54.022,264.597,232.182,291.937
59.064,255.652,233.134,294.455
57.294,258.517,233.533,293.802
55.114,257.582,231.140,293.236
60.730,258.927,229.070,293.999
63.672,261.245,226.107,295.025
64.155,256.907,226.012,298.580
62.451,251.958,222.838,301.103
66.108,249.345,218.376,304.348
67.786,251.633,211.259,308.582
71.852,250.627,209.073,312.461
73.987,250.480,203.513,315.505
80.852,252.494,196.351,318.001
85.096,254.899,185.556,319.382
92.441,254.265,176.104,317.004
96.075,252.908,166.835,317.046
97.948,255.248,160.291,318.626
102.355,252.219,155.614,323.175
104.553,252.606,150.422,326.245
105.488,256.422,147.623,327.410
107.249,253.605,144.559,329.071
105.059,247.377,142.653,333.171
105.129,243.823,143.759,335.279
104.853,240.248,144.078,338.405
107.121,239.100,144.341,341.040
107.735,235.763,143.340,343.044
108.500,236.331,143.821,344.362
109.223,236.647,144.299,343.942
111.244,236.166,145.917,345.338
111.234,233.569,146.133,345.541
112.743,237.401,147.077,344.758
114.891,237.601,146.679,343.211
119.473,241.460,146.538,343.095
122.116,242.721,147.988,342.354
125.562,247.673,150.828,341.443
130.303,249.898,152.847,339.825
134.599,249.757,155.800,336.722
139.796,249.955,159.932,333.669
136.560,251.031,169.434,328.232
139.162,250.291,173.276,322.910
136.648,249.970,178.440,319.065
135.115,249.172,184.315,316.938
135.208,251.147,188.448,313.033
135.468,249.637,190.686,311.660
134.794,253.028,193.453,309.857
133.714,253.342,194.890,305.293
134.687,252.384,195.353,302.371
132.206,253.591,195.928,301.885
127.649,253.522,198.722,300.192
120.973,251.389,199.190,299.543
119.317,246.687,198.982,298.717
112.645,247.539,200.155,299.439
110.694,250.193,199.504,298.614
103.379,248.695,200.685,301.065
103.900,255.245,198.947,301.413
97.643,254.524,200.500,302.488
91.910,255.610,200.150,302.456
91.003,257.795,199.604,303.018
88.936,262.938,197.829,302.431
87.039,262.298,196.019,302.300
84.527,265.740,195.899,300.926
83.160,270.114,196.493,298.116
81.080,269.766,194.486,297.279
77.847,263.879,194.659,296.495
71.885,270.134,196.390,294.079
74.374,272.358,196.710,290.340
74.039,274.396,195.401,290.276
70.168,271.355,195.969,290.488
64.940,271.903,198.665,289.585
62.974,269.328,199.681,289.685
54.765,273.201,202.957,289.157
47.581,273.195,207.842,289.110
36.420,273.966,209.084,287.690
22.801,272.014,207.675,287.370
15.426,264.625,206.003,286.101
9.747,258.768,207.369,286.167
0.373,256.021,206.569,285.821
-1.185,253.796,205.068,286.901
-7.024,251.277,199.168,288.991
-7.864,250.139,195.119,289.567
-9.090,245.245,190.756,291.120
-7.544,244.265,186.103,294.463
-5.441,241.530,182.013,297.845
-1.751,234.366,174.848,298.855
5.304,232.085,165.771,298.524
19.418,234.694,152.602,299.756
28.304,236.035,141.412,302.993
34.652,233.423,134.852,306.892
38.209,228.470,129.354,305.913
43.819,226.973,124.542,304.354
54.926,230.862,118.782,307.585
58.859,229.959,113.073,310.109
63.572,232.162,113.268,311.183
67.721,234.097,114.554,313.891
73.424,236.430,119.143,317.552
75.176,233.114,124.533,319.221
77.603,232.370,131.506,320.514
80.638,230.454,142.346,324.053
80.677,233.576,150.642,323.741
83.075,241.223,155.152,320.651
83.009,245.497,158.014,316.723
92.662,250.238,162.290,316.581
104.207,253.862,169.084,317.656
108.154,260.317,172.356,318.131
111.457,261.506,171.712,318.822
116.255,264.689,165.543,317.091
136.692,261.507,154.662,317.143
140.542,260.682,145.870,317.293
149.035,259.299,139.873,319.630
159.099,258.091,130.162,325.540
171.191,258.017,120.025,328.077
178.988,255.448,109.717,324.076
185.699,260.758,101.460,320.852
