1
1102.7600,604.5724,39.9790,52.0575
1095.1373,594.4215,40.1068,54.4467
1056.5350,609.4129,41.8193,53.3248
2
0
0
0
0
1
889.8166,608.6783,52.4242,42.7977
876.9708,601.1546,51.2403,47.3043
863.4976,588.8282,51.6030,54.8448
846.8071,578.1509,55.8771,57.6655
839.7857,572.3051,57.4794,57.4098
833.7787,562.2774,56.3543,55.7807
823.2315,560.9804,55.4694,53.1378
813.5042,561.3829,51.8687,53.2420
806.0925,558.9861,46.4382,53.0818
797.5433,558.3524,42.7878,52.7205
795.8303,554.6592,42.1828,52.8367
789.1991,554.5823,46.5248,51.0144
784.5597,556.1855,49.3733,48.9262
782.2567,557.8922,52.4288,45.7503
785.4326,559.7142,57.6214,41.5588
786.3924,561.9094,61.9524,36.8733
794.5395,564.9973,68.1716,33.9609
782.0677,555.6622,66.0676,32.9793
788.3475,544.9107,62.0126,32.3514
794.1413,534.6290,58.0594,33.6487
790.3646,521.0275,56.1365,40.2788
793.3370,508.6527,52.9737,49.6949
796.4203,496.0775,49.7243,51.7387
794.9274,492.3588,46.6169,51.1292
790.0518,490.2746,44.0939,48.6800
784.0848,488.7019,43.0931,46.1865
774.7212,489.3773,43.3224,42.5468
766.1697,489.7523,44.2323,40.3325
756.6335,486.5684,45.6175,37.9338
740.6721,482.2936,45.8559,36.2637
730.0439,478.2796,46.2306,35.8469
709.1564,474.4152,46.2012,32.6233
688.0057,472.6665,46.0349,29.4281
669.0173,469.2059,44.2003,27.5629
648.8896,466.2916,42.3804,25.8471
628.1943,462.1898,39.8927,24.6334
606.4148,459.5679,38.2650,23.3982
583.1204,456.3328,36.9314,22.3578
557.0287,453.6880,35.7743,21.9379
530.6158,451.1726,34.9417,21.4697
502.9819,448.9267,34.1388,21.2267
473.6807,446.6716,32.9670,21.4584
472.0714,446.5722,33.2163,21.3569
2
0
0
0
0
1
2
0
0
0
