298.000,149.000,67.000,122.000
296.735,147.016,68.653,121.297
296.882,145.729,70.624,121.783
294.130,147.623,70.136,119.568
293.846,144.695,69.751,120.784
292.059,143.908,66.845,122.342
293.076,142.476,64.517,124.101
293.830,140.034,61.147,127.432
297.213,141.538,61.375,128.466
302.416,142.659,65.802,128.129
302.446,147.025,67.902,127.311
302.055,150.006,68.765,126.947
299.192,154.802,69.936,123.412
299.521,147.934,69.472,121.259
302.997,144.233,68.778,117.583
303.043,145.308,68.164,113.375
300.818,148.631,68.408,109.817
302.938,153.387,72.965,108.109
308.575,144.139,73.570,107.683
316.130,142.008,75.385,107.619
310.590,141.230,73.782,109.550
307.307,145.935,72.332,112.622
308.661,146.635,71.389,114.496
307.826,142.066,70.455,115.075
307.303,141.042,69.233,115.944
310.031,136.561,69.079,118.403
308.988,138.330,69.048,118.997
303.691,136.192,67.848,118.564
301.931,137.737,67.457,118.447
304.397,133.148,67.108,118.408
301.933,130.810,66.364,117.215
304.682,128.570,65.005,114.754
312.259,133.661,64.339,116.499
312.056,136.527,63.378,118.112
306.076,134.784,63.208,117.902
305.261,130.604,62.446,119.314
308.804,121.405,61.644,118.466
307.863,125.631,60.356,118.276
309.584,123.152,59.788,117.048
310.972,124.993,58.961,115.770
315.070,125.466,58.847,113.873
318.017,125.674,58.375,113.032
318.863,128.434,57.890,113.820
319.929,128.905,57.720,113.117
321.454,129.212,57.677,113.089
323.020,129.244,57.514,112.385
323.538,130.067,57.232,112.312
324.226,127.594,56.898,110.710
323.337,132.843,56.670,111.688
323.870,129.810,56.245,111.219
325.985,127.607,55.737,110.123
326.690,129.328,55.220,110.096
328.158,126.674,54.581,108.527
329.298,128.523,54.078,107.831
329.605,131.349,53.746,107.156
330.899,127.481,53.383,105.646
330.639,130.084,52.865,104.327
332.731,130.888,52.571,102.267
335.361,134.793,52.230,99.343
337.729,133.478,52.956,97.185
339.055,132.830,52.984,94.428
339.508,132.990,53.291,94.181
340.171,135.016,53.570,94.455
340.752,136.801,53.559,93.827
342.944,135.352,52.826,92.917
342.632,134.203,51.878,93.383
348.132,138.808,52.255,93.150
351.482,137.945,52.201,92.606
352.150,138.707,52.268,93.381
357.218,136.217,52.689,92.754
358.155,141.314,52.821,91.361
356.942,141.583,53.278,91.551
358.856,141.600,53.576,92.126
360.443,141.626,53.589,92.762
362.123,140.621,53.417,92.964
361.574,141.084,53.076,93.120
364.245,138.997,52.690,93.124
364.815,140.349,52.338,92.998
368.103,141.027,51.704,92.997
369.925,139.662,51.056,92.642
372.529,140.042,50.914,92.809
371.760,140.054,50.386,91.793
372.362,142.509,50.253,90.017
378.757,138.908,50.376,89.026
377.697,137.075,49.887,88.808
378.648,137.655,49.191,88.913
380.481,135.707,48.649,88.372
382.960,136.006,48.330,88.024
389.274,136.993,48.155,86.503
386.069,138.929,47.942,86.638
387.961,136.755,47.932,87.266
388.098,140.134,47.541,89.095
390.300,136.897,47.590,90.136
390.421,138.176,47.788,91.099
393.690,136.286,47.750,91.596
395.322,134.292,47.661,91.751
396.353,135.755,47.459,92.535
396.841,132.659,47.142,92.528
398.510,132.719,47.202,93.356
399.051,133.055,47.435,94.659
399.295,129.047,47.334,95.076
398.584,128.201,47.556,96.113
401.652,127.715,48.180,97.413
399.926,126.046,48.761,98.351
399.981,125.053,49.140,99.768
397.886,123.682,50.358,100.706
397.989,123.260,51.312,102.162
397.475,122.720,51.930,102.876
398.006,124.809,52.689,104.154
395.125,123.717,52.194,103.927
395.343,121.470,52.917,105.162
393.375,123.838,53.207,107.434
392.649,120.809,53.449,108.257
391.477,119.752,53.501,109.837
391.409,118.887,53.689,110.993
388.607,118.173,53.347,112.002
388.397,118.905,53.414,113.877
386.930,116.423,53.674,114.843
387.050,117.058,53.849,116.230
386.287,115.773,54.412,117.408
386.084,114.008,55.046,118.266
384.342,116.005,55.704,120.037
382.819,114.749,56.449,121.591
382.618,113.861,57.569,122.782
381.169,113.026,58.574,124.021
379.544,117.201,59.335,126.540
379.090,113.030,60.109,128.196
376.806,112.036,60.757,129.445
375.576,110.002,61.043,129.685
375.411,109.746,61.735,130.859
375.431,106.509,61.382,128.771
373.658,107.921,62.199,129.402
371.565,109.608,62.904,131.329
372.294,109.210,63.326,133.484
371.673,108.604,63.856,135.189
369.846,107.192,64.834,136.232
368.624,109.470,65.141,136.616
368.618,108.760,64.420,133.986
367.826,114.075,65.161,135.282
366.713,116.535,65.587,136.860
367.412,115.121,66.166,137.996
366.154,118.284,66.572,139.982
367.176,117.001,66.531,141.428
370.355,116.113,67.174,142.399
367.793,117.410,67.643,143.625
366.552,118.333,67.968,144.733
368.843,116.035,68.050,146.117
369.288,120.308,68.467,147.680
370.174,118.198,68.970,148.936
369.283,120.739,69.268,150.203
369.452,120.637,69.145,151.153
369.753,119.071,68.993,151.508
370.401,121.350,69.120,151.912
372.089,121.273,69.376,152.322
371.399,122.803,69.504,152.520
371.858,120.194,69.174,150.251
367.556,126.992,69.027,150.043
367.698,131.006,70.235,149.164
363.594,131.208,70.304,147.979
359.306,133.025,70.276,148.132
359.164,132.587,70.290,147.210
357.067,133.355,69.980,146.515
355.315,132.511,69.255,146.150
355.313,133.012,69.007,146.144
356.788,134.903,68.107,145.733
358.760,133.974,67.429,145.322
352.433,140.846,69.406,144.974
352.267,138.818,69.313,143.131
347.470,140.449,69.799,142.002
344.269,136.725,69.288,142.140
340.430,140.756,69.791,141.889
339.852,137.467,69.195,141.970
339.853,136.085,68.561,142.590
343.243,130.386,67.436,143.005
342.023,133.250,66.954,142.663
341.485,134.494,66.165,142.968
342.714,136.617,66.127,142.449
342.665,134.506,66.213,140.373
341.596,142.758,67.111,138.321
347.682,136.655,67.750,136.637
338.414,132.984,66.415,135.107
340.753,130.972,65.968,133.716
342.177,129.030,65.353,131.645
338.998,136.238,64.728,130.736
345.088,131.157,64.931,130.555
336.197,142.785,64.454,132.257
333.864,137.236,62.682,132.358
335.143,134.839,61.504,130.688
333.365,126.513,60.604,129.847
333.950,125.655,59.999,126.760
331.715,129.385,59.290,124.794
327.795,132.024,57.966,124.329
324.609,134.606,56.708,125.118
322.724,129.207,55.490,123.723
322.299,131.154,54.848,121.915
320.770,129.156,54.832,118.809
320.024,128.873,55.391,116.733
318.975,127.194,54.483,113.557
318.376,129.808,54.026,111.861
317.562,127.825,53.093,110.543
317.147,130.647,52.397,110.301
317.924,132.183,52.282,108.522
316.848,132.475,52.388,108.202
316.796,131.358,53.535,107.131
317.441,134.145,53.216,107.572
317.837,133.316,53.011,106.792
318.282,132.379,53.090,106.129
319.031,133.667,53.077,106.620
322.025,137.274,53.824,107.153
322.650,136.226,54.000,107.378
324.442,137.571,54.387,108.183
325.756,143.156,54.870,109.451
327.028,138.043,55.196,110.796
328.062,140.325,55.473,112.809
330.759,140.353,55.748,113.838
332.574,137.449,55.943,113.927
335.084,133.289,56.475,113.980
338.595,138.680,57.071,115.080
340.398,133.533,57.093,114.470
343.834,130.020,57.170,112.484
349.234,132.329,58.433,111.984
350.614,130.499,58.152,111.272
352.897,135.149,58.446,110.271
355.904,129.592,58.415,109.442
356.486,123.623,57.794,108.355
358.647,124.747,57.020,108.061
360.807,121.520,56.316,108.893
362.151,130.003,57.898,107.490
363.680,134.943,59.044,105.153
362.985,120.715,57.628,106.050
364.496,118.032,56.375,105.877
365.637,118.308,54.729,106.778
366.645,117.130,55.132,107.885
366.005,111.936,54.206,107.282
367.229,112.235,52.897,107.794
367.864,110.445,52.149,106.842
369.815,110.691,51.864,106.934
371.202,110.692,51.862,106.768
371.607,110.288,51.716,105.912
370.674,110.250,51.503,104.550
372.190,110.842,51.768,103.626
372.732,112.279,51.725,103.039
371.920,113.746,51.177,102.825
373.045,114.042,51.224,103.234
373.859,114.550,51.244,103.444
374.352,115.540,51.118,103.968
374.577,113.845,51.238,103.605
373.520,116.479,51.396,103.610
371.130,119.415,51.772,104.333
370.282,118.237,52.160,104.406
368.441,119.287,53.102,104.019
369.209,117.362,53.397,102.943
366.657,119.656,55.155,101.255
367.683,121.513,54.686,102.185
369.075,116.676,54.717,102.158
366.715,118.480,53.930,102.865
369.049,114.695,53.771,102.397
366.126,116.075,54.513,101.171
365.587,115.890,55.161,100.932
368.729,116.879,54.926,102.073
369.654,110.614,56.666,100.716
370.531,114.009,56.987,98.426
371.246,115.040,56.405,97.158
374.440,115.206,56.691,95.265
372.806,117.764,56.591,92.926
380.351,115.720,58.087,91.777
375.073,118.296,58.502,91.646
377.373,118.639,58.731,91.672
382.975,116.097,57.978,92.350
388.293,115.466,56.266,94.785
392.883,122.298,54.541,97.429
390.985,128.007,54.198,99.032
393.801,132.386,54.223,99.927
402.253,125.871,53.642,101.580
408.759,131.347,53.099,102.006
404.592,144.916,51.962,102.658
411.106,129.438,52.123,104.326
406.354,128.939,53.067,105.830
402.323,129.530,53.922,106.882
401.040,122.611,54.775,108.133
396.028,126.322,55.516,109.254
394.576,121.302,55.675,109.137
393.922,111.880,55.589,107.859
397.003,110.592,56.511,108.915
391.842,112.738,56.895,109.955
386.770,117.448,57.209,111.415
380.863,116.639,57.813,112.041
376.780,116.734,58.013,112.728
371.323,118.968,58.482,113.663
365.350,123.981,59.268,114.837
358.540,125.342,59.626,115.818
355.621,125.032,60.148,116.145
348.955,122.904,60.525,116.579
340.625,126.457,60.679,118.367
336.686,124.063,60.872,119.597
331.917,123.879,61.038,121.038
328.061,116.814,60.931,122.008
321.600,120.338,60.635,123.666
317.728,120.291,60.926,124.681
321.829,115.658,61.318,124.984
316.427,111.767,60.229,125.603
313.614,109.709,58.953,124.890
310.663,108.392,58.719,123.715
313.244,109.424,58.611,122.995
310.633,111.134,58.037,123.606
312.461,114.626,58.991,122.923
309.618,119.892,59.426,122.703
311.800,122.081,60.404,122.120
310.434,122.981,60.709,122.430
312.344,118.715,61.485,122.947
311.399,119.793,62.989,124.815
309.720,120.947,64.566,125.547
308.993,119.572,65.849,126.737
311.757,115.448,66.434,127.590
311.065,119.917,68.150,127.841
314.560,109.398,69.597,129.920
311.678,107.372,69.430,133.031
312.938,105.212,69.499,135.586
301.948,115.287,69.862,138.126
313.799,104.519,70.752,141.189
314.947,103.997,70.646,145.175
311.580,98.809,71.629,148.476
311.593,94.131,71.808,153.454
308.005,93.420,75.148,152.725
307.199,89.625,75.546,156.279
304.576,90.344,76.463,159.780
300.821,88.573,77.455,161.812
299.463,89.368,77.599,163.032
302.968,94.902,76.630,163.631
301.553,95.295,75.760,160.218
306.785,96.308,76.574,161.200
301.478,93.453,77.369,162.821
302.045,95.656,78.380,164.451
290.566,94.768,77.897,166.824
295.675,95.794,79.755,168.815
292.486,94.135,80.376,171.449
282.012,80.964,80.188,172.762
278.749,79.422,79.808,174.955
277.517,71.582,79.436,176.731
277.239,60.855,80.120,175.621
277.872,68.949,80.666,176.054
279.089,62.815,80.997,175.045
277.854,62.075,81.903,173.656
278.811,60.358,83.025,172.467
278.459,65.907,84.359,170.941
280.589,65.968,86.340,171.252
281.852,64.865,87.476,168.672
281.234,65.477,88.238,165.858
282.261,69.539,88.939,162.827
280.467,75.906,89.317,162.317
283.178,76.542,89.647,161.470
287.282,73.526,89.763,161.067
286.311,71.084,89.351,158.931
287.522,75.461,90.677,158.274
289.654,71.585,91.812,158.798
288.770,70.588,92.072,159.775
284.967,67.259,92.206,159.905
282.446,65.055,92.399,159.186
283.168,65.576,93.462,159.962
279.893,66.471,93.372,161.047
287.025,71.314,92.618,163.769
285.867,62.072,91.725,166.774
285.032,62.260,90.944,170.514
288.128,64.428,89.292,174.400
291.509,63.013,87.372,177.755
293.571,56.506,86.541,178.008
