198.000,249.000,95.000,325.000
193.187,246.593,98.457,320.218
190.464,247.291,101.499,318.872
190.000,247.455,103.089,316.180
190.743,248.887,103.127,316.372
191.656,251.425,104.311,318.759
191.786,252.740,104.511,322.141
194.162,256.781,104.966,327.114
196.428,255.885,104.903,328.506
197.098,255.088,105.101,330.091
199.695,252.640,107.294,331.038
201.739,251.998,108.068,332.514
203.740,255.141,108.657,336.163
204.547,256.243,108.947,338.333
206.071,260.276,109.282,342.197
207.992,262.065,110.447,343.310
209.461,257.460,111.089,342.153
211.874,253.504,111.080,344.430
216.153,248.305,110.566,345.516
216.115,242.877,111.290,346.550
213.244,237.745,111.390,345.723
206.534,232.213,111.221,344.975
203.437,227.082,111.765,346.354
200.375,224.270,111.505,348.338
195.030,225.007,111.077,350.496
196.643,219.933,109.490,347.331
195.134,218.501,110.347,346.338
198.743,212.722,110.662,347.361
206.237,213.196,110.499,349.286
207.968,217.768,110.029,350.711
212.092,230.373,109.465,350.733
211.732,239.784,108.886,351.358
211.216,241.122,107.200,353.009
212.303,240.015,106.851,355.539
212.900,244.729,107.185,355.645
209.113,243.903,109.993,358.995
204.966,248.434,112.230,359.241
201.429,240.328,116.739,362.134
196.765,234.866,118.141,362.149
200.576,226.626,116.886,361.749
198.365,223.563,118.185,362.097
201.379,218.305,117.011,361.100
199.229,209.421,117.164,360.486
200.255,200.584,116.191,359.050
205.888,197.475,114.134,357.586
215.130,199.224,114.577,358.903
219.725,199.926,114.130,357.507
219.452,191.366,115.618,355.273
227.469,194.124,115.010,353.708
229.307,203.619,115.009,350.960
230.800,208.811,117.387,349.494
229.274,209.058,119.457,349.547
224.367,203.092,121.840,352.186
224.207,202.901,125.235,352.274
228.458,204.527,127.860,351.602
230.355,202.181,130.031,352.382
229.239,201.737,130.383,349.804
229.221,206.954,131.090,349.666
228.992,211.938,131.212,347.552
210.836,201.492,132.379,348.668
194.795,188.255,131.388,348.209
182.556,174.132,127.482,350.293
175.471,159.311,122.788,352.146
171.910,143.547,119.062,352.224
172.364,145.787,116.929,350.514
175.782,159.878,117.298,349.475
176.837,161.531,117.049,349.524
179.615,166.909,117.367,348.283
183.884,169.183,118.073,348.466
190.218,172.214,117.699,348.310
195.433,178.751,118.040,348.155
204.220,175.927,116.692,346.678
211.869,175.129,115.241,344.923
212.986,182.074,116.191,341.546
216.561,199.068,113.240,340.712
215.776,216.893,113.398,337.042
212.804,216.398,110.974,336.519
215.258,214.367,110.128,340.994
212.779,202.475,106.977,342.475
213.493,192.814,104.582,341.004
209.849,186.567,102.683,340.151
215.580,183.740,103.581,338.923
215.031,179.443,105.334,334.913
216.789,175.092,105.776,333.880
218.464,176.347,104.824,332.491
228.361,185.316,105.209,331.701
236.541,199.603,105.868,331.131
246.375,208.946,107.082,331.952
260.089,216.452,106.815,333.710
272.033,219.484,106.705,336.842
289.028,220.942,105.305,336.674
308.242,223.296,104.014,338.093
324.192,219.537,103.290,336.868
338.004,216.212,103.632,338.237
352.005,207.639,105.013,339.358
355.308,202.398,108.096,338.898
352.678,192.775,109.376,337.078
350.833,182.078,112.406,335.889
354.259,170.720,112.878,336.892
352.994,168.635,113.588,333.732
357.104,167.330,115.183,333.788
361.390,167.702,115.169,335.002
360.398,160.931,117.112,338.388
355.682,156.794,121.249,341.793
352.595,161.018,123.906,344.246
353.576,165.070,124.893,344.435
353.913,171.881,124.258,343.701
359.617,182.616,121.217,344.327
363.361,187.486,118.157,345.933
372.206,193.118,113.686,347.767
376.211,200.583,110.168,350.611
374.520,194.922,108.997,353.763
373.506,197.640,109.569,356.050
370.893,201.944,109.890,356.209
370.468,207.137,111.251,356.893
366.448,201.684,113.222,356.821
360.628,181.883,115.355,358.013
357.388,169.808,116.373,357.919
351.536,165.938,116.802,358.166
347.884,172.557,120.289,357.771
339.998,179.199,124.007,358.056
331.614,192.551,128.262,358.744
324.149,200.140,129.454,360.969
312.636,201.817,129.682,365.393
303.999,206.403,129.785,370.003
297.085,209.773,130.719,371.656
293.238,216.358,131.479,371.292
288.637,225.495,131.749,371.863
289.047,232.905,130.790,370.379
286.382,239.967,127.948,368.733
289.528,246.156,127.280,365.753
286.738,248.411,123.621,363.034
293.667,243.003,121.952,362.119
296.053,245.374,116.936,359.455
297.332,244.063,113.426,358.842
298.044,238.942,110.809,358.492
301.303,234.013,108.757,357.498
299.236,224.781,107.741,356.029
296.825,214.853,105.337,353.650
294.635,209.765,102.489,350.427
292.585,203.379,100.223,347.296
294.273,200.489,98.094,344.867
300.287,196.661,95.019,343.650
306.483,195.421,90.918,343.768
311.904,202.520,87.126,342.448
315.573,209.371,83.274,340.199
317.885,214.555,80.933,337.487
317.908,215.341,80.391,335.480
315.330,217.770,81.598,334.551
317.869,221.833,82.067,333.995
316.154,227.321,84.032,332.794
317.131,234.289,86.466,331.814
318.779,233.859,87.632,331.913
318.231,234.792,88.437,330.807
322.194,232.707,87.493,328.379
320.154,229.368,87.094,325.796
318.449,224.400,87.250,323.611
317.070,221.300,87.153,321.436
311.839,213.419,87.446,319.391
310.587,206.380,85.997,315.472
308.747,202.289,85.032,311.293
308.651,203.855,83.366,306.979
308.963,205.496,80.504,302.845
305.642,203.356,78.488,298.677
303.360,201.550,76.294,296.011
303.303,201.106,74.065,292.927
303.699,203.826,72.554,288.844
305.129,214.021,72.434,285.497
303.991,221.788,73.493,282.827
301.103,230.952,75.427,280.296
299.208,237.469,78.571,277.031
299.219,242.737,81.407,273.853
298.336,247.004,83.877,271.698
300.803,249.886,85.032,269.573
302.946,252.766,86.711,268.422
306.024,255.789,87.432,267.951
309.399,252.042,88.921,267.912
312.759,250.439,88.576,266.960
318.193,253.298,87.747,266.220
319.148,252.884,87.967,265.582
316.967,243.438,89.228,265.624
319.016,238.094,88.137,263.473
319.708,228.869,86.665,261.792
318.105,224.018,85.680,260.725
323.528,221.631,83.096,256.956
326.760,223.465,80.086,253.688
330.320,221.286,77.516,251.806
333.505,218.921,75.274,249.308
336.971,220.939,74.478,248.176
341.146,223.865,72.861,245.180
343.339,234.659,71.947,246.891
343.284,242.119,71.500,247.326
344.571,246.867,70.758,248.256
341.685,248.694,70.906,247.413
339.962,250.553,71.755,247.098
337.294,250.056,72.865,246.543
334.623,255.732,74.415,246.846
333.227,262.229,74.934,246.064
324.881,265.540,75.551,246.112
322.809,260.246,76.284,245.066
316.989,261.104,75.726,243.282
314.093,256.918,74.609,240.853
310.675,255.882,73.397,239.865
310.060,258.491,71.710,241.907
309.250,248.329,70.350,240.972
308.571,245.113,68.416,239.704
309.820,249.056,65.935,241.556
310.369,247.841,63.607,243.192
312.383,244.322,63.555,243.690
314.785,244.775,62.514,243.620
315.539,237.140,62.553,240.922
318.955,237.980,64.602,238.735
322.134,239.250,64.853,238.476
323.189,247.729,66.748,239.787
322.107,242.610,69.201,236.259
331.111,248.884,69.087,237.485
338.432,244.025,68.202,233.820
343.628,253.745,66.684,232.891
346.693,263.235,65.472,232.696
343.764,269.097,66.617,232.098
346.410,274.886,66.601,235.569
345.628,271.253,67.690,237.339
348.866,271.697,68.285,238.289
347.521,274.582,69.081,240.380
343.806,258.962,69.127,237.307
345.569,249.466,68.006,233.779
346.728,247.894,66.834,232.357
351.747,249.371,66.548,232.053
357.031,246.093,66.672,231.844
359.753,244.709,66.538,232.400
362.641,239.585,66.115,234.332
366.259,232.038,66.077,235.048
370.847,229.295,66.718,235.505
375.488,223.284,66.297,233.040
377.685,228.086,65.463,232.361
376.136,236.252,64.485,232.733
371.031,244.787,63.800,236.026
373.268,236.247,63.029,236.818
372.897,237.940,63.165,235.790
371.889,248.617,63.191,236.699
369.464,245.745,63.502,235.257
366.413,252.599,64.699,234.208
364.982,259.153,64.990,235.906
361.014,249.596,65.276,235.605
356.278,253.630,66.498,237.797
352.538,253.878,67.944,241.428
346.338,243.115,69.358,241.451
338.226,241.910,70.748,241.003
332.681,238.183,71.431,242.225
326.284,234.958,69.626,243.629
322.650,226.020,68.476,240.926
320.837,214.986,67.817,233.991
318.362,217.871,67.978,229.803
315.797,222.600,68.446,225.827
317.365,225.393,67.972,224.356
310.270,236.414,69.409,230.954
304.390,224.759,73.916,233.834
307.258,206.526,76.908,228.048
314.495,207.135,77.437,221.162
319.791,214.270,78.018,215.644
323.191,222.773,79.669,211.614
332.727,231.875,80.078,210.433
342.499,239.873,78.891,210.804
346.165,244.213,76.744,212.167
356.984,244.473,74.530,211.337
362.746,248.444,70.764,211.157
368.479,256.353,67.303,211.083
375.354,261.228,65.310,210.187
380.541,264.964,63.270,209.732
384.424,269.345,61.706,211.984
384.734,268.440,61.465,213.163
382.589,269.409,62.319,215.923
379.134,258.432,63.139,214.395
379.403,260.131,63.908,216.117
376.019,259.980,65.628,217.340
376.081,255.165,67.172,216.753
371.200,257.630,69.239,217.743
371.158,256.383,72.147,218.408
367.679,256.298,74.902,218.383
367.974,259.031,77.322,218.990
365.230,258.322,78.849,219.107
362.475,255.355,80.844,219.339
360.892,254.035,81.549,218.995
356.092,250.229,81.421,221.092
352.053,249.088,81.378,223.020
347.386,248.284,80.871,224.228
341.835,246.461,79.994,224.268
336.501,244.557,79.234,224.288
329.208,244.841,78.181,226.096
320.355,244.677,77.449,226.530
313.826,244.968,76.224,226.405
306.149,243.313,75.851,228.093
295.891,243.909,74.779,228.502
289.610,243.865,74.202,228.978
281.548,243.797,72.992,229.379
273.207,243.384,72.797,230.283
264.040,243.189,72.299,231.246
256.176,243.838,71.610,231.271
247.739,247.446,70.967,232.179
239.321,248.596,69.801,232.300
233.513,248.650,69.701,232.498
227.171,252.237,69.224,233.535
221.714,255.842,68.796,234.944
211.991,258.608,67.917,235.918
203.812,253.272,67.676,235.985
198.149,246.981,67.451,235.521
196.322,244.641,66.656,236.546
192.216,242.033,66.992,236.388
187.274,241.539,67.385,235.600
182.818,237.522,67.473,234.041
177.776,235.376,68.144,234.629
174.235,232.204,69.469,235.994
172.234,229.470,73.160,237.568
174.115,231.475,77.112,238.325
176.853,230.633,80.528,238.501
182.037,229.228,83.177,238.060
193.572,232.999,84.235,237.333
198.523,236.361,87.024,236.524
208.481,237.944,89.512,236.252
220.278,242.609,90.798,236.172
228.090,248.464,92.587,237.075
237.034,251.645,93.058,238.446
249.498,251.770,90.798,240.523
257.762,248.226,87.678,241.559
264.822,249.790,82.887,242.158
269.426,249.549,77.696,242.421
274.517,253.914,72.772,238.623
280.874,256.669,69.223,236.003
285.309,261.270,67.251,236.007
287.300,258.950,67.081,238.156
288.614,252.257,68.251,237.819
292.965,250.584,68.816,239.727
294.515,251.187,69.816,240.656
297.272,250.964,70.321,239.817
295.987,252.175,69.061,238.184
293.243,254.543,69.362,240.558
290.777,251.837,68.444,241.519
293.601,248.334,67.872,242.013
288.168,242.145,67.197,241.864
280.694,248.933,67.183,244.015
278.506,235.812,67.701,244.659
272.880,245.886,68.374,247.965
268.409,239.608,68.416,251.300
266.855,250.113,67.787,258.453
271.698,254.885,68.255,262.089
270.176,266.847,67.611,265.141
273.836,266.608,68.011,265.752
273.258,267.228,67.997,267.134
277.007,265.551,68.519,268.085
281.114,264.937,68.499,269.188
285.816,268.859,68.807,273.125
288.585,269.845,69.692,276.150
292.699,256.172,71.919,274.395
298.897,245.738,73.542,271.817
306.667,240.727,76.041,266.976
318.161,257.925,77.635,267.489
324.646,251.345,80.927,263.644
329.012,266.558,81.532,266.056
335.111,260.298,82.523,264.788
342.129,261.217,82.563,265.258
347.578,250.737,81.468,264.459
352.021,243.073,80.719,261.434
360.463,235.370,78.614,259.867
365.150,238.676,76.824,260.524
367.876,235.899,75.248,260.473
365.950,235.365,74.967,260.456
368.804,235.534,73.950,261.315
363.889,229.668,74.189,262.598
362.596,226.850,74.385,263.485
360.523,226.383,75.055,267.745
357.571,217.142,76.289,270.402
351.693,216.465,76.277,272.425
345.189,212.728,76.284,270.302
334.327,212.210,76.505,268.701
324.838,215.766,77.242,261.772
313.493,226.069,77.636,257.091
297.720,236.833,80.053,254.695
273.731,237.521,87.527,250.969
262.255,245.501,90.179,251.777
250.800,242.311,91.653,248.642
240.587,244.233,91.865,245.359
228.727,245.279,91.361,244.955
217.461,244.141,90.231,244.636
210.246,246.918,87.553,247.316
202.739,241.876,85.729,247.364
196.711,234.969,84.246,250.589
191.309,230.788,81.475,251.082
188.008,226.425,78.420,249.468
185.044,226.478,75.858,247.621
181.287,232.905,73.231,246.808
179.324,234.001,70.784,248.346
175.530,229.600,68.453,245.010
169.706,236.129,66.896,244.015
164.983,232.594,66.455,244.765
159.414,234.827,66.667,245.239
154.333,234.792,68.380,244.192
155.374,240.893,69.413,243.871
151.098,240.953,71.622,243.838
150.050,245.230,76.457,241.992
150.942,252.172,80.449,240.917
154.400,260.091,82.915,241.249
157.980,263.428,84.014,241.486
160.901,263.677,84.402,241.111
162.844,260.679,84.992,240.415
164.002,255.741,84.895,240.534
165.689,247.052,82.774,240.045
170.460,242.689,82.584,239.812
173.762,241.994,82.071,239.450
177.537,234.964,82.629,240.784
180.868,228.912,83.680,241.474
179.730,220.702,84.798,241.378
180.716,209.635,85.819,240.133
179.968,202.086,86.291,238.939
183.522,202.346,87.652,238.023
184.481,207.307,90.498,238.050
179.855,212.869,91.130,237.200
179.761,217.983,92.446,238.067
178.255,220.887,91.643,238.095
177.210,221.880,91.073,237.968
175.967,221.891,89.794,237.790
177.059,224.814,87.620,237.169
175.349,226.666,85.649,237.453
176.357,228.808,84.023,236.549
174.792,230.062,82.592,237.137
171.399,226.662,81.279,238.063
170.098,227.475,80.320,237.803
167.423,225.554,78.934,238.558
163.804,217.855,79.019,240.802
159.710,209.900,79.108,243.248
156.543,201.646,78.970,245.212
156.601,202.203,79.471,245.217
156.891,200.313,79.049,245.248
155.849,194.303,80.496,247.201
155.057,188.774,83.032,247.723
154.006,181.818,84.188,248.145
157.058,188.307,85.167,247.934
157.597,193.103,86.506,247.613
159.192,202.591,88.629,248.658
157.996,208.069,89.766,248.632
157.919,213.612,90.841,249.274
159.319,215.248,91.725,249.031
159.459,219.783,93.327,249.124
161.044,223.654,94.490,249.303
160.254,228.180,94.755,248.973
158.901,230.688,93.831,250.273
159.078,234.219,93.895,252.748
156.450,233.138,92.582,255.518
156.306,232.208,91.861,257.593
155.017,228.342,91.136,259.106
153.174,225.457,89.197,260.908
153.949,221.452,86.322,262.523
153.696,218.983,84.593,264.785
150.878,213.239,83.920,264.935
148.415,205.140,84.092,265.016
153.917,198.554,81.902,265.144
150.031,187.755,82.386,265.409
147.819,176.649,82.843,265.476
146.499,167.885,83.719,265.951
151.345,163.860,83.608,267.572
149.163,165.930,85.443,267.044
151.658,174.925,87.033,266.721
152.487,182.005,89.086,266.729
153.516,189.232,92.088,265.569
153.404,191.614,93.688,265.300
152.286,195.935,93.922,264.683
151.759,201.983,94.433,264.836
151.603,207.926,94.860,264.956
148.685,210.844,93.516,264.480
146.733,215.073,93.396,265.026
142.024,214.688,93.084,264.896
138.139,215.523,92.337,265.124
136.146,213.473,91.427,264.423
132.309,208.838,89.814,265.114
128.675,204.932,89.124,266.052
127.508,205.995,87.583,264.972
126.117,205.158,85.304,264.747
124.813,207.806,83.176,266.473
123.919,208.701,81.327,266.828
123.054,210.506,80.198,267.201
122.161,207.807,78.491,267.187
121.138,205.795,76.176,267.316
123.135,204.638,73.531,266.854
128.128,210.047,70.634,265.772
132.361,214.552,68.095,266.475
132.443,215.243,67.007,265.734
133.422,219.171,66.188,266.134
134.762,216.621,67.383,266.880
136.520,218.943,70.308,267.902
137.778,221.896,75.258,268.305
136.987,223.261,79.524,268.114
136.747,224.510,82.987,268.923
136.647,223.839,85.032,269.862
135.841,225.798,88.424,270.219
135.425,224.424,92.499,271.043
133.117,225.004,93.904,270.604
133.064,224.669,96.667,271.155
131.331,226.718,96.491,271.888
130.607,225.686,96.934,272.787
130.839,229.823,97.145,272.245
132.078,228.347,97.409,273.145
134.254,229.288,96.438,272.518
137.068,229.733,95.660,272.601
138.504,230.246,93.996,272.981
140.361,229.027,93.658,273.574
140.696,227.991,92.172,273.484
143.995,229.411,90.272,273.277
146.222,228.814,88.677,273.983
151.843,229.027,87.913,273.476
150.527,230.559,87.660,273.786
155.835,230.267,87.334,273.786
153.730,232.578,85.934,272.908
157.046,230.791,85.468,272.303
158.441,232.699,85.125,271.458
160.833,235.653,84.855,269.248
161.876,236.777,83.997,267.621
164.757,240.502,84.799,266.314
168.045,241.131,85.329,265.045
169.859,241.448,85.097,264.403
170.539,240.863,84.613,262.637
171.961,240.457,84.170,261.399
172.795,240.693,83.302,261.652
173.799,238.443,83.986,261.678
177.011,235.852,83.029,261.920
180.813,236.428,80.304,261.355
186.175,236.157,77.370,261.499
190.908,237.069,75.456,260.559
195.773,237.635,74.144,258.661
200.464,238.586,73.293,255.470
203.917,236.648,73.319,253.016
205.867,235.213,74.287,252.025
208.531,235.502,75.320,251.135
208.891,233.553,76.242,250.824
210.506,232.003,76.611,250.711
210.534,229.860,76.861,251.281
211.328,230.987,77.327,251.529
210.316,228.715,77.484,251.305
210.405,227.230,77.045,250.840
209.704,226.329,76.413,249.432
208.019,226.242,75.524,248.703
207.729,225.493,75.223,248.202
205.010,224.300,74.947,246.344
200.548,224.081,75.289,244.543
196.374,226.470,74.826,241.079
192.609,227.529,74.729,239.814
188.673,227.387,74.686,238.138
184.382,227.580,75.090,237.922
179.702,228.840,75.138,236.861
175.880,230.675,74.632,236.218
172.648,230.083,75.008,236.437
167.900,229.374,75.776,236.940
162.735,227.666,76.810,236.505
157.664,227.701,78.492,236.208
151.160,227.661,79.187,235.978
145.340,228.466,79.773,235.325
140.983,229.209,80.932,234.414
133.580,230.015,81.150,233.441
128.006,232.184,81.312,232.977
121.481,232.043,80.878,231.807
118.189,234.273,82.250,231.423
113.360,235.690,82.738,230.814
107.367,235.825,83.344,231.196
103.937,237.368,82.147,231.738
100.943,238.029,81.323,231.408
95.698,237.640,81.275,230.835
95.003,238.904,80.350,227.490
94.441,239.403,79.205,226.146
94.056,238.638,78.271,225.040
92.858,235.906,77.467,224.352
91.335,237.691,76.669,222.726
89.776,235.747,75.739,222.566
88.058,235.044,76.404,222.935
86.961,235.627,76.442,222.947
86.122,234.948,76.731,222.351
86.231,236.027,76.580,221.175
87.696,237.717,76.276,220.169
89.486,240.553,75.960,219.107
92.650,242.324,74.663,217.383
96.523,242.679,72.947,216.182
99.425,242.723,72.723,216.160
103.545,242.620,71.121,215.597
103.244,243.212,71.053,215.230
107.152,239.518,69.164,214.897
106.402,237.257,69.305,214.167
109.306,239.183,67.982,214.674
108.322,238.603,68.148,214.763
109.121,240.858,66.992,213.830
108.615,238.861,66.915,213.938
106.191,235.988,66.636,213.947
102.893,236.519,66.549,215.019
100.524,236.035,66.421,212.971
98.661,235.188,66.545,212.661
97.813,234.728,68.659,213.024
96.876,236.165,71.361,213.063
96.260,235.489,74.333,212.518
92.535,232.411,75.314,209.724
90.044,230.599,78.091,208.413
87.273,228.232,80.150,208.151
86.883,227.447,81.186,208.072
86.966,227.614,81.254,206.647
87.118,231.057,80.322,206.294
85.940,230.693,78.218,205.116
87.416,233.037,77.490,204.700
87.231,234.937,75.787,204.192
89.088,237.571,75.796,204.433
91.216,241.737,76.153,204.707
94.191,245.721,75.991,205.649
97.130,249.783,75.720,206.434
99.733,253.838,75.464,207.152
102.441,255.436,74.323,207.547
103.530,251.251,72.080,208.651
104.223,249.416,69.367,209.074
108.189,248.300,64.993,208.882
111.396,251.551,61.503,209.558
114.881,255.536,57.819,209.889
117.730,256.894,55.181,210.219
118.910,259.783,53.018,211.059
120.739,258.303,51.393,212.261
120.081,254.783,50.384,209.988
116.578,247.904,49.948,208.478
114.329,245.120,50.096,208.922
111.160,246.299,50.251,211.811
113.952,238.076,51.917,213.033
112.418,239.217,54.162,216.245
112.658,232.624,57.590,216.484
108.582,225.339,60.742,214.786
99.948,232.591,62.839,214.925
96.052,223.995,65.386,211.464
90.685,226.949,66.911,211.097
87.051,223.374,68.198,211.368
84.274,222.070,69.715,211.425
78.507,217.197,71.333,210.210
80.423,221.660,69.675,211.065
77.380,224.831,69.357,212.634
70.920,226.392,70.933,212.836
66.857,231.914,70.642,215.044
66.459,229.906,68.611,218.000
66.540,232.596,66.095,220.182
67.545,226.958,64.186,218.290
65.325,232.137,61.874,219.056
60.419,223.684,60.685,216.503
58.666,233.303,59.748,219.360
57.416,232.225,58.665,220.576
57.653,238.106,57.264,220.010
61.575,246.953,56.155,221.606
62.822,237.682,55.487,218.600
61.865,236.032,55.273,214.991
59.453,238.073,56.304,212.153
59.085,247.210,57.370,213.279
60.180,237.480,57.698,211.384
60.348,252.224,58.597,215.762
63.423,244.071,59.071,216.802
66.612,238.538,59.189,216.295
70.810,234.928,57.955,215.226
73.832,228.595,56.900,214.425
75.315,232.029,56.627,217.315
77.662,224.706,56.797,216.666
84.191,228.653,56.416,216.046
91.113,239.729,56.098,217.803
96.144,242.795,55.970,219.113
98.367,237.168,55.677,217.237
99.243,239.754,55.428,218.345
100.565,236.421,54.519,220.475
103.747,233.667,54.621,221.773
102.590,232.659,54.965,222.863
104.607,236.270,56.391,225.215
108.014,244.496,58.008,230.188
107.685,240.537,58.949,231.568
108.177,244.981,60.176,232.855
105.115,242.044,60.382,235.740
105.088,240.133,60.578,238.576
102.776,231.381,58.806,240.994
103.466,226.381,58.409,240.564
101.905,230.108,59.223,241.457
105.849,219.699,59.325,239.065
103.617,228.209,59.730,238.675
102.955,218.041,59.705,236.019
100.070,221.460,59.645,233.718
96.161,218.813,59.962,232.556
93.235,215.021,59.123,229.072
89.832,226.820,58.605,232.143
82.758,222.844,59.560,233.388
75.457,221.671,59.455,231.682
70.944,225.947,59.463,231.094
65.951,232.438,60.148,231.633
60.450,242.648,60.848,234.439
56.089,249.596,61.741,237.234
55.978,252.291,68.653,241.453
48.063,250.385,70.899,241.643
45.802,254.203,72.704,242.168
46.000,258.214,75.257,244.153
45.254,254.867,79.042,246.633
42.058,252.899,81.663,248.091
43.565,250.446,84.843,246.403
45.224,251.556,88.457,248.512
49.626,248.952,90.412,247.753
53.588,249.265,91.704,249.002
63.263,249.033,90.671,250.940
69.933,249.163,90.464,254.661
71.702,244.241,90.084,255.677
75.553,241.090,90.404,255.917
83.353,238.961,89.762,256.282
91.854,236.290,87.284,255.514
98.736,232.570,85.941,255.019
101.756,231.838,85.439,255.074
112.156,228.227,85.060,252.618
119.215,229.733,84.207,253.963
125.239,231.701,84.308,255.569
126.938,233.119,88.622,256.929
129.989,234.785,90.385,255.280
131.942,238.153,92.300,256.328
135.969,239.301,93.887,255.775
133.162,243.036,94.841,258.339
133.737,238.286,96.932,262.311
133.600,240.326,96.206,262.026
139.518,239.225,96.541,261.456
142.179,242.988,96.604,262.485
142.109,239.408,96.135,260.844
145.149,242.598,95.917,260.621
152.986,242.453,96.643,260.629
154.466,243.826,97.021,259.748
155.463,246.650,95.373,260.862
164.002,245.044,91.862,263.804
166.062,246.010,90.213,265.198
171.577,244.700,87.652,266.252
170.778,243.941,87.612,267.722
171.144,244.887,87.274,269.255
171.972,242.696,87.689,271.611
170.078,239.547,88.100,272.925
171.342,238.329,87.564,274.396
170.361,236.543,87.659,275.214
169.110,233.410,88.019,275.782
169.861,229.723,87.947,277.067
169.576,227.501,88.286,277.575
171.250,227.926,87.869,278.179
172.458,226.795,87.088,278.615
174.246,226.372,86.829,279.262
173.599,225.622,87.434,281.721
176.336,225.707,88.225,283.288
177.694,227.237,89.323,286.805
175.519,224.061,90.941,288.034
172.980,227.128,92.434,289.333
174.171,227.200,91.831,289.755
173.554,229.189,91.469,289.829
172.201,231.008,91.714,289.525
169.649,229.898,92.367,290.366
167.260,229.825,92.921,291.126
167.742,232.089,91.751,291.621
166.841,234.121,92.511,292.224
166.344,231.733,92.786,293.447
166.302,231.852,92.882,294.308
168.127,233.564,92.358,295.556
168.981,233.177,93.542,299.296
169.148,232.769,95.197,301.650
169.988,234.304,97.543,305.469
169.293,231.463,100.789,308.646
169.214,230.367,103.312,310.920
169.524,231.182,104.230,311.840
170.185,228.244,104.930,313.791
175.734,228.702,111.430,316.739
171.725,227.015,111.974,316.875
174.899,228.852,113.169,316.595
175.380,230.050,114.017,318.576
174.939,229.483,114.707,321.498
179.483,226.345,114.903,325.217
178.332,228.145,116.486,328.409
179.649,222.533,115.205,329.326
181.189,223.482,117.352,329.020
179.890,226.366,117.159,329.394
180.922,227.222,117.089,331.395
178.009,226.275,114.837,334.820
178.985,223.409,113.615,337.274
176.443,219.592,113.179,339.947
172.876,220.133,113.324,341.480
173.384,221.492,113.881,342.900
166.991,217.886,112.890,345.564
167.028,214.947,112.044,347.412
164.116,208.182,112.454,348.052
162.634,208.908,111.558,348.896
163.293,211.941,113.141,348.660
169.487,218.880,114.568,348.395
171.260,222.742,113.480,346.689
176.211,227.116,112.653,345.972
179.675,230.381,111.669,343.995
184.201,234.954,110.979,342.225
189.240,238.582,110.809,341.073
189.667,238.897,111.164,339.908
196.660,230.129,108.403,341.095
198.937,227.974,110.696,341.166
203.340,223.962,111.012,340.415
205.820,218.449,111.119,340.808
206.165,209.008,111.378,339.946
205.078,199.411,111.508,340.960
203.906,195.462,110.914,339.985
202.804,189.489,109.607,338.930
204.048,183.577,108.782,337.077
200.721,179.815,109.936,336.141
198.644,178.866,108.793,334.586
200.005,176.684,109.531,332.491
199.104,182.202,108.055,330.301
199.867,185.927,107.577,327.984
206.852,194.251,108.683,326.440
206.449,203.953,108.396,324.514
204.852,215.748,108.113,322.551
203.140,225.448,107.545,320.797
199.664,230.774,106.404,319.318
195.402,230.029,106.130,318.163
190.921,228.919,105.798,318.110
185.341,224.977,105.067,317.653
179.624,222.984,104.435,317.577
172.890,216.335,104.229,316.820
169.751,215.290,103.919,315.345
167.100,206.578,103.209,316.294
163.078,198.809,103.021,315.659
159.494,195.177,102.864,313.942
157.073,195.553,104.231,312.288
160.496,194.590,104.739,310.171
163.039,192.527,105.593,308.074
162.498,190.016,106.029,308.202
165.862,182.974,105.118,307.578
163.244,186.032,107.131,306.467
165.919,190.833,108.157,303.955
164.338,195.660,110.396,302.930
164.098,198.514,110.040,301.748
160.364,199.312,112.408,301.444
161.449,203.368,113.266,299.311
159.043,206.488,116.397,297.634
153.151,210.926,122.941,295.331
163.611,215.889,122.603,292.511
170.306,218.022,119.789,291.478
173.085,220.856,118.022,291.085
174.264,220.063,117.092,290.733
178.141,219.624,117.010,292.419
176.248,219.851,118.568,292.264
166.145,219.541,124.745,292.386
165.301,218.487,129.478,292.477
172.749,216.935,127.496,292.079
177.867,211.003,122.115,293.720
180.724,199.395,118.116,295.265
184.523,189.221,116.247,296.053
186.502,184.893,114.787,296.052
189.828,182.397,114.710,295.207
193.845,184.181,115.724,293.940
198.270,187.570,118.192,294.337
198.967,189.315,120.406,294.202
196.302,189.899,122.865,295.672
196.144,191.162,125.230,296.129
194.898,194.666,128.433,297.130
191.527,200.145,131.173,296.147
187.409,206.240,133.929,295.344
179.923,211.126,138.726,293.873
173.656,215.541,141.932,295.073
171.872,217.440,143.422,295.850
167.938,217.735,144.043,296.904
165.607,217.081,145.167,298.163
165.712,215.312,144.673,298.538
169.560,213.726,142.497,299.536
174.750,214.631,137.110,298.645
180.860,217.144,131.876,297.796
187.010,216.719,126.051,298.468
192.069,218.848,124.157,297.864
194.763,217.576,121.161,298.326
194.541,216.349,121.441,297.887
194.393,215.220,123.038,298.491
193.412,216.565,124.146,300.202
193.909,219.816,123.683,301.963
195.423,221.357,121.434,302.657
192.764,224.075,122.197,303.874
185.710,221.789,124.433,305.288
178.049,222.076,129.895,305.521
171.489,223.384,131.642,307.500
161.885,217.953,137.178,308.438
157.508,217.062,141.106,310.830
154.060,215.820,143.677,313.884
150.865,212.363,144.858,315.886
145.248,210.499,148.017,316.565
143.104,210.103,147.410,317.958
138.887,207.387,147.801,319.396
143.218,207.864,144.991,322.311
139.769,205.396,142.358,323.547
142.009,203.658,139.863,322.602
147.022,205.317,134.730,322.372
142.184,208.455,133.680,322.210
143.867,208.203,130.905,323.053
139.518,207.245,131.407,322.951
137.483,207.346,132.626,321.335
136.266,205.307,134.832,322.086
133.584,204.589,137.043,321.760
131.649,204.155,140.057,322.320
130.961,203.207,141.947,323.219
123.722,200.012,144.259,324.771
126.665,200.760,145.446,326.006
117.250,200.020,150.574,327.081
112.412,201.842,156.971,329.194
106.786,202.016,163.312,327.672
99.848,205.479,170.115,328.531
93.266,202.229,177.321,326.135
92.375,202.982,180.936,325.924
89.131,202.338,184.876,326.166
90.776,204.369,185.261,326.209
96.364,206.909,186.841,325.794
96.960,207.122,183.484,324.397
100.544,208.640,181.262,325.279
102.388,206.661,177.768,328.049
109.063,209.666,171.400,329.280
112.603,210.546,168.395,329.522
114.130,212.258,166.349,329.235
115.507,211.851,166.279,326.394
116.338,212.748,164.967,325.279
117.235,212.330,165.445,322.356
118.955,212.448,162.709,324.806
119.545,214.013,160.457,327.115
124.143,214.239,156.775,327.963
116.254,211.139,159.813,328.461
111.611,211.271,162.046,331.686
106.088,212.990,163.965,330.807
97.825,210.057,170.027,330.989
90.478,206.586,174.609,328.840
91.859,207.335,177.391,328.169
87.286,209.893,179.384,329.185
84.243,207.697,182.780,327.958
86.140,206.075,183.044,327.179
86.308,205.515,182.232,326.311
86.891,207.662,180.523,328.061
85.751,209.023,180.540,329.187
89.087,209.130,178.398,330.206
102.111,210.024,171.453,329.137
103.819,208.499,164.369,331.252
108.271,207.647,161.671,332.035
106.815,204.806,158.402,334.464
110.595,203.785,155.473,332.949
114.779,208.148,153.465,334.171
122.505,209.721,146.645,335.380
126.504,213.698,141.476,334.632
125.074,218.182,140.742,334.484
130.434,220.683,140.946,334.964
130.397,221.277,137.480,335.366
132.970,222.875,139.016,336.629
139.261,228.185,138.538,338.434
134.504,232.095,138.441,336.406
132.990,233.101,141.102,337.029
138.791,232.074,140.257,337.604
135.375,234.257,138.879,338.141
135.889,234.138,139.154,338.034
136.893,232.150,138.992,337.060
134.193,231.235,137.272,337.736
132.869,219.901,138.921,337.907
136.949,215.178,137.383,337.466
136.726,207.084,134.568,337.421
139.116,197.066,133.315,337.705
134.954,190.497,134.431,338.305
137.469,191.564,135.528,336.472
140.003,190.565,135.615,335.494
142.195,184.761,134.424,334.127
142.109,179.720,133.955,333.169
146.193,181.200,133.981,332.694
145.840,180.909,132.070,332.329
149.022,180.838,130.928,330.577
149.456,185.351,130.317,328.208
158.303,186.772,127.562,324.513
156.330,189.637,125.818,318.252
153.463,193.301,127.648,311.554
157.263,200.989,125.996,303.760
158.473,212.639,125.382,299.044
157.581,225.893,126.644,292.083
159.781,237.279,126.286,284.138
159.012,248.059,125.161,275.987
159.324,257.500,124.804,268.212
162.516,266.441,124.653,261.467
162.862,274.365,124.831,256.008
162.372,279.851,124.523,251.389
164.395,281.461,123.346,248.975
163.768,278.758,122.855,245.450
162.859,277.985,123.145,244.807
165.196,280.116,120.350,243.190
165.828,280.448,119.868,243.037
165.749,278.236,119.738,244.920
165.651,275.185,119.555,248.102
166.526,272.722,118.788,251.592
167.431,270.091,118.961,255.868
168.579,265.348,119.293,261.057
168.422,260.195,117.997,266.690
168.145,257.255,116.827,273.073
169.136,257.665,116.517,279.639
170.743,256.847,117.366,284.782
167.812,257.256,114.917,287.007
169.970,258.664,114.680,291.180
169.060,255.730,115.088,295.039
167.757,254.554,115.598,298.709
165.530,251.443,114.947,302.656
163.682,250.670,112.430,306.236
162.052,251.761,111.330,308.437
160.270,250.585,111.410,312.297
157.698,244.705,110.958,315.189
154.660,240.966,110.255,315.869
151.573,240.148,111.233,315.003
149.379,240.389,113.299,314.081
148.494,245.719,116.918,313.749
149.066,242.999,120.856,314.937
144.747,241.984,123.442,313.930
146.159,243.870,127.259,312.729
141.382,240.656,132.950,311.417
140.123,245.446,137.294,309.405
135.886,245.153,142.455,304.950
129.758,248.786,147.005,302.334
125.864,247.921,153.853,302.660
115.484,245.739,161.554,299.963
108.208,245.027,169.501,296.088
91.518,246.656,179.749,293.197
85.959,249.948,187.770,293.486
77.960,253.015,197.917,293.870
74.886,253.322,205.531,294.518
71.911,257.975,212.060,294.983
68.848,258.663,218.253,295.092
62.954,259.071,222.599,294.168
63.194,265.292,226.856,292.313
59.733,262.359,227.457,290.611
60.048,257.997,228.578,291.790
59.690,257.705,228.737,292.292
58.764,257.494,227.017,292.946
63.092,258.353,224.830,295.559
66.936,261.045,223.804,295.372
64.430,258.212,219.570,297.785
67.356,254.685,218.151,299.992
66.485,250.784,214.292,303.263
71.755,250.366,209.973,307.191
73.603,250.204,205.987,310.936
76.143,250.576,199.094,311.966
83.452,252.647,190.426,313.639
87.750,255.900,181.697,314.965
95.676,254.918,172.612,316.018
99.558,253.370,164.776,316.790
100.460,253.366,157.962,319.704
102.425,253.017,153.732,323.693
103.886,253.868,149.404,327.255
107.083,253.632,144.809,329.655
107.506,251.937,142.239,330.386
107.015,246.537,141.384,333.005
105.945,244.293,141.631,334.197
106.834,240.270,141.641,338.522
108.469,238.082,141.281,340.709
110.025,235.967,141.652,343.549
110.010,239.126,142.316,342.611
111.000,234.891,141.432,343.370
111.203,233.957,143.533,346.399
112.285,234.426,144.445,346.345
114.422,236.650,145.511,344.282
116.515,239.206,145.774,343.148
118.977,241.145,146.553,342.646
121.184,242.967,148.601,341.929
125.519,247.498,151.456,341.453
130.774,250.707,153.054,338.557
134.050,251.101,155.828,335.508
139.218,250.940,159.444,331.515
135.630,251.445,166.483,329.114
140.491,249.082,170.640,324.909
138.502,250.150,176.652,319.848
137.097,249.842,181.463,316.833
136.728,247.407,185.284,314.879
137.696,250.676,190.564,312.184
135.498,250.945,190.693,309.798
135.652,251.480,191.596,305.983
132.422,251.709,193.340,304.296
133.086,252.560,194.745,302.211
129.348,254.830,196.688,299.449
123.709,254.376,196.970,298.054
118.706,248.253,199.098,297.670
112.295,249.234,199.527,297.923
111.570,253.333,198.484,297.071
105.365,251.667,199.984,298.211
102.453,257.220,199.147,298.809
97.813,255.639,200.053,300.295
92.008,257.492,200.135,300.293
91.270,256.629,198.385,302.079
89.183,264.406,197.560,300.980
86.791,263.805,196.068,300.798
85.813,266.884,196.022,299.474
83.591,268.610,193.313,299.931
82.513,268.309,194.006,299.669
76.645,263.450,193.912,297.818
74.740,268.412,194.549,294.696
76.241,271.400,194.227,291.879
75.093,274.149,193.550,291.112
70.712,269.545,194.626,291.897
65.815,271.159,197.888,290.496
63.297,269.571,199.286,290.248
55.349,274.157,202.223,289.324
48.973,272.461,207.035,288.706
38.072,275.010,208.805,288.206
24.117,270.542,207.656,287.550
16.638,265.177,206.471,285.680
10.176,258.796,207.284,284.939
0.060,256.440,206.019,285.472
-1.267,253.682,203.888,286.523
-6.039,252.074,199.074,289.621
-7.505,250.059,194.834,290.286
-8.542,244.940,189.828,291.201
-7.136,244.825,184.903,294.318
-5.075,241.362,180.096,296.611
-1.127,235.975,173.436,296.414
7.187,233.662,163.853,296.905
21.201,235.241,150.715,298.420
29.244,235.797,140.321,303.212
35.411,233.540,134.219,305.736
38.198,228.448,127.025,305.061
43.469,228.535,124.049,304.161
54.180,230.665,121.336,306.556
60.070,230.266,117.059,308.656
63.634,233.695,115.371,308.846
66.922,236.732,116.371,312.616
73.748,235.558,118.975,316.515
76.325,233.331,123.933,318.463
77.849,231.046,130.547,320.293
82.433,231.452,141.418,322.336
80.910,235.385,149.363,321.364
84.276,243.160,154.116,320.178
84.854,244.098,154.736,317.005
95.366,250.253,159.396,317.942
102.188,253.213,165.984,318.643
108.692,259.294,171.134,317.510
114.711,261.665,169.798,317.973
115.808,264.810,164.529,316.607
124.498,262.772,158.081,315.849
137.903,257.917,148.966,317.585
149.360,256.760,140.588,319.808
160.359,257.889,127.925,325.443
173.816,257.382,117.342,328.098
180.505,254.914,107.832,323.471
185.516,259.887,100.281,319.687
