256.000,152.000,73.000,210.000
253.930,153.767,73.671,207.434
254.591,155.117,74.316,205.471
253.848,156.747,74.677,203.512
254.009,155.892,75.622,203.250
253.643,158.527,74.854,201.925
254.295,157.091,75.248,201.954
253.406,157.687,75.128,201.506
253.588,156.435,76.049,202.556
252.810,159.089,75.235,200.983
253.581,157.189,75.605,201.418
252.609,160.037,75.152,200.398
253.625,156.740,75.398,202.249
252.754,158.212,75.082,201.826
253.284,155.566,75.844,203.416
253.054,157.742,75.337,202.685
252.979,156.354,75.948,203.130
252.704,158.196,75.604,202.464
253.017,155.378,75.718,203.547
252.795,158.139,74.868,202.443
253.174,156.030,75.890,203.499
252.833,158.267,74.764,202.566
253.340,155.725,75.324,203.481
252.705,158.765,75.145,202.133
253.433,155.146,75.611,204.192
252.707,157.900,74.820,202.953
252.898,155.045,75.672,204.025
252.975,157.127,74.869,203.479
253.382,156.070,75.414,203.449
252.958,157.997,74.605,203.061
253.462,155.277,75.555,203.973
253.021,158.127,74.531,202.506
253.119,155.655,75.742,203.449
252.960,158.187,74.621,202.593
253.296,155.224,75.360,203.521
252.935,157.977,74.700,202.655
253.386,156.609,75.629,202.311
252.569,158.719,74.902,201.419
253.151,156.164,75.538,203.114
253.124,158.530,74.406,202.069
253.451,155.343,75.395,203.510
252.822,158.673,74.894,201.412
252.986,156.411,75.736,201.914
253.035,158.059,75.025,201.614
253.081,157.050,75.910,202.174
252.761,158.158,75.347,201.657
252.789,156.578,76.100,202.165
252.619,158.010,75.415,202.262
253.149,155.254,76.170,203.481
252.745,157.704,75.072,202.933
253.064,155.773,76.100,203.451
252.641,157.432,75.280,202.730
252.844,156.268,76.111,202.948
252.644,157.680,75.103,202.465
253.363,156.104,75.816,202.818
252.793,158.098,74.732,201.475
253.605,155.931,75.957,202.698
252.381,157.184,75.102,202.663
253.213,156.238,75.811,203.133
252.566,157.366,75.290,202.812
253.363,156.076,76.002,202.941
252.487,157.579,75.034,202.426
252.893,155.595,76.019,203.706
252.211,157.504,75.250,202.639
253.014,156.046,76.244,203.327
252.841,157.434,75.221,202.417
252.694,157.308,76.253,202.034
252.211,158.218,76.272,200.940
252.914,156.531,76.995,202.112
252.275,157.732,75.891,202.015
253.086,156.570,76.575,202.764
252.185,157.485,75.846,201.844
252.554,156.137,76.737,202.758
252.516,157.294,75.381,202.257
252.594,157.118,76.087,202.139
252.794,157.797,75.642,201.705
252.734,156.995,76.395,201.954
252.363,158.954,75.185,200.724
252.852,156.546,76.131,201.913
252.581,158.020,75.029,201.439
253.223,156.015,75.733,202.489
252.523,158.010,75.051,201.716
253.480,156.267,76.079,202.697
252.566,157.367,74.611,202.218
253.197,155.285,75.876,203.886
252.867,157.555,74.797,202.937
253.585,155.822,75.697,203.907
252.709,157.646,74.565,202.742
253.317,155.040,75.794,204.142
252.891,157.756,74.466,202.491
253.515,154.937,75.995,203.416
252.411,156.842,75.353,203.515
252.917,156.140,75.789,203.828
252.210,157.595,75.260,202.226
253.187,155.516,76.522,203.920
252.344,157.918,75.023,202.997
253.147,155.556,76.402,203.928
252.560,157.437,75.077,203.059
253.043,155.887,76.019,203.913
252.584,157.838,75.118,202.963
252.832,156.431,76.140,203.356
252.329,158.186,75.772,202.111
252.916,156.837,76.315,202.554
252.248,158.933,75.879,201.052
252.504,156.424,76.599,201.957
252.636,158.271,75.204,200.970
252.823,157.392,75.759,201.245
252.401,158.805,75.271,199.956
253.178,156.793,75.314,201.352
253.040,158.444,74.696,200.699
253.335,158.058,74.459,200.745
253.246,158.905,75.033,200.251
252.712,157.706,75.193,200.635
252.896,157.683,75.618,200.949
252.557,159.187,75.619,199.552
252.771,156.800,75.877,201.105
252.981,157.667,74.898,201.257
252.386,157.713,75.223,200.981
252.982,157.645,75.739,201.529
252.245,158.128,75.747,201.035
252.654,157.049,75.913,201.255
252.587,158.061,75.156,200.511
253.076,157.660,75.635,200.845
252.443,159.109,75.573,199.734
252.546,157.611,75.010,200.199
253.023,159.161,75.462,200.385
252.844,157.162,74.738,200.866
253.787,158.323,74.771,200.689
253.439,158.439,74.358,200.459
254.068,157.633,73.766,200.982
253.962,158.790,73.819,200.116
253.824,157.132,73.643,200.406
254.614,158.714,73.416,200.042
253.462,158.059,73.700,199.638
254.246,158.813,74.257,200.000
253.526,157.508,74.430,200.111
254.331,159.193,73.952,199.605
253.576,157.226,73.997,200.293
254.505,158.466,73.637,200.523
253.563,157.267,73.855,200.862
254.525,159.401,74.110,199.621
253.533,156.878,74.524,200.895
254.176,157.760,74.099,200.748
253.874,158.979,74.246,199.905
253.359,156.838,74.414,200.932
254.164,157.604,74.174,201.405
253.901,157.878,73.841,201.122
253.998,157.683,73.935,200.650
253.811,158.595,74.729,200.099
253.303,157.470,74.380,201.115
254.148,158.978,74.344,199.752
253.489,158.063,74.324,199.936
253.844,159.982,74.624,198.811
253.114,158.070,74.826,199.474
254.132,160.134,74.830,198.682
252.859,158.572,74.998,199.167
253.772,158.787,75.043,199.542
253.216,157.268,74.580,200.647
254.080,159.322,74.291,199.839
253.396,157.450,74.343,200.456
254.041,159.659,74.309,199.509
253.583,157.869,74.603,199.615
253.946,160.160,74.672,198.846
252.866,158.411,75.574,199.267
253.437,159.419,75.392,198.825
253.418,158.091,74.483,199.736
253.910,158.647,74.617,199.552
252.962,158.533,74.783,199.804
254.010,157.392,74.909,200.696
253.856,159.165,74.338,200.428
253.634,156.830,74.594,200.720
254.404,158.451,73.942,200.369
253.352,157.833,74.654,200.370
253.900,158.583,74.709,199.729
253.406,158.475,74.971,199.305
253.841,159.145,74.622,198.726
253.649,156.740,74.506,200.355
254.357,158.403,73.454,200.332
254.132,156.968,73.727,200.375
254.125,159.113,73.475,199.744
254.178,157.161,73.680,200.310
254.432,158.774,73.352,199.689
254.121,157.490,73.714,199.798
254.043,159.620,73.916,199.034
253.593,156.391,74.235,200.358
254.355,158.526,73.511,200.193
253.869,157.021,74.026,200.713
254.574,158.288,73.811,200.420
253.769,158.380,74.121,200.159
253.836,157.062,74.281,200.780
254.546,158.828,73.713,200.318
253.360,157.944,73.448,200.128
254.493,157.567,73.759,200.989
253.877,159.166,73.889,199.869
253.307,156.676,73.816,201.101
254.243,158.103,73.742,201.115
253.459,156.983,73.971,201.694
254.164,158.444,74.024,201.215
253.417,156.343,73.768,201.387
254.459,156.477,73.726,202.307
254.491,158.216,73.541,201.712
253.691,156.597,73.655,202.316
254.213,157.659,73.967,202.050
253.680,156.971,73.855,202.343
253.649,157.761,74.175,201.930
253.107,156.189,74.590,202.449
253.348,157.145,74.581,202.916
253.574,157.447,73.907,202.406
253.993,156.139,73.604,203.011
253.655,156.513,73.535,203.357
253.002,157.027,74.346,202.453
252.885,156.530,74.962,203.037
253.391,158.458,74.461,202.045
253.638,155.128,74.725,203.894
254.196,157.619,73.556,203.243
253.936,154.579,73.513,204.487
254.914,156.977,73.264,203.714
254.310,157.838,73.440,202.993
254.463,156.710,73.337,202.980
255.007,158.091,73.708,202.572
254.678,156.997,74.274,203.851
254.217,156.678,74.211,204.487
253.835,158.599,73.771,202.884
254.538,163.516,73.493,198.386
255.035,166.571,74.256,194.698
254.091,163.358,75.456,195.697
253.405,159.640,75.429,197.972
253.691,157.516,75.710,200.471
253.502,159.739,75.550,199.948
253.170,156.630,75.196,201.547
253.844,159.232,74.863,200.743
253.660,158.159,74.250,201.001
253.654,156.621,73.655,202.473
254.597,161.253,74.286,199.606
253.655,159.823,74.348,199.479
254.466,160.054,74.455,199.079
253.694,160.814,74.415,198.336
254.448,160.792,73.772,198.047
254.346,162.496,73.933,196.939
253.966,163.788,74.515,195.299
253.797,161.952,74.602,195.856
254.301,158.149,75.049,198.993
253.935,160.456,75.919,199.497
253.480,158.359,75.486,200.160
253.322,157.629,75.954,200.450
254.007,161.403,75.198,198.045
253.808,158.602,75.130,198.981
253.969,159.780,75.118,198.254
253.657,158.728,75.340,198.489
254.365,159.649,75.241,197.833
253.573,160.058,75.391,197.637
253.572,158.379,75.529,198.538
254.046,160.699,75.620,197.633
253.748,156.623,76.123,199.370
254.343,159.724,74.555,199.270
253.633,156.622,74.747,200.091
254.215,158.989,74.208,199.785
254.050,155.513,74.389,201.363
254.875,158.893,73.691,200.204
254.219,157.491,75.160,199.990
253.789,159.333,75.369,199.694
253.385,158.610,75.615,199.332
253.378,159.623,75.780,198.560
253.282,158.387,75.389,198.892
254.256,160.909,75.374,197.335
253.222,157.578,75.491,198.625
254.304,160.683,74.241,197.651
253.776,158.920,74.779,197.975
254.288,160.427,74.616,197.697
253.376,159.304,75.235,197.741
253.720,158.614,74.958,197.972
254.645,159.880,75.333,198.211
253.449,157.618,75.792,199.579
254.519,160.838,74.946,197.771
253.136,161.965,76.560,195.857
252.784,164.450,76.965,193.465
253.083,159.187,76.864,196.688
253.457,159.228,76.888,198.431
253.126,159.562,76.615,198.383
253.190,159.657,76.402,197.863
252.630,159.501,76.128,197.636
253.092,160.853,75.661,196.121
253.169,158.968,76.103,196.776
253.654,159.353,75.658,197.523
253.548,158.434,75.825,198.561
253.201,159.450,76.202,198.767
252.633,159.483,76.425,197.928
252.896,159.663,77.249,197.626
252.388,159.718,76.845,197.514
252.445,158.268,77.741,198.096
252.146,159.677,77.937,197.640
252.147,160.059,78.353,197.252
251.901,159.655,77.601,197.474
252.585,158.965,77.533,197.558
253.015,158.943,77.676,197.485
252.756,160.121,77.042,197.289
252.041,158.938,77.475,197.471
252.110,160.554,77.144,196.751
251.724,162.230,77.680,194.670
251.752,162.705,77.363,193.887
252.698,163.483,76.875,192.822
252.341,162.537,76.583,192.979
252.470,165.015,76.890,191.574
252.770,164.369,76.681,191.488
253.074,163.972,76.351,191.484
253.231,164.060,76.530,191.173
252.979,164.271,76.106,191.008
252.981,163.988,75.392,191.151
253.715,164.295,75.495,190.663
254.079,164.391,75.587,190.458
253.485,164.272,76.198,190.379
252.646,164.577,76.029,190.320
252.161,165.208,75.243,189.674
251.508,164.010,75.028,189.920
251.150,162.902,74.615,190.617
251.279,159.639,73.708,192.769
251.504,155.652,73.597,195.357
250.883,154.778,73.516,196.641
251.405,149.044,73.356,198.911
251.317,148.869,72.401,198.968
251.841,145.501,72.906,199.452
251.027,143.656,72.574,198.747
251.221,141.472,72.580,198.186
250.270,139.153,71.859,197.138
250.165,134.719,71.402,196.951
249.656,132.080,70.597,194.915
249.396,127.867,69.697,195.397
248.088,125.048,69.084,195.074
247.481,120.089,68.191,195.140
245.480,118.416,67.216,194.403
244.128,118.187,66.778,191.516
242.000,115.035,66.449,187.802
238.671,112.395,65.911,184.619
236.187,114.159,65.054,179.071
233.019,111.929,64.743,174.468
228.475,106.187,64.699,171.283
225.885,108.946,63.318,167.815
220.756,106.596,62.588,164.573
217.806,104.025,61.074,162.276
215.291,99.675,59.624,162.193
212.173,93.305,58.516,162.145
209.385,90.897,57.646,163.416
205.761,87.970,56.916,163.162
201.830,85.682,56.761,162.342
197.948,76.380,57.842,166.019
193.854,73.719,58.595,167.471
190.004,70.768,59.399,167.970
187.968,69.572,59.866,167.978
184.472,68.823,60.249,166.538
181.196,74.016,60.096,161.759
177.991,70.085,59.577,160.252
174.612,65.777,59.674,160.735
168.473,62.032,61.592,161.899
157.627,57.038,63.835,164.219
153.777,61.197,66.021,164.156
149.676,64.437,67.568,164.225
144.186,63.646,67.343,165.339
139.204,65.034,66.245,168.068
136.201,74.146,65.318,174.586
133.354,77.631,65.485,180.930
128.534,69.907,66.408,184.104
126.268,76.689,68.801,190.660
119.884,65.576,71.388,192.343
111.318,56.375,71.831,187.538
138.751,180.032,78.338,183.868
136.671,177.987,82.727,185.511
135.197,179.608,85.802,184.878
134.179,179.171,87.996,184.359
132.968,180.578,89.737,183.888
133.457,181.452,89.696,182.291
133.293,179.631,90.128,182.981
132.707,179.932,90.364,183.700
132.812,178.959,90.113,183.794
132.541,179.793,90.614,183.810
132.446,180.320,90.571,182.929
133.003,177.635,91.024,184.566
132.299,178.817,90.855,185.339
132.200,179.076,91.053,184.600
132.046,178.371,91.225,184.797
132.052,177.697,91.631,185.820
132.182,176.459,91.789,186.909
131.691,176.537,91.697,187.223
131.489,176.057,92.036,187.493
131.038,175.754,92.111,188.105
130.541,173.588,92.519,189.366
131.045,174.177,91.834,190.193
130.723,173.433,91.984,191.253
131.026,173.450,91.477,191.470
131.036,173.488,91.270,191.634
131.182,172.884,91.202,192.292
131.389,173.882,90.495,192.382
130.829,174.192,90.584,192.429
130.852,172.042,90.325,193.195
131.709,173.309,90.016,193.198
131.247,173.710,89.738,192.660
130.930,172.142,89.800,193.965
131.675,172.952,89.022,193.581
131.598,172.767,88.805,193.896
131.459,173.096,88.622,193.768
131.658,172.232,88.546,194.573
131.495,173.163,88.775,194.705
131.011,173.450,89.079,194.652
130.969,175.208,89.083,192.826
131.091,176.729,89.058,190.577
131.200,176.240,89.289,189.741
130.916,177.794,89.258,189.106
132.357,183.791,89.179,185.291
131.705,179.482,89.699,185.916
132.693,188.199,89.565,181.787
132.637,186.094,89.149,180.906
132.254,182.405,89.089,181.551
132.357,178.469,89.665,184.451
132.211,178.814,89.876,185.261
133.117,185.960,89.020,182.490
135.525,184.443,85.264,181.884
139.051,183.163,82.157,181.620
143.961,187.351,78.002,180.551
143.134,183.726,75.438,181.813
144.011,183.459,74.150,185.438
128.811,181.740,77.408,188.834
100.255,173.752,84.371,195.073
102.162,161.088,92.013,205.636
105.758,128.144,98.087,231.769
109.128,109.554,103.776,256.524
117.763,106.643,106.384,268.356
126.745,95.375,107.651,280.681
133.350,85.245,110.264,290.728
136.877,88.747,113.644,292.792
141.332,87.180,118.517,295.016
146.046,90.774,123.884,292.076
148.985,89.183,129.036,292.287
160.056,81.356,128.453,294.148
173.268,86.943,125.712,292.392
185.069,86.214,123.120,290.545
198.658,90.785,117.965,285.638
211.347,96.824,111.581,276.984
219.391,99.850,103.159,269.596
227.644,103.996,98.545,263.079
233.882,108.742,93.044,255.914
238.354,115.681,89.278,247.760
241.842,119.552,86.254,240.307
243.930,124.226,84.938,234.933
245.440,125.209,83.615,229.576
247.080,128.078,82.593,226.469
248.391,129.546,81.458,223.564
250.015,133.283,78.974,218.942
251.463,137.352,77.299,214.615
251.621,138.921,76.466,212.198
252.027,142.175,75.910,209.267
251.517,145.573,74.985,205.670
251.629,149.558,72.950,201.163
251.064,151.235,71.536,197.617
251.653,155.289,71.501,193.027
252.175,158.043,71.481,189.371
253.324,160.379,70.669,186.304
254.060,160.722,70.040,183.925
253.395,162.004,69.608,181.957
254.125,162.156,70.221,181.061
253.811,162.533,69.781,180.473
253.772,162.841,69.628,179.748
253.572,160.476,69.951,181.195
253.301,159.640,70.404,182.894
253.629,155.690,70.471,185.580
253.666,153.398,70.755,189.000
253.619,151.737,70.603,191.390
253.914,150.891,70.010,193.192
253.638,152.471,69.683,193.644
253.351,152.301,70.138,192.915
253.188,153.204,70.942,192.514
252.637,151.449,71.095,192.896
252.914,154.784,72.138,192.194
252.294,154.164,71.988,190.985
252.278,154.420,72.314,190.622
252.578,154.721,72.490,190.297
252.230,153.581,72.451,190.962
252.312,152.471,72.343,191.964
252.411,154.341,72.618,190.961
252.566,153.280,72.012,190.897
252.598,152.142,72.056,192.060
252.786,153.472,72.091,192.259
252.293,151.999,71.652,192.554
252.884,152.865,72.258,192.279
252.748,151.364,71.818,192.977
252.655,153.639,72.186,192.326
252.922,150.870,71.623,193.099
252.836,151.668,71.441,193.695
253.050,152.332,71.599,192.781
252.353,151.428,71.814,193.049
252.522,153.937,72.340,191.825
252.532,152.239,72.310,191.918
252.863,151.647,72.149,193.326
252.082,150.549,72.322,194.569
252.855,150.385,71.967,194.814
252.644,149.265,71.948,195.972
252.674,150.262,71.476,195.408
252.561,150.233,71.402,195.069
252.484,151.967,72.104,193.661
252.093,151.596,72.575,193.864
252.512,151.893,73.115,193.321
252.884,150.600,73.290,194.109
251.089,151.069,73.319,196.275
246.795,143.579,74.390,200.916
212.430,141.648,91.515,206.523
214.120,128.556,102.125,217.650
218.554,120.952,104.135,229.494
231.028,119.058,102.144,233.573
247.484,114.938,103.033,238.444
259.403,114.572,105.966,240.314
269.648,107.311,120.257,244.661
277.681,105.007,135.093,247.842
292.416,91.185,137.517,252.722
327.735,94.678,129.785,257.083
349.967,106.194,122.802,253.295
363.942,99.331,119.966,253.617
370.969,91.389,120.366,255.675
384.309,95.070,121.249,258.404
403.826,101.292,115.651,253.233
419.220,98.319,110.732,251.736
432.521,108.390,106.366,244.020
443.391,117.943,102.217,236.175
448.191,120.587,99.066,230.092
452.264,128.759,97.650,224.894
453.281,133.202,97.259,220.297
453.845,138.096,96.846,218.240
452.220,142.529,94.238,211.902
451.193,144.700,92.153,207.890
449.462,152.818,89.294,201.852
446.792,152.938,86.704,197.839
444.791,162.619,84.692,189.948
443.631,170.594,82.605,181.525
445.765,174.178,80.824,175.408
447.395,179.204,79.615,168.921
449.546,176.866,79.505,167.231
450.905,178.262,78.739,164.398
451.721,176.899,78.526,163.830
451.892,179.681,78.889,163.270
452.351,177.096,79.005,163.098
453.049,179.058,78.869,161.813
451.522,179.740,79.437,161.087
452.046,177.901,78.796,161.178
451.885,180.666,78.979,161.397
452.803,178.934,78.497,161.675
452.232,173.131,78.321,165.236
453.129,169.674,78.670,167.852
453.403,168.078,79.577,170.795
453.474,166.480,79.723,173.064
453.874,165.213,79.241,174.586
453.757,166.983,78.985,173.987
453.949,168.103,78.681,172.722
453.828,170.137,78.673,171.241
454.215,170.001,78.517,170.627
454.284,169.182,78.832,170.581
454.110,173.501,78.506,167.914
453.703,176.767,78.774,164.569
453.796,173.712,78.850,164.683
452.998,178.751,78.902,161.852
453.037,174.605,78.997,162.555
452.887,180.245,78.727,160.365
452.559,173.609,78.894,162.799
452.634,172.701,78.297,165.141
452.885,172.254,78.001,166.619
452.520,171.359,78.309,168.010
452.402,171.091,78.103,168.641
452.814,170.123,77.764,168.781
452.949,169.418,78.505,169.539
453.005,168.806,78.768,170.587
452.935,167.782,79.016,171.398
453.265,169.409,79.003,171.130
453.055,168.141,79.302,171.263
453.048,168.472,78.958,171.443
452.785,170.024,78.665,170.536
452.724,169.354,79.010,169.823
452.531,169.391,78.863,170.029
452.371,171.071,78.789,169.243
452.291,170.884,78.398,168.897
452.683,171.705,78.557,168.203
452.568,169.061,78.635,169.594
452.885,169.288,79.287,170.285
452.954,169.985,79.368,170.084
453.022,168.379,79.353,170.761
453.115,167.668,78.865,171.834
453.282,169.243,78.279,171.064
453.474,168.249,78.660,171.831
453.866,165.971,78.714,173.156
453.672,166.686,79.061,174.124
453.024,168.246,79.086,172.268
452.889,168.870,78.863,171.443
452.963,169.188,79.307,171.000
452.963,171.109,79.384,170.116
452.685,171.363,79.431,168.596
452.699,170.678,79.262,168.712
452.320,170.295,79.063,168.958
452.694,171.502,79.271,168.375
453.240,172.718,79.113,167.735
452.461,172.705,78.910,167.473
452.398,172.332,78.809,166.646
452.440,169.905,78.612,168.690
452.694,170.012,79.030,169.072
453.006,169.716,80.428,169.684
453.095,178.087,79.786,165.209
453.202,185.693,79.559,158.103
452.258,184.095,79.320,157.278
452.393,173.050,79.719,161.995
452.302,171.012,79.900,165.611
452.265,172.430,79.438,166.433
452.114,167.446,79.582,170.258
452.784,167.851,80.048,170.730
452.686,168.820,79.998,170.926
452.457,168.267,79.338,171.378
452.269,169.191,78.831,171.016
452.790,173.854,79.179,169.072
452.628,174.906,78.997,166.093
452.622,174.977,78.543,165.137
452.329,176.833,77.913,163.151
452.060,174.626,77.833,163.396
452.423,175.215,77.482,163.120
452.383,176.517,77.068,162.228
452.766,171.931,76.808,164.799
452.779,168.476,77.409,168.175
452.633,169.022,78.319,169.971
452.678,169.452,78.524,169.793
452.492,170.505,78.807,169.322
452.285,168.401,78.540,170.615
452.582,169.405,78.885,170.672
452.632,168.556,78.923,171.494
453.052,167.709,78.913,172.214
452.649,169.833,78.504,171.199
452.306,169.246,78.595,170.831
452.773,171.039,78.606,169.022
452.549,171.013,78.747,168.220
452.704,169.899,78.717,169.341
452.725,169.556,78.654,169.928
453.017,169.279,78.172,170.485
453.018,168.757,78.093,171.088
453.150,170.499,77.835,170.372
452.958,167.240,78.565,171.876
453.055,165.463,78.233,173.491
453.378,166.997,77.997,173.646
453.466,166.598,78.322,174.162
453.611,166.100,78.652,173.687
453.938,169.011,78.937,172.219
452.117,174.407,79.374,169.673
451.907,175.629,78.860,165.993
451.983,176.248,78.526,164.203
452.076,177.464,78.434,162.370
452.407,171.483,78.334,164.938
452.448,170.705,79.243,167.144
452.499,171.094,79.328,168.168
452.850,167.913,79.567,170.294
453.187,168.574,79.034,171.134
453.078,168.895,78.316,171.237
452.985,169.031,78.292,171.457
452.923,168.323,78.689,171.962
453.356,166.527,78.536,173.451
453.133,165.824,78.696,174.146
453.362,166.550,78.791,174.179
453.414,168.309,78.750,172.954
453.276,167.874,79.469,172.298
452.969,169.674,79.106,171.101
453.093,169.528,78.808,170.253
453.120,170.377,78.594,169.680
453.064,169.619,78.452,170.151
452.775,170.448,78.735,169.473
452.664,168.263,78.732,170.714
452.781,167.617,78.641,171.537
452.940,168.257,78.623,171.706
453.226,166.792,78.448,172.935
452.877,167.153,78.667,172.906
453.246,167.461,78.247,172.705
453.165,167.783,78.188,172.324
453.384,167.836,78.235,172.514
453.392,169.278,78.084,171.440
453.135,167.067,78.901,172.620
452.918,166.700,79.050,173.235
453.053,168.104,79.086,172.333
452.904,168.946,79.017,171.149
452.897,170.741,79.179,169.537
452.315,170.342,78.794,169.424
452.630,169.309,79.076,170.275
452.713,171.594,79.282,169.303
452.991,173.968,79.278,166.965
453.220,173.401,79.164,166.157
453.023,175.951,78.844,164.145
453.487,170.076,79.063,166.576
453.302,170.405,79.481,167.604
453.206,170.476,79.276,168.118
453.301,168.940,79.417,169.943
453.200,168.343,79.214,171.106
453.313,167.069,79.161,172.382
453.666,165.810,79.234,173.284
453.684,164.609,79.633,174.986
453.317,165.455,79.797,175.499
453.172,166.405,79.699,174.682
453.373,168.436,79.313,173.476
453.520,169.566,79.836,171.576
453.278,170.450,80.135,170.073
452.732,169.252,80.297,170.101
452.732,170.143,79.620,169.722
453.136,170.477,79.638,169.475
453.064,167.828,79.812,171.181
453.356,166.399,79.768,172.791
453.735,165.650,79.682,174.835
454.438,163.512,79.891,176.680
454.012,162.803,80.274,178.343
453.191,162.708,78.475,179.043
451.255,165.175,76.712,178.624
454.966,164.720,78.228,182.230
491.698,176.550,85.331,190.843
473.651,170.280,93.091,200.606
463.552,155.673,98.765,214.039
453.887,155.359,103.532,227.746
447.145,149.740,105.857,242.059
437.352,144.688,107.897,252.491
427.942,150.639,107.745,255.372
422.767,143.592,108.537,257.219
408.217,142.343,112.177,261.473
388.059,144.343,114.558,263.778
366.261,142.963,112.937,267.398
357.898,153.835,110.269,265.595
345.620,166.085,104.771,259.413
328.261,168.004,103.188,255.520
319.805,159.416,103.458,254.498
300.539,150.918,106.187,259.211
282.139,158.225,100.859,258.785
266.911,160.925,100.787,255.942
257.132,154.659,99.098,254.702
249.653,156.129,96.798,252.459
242.187,161.329,94.556,248.425
233.429,147.345,93.042,251.415
226.383,139.351,93.310,256.989
220.623,136.942,96.818,261.002
211.472,127.324,100.924,266.540
193.723,127.166,102.601,270.773
184.738,130.964,104.114,270.958
182.799,135.586,105.991,267.476
162.441,139.330,102.494,266.766
154.213,135.358,102.558,268.071
143.875,142.594,101.778,265.280
132.050,140.136,101.314,265.455
125.974,136.502,101.831,268.047
113.932,139.527,100.812,266.302
106.257,133.842,100.474,268.591
99.409,135.835,99.189,268.513
90.872,132.001,97.587,271.516
84.878,138.361,97.356,269.896
77.809,137.487,95.926,267.180
72.726,132.833,96.749,268.399
69.472,134.351,96.756,267.386
67.465,136.123,97.074,265.804
66.694,139.109,95.873,262.570
66.526,136.821,95.609,261.367
68.407,135.447,96.363,261.022
71.258,135.519,96.020,261.644
74.436,135.070,94.945,262.135
79.626,133.371,93.607,263.963
85.315,136.587,91.292,262.427
91.442,132.159,90.067,262.236
99.721,132.839,90.388,262.561
106.217,126.165,91.209,264.918
114.389,131.629,92.760,266.232
123.075,126.328,95.632,266.769
130.363,130.987,97.350,264.942
138.408,127.064,98.709,265.882
145.194,125.966,99.376,268.933
151.907,123.927,98.429,270.714
158.363,127.787,97.837,270.635
167.152,132.526,96.250,266.492
174.264,130.319,97.179,265.299
185.315,121.505,99.631,267.023
196.775,115.969,102.530,272.202
210.784,121.728,106.200,272.635
218.755,123.376,103.619,271.048
228.785,131.799,100.911,268.079
241.063,130.574,98.718,268.383
254.090,131.712,97.398,265.286
261.973,130.477,96.896,265.082
273.880,134.332,97.506,262.635
292.303,137.471,95.326,258.742
301.083,130.311,92.877,253.835
319.023,147.416,95.096,249.006
333.846,153.346,95.889,245.411
342.603,164.168,91.920,238.105
357.938,158.647,90.814,236.600
365.819,153.189,93.287,236.477
379.270,151.907,94.608,238.316
395.740,143.380,97.706,239.656
411.760,133.766,101.060,243.002
423.038,141.080,102.799,241.448
435.146,136.076,101.115,241.604
451.225,138.740,100.105,239.797
464.001,135.885,99.294,239.385
465.677,133.747,102.674,238.120
487.107,125.778,100.095,240.877
501.748,127.578,97.441,240.560
515.943,126.761,94.780,239.552
527.368,127.306,92.682,237.797
538.418,126.552,91.236,236.994
547.556,126.572,90.473,236.431
552.460,127.691,89.601,235.278
557.347,129.390,87.871,232.260
558.796,131.840,86.090,228.437
559.654,133.974,84.887,224.555
560.966,135.260,84.224,221.342
560.328,136.621,83.476,218.558
560.187,136.623,83.093,215.067
559.225,137.174,82.813,212.126
557.970,141.887,83.843,207.937
557.270,140.345,84.747,206.202
556.037,144.440,85.440,203.135
554.136,148.198,85.397,200.384
549.873,150.646,85.904,198.771
547.099,151.081,85.915,197.739
546.149,152.428,85.603,196.082
545.767,154.735,85.539,194.765
545.536,150.725,85.942,194.832
543.354,151.450,85.850,194.918
541.332,153.636,85.153,194.579
542.068,152.793,85.144,194.646
541.204,153.251,84.788,193.892
540.967,152.637,84.350,193.325
540.733,153.437,84.146,192.845
540.535,154.620,84.000,191.995
540.194,154.299,83.716,191.571
539.647,154.030,83.168,191.632
540.306,154.213,83.701,192.071
539.140,153.836,83.666,192.590
540.285,151.261,84.295,193.851
539.509,150.205,84.224,194.752
539.343,150.587,83.995,195.003
539.849,150.467,83.964,195.156
541.030,146.799,84.016,196.594
540.936,144.874,84.409,198.153
539.969,145.329,84.115,199.078
540.776,143.915,83.804,199.684
541.727,144.239,83.309,200.640
543.008,141.933,83.480,202.319
542.287,141.460,83.567,203.414
541.968,141.103,83.295,203.963
541.734,140.827,83.128,204.175
541.813,140.714,83.335,204.756
540.959,140.808,83.766,205.002
541.381,140.625,83.708,204.858
541.189,140.514,83.667,205.019
541.145,140.584,83.910,205.099
540.448,140.262,84.217,205.436
539.916,140.322,84.508,205.138
540.153,140.535,84.582,204.824
540.403,140.280,84.652,204.942
540.121,140.545,84.515,204.880
540.032,141.270,84.533,204.391
540.844,141.034,84.477,204.290
541.199,140.718,84.308,204.482
541.152,139.760,84.004,204.673
541.134,139.600,83.687,205.245
540.522,141.229,83.415,205.035
541.069,141.247,83.622,204.532
540.654,140.319,83.823,204.648
540.544,141.237,83.922,204.254
540.891,140.277,84.025,204.461
540.366,140.200,84.102,205.157
540.005,140.169,84.430,204.960
539.519,139.604,84.758,205.355
539.311,140.595,84.754,205.103
540.039,140.936,84.915,205.063
539.470,140.418,85.207,205.259
539.003,141.020,85.439,205.184
539.896,140.973,85.397,204.955
540.515,139.787,85.527,205.594
540.641,139.029,85.121,205.856
540.409,139.813,84.728,206.073
540.278,141.540,84.536,205.255
541.050,140.189,84.815,205.854
539.956,142.565,84.420,205.544
540.767,140.768,84.713,206.499
540.226,145.521,84.425,204.755
541.195,141.228,84.788,205.281
541.344,140.466,84.373,207.340
541.775,139.167,84.201,210.138
541.384,138.607,84.361,211.505
541.615,135.820,84.737,212.538
541.051,133.930,85.102,214.860
540.295,133.079,85.427,215.363
542.209,130.472,85.075,217.070
463.994,187.561,88.476,216.039
462.803,188.612,90.767,215.289
461.749,181.615,92.909,217.587
460.862,176.040,94.063,222.656
460.956,162.984,96.134,232.534
459.911,157.918,97.742,239.210
458.714,153.523,99.944,245.615
457.785,153.504,101.468,249.791
457.718,151.608,102.482,251.415
457.629,153.244,103.693,251.655
458.274,150.011,104.941,253.231
457.928,150.591,107.175,253.909
457.112,151.025,108.165,254.389
457.231,149.627,108.585,254.918
457.497,148.312,109.703,255.773
455.683,152.506,109.132,255.462
455.727,152.731,109.011,253.920
455.774,149.594,110.192,254.681
455.347,146.352,110.637,256.691
457.937,148.693,110.242,257.068
458.352,156.112,107.573,253.911
461.206,150.386,108.083,254.386
460.094,151.832,105.996,253.922
459.801,161.519,103.969,249.655
460.364,171.280,101.987,242.372
461.800,171.036,101.470,238.711
463.339,173.119,101.542,235.605
461.459,180.072,98.011,230.245
462.551,183.249,96.664,226.850
463.272,182.062,96.930,225.490
463.105,177.124,94.851,226.044
462.824,180.674,94.804,225.268
464.186,178.130,94.725,226.279
464.646,180.374,95.656,226.316
464.631,179.545,94.641,226.700
464.099,182.912,94.334,225.350
465.071,177.634,93.389,226.446
464.848,181.607,93.900,225.543
464.968,177.590,92.785,227.022
465.433,180.492,94.351,225.450
464.452,184.203,93.476,222.596
463.638,189.757,92.678,218.226
463.531,194.008,92.380,214.532
465.360,186.244,91.869,215.539
465.829,185.692,91.839,217.112
466.211,184.617,91.315,218.507
466.275,185.987,91.350,218.156
466.451,186.960,92.023,217.354
466.535,186.517,92.764,217.306
466.170,186.494,92.823,217.080
465.587,187.984,92.873,216.113
465.914,183.727,91.984,218.766
465.485,185.414,92.021,217.990
465.752,183.541,91.308,219.373
464.839,185.340,92.358,219.172
465.142,181.382,92.077,219.888
465.547,184.852,92.218,220.252
465.400,183.767,92.609,219.858
465.382,185.262,92.518,219.480
465.747,181.802,91.824,219.526
465.427,186.629,91.662,218.145
465.714,183.236,91.145,218.814
464.921,187.857,91.164,217.446
465.826,188.017,92.447,217.352
465.342,186.443,93.035,217.634
465.101,186.527,93.298,217.302
465.102,187.016,93.231,216.926
465.320,183.702,92.282,219.308
464.832,183.966,92.751,219.846
464.772,182.967,93.121,220.467
464.829,183.808,92.738,220.106
465.034,185.718,92.617,219.092
465.091,188.245,92.144,217.184
464.737,193.675,91.534,213.614
465.382,193.039,91.597,212.646
465.733,192.645,91.068,212.506
466.364,192.730,91.311,211.903
466.085,191.819,91.626,212.183
466.063,193.622,91.644,211.580
466.017,191.083,91.915,212.142
466.127,194.488,91.200,211.208
466.228,192.858,91.090,211.605
466.373,190.698,91.270,213.183
465.874,194.550,90.524,211.280
466.579,192.169,90.957,211.934
466.632,192.716,91.191,211.908
466.227,192.137,91.453,211.899
465.957,193.704,91.201,210.909
466.259,193.856,91.562,210.340
466.266,192.189,91.995,210.971
465.734,196.486,91.259,209.098
466.778,195.031,91.022,209.414
466.850,194.238,91.333,209.777
466.860,193.211,91.765,210.369
466.795,193.211,92.130,210.745
466.486,193.644,92.253,210.264
466.642,192.972,92.112,210.530
466.693,195.398,92.099,209.651
466.819,194.182,92.556,209.580
466.166,194.791,92.254,209.086
466.273,195.768,92.166,208.883
466.168,194.003,92.371,210.039
466.291,191.581,92.365,211.081
465.932,195.851,91.281,209.417
466.378,192.877,91.331,210.114
466.290,192.988,91.620,210.253
466.185,192.169,91.848,211.082
465.593,196.337,91.094,209.404
466.686,193.820,91.314,209.773
466.584,193.492,91.195,210.418
466.629,190.104,91.695,212.371
466.666,190.778,91.902,213.026
466.438,190.750,91.649,213.917
466.330,190.848,91.822,213.920
466.397,190.411,92.482,213.757
465.764,192.889,92.828,212.405
465.349,192.432,92.829,211.699
464.867,191.610,93.211,211.533
465.458,191.796,92.687,212.121
465.241,193.476,92.961,211.319
465.337,191.998,93.016,212.376
466.305,188.381,93.726,214.414
467.178,187.178,93.413,215.359
467.208,180.885,93.235,219.833
467.650,179.840,93.948,222.342
467.205,186.004,95.114,223.014
467.047,185.522,93.957,221.247
466.887,189.018,92.941,218.373
467.770,184.131,93.298,220.245
467.345,185.295,93.112,220.135
467.747,182.255,92.893,221.652
467.238,183.023,93.102,221.908
467.687,180.534,92.854,223.476
467.724,181.300,92.911,223.486
467.636,183.126,93.082,222.743
467.758,180.993,92.935,223.937
467.636,185.908,92.753,221.501
468.375,180.012,93.411,224.073
466.952,192.444,93.638,218.920
467.703,182.776,94.202,221.590
467.368,182.705,94.419,222.284
467.240,183.406,94.988,222.931
467.728,181.417,94.888,224.423
467.491,182.943,94.691,224.102
467.416,181.977,94.152,224.774
467.679,183.540,93.709,223.962
467.543,182.305,93.469,224.456
467.657,181.356,93.271,224.795
467.443,181.031,93.520,225.218
467.382,181.850,93.406,224.933
467.707,182.651,93.377,224.255
467.557,181.627,93.368,224.695
467.395,182.672,93.235,224.229
467.989,179.320,93.218,226.632
467.458,180.689,93.024,226.296
468.016,179.976,92.953,226.726
467.799,184.982,92.962,223.853
467.615,183.004,93.027,223.564
468.542,180.161,93.371,225.256
467.896,181.959,93.679,224.630
467.995,183.099,93.724,223.785
467.909,180.637,93.769,224.813
467.920,182.316,93.460,224.085
467.910,181.501,93.195,224.501
467.829,181.169,92.963,225.282
467.492,180.764,92.898,225.618
467.963,182.240,93.043,224.904
468.245,182.103,92.484,224.787
468.089,179.983,92.269,225.685
467.623,181.487,92.520,224.861
467.429,180.555,92.462,225.194
467.741,181.154,92.647,225.155
468.061,182.493,92.948,224.802
468.281,179.255,93.003,226.043
467.366,188.160,93.910,222.325
467.487,185.578,93.853,221.615
467.439,183.769,94.083,222.078
467.907,178.891,93.874,224.691
467.631,178.700,94.112,225.934
467.355,178.109,94.507,227.204
467.087,179.930,94.405,227.199
467.395,180.807,93.507,226.191
467.975,180.032,92.861,225.884
468.336,180.469,92.872,225.385
468.624,180.553,92.955,225.107
468.310,180.237,93.048,224.998
467.742,181.816,93.424,224.405
467.312,180.880,93.430,224.770
466.572,179.984,93.225,225.276
466.286,180.033,93.169,225.035
466.525,179.184,93.396,226.042
466.131,179.756,93.582,225.807
465.664,176.987,93.735,226.430
465.215,179.063,94.339,225.896
465.689,185.984,95.347,223.564
466.104,185.510,95.643,221.626
464.791,186.875,95.283,220.699
464.630,195.254,95.279,217.726
465.659,195.738,95.783,215.818
466.096,198.003,96.369,215.896
465.114,201.328,97.756,216.755
456.398,195.019,96.746,219.417
451.107,206.241,97.813,219.484
447.075,205.540,99.099,224.361
439.359,202.036,100.995,230.367
432.185,203.533,100.459,237.859
418.236,198.884,100.571,249.176
376.546,196.936,113.112,257.924
363.388,185.252,114.922,265.181
344.465,190.548,118.100,262.541
320.780,182.706,122.536,259.724
347.367,166.803,120.307,251.427
351.206,174.259,117.449,239.278
352.675,178.905,113.467,230.072
356.753,176.039,111.132,223.726
358.134,178.520,108.573,218.213
360.352,180.116,107.559,213.838
360.186,184.857,106.267,208.757
361.465,184.348,105.388,206.080
360.896,184.650,105.516,204.597
360.620,185.237,105.431,203.374
360.613,185.489,105.180,202.463
360.090,186.324,105.165,201.930
360.875,186.380,105.207,200.711
359.261,188.035,106.115,200.838
360.550,190.511,105.385,198.925
360.309,191.322,104.999,197.347
359.974,192.572,104.762,196.232
360.767,189.730,104.619,196.610
360.365,193.193,104.861,195.428
361.246,190.394,104.920,196.144
360.617,189.964,104.975,197.316
360.716,192.218,104.875,196.146
360.560,189.813,104.347,196.685
360.488,188.676,104.672,197.961
359.798,190.571,104.789,197.704
361.148,186.036,104.576,199.849
359.827,189.682,105.010,200.378
361.998,187.195,104.449,200.129
359.895,189.294,105.077,199.784
361.188,187.992,104.814,199.659
359.571,190.075,105.369,198.820
361.570,188.489,104.947,199.281
360.086,189.306,105.424,198.628
360.131,187.977,104.849,199.271
359.870,188.160,104.589,199.614
360.318,188.288,104.495,199.664
360.351,189.539,104.461,198.892
361.139,189.777,103.913,198.112
361.168,188.439,103.758,198.398
360.321,189.949,104.330,197.622
361.262,187.604,104.304,198.924
359.862,188.091,105.015,199.413
361.177,185.697,104.263,200.047
360.665,189.252,104.365,200.346
361.816,189.524,103.577,198.509
361.138,191.275,104.133,196.733
360.982,194.457,104.203,194.646
361.087,191.096,104.408,195.204
360.346,190.127,104.717,196.724
360.389,189.248,105.116,197.499
360.338,187.673,105.045,198.517
359.705,187.089,105.157,199.660
360.328,187.315,104.959,200.548
360.488,182.504,104.676,202.254
360.224,185.724,104.257,203.281
361.472,180.264,104.680,205.571
361.349,184.693,104.315,204.979
360.527,182.821,104.149,204.524
360.086,185.770,103.579,203.057
361.265,181.542,103.834,204.950
358.727,186.369,102.811,203.694
362.404,183.889,103.593,204.671
361.365,179.514,105.117,206.396
361.346,181.596,105.824,206.875
361.442,182.293,105.176,206.803
360.695,183.548,104.508,206.562
361.630,180.569,105.130,206.787
360.382,179.545,106.108,208.692
361.190,181.343,105.310,208.738
361.536,183.695,104.248,207.073
362.326,183.610,104.961,206.555
359.887,188.037,104.138,203.314
361.321,184.304,104.230,203.481
359.580,189.900,103.046,201.853
363.113,178.458,103.502,206.636
361.349,172.310,104.366,213.184
360.891,175.096,104.355,214.212
361.430,178.676,104.099,212.891
357.075,180.370,105.734,211.996
359.107,183.751,104.915,209.728
359.858,187.357,104.315,205.602
354.426,189.528,105.653,202.405
346.679,196.303,100.196,197.229
344.191,194.949,96.005,196.193
329.502,196.849,93.756,193.801
317.420,196.293,92.301,191.749
302.082,191.594,91.922,192.068
283.591,183.687,97.611,194.382
255.489,177.802,103.274,196.765
229.763,164.538,97.912,200.966
217.535,167.730,95.506,200.447
208.850,154.501,98.312,197.280
201.745,142.134,103.021,194.716
235.695,136.332,94.393,191.004
238.776,139.869,87.275,187.791
242.538,143.094,81.412,184.411
245.130,142.887,77.687,182.332
246.777,144.027,74.535,179.929
247.632,145.096,72.495,177.570
248.863,143.523,71.759,177.800
248.445,144.736,70.616,176.997
249.420,143.573,70.392,177.431
249.289,145.184,69.990,176.718
249.491,144.639,69.741,176.168
249.431,143.889,69.617,176.304
249.887,142.994,70.117,176.776
249.616,144.527,70.113,175.869
249.649,143.647,70.263,176.156
249.491,143.772,70.779,176.424
249.238,140.967,70.874,178.424
248.856,141.919,70.503,178.927
248.945,144.088,70.567,178.061
249.061,143.104,70.162,178.552
249.129,143.623,70.014,178.381
249.440,144.053,70.634,178.452
249.121,142.926,70.998,179.473
248.662,143.963,70.607,179.186
249.044,143.419,70.748,179.688
248.727,142.623,70.626,180.125
248.654,143.458,70.501,179.907
248.935,142.413,70.461,180.283
248.815,142.821,70.648,179.975
248.628,141.594,70.804,180.779
248.915,142.874,70.864,180.044
249.006,141.199,70.472,181.102
249.413,143.074,69.968,180.092
249.334,141.729,69.461,180.390
250.100,143.123,69.272,179.544
250.128,142.903,69.525,179.337
249.680,143.335,69.260,178.688
250.145,142.316,69.501,178.956
249.779,142.686,69.622,179.540
249.691,143.218,69.354,178.843
250.095,142.237,69.803,178.873
249.680,144.302,70.015,178.346
249.473,141.020,70.329,180.144
249.299,142.877,70.372,180.064
249.009,142.656,70.035,180.029
249.443,143.242,70.536,180.045
248.675,141.397,69.676,181.080
249.136,142.966,69.234,181.247
319.578,156.623,69.415,174.727
323.330,156.860,68.202,171.121
399.780,162.730,68.180,164.325
362.424,181.703,75.831,163.449
318.470,154.661,73.158,163.710
249.291,149.629,71.385,169.085
249.732,145.065,71.203,174.132
249.161,144.207,70.866,177.211
248.872,143.440,70.535,178.331
249.253,143.194,70.269,178.998
249.461,142.604,70.461,180.450
248.858,143.150,69.935,180.546
249.268,142.400,69.826,180.933
249.607,143.095,70.095,180.918
249.226,142.002,70.335,181.438
249.150,143.529,70.515,180.657
249.186,141.529,70.385,181.819
249.335,145.161,70.643,179.880
248.869,141.883,69.854,181.231
249.392,142.894,69.945,181.241
249.519,141.033,70.331,182.190
249.075,143.885,70.358,181.147
249.392,139.449,70.148,183.637
249.050,141.983,70.557,182.580
248.909,140.313,70.346,183.125
249.142,143.028,70.223,181.635
249.090,140.991,69.562,181.523
249.479,141.945,70.272,181.345
248.908,143.487,70.235,180.625
248.968,141.835,69.457,180.654
249.264,143.423,69.636,179.873
249.119,141.474,69.493,180.998
248.960,142.306,69.566,180.877
248.740,140.778,69.440,181.479
249.752,142.458,69.968,180.568
248.939,141.266,69.948,181.343
249.176,142.736,70.886,180.687
248.519,140.830,70.155,181.956
249.162,141.773,70.297,181.559
248.714,140.080,70.295,182.956
248.545,141.111,70.274,182.014
248.826,142.942,69.708,180.943
248.934,139.458,68.917,182.614
249.124,140.618,69.654,182.138
248.949,143.775,70.294,180.474
249.455,140.436,69.945,182.338
248.909,142.490,69.089,181.166
249.765,144.803,68.788,179.701
250.981,148.278,68.820,178.118
250.307,152.862,69.849,174.195
168.663,156.515,70.732,173.726
169.359,167.482,73.175,168.266
189.277,196.611,79.050,163.246
189.314,222.897,89.769,161.904
164.316,206.904,92.233,170.833
138.940,204.836,96.173,177.889
124.615,212.551,102.093,173.913
132.764,180.106,103.350,181.408
97.494,191.663,99.342,178.832
92.347,192.605,95.989,177.486
83.302,195.246,93.788,173.317
84.326,182.988,90.443,171.614
159.651,157.053,85.945,173.124
244.572,144.650,79.674,175.629
246.258,145.278,75.817,176.051
247.818,142.265,73.921,178.215
248.659,144.341,72.432,178.101
249.125,141.594,71.535,179.561
248.941,142.002,70.980,180.123
249.432,142.719,70.381,179.939
249.291,141.893,69.650,180.451
249.880,142.677,69.604,179.535
249.784,142.925,70.040,179.451
249.427,141.915,70.428,179.764
249.380,141.857,70.594,180.239
249.296,141.587,70.385,180.387
249.267,141.864,70.448,180.425
249.304,141.649,70.468,180.399
249.546,141.048,70.643,181.071
249.380,140.219,70.778,182.301
249.404,139.977,70.838,184.025
249.864,138.023,69.911,187.071
198.758,174.316,74.401,185.270
230.669,169.470,78.525,187.162
258.686,150.335,84.129,189.593
250.688,147.535,86.397,187.327
245.241,137.361,80.996,188.883
246.895,138.920,74.818,186.717
248.649,140.713,71.038,184.284
249.594,140.628,68.530,183.917
250.518,140.426,67.937,183.775
250.447,141.076,67.285,183.106
250.934,139.025,67.274,183.672
250.830,141.526,67.433,182.106
250.511,140.198,67.664,182.570
250.554,141.511,67.599,181.765
250.669,139.532,67.546,182.565
250.753,145.491,67.273,178.371
250.953,138.071,67.651,182.639
250.170,134.883,67.491,185.820
250.922,142.045,67.012,183.005
251.008,146.165,66.635,178.223
251.652,140.621,67.884,180.619
250.603,139.846,68.019,181.081
249.997,140.027,67.990,181.933
250.380,140.304,67.828,181.628
249.809,141.541,67.882,180.838
250.227,140.051,68.370,181.613
249.550,143.318,68.160,179.366
250.191,140.623,67.850,180.993
249.813,141.611,69.005,180.591
250.462,140.574,70.764,182.104
249.296,141.833,70.005,181.665
250.781,141.526,70.182,183.047
249.489,143.796,69.220,182.097
250.997,142.249,68.451,182.816
249.507,147.569,69.130,182.094
274.493,184.513,74.935,182.794
267.095,195.209,81.624,184.963
246.780,187.787,82.357,189.124
227.603,186.563,83.861,185.667
218.163,173.078,88.665,187.332
244.698,145.129,84.489,186.785
245.084,136.534,77.499,188.451
246.193,134.173,74.011,190.003
247.543,135.224,72.282,188.996
248.745,136.258,70.599,187.531
248.982,137.732,69.339,186.229
249.546,137.614,68.478,185.022
249.945,140.139,67.296,182.104
251.049,140.220,67.184,180.646
250.297,140.112,66.086,180.716
251.599,138.996,66.193,181.387
250.926,136.757,66.683,182.801
250.763,139.612,66.665,182.403
250.593,140.180,66.134,181.391
250.979,137.589,68.444,182.815
249.877,135.733,68.314,184.752
250.127,136.587,69.214,185.204
249.770,138.076,68.748,184.066
250.879,138.213,68.841,182.807
250.005,141.300,67.936,180.565
250.644,141.601,69.496,179.553
249.742,141.557,69.559,179.006
249.136,141.693,68.885,178.914
249.986,141.086,69.012,179.451
249.829,142.580,68.552,178.598
251.944,141.525,69.210,179.009
253.169,142.504,69.055,178.247
254.442,141.932,69.192,178.849
255.804,143.381,69.341,178.946
257.287,138.901,69.899,182.563
259.857,136.787,69.485,184.925
262.794,136.880,69.372,184.547
266.160,131.281,69.620,187.447
269.916,122.602,70.291,193.295
272.409,116.920,71.447,198.200
275.973,115.061,72.886,200.693
278.049,117.688,73.493,202.251
280.480,117.139,74.382,202.209
281.981,119.359,74.668,202.256
283.656,114.340,75.439,208.939
283.689,117.320,77.911,210.376
282.437,119.469,78.946,210.114
278.433,128.335,79.975,205.555
275.699,131.562,79.026,202.111
275.915,136.031,79.042,198.568
274.268,146.179,80.293,195.418
267.734,142.865,83.451,197.895
260.192,145.673,85.799,197.279
257.839,139.584,86.166,200.115
255.155,146.706,86.257,196.981
253.147,140.647,84.280,197.105
252.074,140.718,82.161,195.874
251.473,141.739,81.441,195.689
252.671,140.695,81.173,201.407
253.667,137.692,80.296,203.577
253.370,136.215,80.009,203.930
251.664,135.996,78.278,203.785
252.069,134.316,77.166,202.913
252.801,133.958,76.836,202.576
253.996,134.132,76.968,203.199
255.172,135.048,77.987,204.619
255.426,139.299,79.046,201.488
263.831,139.674,78.147,200.079
261.736,138.249,76.962,198.723
261.493,135.374,78.437,198.372
259.164,130.349,77.147,198.205
259.766,123.643,74.807,200.537
259.979,121.862,71.897,200.108
260.843,118.838,71.016,198.371
264.204,112.387,74.009,198.795
265.037,107.495,75.954,200.963
264.961,105.597,77.514,204.668
264.007,109.170,77.436,203.147
264.033,110.062,74.299,201.943
263.520,105.732,72.667,202.754
263.478,99.202,72.697,205.426
262.857,98.809,74.027,207.520
262.737,93.946,77.744,210.483
261.101,89.694,79.333,213.143
260.011,87.256,80.182,217.431
261.668,88.233,81.625,220.354
263.242,93.210,80.779,217.966
263.937,90.396,81.780,221.450
266.877,93.732,79.833,218.780
269.929,90.923,76.878,220.350
271.321,90.659,77.649,223.608
272.083,92.473,77.147,219.244
273.820,106.148,76.871,211.156
273.253,109.058,76.259,206.194
271.089,105.059,77.701,206.101
269.322,121.819,76.366,197.835
268.772,119.650,75.044,195.474
271.114,119.669,76.014,197.759
266.798,128.037,76.523,196.054
265.582,119.287,78.223,197.537
264.985,120.415,80.430,202.586
263.395,124.176,80.692,203.827
262.771,125.003,80.920,205.435
262.725,124.453,81.908,205.819
262.402,125.026,82.585,205.987
262.733,122.997,83.578,208.738
263.057,123.236,84.778,210.498
265.691,127.829,82.334,206.570
266.805,124.457,81.558,204.611
268.499,124.633,80.441,201.661
268.857,120.130,76.240,201.174
266.416,118.541,73.541,198.426
264.598,119.593,70.964,193.314
264.398,121.975,70.774,188.856
265.577,124.144,70.332,185.471
265.125,128.346,71.008,184.322
266.182,126.145,72.133,185.084
267.115,129.315,70.680,185.459
267.996,131.343,70.042,185.932
268.557,133.394,69.881,185.323
270.798,135.232,69.753,184.047
273.296,137.050,69.334,183.809
277.287,138.787,68.881,182.687
280.841,141.977,68.371,180.808
283.298,143.095,68.535,179.649
284.670,141.440,68.515,180.045
285.277,142.240,68.432,179.225
285.603,142.810,68.273,178.365
285.730,139.859,68.239,180.198
286.036,140.901,67.455,180.772
285.742,138.147,66.706,182.413
285.491,139.158,66.071,183.816
285.034,132.577,66.419,187.308
285.665,134.377,66.123,189.218
286.088,136.398,64.704,187.960
286.202,136.059,64.153,187.225
285.956,138.488,63.924,185.449
285.827,137.183,64.354,185.209
285.862,138.943,64.194,183.125
285.755,137.634,64.373,182.877
286.207,141.456,64.048,181.454
285.703,138.177,64.420,182.338
286.100,139.483,63.977,182.150
285.887,136.702,64.604,183.604
285.703,140.356,64.285,182.907
286.159,134.702,65.298,184.737
286.138,138.795,65.692,185.950
286.096,131.441,64.987,188.577
284.904,140.400,65.024,186.669
285.340,147.355,65.748,185.128
257.847,163.869,72.438,190.001
277.830,176.451,72.188,184.197
301.266,176.523,79.640,187.407
316.322,165.872,81.815,186.824
280.196,145.790,76.752,182.710
283.084,142.160,72.191,184.012
285.773,140.987,68.069,184.024
286.347,139.170,66.055,185.478
286.282,137.041,64.848,187.024
286.255,137.616,63.825,186.261
286.332,138.142,64.530,185.829
286.071,142.803,65.235,183.545
284.417,154.917,64.340,179.528
386.370,147.953,64.848,176.161
385.576,152.196,66.897,172.746
384.149,150.069,68.078,171.738
384.396,153.179,69.143,170.193
383.676,154.148,69.395,168.228
382.841,159.661,69.838,164.469
382.448,164.694,69.793,159.093
382.355,162.463,70.361,157.523
382.279,164.207,70.502,156.187
382.169,157.932,70.672,159.139
381.473,159.445,71.331,160.043
381.842,160.889,71.461,159.420
381.700,163.533,71.634,157.889
381.384,166.787,71.018,155.147
382.414,165.702,71.180,153.509
382.890,159.979,71.083,156.129
383.529,158.608,71.012,158.590
383.719,158.338,71.234,159.970
383.672,157.860,71.378,160.827
382.501,159.555,71.483,160.778
382.395,155.195,71.942,162.315
382.117,154.917,72.601,164.057
381.632,155.800,72.849,165.145
381.514,158.235,72.587,163.567
381.388,164.288,72.534,160.280
380.875,161.109,72.544,159.574
380.509,162.323,72.838,159.067
380.798,161.657,72.350,158.601
380.868,162.946,72.815,157.956
381.099,162.493,72.205,157.517
381.147,165.770,71.974,156.242
381.751,165.336,71.715,155.449
381.831,162.165,71.724,156.548
382.543,158.226,71.699,159.822
383.076,156.838,72.005,162.420
382.958,154.613,71.556,165.268
382.730,155.319,71.813,165.891
382.234,153.724,71.926,166.928
382.183,153.455,72.516,167.823
381.775,152.093,72.612,167.885
382.627,156.469,73.065,166.010
381.983,155.468,72.702,164.646
381.730,159.794,72.438,161.883
382.107,162.863,72.689,158.321
381.413,163.073,72.387,156.652
381.744,166.091,72.083,154.618
380.477,161.673,71.853,155.349
381.331,161.958,72.980,157.076
380.939,165.046,73.508,155.826
380.603,162.811,73.059,155.467
380.776,158.594,72.941,157.446
381.068,157.108,73.010,159.555
381.109,155.971,73.224,161.171
381.060,154.862,73.556,162.913
381.074,152.798,73.776,165.067
381.058,153.032,74.047,166.219
381.063,152.567,74.065,166.864
380.927,152.362,73.919,167.251
381.001,154.400,73.693,166.008
380.799,155.010,73.550,165.014
380.967,156.560,73.114,163.713
381.269,162.738,72.871,159.497
381.169,161.676,72.596,157.420
381.121,159.904,72.858,157.479
381.528,162.618,73.431,157.069
381.150,160.520,73.481,157.378
381.756,165.052,73.796,155.021
381.560,162.636,73.303,155.068
381.537,160.542,72.745,156.288
381.366,157.259,72.653,159.170
381.350,155.953,72.509,161.617
381.077,153.785,72.976,164.387
381.067,153.514,73.349,165.462
380.844,152.739,73.555,166.255
381.070,153.802,73.901,166.115
380.557,153.157,74.001,165.738
380.921,153.932,73.732,165.223
380.977,153.900,73.773,165.064
381.342,156.509,73.560,163.692
381.123,158.661,73.546,161.722
381.327,161.465,73.299,159.102
381.233,160.002,73.123,158.874
382.152,161.273,73.683,158.955
381.458,160.025,73.695,159.145
381.627,163.881,74.055,157.230
381.153,163.353,73.863,155.675
381.107,159.635,73.373,157.322
381.410,160.462,73.799,158.468
381.443,154.957,73.899,160.652
381.543,154.358,73.753,162.840
381.564,153.559,73.967,164.714
381.486,153.737,73.989,165.473
381.295,153.771,74.177,165.450
381.373,153.450,74.314,166.075
381.438,155.831,73.826,165.187
381.407,157.438,73.663,163.648
381.416,160.500,73.801,161.118
380.114,163.293,74.138,157.947
380.377,164.892,72.974,156.767
381.659,163.982,71.853,156.018
382.686,163.781,70.730,155.427
382.688,166.579,70.489,154.804
380.143,169.791,71.483,152.829
380.888,164.035,71.755,153.569
381.285,164.623,72.531,154.034
381.857,161.887,71.667,156.108
382.273,158.116,71.398,159.949
381.655,160.884,72.338,160.223
381.542,156.087,72.641,162.065
381.453,155.550,72.955,163.671
380.282,156.614,73.293,164.237
380.962,159.719,73.541,162.394
381.519,159.110,73.357,161.938
381.583,162.624,73.385,159.691
381.882,165.723,72.860,157.021
381.742,166.403,72.534,154.878
381.803,166.878,72.374,153.691
381.616,168.455,72.552,152.588
381.532,171.184,71.933,150.236
381.782,170.682,71.569,149.070
382.182,167.893,71.398,149.941
381.562,170.718,71.639,149.965
382.448,163.778,71.235,152.555
381.799,166.462,71.752,152.995
381.829,160.166,71.799,155.492
380.913,164.451,71.917,155.288
381.971,158.219,71.801,157.714
381.159,162.333,71.894,157.413
381.796,157.608,71.858,159.276
380.163,162.445,72.216,158.395
381.311,158.066,72.504,159.449
381.447,160.205,72.074,159.075
381.358,165.748,71.579,155.871
381.488,163.092,71.102,155.403
381.784,165.023,70.541,153.741
381.607,169.600,70.757,150.775
381.011,168.245,70.534,150.268
380.015,171.139,71.342,148.580
380.915,167.797,71.459,149.444
381.975,168.192,71.437,149.633
380.763,169.954,71.345,149.180
381.655,164.445,71.366,151.379
380.976,166.963,71.684,151.672
382.114,163.348,71.445,152.924
382.070,159.884,71.571,155.236
381.875,164.156,71.220,154.681
382.495,160.558,70.846,156.046
382.951,159.990,70.907,156.912
383.239,160.333,70.889,157.211
382.554,163.494,71.001,156.354
382.778,162.554,70.967,155.949
381.105,167.642,71.644,153.972
380.334,169.886,71.535,151.049
380.135,170.966,72.043,149.543
380.966,166.009,71.916,150.474
380.773,170.518,72.065,149.308
381.696,166.946,71.848,150.507
381.141,168.586,72.139,149.870
381.354,165.803,71.703,150.888
381.874,164.684,71.500,151.921
382.482,161.839,71.328,153.673
381.312,164.601,71.560,153.986
382.199,162.076,71.487,154.873
382.710,160.386,71.451,156.069
381.699,162.645,71.626,156.889
382.072,160.355,71.536,157.312
382.108,162.826,71.637,156.935
380.899,165.697,71.578,154.490
381.644,165.385,71.502,153.882
382.379,163.578,71.411,154.238
380.546,168.445,71.666,152.504
381.359,165.850,71.326,152.631
381.831,169.017,71.392,150.686
381.515,167.348,71.416,150.865
381.305,168.788,71.729,149.875
381.311,169.391,71.447,149.034
381.690,167.493,70.937,149.658
381.876,167.157,71.401,150.604
382.045,164.964,71.219,151.523
382.095,163.660,71.159,152.783
382.278,162.106,71.279,154.464
382.170,161.156,71.360,155.500
382.182,160.916,71.425,156.394
382.235,159.039,71.704,157.375
382.135,162.717,71.211,156.235
382.232,161.152,71.046,156.338
381.400,164.678,70.979,154.942
382.583,162.923,70.822,154.943
380.968,168.186,71.326,153.317
380.386,169.822,71.420,150.540
379.838,169.266,71.805,149.412
380.379,169.767,71.474,148.074
381.987,166.014,71.124,149.671
382.721,166.418,70.779,150.644
383.466,163.859,70.622,152.400
383.342,162.474,70.641,153.780
382.595,162.057,71.230,154.746
382.634,161.667,71.302,155.409
382.563,163.007,71.263,155.310
382.486,161.867,71.328,155.572
382.459,161.133,71.649,156.421
381.546,162.606,72.320,156.329
380.794,164.316,72.273,154.894
381.885,160.891,71.912,155.977
381.476,164.425,71.618,155.348
382.111,163.558,71.080,155.212
381.382,168.351,70.940,152.479
379.594,170.130,71.994,150.295
380.042,168.825,72.075,149.433
380.507,168.970,72.069,148.704
381.709,169.616,72.168,148.011
380.459,171.871,71.955,146.538
381.516,161.439,71.971,151.428
381.943,165.400,72.398,152.300
381.738,166.610,71.827,151.828
382.015,164.493,71.749,152.734
381.807,164.666,71.711,153.045
381.567,165.199,71.528,153.128
381.837,163.513,71.584,153.748
382.117,162.620,71.459,154.678
382.257,161.811,71.539,155.066
382.332,162.150,71.650,155.409
382.482,162.405,71.444,155.212
381.085,167.343,71.835,153.209
380.278,168.104,72.280,151.959
380.589,168.905,72.220,150.884
