275.000,137.000,23.000,26.000
276.377,134.273,22.883,26.055
278.198,133.390,22.667,25.918
278.370,133.376,22.816,25.857
279.399,133.739,22.912,25.741
276.204,136.427,22.549,25.647
270.930,141.922,22.290,25.207
268.338,150.263,22.197,24.686
268.338,150.221,22.216,24.372
269.172,154.073,22.208,24.524
272.393,153.014,21.999,24.476
276.562,150.474,22.068,24.464
278.434,143.419,21.811,24.566
278.566,143.310,21.835,24.680
278.426,131.296,21.796,24.672
277.224,117.465,21.833,25.299
275.973,101.878,21.970,25.597
274.196,86.151,22.130,26.237
274.466,86.050,22.643,26.795
274.325,73.740,22.805,26.956
277.481,65.674,23.120,27.111
279.341,57.567,23.021,27.345
280.716,51.966,22.905,27.384
280.676,51.716,22.772,27.231
280.954,52.133,22.962,27.325
282.538,57.727,22.843,27.299
285.243,64.367,22.883,27.432
285.405,70.628,23.169,27.546
285.276,70.570,23.266,27.558
281.957,72.452,23.364,27.768
278.745,69.209,23.584,28.057
277.298,60.820,23.576,28.204
277.821,55.335,23.984,28.671
277.734,55.177,24.111,28.644
277.001,53.739,24.052,28.971
275.033,50.219,24.102,28.785
275.917,46.912,24.442,28.718
277.371,45.901,24.544,28.444
277.707,45.723,24.931,28.454
275.934,43.712,24.989,28.904
271.354,39.179,24.737,28.970
266.045,31.971,24.797,28.689
261.925,25.473,24.705,28.677
262.039,25.427,24.697,28.778
260.174,27.478,24.729,28.787
255.443,31.321,24.528,28.753
249.657,32.168,24.795,28.998
249.352,33.771,24.914,29.489
249.508,33.261,24.916,29.107
256.894,43.585,25.163,29.097
266.639,54.916,25.155,29.309
274.188,60.875,25.080,29.039
283.564,65.381,25.240,29.312
283.592,65.357,25.383,29.405
293.040,73.364,25.208,29.487
297.065,86.379,25.345,29.450
292.715,97.183,25.000,29.222
281.923,101.916,24.549,28.855
282.197,101.802,24.562,28.373
271.018,98.255,24.524,28.414
261.004,88.476,24.878,28.201
252.609,79.649,25.111,28.662
246.692,74.050,25.508,28.978
246.660,73.991,25.991,28.921
243.387,72.663,26.242,29.088
241.943,72.193,26.654,29.325
241.219,70.952,26.652,29.928
240.938,68.584,26.924,30.489
240.769,68.244,26.902,30.487
240.628,65.858,26.838,30.666
240.387,64.901,26.760,30.759
240.178,63.701,26.775,30.777
238.778,64.027,26.598,30.936
238.867,63.726,26.736,30.971
239.603,68.249,27.140,31.233
241.511,74.196,27.047,31.470
239.790,79.434,26.736,31.514
234.169,88.714,26.618,31.159
234.246,88.674,26.576,30.568
228.706,99.167,26.492,30.532
223.487,104.154,26.513,30.848
216.881,103.673,26.905,30.699
207.771,102.208,26.737,30.749
208.172,101.940,27.101,30.683
197.720,102.782,27.038,30.756
189.973,104.071,27.125,31.244
187.772,100.887,27.426,31.538
187.559,95.438,27.542,31.641
187.175,94.928,27.241,31.103
188.221,94.446,27.408,30.564
189.501,97.898,27.533,30.532
191.570,98.940,27.321,30.816
195.674,95.281,27.256,30.967
195.765,95.228,26.987,30.867
198.450,91.767,27.012,30.971
195.178,93.484,27.092,31.087
188.244,97.386,27.339,31.307
181.111,98.771,27.522,31.878
181.165,98.997,27.829,32.180
178.392,98.878,28.201,32.539
177.453,99.474,28.729,33.536
173.729,100.836,29.432,34.522
167.044,102.989,29.784,35.350
167.168,102.512,29.991,35.019
163.663,106.994,30.155,35.145
164.691,107.982,30.196,35.287
164.960,104.098,30.271,35.758
160.875,93.964,30.322,36.166
161.273,94.523,30.586,36.475
156.476,86.173,30.788,36.580
151.706,77.555,30.779,36.348
148.211,69.320,30.865,36.595
142.115,59.021,31.065,37.699
142.349,57.899,31.151,38.023
134.390,44.989,31.419,38.043
127.754,38.288,31.906,38.467
127.724,37.631,32.375,39.735
133.022,37.012,32.894,40.424
132.772,37.056,33.251,41.096
134.990,35.762,33.404,41.694
136.630,38.422,33.801,42.093
140.146,45.897,34.099,42.111
147.646,56.459,34.267,42.359
147.756,56.143,34.276,42.129
153.723,64.735,34.070,41.991
154.973,74.580,34.555,42.065
154.523,84.984,34.970,42.225
157.689,93.901,35.081,42.740
158.057,93.758,35.362,42.645
167.499,99.517,35.367,42.921
179.983,100.907,35.225,43.059
189.104,95.881,34.669,43.045
196.147,89.513,34.820,43.886
197.022,89.450,35.158,44.162
203.810,82.172,35.241,44.594
209.020,72.926,35.685,45.379
208.281,58.766,35.996,45.741
202.078,42.231,35.982,46.052
202.392,42.222,36.216,46.024
194.590,32.265,36.607,46.125
190.488,23.480,37.382,46.325
187.724,16.043,37.053,46.580
185.194,6.136,37.144,46.443
185.901,6.086,37.281,46.273
182.848,-1.646,37.242,46.154
183.718,-1.168,37.441,45.746
185.272,4.314,37.749,45.750
181.696,9.530,37.741,45.395
181.886,9.732,37.718,45.353
173.360,15.233,37.352,44.096
163.414,28.559,36.699,43.237
156.330,48.274,35.909,42.842
151.356,64.905,36.599,44.276
150.689,64.374,36.937,44.543
142.076,74.101,37.173,43.785
135.009,77.939,37.521,43.832
133.604,76.614,38.126,44.387
132.082,69.241,38.482,44.809
131.903,69.318,38.730,45.019
127.339,57.367,39.252,44.694
121.793,46.239,39.367,44.869
115.791,36.962,39.201,45.861
110.803,33.259,39.433,46.119
110.442,33.010,39.262,46.157
110.172,38.551,39.306,46.181
113.385,45.358,39.069,45.743
120.937,47.567,38.928,44.935
131.743,49.855,38.696,44.616
131.995,50.179,38.567,44.132
142.986,51.295,38.571,44.143
151.278,50.562,38.232,43.600
158.760,44.835,37.717,42.915
161.586,36.030,36.668,42.324
161.936,36.157,36.053,41.780
159.950,28.252,35.497,41.397
158.322,26.133,34.901,41.073
159.830,30.419,34.247,40.238
162.619,37.527,33.889,39.989
162.954,37.488,33.836,39.975
167.421,48.253,33.648,40.046
171.978,61.841,33.522,39.892
175.584,74.555,33.500,40.232
180.890,80.884,33.644,39.950
180.537,81.345,33.560,39.952
183.096,82.922,33.585,39.818
183.069,83.487,33.580,39.537
182.194,84.478,33.608,39.517
182.546,84.341,33.763,39.390
182.493,84.451,34.073,39.512
182.483,85.510,34.558,39.614
184.694,91.674,34.588,39.073
188.159,101.429,34.962,38.797
192.571,110.347,35.045,38.247
192.419,110.625,35.270,37.798
197.117,116.605,35.643,37.753
200.911,120.197,35.904,37.355
203.115,124.596,35.850,36.756
202.902,128.427,35.602,35.982
203.227,128.611,35.528,35.284
200.294,131.669,35.315,34.897
198.869,135.023,35.405,34.578
198.062,137.100,36.232,34.407
192.983,135.527,35.906,34.424
194.754,135.259,36.191,34.727
192.365,133.249,35.969,35.162
192.742,132.532,35.909,35.860
195.178,132.667,36.029,36.581
195.210,129.491,36.096,37.294
200.720,126.706,37.003,37.933
200.822,122.096,37.750,38.767
205.009,114.828,38.630,39.388
209.649,106.247,39.912,39.857
215.360,101.224,42.060,40.277
221.366,98.415,45.318,40.316
217.661,100.229,48.226,40.790
218.408,102.738,51.348,41.231
219.476,104.815,54.526,41.884
220.503,104.365,58.141,43.067
219.545,103.407,61.520,44.532
221.721,99.208,64.238,45.998
225.562,95.358,66.992,47.396
228.763,89.400,68.266,47.775
231.267,84.893,69.458,47.959
231.808,83.700,70.847,48.802
234.412,75.412,72.577,49.468
233.683,72.229,72.785,50.009
231.889,73.284,73.411,50.668
230.716,77.147,74.588,50.908
231.108,77.868,75.596,51.725
227.751,83.745,75.360,53.521
223.474,91.983,75.698,55.366
219.864,97.364,75.624,57.569
218.332,96.736,74.761,58.238
219.586,96.456,74.801,58.794
221.754,97.932,74.832,59.506
224.079,96.233,74.278,60.530
224.473,84.795,71.987,60.345
229.323,72.895,69.002,59.863
231.018,71.826,66.973,59.405
234.453,61.718,64.943,58.503
235.522,52.037,62.225,56.887
238.801,49.416,59.223,55.154
243.905,45.854,56.648,53.602
244.358,47.169,54.007,52.438
249.458,41.154,50.594,49.977
254.962,36.600,47.217,47.249
260.449,33.810,43.229,44.392
266.126,31.528,39.167,41.818
267.343,31.877,36.166,39.974
271.713,30.152,34.025,38.878
273.229,30.714,32.790,38.107
274.065,32.828,31.812,37.865
273.852,38.989,31.018,37.706
273.873,38.960,30.582,37.245
273.348,47.247,29.750,37.045
271.627,56.704,29.300,36.670
271.116,66.222,29.264,36.787
271.013,72.414,29.320,36.995
270.980,72.513,29.421,36.838
269.903,74.779,29.538,37.278
269.456,72.915,29.356,37.150
270.042,70.687,29.566,37.131
270.948,66.137,29.680,36.231
271.156,66.519,29.553,36.090
272.111,60.346,29.682,36.316
272.367,56.136,29.644,36.055
272.524,53.350,29.448,36.321
272.763,50.814,29.297,36.418
272.590,50.767,29.103,36.058
273.350,48.812,29.430,36.086
274.684,45.365,29.711,36.204
276.581,44.776,29.335,36.510
278.256,45.271,29.382,36.364
278.472,45.154,29.471,36.269
277.853,46.549,29.173,36.435
275.594,48.459,28.965,36.588
274.911,50.950,29.139,36.531
273.018,55.495,29.368,36.916
273.238,55.258,29.655,37.096
270.251,60.256,30.065,37.405
267.101,63.926,30.302,37.393
262.586,65.957,30.846,38.245
254.076,65.317,30.962,37.741
254.188,65.409,31.235,37.715
244.142,65.507,31.402,38.761
236.335,66.829,32.238,38.968
229.197,66.896,32.338,39.121
223.008,66.206,32.665,39.460
223.257,66.076,33.143,39.425
215.978,67.634,33.301,39.786
209.177,72.994,33.248,39.382
204.048,83.026,33.623,39.737
201.445,92.003,34.239,39.521
201.144,91.766,34.421,39.625
200.098,98.267,34.610,39.762
199.931,102.451,35.211,39.494
200.102,106.574,35.515,38.435
203.625,112.432,36.032,37.511
203.888,113.019,36.227,36.734
208.516,119.100,36.633,36.192
210.926,125.321,36.673,35.337
210.476,130.726,36.331,34.844
210.506,134.346,36.202,34.191
210.501,134.669,36.192,33.802
210.406,135.246,36.517,33.700
213.400,135.120,37.781,33.437
212.360,136.029,38.191,33.385
213.543,137.507,38.598,33.424
212.465,138.112,38.700,33.259
213.135,138.285,39.012,33.571
213.538,137.435,39.609,34.136
210.856,138.942,39.657,34.556
210.678,138.955,39.725,35.010
210.513,138.919,39.758,35.388
208.894,142.994,39.593,35.537
208.102,146.714,39.339,35.796
211.145,153.284,39.522,35.830
213.628,159.451,39.786,36.007
212.966,159.233,39.838,36.060
214.952,163.499,40.183,36.062
217.300,164.448,40.708,36.159
219.177,163.745,41.105,36.247
227.475,159.727,42.303,36.470
229.418,158.242,44.026,36.680
231.431,151.724,45.579,36.405
231.469,142.893,47.181,35.818
229.715,134.003,47.228,35.185
231.242,124.792,45.582,34.827
231.970,124.812,44.191,34.501
234.668,118.456,42.314,34.661
238.158,111.131,40.737,35.734
240.686,102.985,39.643,36.943
243.458,94.459,38.561,38.187
243.551,93.543,37.603,38.803
248.257,86.431,36.696,39.946
254.443,81.192,36.135,40.347
259.429,75.879,35.518,40.695
262.836,70.773,35.174,41.288
262.754,70.392,35.007,41.499
264.742,64.624,35.051,41.641
267.336,58.775,34.858,41.863
269.378,54.699,34.831,41.761
269.510,53.912,34.632,41.662
269.592,53.776,34.562,41.728
269.122,55.342,34.566,41.799
268.398,58.989,34.416,41.510
271.010,61.978,34.351,41.263
275.144,65.371,34.251,40.630
274.979,65.421,34.254,40.235
280.166,67.089,34.443,40.120
286.223,68.224,35.077,40.101
291.874,68.251,35.333,39.889
296.913,68.586,35.281,39.986
296.995,68.607,35.135,40.067
302.213,69.565,35.192,39.856
308.896,74.711,35.538,39.394
318.476,79.190,35.146,39.066
327.985,79.525,35.160,39.080
328.018,79.633,35.045,38.991
337.309,78.913,34.980,38.640
345.660,79.472,35.259,38.599
350.669,80.933,36.360,38.638
353.730,80.632,36.505,38.975
353.161,80.295,36.845,39.151
354.215,76.295,37.637,39.490
353.300,74.131,37.966,39.162
351.751,74.934,38.212,38.236
348.533,77.410,38.845,37.707
348.000,77.598,39.451,37.289
349.771,81.266,39.293,37.125
351.548,87.831,39.239,37.060
355.944,94.847,39.222,36.527
360.531,104.801,39.263,36.660
360.911,102.965,39.258,37.061
363.617,121.229,40.201,36.896
370.829,132.288,40.975,36.918
