101.000,220.000,239.000,164.000
103.674,219.132,234.208,168.214
106.206,218.401,230.494,169.860
106.057,219.583,229.317,172.255
106.853,219.534,229.076,171.774
109.045,220.738,226.748,173.939
111.059,221.346,224.105,174.578
112.436,222.392,222.879,175.349
115.364,222.656,220.437,175.072
116.468,223.506,218.255,175.164
118.010,224.089,216.441,175.589
119.905,222.965,215.102,176.807
118.224,223.542,214.376,178.433
119.247,222.613,214.001,178.518
117.249,223.989,215.573,178.973
116.485,225.098,216.578,177.884
116.312,226.281,217.536,177.426
114.473,226.857,218.636,176.529
117.216,227.051,218.932,177.592
114.263,227.755,219.555,176.904
115.319,229.327,220.241,176.890
115.237,229.978,220.175,175.235
114.591,232.293,221.664,175.458
113.876,233.360,221.458,175.387
113.176,234.052,221.553,175.051
113.753,234.259,222.835,175.307
112.209,235.462,223.694,175.183
112.054,236.046,224.707,175.174
111.260,236.405,226.761,174.732
109.179,236.539,226.869,174.449
109.106,236.259,227.474,174.254
109.088,237.413,228.540,174.975
108.441,236.614,229.156,174.734
107.555,237.752,229.543,174.523
105.030,237.674,230.360,173.428
105.256,237.898,230.409,172.930
105.004,238.094,231.028,172.295
104.570,238.180,230.971,171.970
104.415,238.830,230.404,172.349
105.951,238.818,230.015,172.509
106.687,238.579,230.032,172.841
107.921,239.136,229.519,173.340
108.991,239.321,227.401,174.373
108.514,238.990,226.078,174.554
111.115,238.811,225.398,174.821
113.497,239.347,224.589,176.395
111.972,237.816,223.672,175.334
113.501,238.341,222.812,176.570
112.209,238.227,222.219,175.614
113.826,239.791,223.334,176.025
113.919,237.977,224.276,176.248
112.234,238.737,223.987,176.189
112.323,238.670,223.595,176.222
111.991,237.950,224.044,176.196
114.580,238.520,225.073,176.833
112.062,238.443,224.708,175.683
112.409,237.362,224.958,175.042
113.949,238.822,225.163,176.673
115.835,239.053,226.083,176.945
113.009,237.924,227.371,176.357
112.897,236.397,226.760,176.627
112.296,235.988,224.555,175.142
114.380,236.079,224.630,174.362
112.010,237.681,224.634,174.306
116.166,235.677,226.779,173.493
111.945,235.931,226.221,174.513
113.479,235.107,223.334,174.540
115.862,234.811,222.702,174.806
115.889,234.362,223.953,173.507
115.153,234.593,224.871,173.803
114.718,233.618,225.012,173.230
115.700,235.957,226.125,173.537
114.798,234.554,225.261,173.755
113.505,233.354,221.802,172.748
115.404,234.013,221.414,173.491
116.702,232.052,220.483,174.472
116.092,233.082,218.386,174.624
116.872,232.288,218.071,175.105
117.379,231.693,215.272,175.477
118.360,232.361,215.806,176.291
119.165,232.583,214.211,175.257
120.977,232.602,212.745,174.665
123.206,232.027,210.918,174.514
125.631,232.077,210.212,174.929
129.453,230.762,209.978,175.112
129.704,230.600,208.485,175.517
132.207,230.243,208.330,175.354
131.932,229.450,204.525,175.628
134.283,230.443,202.466,176.411
136.725,227.149,199.019,178.919
142.285,226.722,193.275,180.135
142.841,224.977,189.503,179.934
147.583,224.503,186.589,182.260
148.590,224.721,182.742,181.748
149.687,223.401,177.808,183.157
148.967,221.966,173.243,184.047
152.574,224.122,167.312,185.746
157.467,224.865,162.641,184.852
160.945,225.211,157.944,183.253
162.471,225.919,154.541,181.919
165.470,226.233,150.844,180.480
167.150,225.092,147.416,178.728
167.774,224.931,145.195,177.932
169.930,225.999,142.613,178.424
169.238,224.586,141.420,178.909
168.015,225.067,141.418,178.671
167.177,225.999,141.484,179.702
167.697,225.756,140.562,178.572
164.841,226.061,142.000,178.869
164.413,225.274,142.314,179.816
164.819,224.374,142.327,179.822
163.912,223.368,142.257,180.209
163.917,224.412,142.157,179.548
163.577,223.842,141.992,178.753
162.682,224.349,141.934,178.542
161.554,224.300,142.502,178.433
160.501,223.840,143.258,177.866
159.925,223.877,143.778,177.783
159.753,223.801,143.941,177.823
158.684,223.549,143.883,177.658
158.359,223.008,143.834,177.203
158.325,222.504,143.962,176.600
158.691,223.340,143.315,176.108
157.482,221.774,144.144,176.326
157.128,223.102,144.445,177.618
156.522,223.388,144.059,178.376
155.969,221.992,143.425,177.620
155.743,221.388,142.871,177.902
154.075,222.068,142.560,178.503
154.161,222.823,140.909,180.580
152.435,221.543,138.412,180.799
152.320,221.014,136.540,181.053
152.365,220.162,134.641,180.624
152.683,220.670,133.255,180.486
149.952,219.839,133.755,180.887
150.487,219.444,133.312,181.105
149.989,220.170,134.051,181.050
148.729,219.667,137.085,181.072
148.183,218.827,136.936,179.121
150.093,219.199,137.283,179.644
150.205,218.653,139.988,179.340
152.346,219.605,136.690,177.791
150.910,221.278,137.084,178.366
150.623,219.051,136.317,177.436
154.260,219.305,136.320,177.361
150.464,219.768,135.198,178.250
154.054,220.322,132.295,177.520
151.301,219.964,131.409,177.855
155.556,221.837,127.575,178.300
152.687,219.219,125.681,176.999
162.631,222.415,119.937,178.283
157.609,220.233,118.344,179.074
161.711,220.585,114.918,178.187
161.184,221.118,113.404,178.760
165.085,220.639,108.861,179.032
161.452,219.339,108.739,178.374
166.606,219.733,106.009,177.025
166.973,218.615,103.761,176.469
169.841,219.859,101.005,176.369
175.798,219.204,96.702,176.582
175.868,221.269,94.841,175.663
179.629,218.405,93.157,175.930
179.998,218.443,91.509,175.234
183.202,218.068,89.179,174.766
184.866,218.828,87.777,174.521
186.373,217.924,86.933,174.762
187.839,216.921,86.223,174.520
187.612,218.517,86.439,173.217
188.946,219.118,86.930,172.744
189.023,219.302,88.180,173.505
189.466,217.874,88.795,173.390
187.763,217.252,90.439,173.263
188.987,217.600,90.368,171.529
187.095,215.987,92.962,171.175
188.574,216.777,93.554,170.409
187.971,215.043,96.005,170.928
187.850,214.049,98.368,172.827
190.264,212.191,100.323,174.800
192.490,212.583,100.859,176.294
192.619,212.490,101.773,177.047
192.607,210.799,102.951,177.433
191.081,208.631,103.067,178.503
190.781,207.838,103.766,180.262
191.631,206.694,103.916,180.656
191.450,207.914,104.418,181.155
191.719,206.675,104.881,180.830
190.634,205.971,106.093,180.934
191.650,205.730,106.975,180.842
191.271,206.087,107.954,181.011
191.450,205.461,108.291,180.860
191.792,205.052,108.931,181.144
192.198,206.404,109.339,181.614
190.672,205.287,109.680,180.992
190.925,202.797,109.835,181.918
191.743,204.265,109.885,181.696
192.472,201.717,110.669,182.037
191.517,201.606,110.249,182.868
192.052,200.490,110.389,184.122
191.092,199.903,109.897,185.342
192.659,198.347,109.415,186.433
191.435,196.504,108.711,187.242
191.101,196.014,107.272,188.439
192.280,193.854,106.833,189.460
191.054,191.247,106.416,187.919
191.791,191.629,106.200,184.886
192.272,194.009,106.218,185.136
193.210,192.398,107.132,184.564
192.244,192.523,106.384,184.922
194.138,192.201,106.239,185.735
195.307,192.212,106.872,187.137
194.449,190.009,105.847,187.282
196.138,188.623,105.328,186.454
196.851,189.560,105.556,187.383
197.207,189.093,105.281,187.206
198.854,187.722,104.695,185.756
198.014,187.541,104.454,185.149
201.685,188.611,105.450,185.342
198.995,183.441,105.445,184.229
202.925,186.767,105.865,183.223
201.812,182.057,106.913,181.910
203.651,186.686,107.260,182.548
204.791,182.555,109.053,181.055
206.337,183.784,111.254,179.677
206.630,184.887,113.713,178.396
205.210,183.513,115.231,177.263
209.439,183.680,118.005,176.746
206.262,184.156,118.532,176.355
208.235,182.959,120.676,177.444
207.802,180.578,121.737,177.854
207.540,179.647,122.487,179.112
207.970,179.223,122.786,180.432
209.274,178.392,124.054,180.831
208.523,178.591,125.322,180.155
209.826,176.175,127.352,179.728
208.251,176.763,127.024,179.678
208.454,176.795,127.337,181.476
208.392,175.222,128.482,181.903
208.459,175.910,130.066,182.214
208.499,174.730,132.742,182.237
207.749,175.566,134.254,182.161
209.021,174.128,136.970,182.849
208.322,172.627,139.142,181.768
208.120,171.966,141.781,182.215
206.195,172.257,144.536,183.763
204.564,173.000,146.736,184.836
202.392,171.733,150.825,182.588
198.497,172.378,154.524,184.235
196.179,170.546,159.341,183.377
192.901,170.585,162.437,184.759
192.883,170.726,164.834,185.914
192.445,169.539,168.018,185.594
188.585,172.511,173.142,186.921
186.006,177.208,177.237,186.467
184.814,178.651,178.087,185.893
181.709,178.030,180.015,184.759
181.432,177.510,181.037,181.883
179.593,180.059,182.611,177.270
178.072,179.355,184.686,175.362
176.651,177.671,184.441,169.040
175.322,179.122,185.619,163.547
170.921,183.140,186.812,161.914
170.942,183.509,186.959,158.138
171.436,184.179,185.563,154.296
172.038,185.369,183.113,149.705
168.144,188.779,182.554,145.697
166.578,191.640,181.126,143.548
167.696,194.561,180.763,141.869
166.983,196.261,178.505,139.281
173.881,199.470,174.714,138.048
175.606,203.961,172.984,140.297
177.112,203.650,175.318,141.510
177.971,207.439,177.763,143.936
176.845,208.661,179.318,146.288
176.328,209.605,180.735,148.116
176.165,210.296,181.720,149.959
177.306,210.628,183.059,151.432
179.925,211.489,183.211,152.568
181.039,211.218,185.647,153.390
181.030,208.704,183.936,154.744
182.892,210.343,182.744,157.213
183.649,210.348,181.264,159.113
185.479,208.962,177.509,161.342
187.051,209.422,174.177,160.845
188.020,211.081,169.718,156.896
192.764,209.401,167.324,148.763
192.622,210.413,166.178,139.903
194.898,210.862,165.013,129.238
195.839,215.462,162.231,122.379
199.244,217.121,159.951,119.038
204.637,218.290,159.148,117.419
206.178,215.340,159.629,119.882
208.495,214.065,159.948,121.964
210.788,213.490,158.507,123.486
210.820,214.647,157.472,126.164
213.391,216.346,154.890,129.636
214.630,224.129,152.995,136.053
212.675,230.278,151.851,141.497
213.566,233.871,150.155,145.244
217.617,232.638,150.306,153.299
218.925,234.086,147.316,159.473
223.601,229.406,143.215,162.628
232.059,230.220,141.285,165.698
238.422,224.609,140.070,169.750
242.104,221.091,139.423,173.427
245.592,217.214,139.213,175.535
244.697,215.821,133.970,177.308
251.247,214.827,133.889,180.864
248.965,212.027,130.462,181.673
259.511,215.444,129.871,181.409
256.308,216.954,125.477,178.129
259.427,225.003,122.304,174.538
261.421,234.047,120.863,172.174
260.909,236.567,119.238,169.828
266.142,238.672,120.751,167.708
262.313,239.944,119.856,167.602
266.549,240.409,125.463,167.779
263.748,238.814,126.204,167.090
261.927,239.196,128.347,168.331
259.303,233.772,127.195,168.875
260.115,233.664,127.702,170.039
255.580,229.825,124.106,172.531
255.732,228.039,123.691,175.369
257.987,231.488,125.556,176.424
255.943,233.953,130.611,174.515
249.891,235.959,130.283,173.354
251.382,236.877,134.095,174.789
249.878,237.842,138.196,178.504
246.928,236.166,139.294,183.239
246.409,232.891,139.817,186.856
242.432,232.861,139.917,190.326
238.902,230.636,138.746,191.232
235.137,230.772,135.525,192.876
233.749,232.354,132.693,197.075
227.090,237.528,129.097,199.395
222.724,243.819,125.868,199.397
221.822,250.463,123.870,195.928
219.355,256.420,124.666,195.831
217.829,260.534,129.302,198.997
211.124,260.253,130.314,204.646
209.293,257.244,134.148,211.930
203.437,254.556,135.850,217.716
197.486,251.404,138.142,223.188
197.861,253.247,145.704,228.771
195.312,253.295,155.703,232.828
180.430,256.413,160.737,235.963
181.491,262.166,171.796,239.503
172.655,261.670,175.643,240.793
168.186,265.841,182.956,242.222
158.243,267.998,186.342,244.790
154.219,264.465,191.536,248.054
151.550,260.922,196.286,251.382
143.427,256.871,199.294,256.848
136.887,249.030,200.643,262.063
133.648,240.934,199.973,265.300
126.102,240.270,198.109,268.293
123.377,243.031,195.661,268.276
122.712,246.224,193.997,267.634
118.320,245.496,195.580,270.544
113.589,241.122,199.900,271.383
111.154,237.252,205.231,275.211
106.921,228.595,211.581,277.820
106.123,219.536,221.981,285.414
104.499,204.432,232.535,294.508
97.212,191.823,238.653,303.344
93.270,177.789,243.362,308.928
86.815,170.114,246.888,313.825
83.055,163.163,248.355,319.548
76.923,156.172,247.443,323.535
78.048,160.943,252.119,320.750
76.627,164.951,257.272,314.934
72.318,163.722,260.151,310.580
69.866,161.718,261.637,307.474
69.040,155.073,265.441,306.947
67.009,147.348,273.010,311.026
65.142,141.037,278.885,321.781
65.285,127.548,282.437,325.836
65.045,118.870,281.807,333.623
67.671,110.688,281.582,341.967
71.217,105.026,282.122,346.932
71.429,104.298,281.801,349.676
68.583,117.426,279.287,340.723
69.721,127.640,275.305,330.095
71.017,126.331,273.144,325.400
71.044,123.201,274.965,326.338
72.927,122.683,282.861,329.127
72.713,116.302,293.804,331.397
69.510,109.259,303.329,340.196
64.459,98.697,310.452,350.988
63.356,84.627,316.347,360.759
65.753,81.440,323.971,366.293
65.301,73.024,330.376,371.963
63.881,69.680,336.180,377.885
61.981,67.403,342.284,380.094
59.770,65.843,345.331,385.727
55.553,60.281,345.935,381.151
56.071,68.842,344.952,375.560
56.612,73.753,344.817,371.966
53.300,81.368,349.876,367.920
53.172,80.291,354.100,364.715
54.697,78.622,356.238,363.202
59.320,78.241,360.930,363.953
58.432,74.969,361.482,366.112
59.888,66.452,362.934,366.376
56.945,64.691,365.918,369.956
59.881,63.897,365.134,374.237
61.294,57.878,368.134,374.831
57.512,58.515,368.278,379.121
60.111,56.017,372.754,378.968
65.020,52.212,376.388,377.915
61.523,53.224,376.040,378.239
60.372,58.697,377.077,381.928
63.815,53.848,380.141,381.253
60.242,55.467,379.582,383.172
64.040,57.561,384.173,382.198
59.655,59.497,385.332,381.556
61.551,60.261,387.467,379.448
60.506,63.554,389.266,378.799
58.920,66.242,393.040,380.132
63.734,64.675,392.522,377.848
58.622,70.109,394.124,380.334
60.434,69.997,395.192,378.561
61.052,67.733,396.978,375.005
59.840,74.631,400.214,379.416
56.888,73.139,400.918,381.220
57.177,74.864,400.855,381.814
57.821,72.133,400.176,382.689
61.421,73.658,399.953,377.954
56.618,80.869,404.933,386.191
56.007,70.729,404.491,389.496
58.027,73.667,403.294,385.826
57.317,75.197,401.188,380.474
59.269,82.687,403.126,382.175
