58.000,93.000,44.000,191.000
59.071,93.122,43.462,188.459
58.760,95.811,42.973,183.583
58.995,97.715,43.119,181.824
58.485,97.503,43.635,180.979
57.359,98.407,44.637,179.998
58.374,97.891,44.846,179.004
57.568,102.030,44.954,176.313
56.585,100.642,45.285,176.797
56.671,102.074,46.189,177.599
55.229,103.984,46.769,178.095
55.934,106.068,47.526,179.965
55.256,104.646,48.376,181.115
55.544,107.156,48.687,181.403
55.391,101.859,48.947,182.120
54.915,105.162,49.147,182.460
55.713,106.401,49.536,181.900
55.762,101.706,49.797,180.665
55.300,100.890,49.253,180.300
54.937,99.768,48.285,179.749
55.769,99.781,48.077,181.417
55.888,98.785,47.475,183.807
54.747,103.106,46.957,185.914
55.785,99.056,47.408,190.941
53.637,102.518,47.782,195.173
53.779,102.398,47.942,201.347
53.035,101.931,48.190,205.986
49.386,104.975,49.151,208.764
47.869,104.324,49.731,208.650
47.835,104.865,50.149,208.389
46.632,106.041,51.464,207.006
46.348,106.386,51.999,206.506
45.062,106.654,53.027,205.256
44.903,106.047,53.577,204.725
43.351,109.846,54.471,205.550
44.678,113.297,56.178,207.169
44.281,114.782,57.891,211.116
45.420,113.890,60.602,216.611
43.418,117.694,60.560,218.491
44.234,119.648,60.716,220.011
44.452,124.719,60.335,218.641
45.355,133.446,59.575,214.152
48.869,135.429,61.811,210.857
50.731,141.657,62.720,209.005
53.590,145.703,63.555,209.548
56.314,144.389,64.367,211.336
56.617,143.479,65.416,213.208
58.776,142.568,67.177,215.082
60.992,143.639,69.956,215.318
64.606,140.229,72.646,217.254
69.033,143.499,73.916,218.303
72.456,142.712,75.270,219.561
91.637,143.042,74.878,219.906
98.261,140.678,74.033,221.165
103.249,147.876,71.076,217.268
105.560,146.262,69.787,214.830
105.575,149.254,68.763,211.648
109.337,148.693,68.981,210.616
110.193,150.381,69.389,210.107
113.939,149.904,69.578,210.847
113.147,148.435,70.182,210.295
112.780,149.924,70.556,210.402
114.478,148.801,70.625,210.361
112.135,144.528,70.663,211.803
111.840,145.504,70.900,213.554
115.756,144.911,72.282,213.820
113.136,145.238,74.096,214.388
112.989,144.814,74.363,215.292
113.804,143.621,74.682,216.166
113.046,144.772,75.598,216.103
113.449,141.179,75.928,217.129
113.212,145.538,76.211,215.949
112.619,142.170,75.236,216.428
112.827,145.460,75.032,215.481
112.148,145.664,75.270,215.265
110.781,143.911,74.935,215.764
110.498,143.645,73.364,215.683
110.450,143.128,71.775,216.101
110.740,144.068,70.599,215.348
112.320,146.405,70.186,213.603
113.660,146.337,69.695,211.716
110.872,147.344,69.837,210.873
110.496,147.414,69.928,210.048
107.393,146.449,70.526,210.044
109.122,149.527,69.844,209.653
110.783,148.003,70.210,209.358
112.872,142.777,70.424,210.161
108.117,143.263,71.573,211.490
108.911,143.555,71.208,212.434
111.886,142.409,70.789,213.161
110.957,137.846,71.742,214.018
110.942,136.872,71.246,215.589
109.413,129.654,69.714,219.955
109.385,131.611,69.452,222.790
109.105,125.434,68.685,227.481
110.017,124.833,67.199,229.907
112.617,121.515,65.593,232.391
113.610,119.757,65.473,233.619
114.670,117.286,65.216,236.229
117.580,120.153,66.092,239.390
120.111,121.912,67.537,240.613
118.421,126.435,69.784,239.104
120.822,132.265,72.992,236.069
124.733,138.740,75.793,229.486
125.502,142.638,76.401,225.727
127.153,147.285,76.315,223.048
127.335,152.229,74.683,220.416
130.077,151.287,73.486,216.735
130.979,153.199,71.894,214.464
131.867,154.893,70.209,212.554
132.438,157.464,68.494,209.769
133.361,159.324,67.742,208.827
136.578,159.414,67.465,207.997
134.129,158.151,67.690,207.995
134.790,160.187,67.538,207.203
136.253,157.972,67.558,207.536
132.386,161.142,67.595,207.771
133.278,156.883,66.586,208.625
133.932,160.911,64.915,208.790
135.824,153.761,63.278,209.247
136.640,154.889,61.712,209.700
137.842,152.596,60.863,210.530
139.375,151.278,60.010,211.138
139.268,147.990,60.294,212.325
136.902,146.144,61.130,213.772
145.174,136.233,60.317,208.122
146.756,142.112,59.154,207.496
149.095,144.576,58.326,207.223
150.105,143.000,57.706,207.927
148.470,142.523,57.868,209.039
143.854,139.720,58.667,209.951
40.868,132.769,57.773,214.498
42.152,129.946,57.413,216.538
47.558,128.288,57.329,217.327
47.248,130.095,57.467,215.689
50.731,122.959,57.117,217.680
54.660,117.584,57.201,213.465
54.968,117.572,57.124,210.114
56.419,123.999,56.570,209.224
57.360,119.713,55.750,209.973
60.352,116.221,55.405,210.268
58.867,113.614,54.443,209.851
60.429,116.386,53.394,204.847
64.124,107.252,54.640,198.813
64.350,107.316,55.686,194.294
64.402,107.624,55.941,190.871
64.562,107.464,55.756,189.674
62.725,113.208,55.145,189.371
62.512,111.073,53.696,187.586
63.788,106.909,53.244,185.984
63.885,104.619,52.422,189.030
62.391,103.391,51.900,189.392
62.582,108.849,50.786,189.083
61.567,104.549,49.705,189.933
62.282,99.181,49.029,190.249
59.606,102.004,48.620,189.556
61.482,103.578,48.230,188.936
62.734,105.099,47.575,190.362
62.615,113.263,47.334,192.405
61.272,114.186,46.966,194.169
65.044,113.455,47.105,196.519
62.507,116.758,46.806,198.942
60.265,120.406,46.868,202.584
71.081,115.937,46.296,208.511
68.687,104.939,46.043,212.979
110.192,117.110,50.049,218.623
104.567,117.063,55.148,225.922
95.056,109.593,59.443,232.439
91.074,107.533,65.225,240.866
82.392,100.595,68.314,249.261
82.306,96.628,70.412,255.424
79.940,90.259,71.540,261.815
76.535,83.627,71.151,262.811
78.955,87.604,72.951,266.029
73.243,82.924,71.904,265.906
76.728,84.480,72.943,267.119
75.841,84.760,72.911,267.135
79.951,82.559,72.012,267.015
79.173,78.221,69.941,263.281
77.663,80.692,68.616,261.020
77.211,74.402,67.743,260.218
75.573,74.581,68.361,261.121
78.294,83.628,67.430,261.894
75.205,81.780,66.182,260.020
73.642,78.218,66.654,257.407
74.244,82.054,65.917,257.245
74.794,77.369,65.880,255.107
74.015,77.896,65.485,255.626
73.740,73.509,65.307,254.500
74.891,69.650,65.041,253.936
68.728,71.750,64.470,253.623
69.111,67.814,64.199,248.584
68.401,64.106,64.173,243.707
65.647,68.069,62.968,238.882
63.602,71.036,61.668,234.306
63.409,72.822,61.600,229.086
65.154,74.034,60.207,227.065
63.692,73.425,59.372,225.125
63.298,74.074,58.318,220.918
60.396,76.455,57.215,220.848
56.065,77.015,55.317,221.183
58.517,78.551,54.958,225.678
57.254,72.069,55.406,225.146
59.369,69.522,54.521,223.085
56.701,66.623,53.892,223.100
54.923,68.590,52.093,224.939
55.574,59.405,50.969,223.505
56.998,55.087,49.185,225.745
59.929,58.810,48.563,229.116
61.787,56.769,48.327,229.005
62.506,54.576,48.007,226.350
62.938,57.619,47.617,225.533
64.869,62.818,47.899,226.714
73.572,61.405,48.715,227.606
73.880,58.078,48.832,226.618
74.693,60.313,49.334,225.983
75.205,65.141,49.507,225.666
76.987,57.565,49.583,225.633
76.940,56.704,49.639,225.696
83.873,65.013,49.847,225.714
86.240,54.539,50.023,224.508
84.556,46.812,50.304,222.761
88.225,57.470,50.357,221.706
86.459,47.764,50.714,219.587
