123.000,17.000,141.000,85.000
124.704,26.301,140.067,86.101
127.650,40.489,137.790,86.560
124.144,59.465,137.518,86.966
123.302,77.669,135.071,87.225
123.380,91.274,134.414,88.562
131.275,101.878,132.076,90.343
137.019,114.200,129.718,91.108
137.996,116.153,128.323,91.457
142.778,107.741,126.741,91.579
150.255,112.949,125.187,93.109
159.692,115.165,124.539,94.586
162.253,105.302,123.085,95.128
172.594,102.177,122.648,96.404
178.516,104.769,122.340,96.838
172.960,103.127,122.537,96.232
168.789,97.884,122.919,94.307
170.640,89.025,122.918,92.954
177.639,86.964,124.203,93.018
180.318,92.507,125.455,93.254
179.161,105.181,126.088,93.223
184.129,117.697,126.701,93.160
196.437,116.488,127.318,91.794
205.971,118.231,129.169,91.319
208.775,120.241,129.068,89.987
204.377,118.153,130.147,88.103
201.519,106.945,130.689,86.505
198.044,102.393,130.894,83.383
192.537,103.433,131.998,82.726
181.172,99.828,132.796,80.044
166.944,93.215,134.217,77.778
154.190,93.010,137.125,77.667
153.878,102.709,140.737,76.004
155.753,109.815,143.235,74.039
151.959,115.510,145.020,73.167
146.780,117.427,146.376,74.211
145.169,120.603,147.776,73.720
140.866,123.384,148.621,72.195
133.479,126.002,149.872,71.981
131.566,126.559,150.842,73.606
133.892,122.891,150.508,74.514
134.944,119.428,152.244,77.323
133.195,113.615,152.370,77.920
132.592,113.464,151.749,80.617
133.907,109.232,151.902,81.670
137.382,98.784,152.372,84.883
143.601,92.597,152.010,84.446
149.058,79.301,151.480,85.060
145.612,60.346,150.725,84.475
135.803,48.482,150.900,84.527
137.243,50.922,151.285,85.550
148.317,52.238,151.052,85.515
160.100,59.870,150.507,82.956
169.299,78.109,149.907,81.918
178.618,86.939,149.317,78.026
187.228,92.510,149.080,75.414
198.619,96.733,149.095,73.507
207.851,98.215,148.377,70.771
212.436,104.086,148.614,70.395
209.288,109.882,147.780,69.145
200.177,107.357,148.247,68.481
202.012,103.643,148.632,68.734
206.344,94.825,148.253,66.552
203.492,72.815,147.766,64.492
192.225,59.351,147.738,64.662
181.338,57.462,149.314,64.998
174.895,43.462,148.555,65.254
174.659,33.987,149.500,67.926
182.441,32.346,148.870,68.086
193.071,27.645,148.741,67.292
204.579,32.610,149.626,68.505
206.198,40.460,151.446,67.424
199.194,56.415,152.734,67.786
188.990,69.481,153.421,67.038
178.113,80.596,154.562,67.187
167.685,93.042,154.773,67.567
154.327,98.260,154.382,68.552
161.101,94.651,154.383,68.181
175.753,90.467,153.986,67.023
181.989,103.603,152.958,67.432
185.247,112.748,153.160,66.851
199.550,105.384,152.358,67.445
219.232,102.567,151.649,66.109
235.902,96.705,149.929,66.205
228.680,104.669,148.733,65.895
217.259,132.702,148.075,64.192
214.626,138.318,147.077,63.071
230.190,130.090,147.590,61.602
240.133,108.792,146.865,60.459
225.918,61.127,146.191,60.278
218.976,32.742,147.137,62.385
205.161,24.782,147.309,63.255
160.392,20.409,148.671,62.596
135.819,31.413,150.307,63.730
146.061,37.970,149.911,64.120
158.049,50.769,150.104,64.727
156.067,54.755,150.164,65.210
186.499,54.636,148.837,64.939
220.064,55.794,147.030,66.338
210.599,51.816,147.072,68.700
196.632,61.320,146.528,69.644
223.536,67.122,144.345,67.543
232.226,69.925,144.846,69.497
221.156,67.896,145.446,69.337
222.090,56.080,146.254,68.803
230.880,49.856,145.498,68.051
235.834,29.142,145.365,67.352
213.580,0.346,146.021,65.881
194.583,-0.356,146.530,65.087
191.144,-2.429,146.135,64.648
169.376,6.669,144.809,67.743
144.262,27.079,143.634,69.890
138.238,39.134,142.094,71.948
121.606,46.851,143.582,73.707
119.611,37.299,143.839,76.096
118.367,24.354,143.267,76.686
124.626,2.993,143.947,76.016
140.082,-6.547,144.981,71.055
157.591,-5.255,144.788,69.271
154.944,9.143,141.059,74.282
174.670,5.278,133.858,78.057
182.519,2.113,129.685,79.557
175.698,0.165,125.879,80.240
177.125,-7.125,128.151,77.828
197.209,-2.663,116.627,75.616
220.123,-7.974,109.511,69.193
231.392,-8.500,105.871,63.397
231.060,-5.383,101.546,58.465
231.865,-2.647,97.913,56.548
253.227,-2.026,95.737,55.783
255.910,1.408,94.852,56.244
208.765,9.670,104.415,59.355
233.527,23.769,115.030,66.812
255.113,44.621,123.555,76.926
243.549,51.552,132.099,86.552
228.195,46.823,138.499,94.276
224.466,42.042,141.804,100.918
207.345,42.319,144.616,104.253
201.195,46.417,147.204,103.971
184.109,51.448,150.181,104.295
172.461,59.927,150.459,105.510
175.347,62.810,150.042,102.977
176.724,57.230,149.550,102.936
167.758,59.363,150.494,102.818
161.654,68.019,149.997,103.414
170.063,60.955,149.844,103.183
168.946,59.231,149.486,103.914
161.905,71.502,149.610,103.829
161.503,75.708,150.024,100.889
165.371,76.934,149.531,97.777
163.700,79.811,149.884,96.350
153.369,84.591,149.990,94.348
148.781,85.401,148.991,90.933
145.606,72.350,149.079,87.646
139.881,57.549,150.576,84.628
140.132,51.187,150.510,81.575
140.408,40.570,150.023,78.826
139.783,18.893,149.948,77.336
148.068,7.215,149.007,76.728
161.496,15.557,147.513,75.838
162.490,33.350,144.208,77.708
168.262,46.952,143.497,78.179
177.650,61.359,141.125,79.042
182.971,70.323,138.507,78.020
186.964,77.698,138.192,78.676
192.077,79.840,139.211,80.859
192.214,79.881,139.543,82.141
183.477,81.281,139.618,80.480
176.533,79.127,139.914,78.760
178.383,76.336,139.081,77.112
179.079,69.404,138.657,75.545
171.742,69.342,138.808,74.387
159.296,71.113,138.809,73.004
151.047,59.676,138.418,72.526
146.893,47.220,139.114,70.857
143.408,48.313,141.131,70.023
140.517,50.078,142.712,68.214
136.785,46.953,143.336,67.192
139.892,54.295,143.336,67.802
142.194,56.044,144.504,67.775
142.502,49.880,142.965,68.608
137.448,50.550,143.879,68.776
135.776,51.841,144.808,68.971
142.819,48.980,144.918,68.624
150.609,47.241,143.563,70.223
147.840,47.895,142.635,71.406
150.754,42.788,142.508,71.456
157.539,39.745,142.914,72.566
168.234,37.946,142.081,72.793
181.073,31.372,142.577,71.718
191.875,19.090,142.199,72.296
187.387,20.201,141.714,73.849
177.547,27.301,142.090,74.288
187.553,26.797,142.555,74.072
199.901,26.933,141.316,73.455
197.812,30.899,141.400,73.009
192.778,30.627,141.433,73.210
194.889,20.899,141.971,72.748
198.442,9.852,144.098,72.574
199.234,0.622,145.729,71.346
189.571,-4.314,148.818,69.341
182.191,-0.537,150.456,69.611
177.452,-1.121,151.938,71.865
170.867,-1.636,154.891,73.812
161.845,1.286,156.040,77.705
149.960,2.944,158.067,82.880
143.237,-0.155,160.954,85.500
138.034,-2.298,163.001,86.537
131.931,-3.575,165.638,84.568
120.836,-7.082,168.132,79.494
104.851,-2.589,170.409,75.816
100.038,-1.417,174.274,72.839
108.815,2.787,178.223,74.551
111.061,5.900,179.206,81.318
105.934,6.726,181.233,92.389
101.897,7.655,182.305,101.340
98.456,12.650,183.446,107.117
94.030,20.087,182.789,107.979
86.175,27.015,182.599,107.391
82.393,28.962,182.186,105.980
86.008,29.108,182.262,105.984
88.247,30.507,181.511,106.093
82.683,33.274,181.803,104.908
79.029,33.410,181.266,104.089
82.406,34.227,180.427,102.655
93.100,30.713,179.388,102.206
86.912,21.304,179.884,102.271
79.983,23.047,182.662,103.567
81.526,29.001,183.446,102.450
80.615,27.719,184.595,99.516
80.608,39.699,184.177,100.202
84.493,50.336,183.210,99.765
94.904,46.939,183.042,98.722
96.711,51.044,181.711,102.240
95.802,69.837,180.609,104.073
97.696,76.025,177.668,105.635
106.009,74.205,175.629,104.788
106.483,70.369,174.281,104.906
96.808,72.044,172.672,105.066
79.764,73.974,172.141,105.243
69.867,65.829,172.690,106.649
62.825,56.583,175.040,105.783
54.570,55.796,180.449,101.890
34.692,36.179,183.820,98.705
25.796,24.351,184.924,96.970
20.346,22.625,186.968,95.508
21.078,22.731,190.116,95.254
25.609,23.177,194.150,94.998
24.614,33.710,195.151,94.498
25.054,39.110,196.256,93.981
30.709,36.619,198.009,92.447
30.183,37.008,199.304,93.702
25.145,41.465,199.019,95.294
21.717,47.088,198.537,97.501
24.897,55.268,198.832,100.100
32.165,54.413,198.869,101.950
30.423,56.642,197.840,103.451
31.547,61.580,198.088,103.269
44.091,56.641,196.572,101.509
45.872,47.306,196.926,101.705
42.396,37.377,197.409,103.204
39.734,30.406,198.757,102.462
42.130,26.563,198.816,102.095
43.904,28.473,199.663,104.907
47.260,29.058,199.588,104.718
52.313,28.854,199.580,104.833
55.533,35.240,196.930,107.083
59.402,38.829,196.449,110.891
62.480,37.275,192.024,114.289
58.502,38.816,188.803,119.634
53.166,48.788,188.071,120.797
46.106,53.091,186.115,123.512
36.578,55.819,185.560,125.313
33.098,64.224,180.511,125.709
31.650,61.369,179.108,122.418
33.714,49.061,180.650,122.361
35.421,40.983,185.375,123.663
23.595,35.562,184.502,123.264
22.460,30.038,186.487,120.835
21.149,24.744,181.079,118.530
22.690,21.178,177.825,115.999
15.382,26.928,175.536,114.609
1.629,21.547,174.111,111.210
-2.833,20.519,171.156,108.166
-11.183,21.773,163.292,105.917
-14.763,22.600,152.731,103.600
-11.792,24.551,144.241,104.599
-8.086,33.768,138.737,105.425
-4.234,45.280,137.983,104.524
0.920,59.466,140.557,105.010
8.963,77.046,147.960,109.879
17.152,80.194,158.389,113.783
9.518,71.041,168.044,116.719
7.536,74.870,176.109,120.863
19.323,80.447,183.319,125.902
26.602,86.574,191.864,131.352
30.986,97.105,195.890,131.821
45.695,106.219,199.104,131.965
62.722,113.582,202.698,135.270
72.076,120.500,205.412,137.317
80.953,127.181,206.460,140.270
93.439,133.995,206.293,142.187
99.090,134.113,207.869,144.633
99.647,136.456,207.495,143.545
92.467,140.410,208.770,144.122
87.111,142.360,211.361,142.956
88.642,134.247,213.156,140.901
83.408,122.409,214.089,138.826
73.276,119.056,214.895,140.298
64.693,113.693,214.763,140.370
57.420,110.513,213.881,142.017
55.618,111.899,211.999,144.683
53.875,101.216,213.212,148.845
44.322,98.312,214.098,153.329
37.540,99.565,217.615,156.684
28.417,90.832,221.457,160.177
20.580,89.497,221.828,163.791
16.499,90.075,223.463,168.575
14.211,91.903,224.694,173.883
14.697,93.345,225.111,179.263
16.461,101.259,227.774,183.799
27.751,106.778,224.554,184.445
36.505,106.482,223.887,185.406
28.115,106.792,226.782,185.715
16.267,111.538,224.534,185.691
19.520,106.658,224.515,187.058
19.220,107.281,225.832,190.360
11.980,116.349,227.612,190.602
6.478,125.837,228.539,188.856
12.059,118.804,226.966,185.246
16.841,120.329,226.236,187.136
24.504,116.428,225.820,188.138
38.034,108.101,225.429,189.086
43.207,108.024,220.779,189.181
51.327,105.149,218.423,192.082
51.873,103.121,215.990,193.259
52.722,98.306,214.824,192.089
43.348,90.300,207.527,189.881
39.325,89.605,199.869,186.614
38.177,85.742,194.260,180.266
28.838,77.915,190.587,177.315
17.718,72.030,183.752,174.080
12.812,84.606,176.752,168.944
15.170,79.127,173.495,162.940
14.992,70.263,172.188,157.581
11.864,79.874,172.540,153.121
-2.903,74.330,172.599,149.294
-6.950,75.323,171.058,143.203
-3.559,80.291,169.479,138.506
-3.000,73.904,167.919,135.531
-4.264,68.018,165.830,140.090
-7.683,64.244,160.663,147.652
-5.823,56.485,159.689,154.892
-3.617,50.198,161.681,161.822
-1.881,53.426,166.603,165.169
-2.242,50.736,170.649,167.597
0.954,45.520,175.329,168.027
3.497,51.029,179.743,166.904
7.920,56.644,186.627,164.787
10.249,62.978,193.298,160.768
8.479,69.891,202.234,156.344
9.546,79.078,207.436,150.840
3.920,83.521,214.192,143.210
4.581,91.059,219.598,134.933
2.890,89.836,222.783,127.389
3.932,94.807,223.199,123.849
4.575,98.950,223.145,123.497
4.621,98.831,221.355,122.326
3.056,90.173,222.178,123.881
-1.776,93.284,223.815,129.555
-5.868,91.784,218.895,133.744
-9.169,87.691,211.544,140.427
-10.854,84.633,199.277,149.914
-12.897,91.163,188.529,153.915
-16.896,104.029,178.194,155.878
-13.651,102.869,169.306,159.120
-9.146,104.040,164.993,161.395
-5.387,105.571,162.197,158.863
-5.538,111.487,159.330,154.767
-0.369,106.762,161.128,150.971
-0.482,108.494,164.794,148.353
-0.416,112.029,167.993,150.026
1.392,105.517,171.299,149.650
2.665,94.669,176.028,149.043
4.874,88.145,183.138,149.830
4.498,79.464,189.456,148.945
8.600,68.507,202.449,153.600
9.684,62.420,216.711,157.549
9.367,60.604,231.287,163.368
15.654,53.952,242.007,170.851
29.180,47.163,248.157,180.402
39.915,44.631,247.259,187.286
56.351,53.263,246.718,190.928
60.680,73.823,244.861,192.125
62.438,102.258,243.565,188.039
71.452,123.350,239.057,182.360
84.198,131.595,233.743,177.772
93.074,133.681,228.743,173.283
96.186,140.353,225.508,171.911
98.301,146.980,223.913,169.400
98.371,149.164,223.406,166.506
101.851,145.679,222.546,163.698
105.387,136.838,222.490,158.564
99.076,124.409,224.482,156.696
82.558,116.140,224.552,154.309
78.232,109.691,225.380,153.665
86.495,94.799,225.489,154.326
94.162,80.042,226.699,156.676
87.586,75.685,227.685,162.259
75.825,70.076,227.377,167.107
72.625,69.208,228.810,171.166
82.493,69.052,225.323,170.591
85.960,56.776,221.570,166.897
96.834,46.778,219.925,162.339
108.009,44.740,218.610,159.084
112.517,41.403,214.209,155.387
98.819,41.308,214.021,150.189
82.923,45.091,212.861,143.463
72.876,64.398,212.899,137.156
62.655,74.509,216.414,126.316
48.607,74.935,220.833,118.721
34.743,72.459,224.865,111.041
34.665,70.325,229.153,104.776
37.097,70.261,236.352,102.312
47.806,67.206,235.609,102.179
59.238,58.427,232.030,104.733
54.638,61.506,231.902,112.090
53.517,87.059,233.105,125.113
61.811,97.408,230.552,134.245
67.972,102.731,228.997,139.721
71.828,124.044,227.287,142.888
72.979,146.857,228.094,142.652
88.578,160.176,226.138,138.976
102.012,167.761,224.536,136.920
111.534,173.423,222.272,136.240
116.740,170.183,222.714,134.574
130.466,163.999,221.584,132.353
140.938,146.724,221.653,131.644
131.801,128.829,220.391,133.254
128.674,114.344,220.288,133.122
131.476,95.261,219.275,128.018
129.837,75.170,219.611,126.959
124.263,64.299,221.369,125.698
114.455,63.703,224.108,128.471
119.284,57.644,222.276,130.892
132.915,58.449,221.947,133.812
144.960,69.844,220.053,133.280
136.193,82.681,220.463,132.319
125.638,92.918,220.370,130.508
121.010,104.355,219.364,129.246
