579.000,163.000,180.000,310.000
565.856,162.859,181.150,305.846
561.081,165.455,180.351,299.256
563.685,169.679,179.876,298.734
556.839,166.164,180.448,296.517
551.725,166.014,179.626,293.016
555.003,168.723,179.091,291.795
547.120,169.029,180.110,292.697
542.613,169.451,179.964,289.887
545.573,171.375,179.477,291.500
537.380,167.023,180.907,292.673
531.033,169.374,182.149,289.767
533.669,171.153,181.756,291.178
526.953,169.485,181.301,290.167
523.915,170.539,181.652,288.966
524.691,170.993,182.141,288.832
512.392,171.570,184.231,292.584
511.457,171.289,183.801,291.247
511.800,172.043,182.897,290.159
504.124,171.812,182.522,290.359
498.690,172.051,182.388,289.560
500.184,171.252,181.991,289.361
493.968,169.435,182.351,289.713
491.353,169.201,183.189,290.177
492.386,169.046,182.444,290.069
488.984,168.841,182.664,290.069
490.735,168.256,182.018,290.417
490.364,168.834,181.027,290.484
487.736,168.591,181.960,290.875
486.648,169.032,182.618,291.477
487.384,168.789,181.451,289.863
485.232,169.040,182.501,290.772
484.158,169.371,183.143,290.669
483.533,169.587,182.211,289.381
481.605,170.149,182.625,289.865
480.360,170.016,182.322,288.813
480.281,169.533,181.517,288.043
476.047,168.501,182.303,287.688
476.143,168.962,182.930,289.986
475.708,169.182,181.892,289.289
483.801,166.874,180.284,289.175
481.916,168.612,181.652,288.913
482.315,168.460,180.994,288.477
485.868,169.072,181.381,290.280
485.515,169.602,180.852,287.756
484.922,169.465,180.690,287.813
487.051,170.085,180.706,287.813
484.028,171.739,180.867,285.867
485.995,171.330,181.058,285.259
482.082,173.303,181.885,285.056
480.162,174.943,181.857,284.182
481.788,175.284,181.731,284.695
477.813,176.326,182.102,283.879
479.531,177.711,181.038,284.659
480.492,177.696,181.393,286.746
478.248,180.157,182.112,286.688
478.175,180.859,182.907,288.948
477.684,181.378,182.219,288.158
474.358,184.784,184.790,289.154
473.632,184.741,183.643,288.648
474.510,184.465,182.748,288.043
464.362,188.585,185.939,289.801
465.206,187.783,185.623,289.717
464.957,188.679,184.868,290.678
464.172,189.092,183.908,290.363
457.686,190.834,184.913,291.317
465.704,185.579,183.177,289.809
458.753,187.085,182.769,292.477
456.931,187.583,182.357,290.108
456.550,187.858,183.756,290.087
455.981,187.678,182.262,289.176
454.677,188.630,182.034,288.759
456.936,186.608,181.298,288.559
454.111,187.479,181.460,287.649
455.700,186.607,181.420,286.967
455.295,186.463,182.215,287.741
451.599,188.409,183.009,288.456
454.051,187.848,181.455,287.916
452.057,189.306,181.514,288.459
449.506,190.047,181.219,288.202
450.937,188.635,181.320,287.844
448.979,190.419,181.533,288.250
451.876,187.660,180.042,287.739
446.881,190.442,181.327,288.839
450.432,189.462,180.940,289.815
446.803,189.197,179.777,290.716
443.874,190.450,180.341,289.767
446.158,189.045,180.300,289.974
439.249,189.592,181.072,290.982
437.495,189.838,181.534,290.823
438.558,188.834,181.969,291.101
437.925,189.227,182.034,291.119
437.686,189.378,182.541,292.396
438.479,188.383,182.342,292.571
440.732,189.254,181.245,292.593
439.956,189.449,180.537,294.103
442.186,187.936,178.834,292.963
447.655,188.223,178.094,295.105
448.455,189.091,177.201,294.657
448.928,188.496,177.407,294.364
448.255,186.844,178.855,292.068
448.186,189.244,181.668,292.446
447.706,186.121,181.904,290.602
448.475,187.410,183.494,294.023
449.306,185.187,185.521,294.543
447.955,185.704,186.395,294.985
449.682,184.141,186.559,293.406
447.112,184.744,187.912,293.659
446.377,184.798,188.898,295.195
446.008,180.313,190.007,292.088
446.139,181.578,190.540,293.412
447.512,180.528,189.154,290.832
453.696,176.481,184.915,288.383
449.406,180.858,185.216,288.834
453.337,176.187,184.540,289.570
459.980,167.660,181.428,287.185
458.654,167.236,180.801,284.610
461.251,166.804,179.418,283.237
468.088,164.190,177.868,283.528
471.203,163.158,175.878,281.545
471.130,163.188,175.798,280.241
479.759,154.352,174.998,277.643
474.170,154.128,178.166,278.328
473.948,152.853,178.104,278.540
479.420,144.618,177.123,276.741
478.950,140.171,177.223,275.409
478.394,142.122,176.445,274.698
479.810,118.012,175.137,273.894
481.133,113.240,174.716,271.554
480.547,112.782,173.954,271.666
486.429,107.673,172.498,272.568
493.547,104.611,169.967,272.786
492.112,105.702,169.099,271.946
503.207,100.818,167.537,273.192
504.805,101.192,166.877,272.359
504.096,101.250,166.130,272.790
504.006,101.021,165.693,273.579
503.981,103.119,166.034,273.745
503.363,103.795,165.855,273.365
503.693,109.148,164.141,274.660
508.196,112.230,160.405,275.704
508.652,112.334,157.985,275.693
517.589,116.789,149.448,270.802
523.555,114.020,143.459,264.608
524.923,118.174,139.549,262.236
529.194,116.247,135.009,257.648
532.811,113.567,130.267,247.900
533.675,114.445,127.811,240.133
535.674,117.137,124.881,233.529
537.751,122.149,122.653,233.336
538.768,123.200,120.772,233.901
527.648,121.743,120.978,232.387
521.779,123.015,122.444,233.533
523.707,118.376,122.500,231.044
510.382,122.718,122.617,233.619
499.869,121.895,123.477,232.767
503.834,119.389,122.855,229.873
492.531,125.832,123.268,231.213
490.582,128.693,124.406,230.642
490.054,131.485,124.696,230.746
482.808,134.175,125.714,230.128
482.322,137.811,125.647,229.164
483.839,137.858,124.378,226.992
482.393,140.723,125.841,228.325
484.784,142.005,125.845,227.605
481.572,140.635,126.946,227.027
490.952,141.230,128.932,227.141
497.845,142.167,127.301,226.136
499.810,143.798,126.946,225.731
503.537,143.933,126.016,223.809
506.278,143.824,124.465,223.094
505.194,143.692,124.158,223.090
498.772,144.349,124.402,221.552
502.430,145.697,123.634,221.797
499.481,146.354,123.498,220.588
497.527,147.144,124.417,220.701
492.226,149.132,125.908,221.258
495.496,152.198,125.265,223.274
490.049,152.430,125.681,223.862
490.542,157.316,126.005,225.186
489.759,157.977,126.153,225.727
494.588,165.269,125.781,225.980
496.565,170.713,125.189,231.398
495.960,169.635,124.355,236.031
501.173,168.348,123.982,231.372
506.205,169.124,123.900,228.549
506.321,171.660,123.875,231.365
513.713,173.249,123.673,229.062
518.890,173.323,123.271,226.466
518.598,174.521,123.639,229.369
522.593,173.323,123.213,226.895
527.178,173.858,123.087,223.952
523.489,172.895,123.310,220.634
527.055,174.008,123.312,220.364
513.267,174.888,124.059,219.454
508.965,174.009,125.324,218.529
511.649,174.938,125.271,218.173
501.309,173.235,126.113,216.705
499.505,174.949,126.870,217.688
500.494,175.965,126.568,216.543
491.608,177.788,126.877,215.246
496.504,179.531,125.725,215.947
495.660,178.096,125.295,215.847
497.317,183.801,126.237,217.165
499.336,183.770,127.198,217.666
498.776,183.100,128.244,216.554
500.256,183.458,130.808,218.288
500.785,185.910,132.602,220.664
502.796,186.330,133.341,222.252
501.799,186.790,133.457,221.127
507.293,187.633,133.254,225.810
504.657,190.431,135.232,226.755
507.059,187.844,134.344,225.840
505.133,188.242,135.273,228.220
505.278,187.231,135.514,227.066
505.432,188.107,135.698,227.333
506.756,186.063,134.686,226.478
507.470,185.343,133.065,225.329
509.025,185.631,131.955,223.430
508.713,185.804,130.129,222.374
511.316,184.443,129.280,220.216
510.920,186.338,127.446,222.465
512.483,184.328,126.556,221.080
512.712,184.066,126.186,220.272
511.881,185.032,127.277,221.942
514.566,182.466,126.482,218.342
515.714,183.128,125.961,218.559
516.478,183.164,125.980,218.341
515.978,183.554,126.327,219.038
518.747,184.184,125.129,219.219
517.398,183.236,125.542,220.375
523.335,185.481,124.640,219.867
522.486,184.353,124.436,219.433
524.062,185.332,124.054,218.383
527.384,185.698,123.843,217.413
526.287,186.828,124.932,217.775
526.977,186.661,125.057,217.658
521.814,187.256,126.167,220.050
524.983,188.119,125.478,220.902
523.777,185.919,125.862,221.480
523.331,185.281,126.009,223.463
523.896,183.827,125.972,222.902
522.839,183.174,126.106,223.377
523.197,181.457,125.209,223.686
520.961,181.618,124.947,224.606
522.149,180.111,124.533,223.993
523.288,176.445,124.166,221.630
523.625,177.290,124.822,221.066
522.481,176.832,125.469,221.808
524.115,176.488,125.524,219.678
521.818,174.757,125.478,219.140
524.773,175.550,124.514,218.666
519.281,175.205,125.224,218.594
521.173,177.147,125.997,220.210
519.868,177.702,126.744,223.392
519.143,172.479,126.807,223.506
519.541,172.780,126.446,224.216
519.433,172.444,126.371,225.128
515.759,171.220,126.502,224.015
518.087,173.667,126.914,225.821
516.264,171.943,126.420,224.539
509.811,173.203,127.288,226.023
510.778,174.986,126.900,229.110
509.928,172.689,125.806,228.053
506.280,174.404,125.478,227.233
508.888,172.040,125.332,223.204
506.816,173.741,125.988,223.893
505.866,176.075,127.911,223.899
504.452,176.033,130.068,223.667
503.701,176.190,131.496,224.088
493.285,173.363,134.336,224.122
488.682,175.375,136.930,224.694
491.579,173.077,136.573,223.701
484.817,169.771,138.068,225.917
484.969,167.364,137.289,224.062
485.013,167.787,137.280,225.838
483.108,165.150,137.335,226.533
482.753,166.071,136.907,226.176
484.522,164.722,135.548,225.167
479.592,162.448,137.697,225.124
473.028,162.678,136.130,224.986
475.000,164.078,135.210,226.612
462.597,162.451,135.363,225.365
465.051,160.673,133.562,223.250
464.077,160.708,134.702,225.810
464.460,159.145,134.274,224.880
465.042,155.773,133.662,223.484
465.564,156.724,132.780,221.904
472.373,160.089,130.433,222.083
475.213,155.716,129.423,218.507
476.289,156.724,128.682,218.451
479.793,156.942,128.158,219.545
482.407,152.755,128.110,217.296
483.256,152.628,127.725,216.657
487.992,154.867,127.344,219.191
486.995,150.337,128.540,218.225
488.244,150.729,128.513,217.865
489.646,152.925,129.561,221.741
487.985,151.007,130.117,224.108
488.683,150.746,129.848,225.425
489.080,150.803,129.968,226.272
486.304,152.563,131.271,226.663
486.660,152.348,131.658,226.113
477.989,154.929,135.142,226.822
475.823,158.737,138.090,230.627
476.005,157.363,138.025,229.397
475.835,158.737,138.885,230.246
476.607,160.584,138.345,227.359
475.726,162.325,138.458,224.757
480.497,165.004,136.058,227.203
483.801,163.173,133.517,225.787
484.897,164.025,131.761,224.636
491.975,168.200,128.926,224.852
493.823,164.560,127.402,223.502
493.632,164.679,126.320,223.328
499.262,169.455,124.939,225.708
502.945,165.065,124.645,223.113
501.666,167.012,125.565,225.824
506.832,166.618,125.043,224.024
510.909,167.971,125.355,223.963
511.756,166.546,124.792,223.883
518.578,169.857,124.423,223.128
522.968,170.667,124.100,222.998
522.100,170.520,124.220,224.338
527.796,172.868,124.144,225.468
528.450,170.093,124.889,224.872
528.079,170.778,124.983,226.122
532.805,173.102,124.385,227.013
533.529,170.308,124.691,225.708
532.760,171.429,124.642,226.568
534.391,171.805,123.898,225.788
537.496,173.013,123.113,224.580
537.599,174.365,122.709,225.954
538.424,170.464,123.496,225.426
538.507,171.686,124.038,224.845
538.496,173.264,123.724,225.866
542.787,169.262,123.441,223.796
542.088,170.756,123.615,224.987
542.384,170.225,123.347,225.900
544.745,167.399,122.932,224.117
545.625,170.321,123.504,225.167
546.587,168.552,123.684,225.789
549.184,169.457,123.643,225.202
549.743,169.421,123.513,226.871
549.442,168.015,124.208,226.754
551.274,169.252,124.249,226.039
555.899,167.569,123.681,223.266
555.432,167.630,124.075,223.120
558.828,171.379,124.372,225.841
559.502,165.073,124.937,223.970
557.850,167.150,124.676,224.811
561.976,167.832,124.025,222.145
560.327,169.313,124.714,225.902
560.481,167.297,124.512,225.142
561.579,167.535,124.249,224.315
561.559,167.210,124.426,223.524
560.613,168.177,124.816,223.996
561.678,167.851,124.162,223.645
561.123,166.674,123.832,223.801
560.302,167.372,124.493,224.546
562.495,165.243,123.961,223.663
563.059,166.343,123.814,223.976
562.933,164.076,123.872,223.056
562.799,164.164,124.026,223.168
563.289,164.090,123.725,222.202
562.884,164.131,123.769,221.470
562.897,164.281,124.167,220.260
563.114,164.315,124.566,219.118
563.197,165.166,125.081,218.789
560.738,163.439,125.377,218.626
562.546,166.155,125.209,221.495
561.962,165.004,125.059,222.631
562.246,164.797,124.890,222.479
560.773,165.559,125.179,223.804
561.404,164.362,124.571,223.526
563.408,162.758,123.898,221.265
561.843,164.587,125.087,223.384
562.180,163.670,124.505,223.417
563.068,163.323,124.271,222.957
563.654,162.465,124.060,223.072
563.572,161.887,123.949,222.406
566.133,160.189,123.847,219.537
563.401,158.651,125.622,219.902
564.239,159.161,125.867,220.359
565.213,160.378,125.822,221.806
567.059,158.311,125.352,222.758
566.959,156.926,125.784,222.910
571.686,155.799,125.139,220.073
568.180,157.203,125.875,221.708
571.623,156.850,125.209,220.082
569.257,157.672,127.327,223.655
570.636,157.014,126.414,223.184
567.998,158.331,127.505,225.890
568.957,158.837,127.223,226.435
569.467,156.579,127.309,226.030
567.087,159.873,126.964,227.569
566.844,158.758,127.234,226.955
566.487,158.684,127.043,225.888
567.759,159.093,126.605,223.853
564.616,159.907,127.717,224.857
566.201,159.015,127.023,223.201
565.751,159.601,126.932,224.400
567.099,157.149,126.941,223.697
567.151,160.522,127.231,228.092
565.653,153.475,127.912,226.663
566.770,154.052,127.057,225.994
567.103,153.029,126.799,225.380
567.938,151.522,126.619,224.465
567.508,152.493,126.507,225.145
567.841,151.869,126.387,225.441
566.784,152.087,126.541,227.350
566.000,151.207,126.806,227.564
566.313,151.463,126.766,228.911
564.605,153.398,126.506,229.679
565.864,150.277,126.637,226.391
565.571,152.811,127.011,229.207
564.329,152.903,126.109,227.474
566.789,153.166,126.026,223.825
564.153,154.551,127.179,223.597
566.227,158.455,126.119,222.345
566.071,158.750,127.223,220.194
565.423,159.506,128.352,220.559
568.422,163.889,127.230,219.646
567.325,163.025,127.030,219.940
567.786,162.844,127.509,218.770
569.189,166.211,128.600,219.485
566.056,166.016,128.231,221.486
568.232,166.559,128.045,220.947
570.073,166.599,127.792,219.498
567.031,167.522,128.414,221.190
568.819,167.947,128.188,220.240
570.949,171.142,127.785,222.018
568.680,170.812,126.751,222.255
570.744,170.724,126.492,222.493
571.607,172.768,126.470,224.453
572.912,175.566,126.170,225.256
573.731,176.126,125.510,226.962
575.348,175.588,124.406,223.870
575.004,178.489,124.884,224.688
575.176,178.302,124.065,222.923
577.314,181.448,124.084,223.840
575.161,180.970,123.850,222.530
576.435,182.526,123.556,222.410
579.279,179.914,122.982,221.066
579.938,181.721,123.872,221.869
577.928,182.580,124.670,223.749
580.851,181.099,123.264,222.139
580.902,183.471,123.682,224.665
580.893,182.348,123.644,225.173
580.380,180.895,123.015,224.141
580.673,183.210,123.258,226.297
579.871,181.704,123.353,226.420
578.887,181.645,122.988,225.143
578.608,181.805,123.149,224.722
578.064,182.351,123.239,224.940
577.307,183.520,123.072,225.539
575.075,181.323,123.379,224.533
576.600,183.133,124.413,224.964
569.929,182.726,124.851,224.091
570.814,183.427,124.726,224.008
570.719,183.245,123.610,222.975
566.161,181.116,124.424,222.458
569.842,183.521,123.616,222.481
568.053,182.121,124.010,221.937
567.934,181.235,124.048,221.606
567.989,183.054,124.568,222.827
568.076,181.992,124.054,221.912
568.094,181.302,124.194,222.074
569.079,181.739,124.440,222.471
568.807,180.540,123.886,222.123
568.610,181.302,124.303,223.937
567.676,178.779,124.166,223.704
568.215,178.416,123.727,221.760
561.936,178.527,125.299,222.406
558.202,179.346,125.248,222.869
559.328,179.285,125.435,220.692
551.270,178.033,127.097,221.109
553.147,182.283,126.591,223.896
552.997,180.557,126.710,226.300
552.653,180.827,127.072,228.095
550.447,180.919,126.744,227.866
551.178,179.619,126.235,225.767
551.553,186.617,127.069,225.507
550.782,188.456,127.371,225.782
550.863,188.517,127.712,225.201
552.321,189.915,127.910,225.494
550.068,190.758,127.812,226.255
550.324,191.025,127.541,224.289
549.714,191.980,127.147,225.211
550.479,191.849,126.656,224.228
550.120,192.122,126.487,223.479
552.730,193.511,126.623,223.855
550.414,191.961,126.588,223.928
550.970,192.688,126.780,223.993
550.775,191.358,126.700,224.479
550.418,190.963,126.678,223.878
550.887,191.668,126.899,223.868
550.583,186.098,127.513,222.413
551.863,186.001,127.752,221.558
550.489,186.405,127.924,221.684
552.620,183.123,126.640,220.714
555.824,185.209,126.618,223.680
554.538,182.672,126.418,223.642
554.297,182.330,127.913,223.149
556.480,181.985,127.362,220.963
555.660,183.267,128.882,222.702
556.584,181.398,127.015,221.406
554.949,182.777,127.108,222.359
556.387,181.904,126.655,220.852
552.606,182.725,127.235,222.076
555.764,182.488,126.930,222.516
554.481,181.396,126.622,221.589
553.856,182.228,127.268,223.180
553.236,181.705,126.277,222.464
554.464,181.523,126.773,220.123
553.889,181.919,127.417,221.107
552.871,182.310,126.924,223.109
552.589,181.622,126.547,222.364
553.994,183.062,126.530,221.689
551.548,183.044,126.627,222.576
552.844,182.391,126.542,221.516
552.078,180.863,126.375,220.850
549.646,180.356,126.865,221.740
550.790,179.875,126.749,220.605
548.172,179.737,127.770,222.834
548.249,178.193,126.967,221.401
548.107,179.337,127.388,221.186
542.391,179.715,128.017,223.357
543.489,179.519,127.492,222.323
543.841,178.772,127.237,221.135
540.810,179.437,126.980,221.900
542.140,181.447,127.831,223.168
540.786,179.767,127.194,222.047
541.966,181.158,127.243,220.653
541.284,182.836,127.048,223.295
541.188,181.477,126.478,222.539
542.375,183.098,127.271,223.526
540.298,182.036,127.346,223.754
541.581,182.389,127.014,222.078
542.227,182.143,126.861,221.336
541.288,181.852,127.146,222.131
541.410,181.771,127.038,221.366
541.519,182.380,126.982,221.819
539.190,181.798,127.239,221.654
540.985,182.840,126.944,221.514
539.844,180.990,126.252,221.003
538.394,178.499,125.681,219.518
539.421,180.291,125.599,218.040
533.668,180.034,126.118,218.985
533.252,178.697,125.552,219.529
533.456,178.317,124.760,218.578
520.643,178.618,126.080,219.225
522.645,176.188,125.854,216.820
521.293,177.917,127.309,218.098
514.661,177.628,128.088,218.286
515.418,177.520,128.379,217.481
514.626,177.370,129.005,217.580
510.512,179.459,128.144,219.761
509.606,178.504,127.579,219.248
510.013,179.570,127.900,219.532
502.619,178.319,128.004,219.351
499.774,178.222,128.604,221.885
502.092,177.675,127.301,220.793
495.925,178.051,128.607,223.104
494.414,177.833,128.156,225.307
494.162,176.353,127.687,225.084
489.289,178.012,127.283,225.730
489.732,174.335,126.935,225.573
489.549,173.804,126.134,223.569
484.606,174.125,125.583,222.164
486.291,175.059,125.886,220.923
485.864,175.106,125.924,221.573
480.034,174.552,127.349,223.006
475.739,174.310,127.283,222.426
475.840,171.870,126.543,220.654
475.560,174.654,127.575,222.844
474.519,173.270,126.856,224.402
473.058,171.901,126.758,224.121
474.164,172.645,126.309,222.539
473.292,171.124,126.146,223.248
473.810,169.554,125.648,222.752
474.146,168.195,125.318,221.595
474.935,168.804,125.230,221.165
475.854,167.356,124.769,220.280
475.691,167.652,125.638,221.800
480.033,167.843,124.733,220.940
480.350,168.325,125.166,222.633
481.184,165.986,124.221,221.057
481.606,167.099,125.363,222.497
477.857,169.396,126.118,225.678
479.337,166.658,125.608,224.554
479.555,166.851,125.358,225.021
479.736,166.215,124.771,223.832
477.689,167.982,124.662,223.570
476.735,169.079,125.607,224.583
476.184,169.019,124.826,223.130
473.647,170.010,125.281,222.979
473.939,171.643,125.954,224.496
473.927,170.180,125.499,223.307
473.677,171.065,126.037,224.375
470.858,170.916,126.235,224.817
472.349,171.399,127.203,225.433
468.917,170.801,127.056,223.427
471.767,170.496,127.022,222.950
470.286,170.250,126.926,223.849
469.296,171.181,125.618,224.501
466.257,170.790,126.775,224.734
467.217,170.458,126.565,223.570
464.746,172.468,126.032,224.530
462.245,172.669,126.395,225.284
464.247,172.586,125.941,222.129
457.693,176.033,125.855,220.740
458.767,177.221,126.304,220.585
457.781,177.153,126.236,221.115
453.597,180.154,125.690,223.231
454.927,180.001,125.456,220.688
454.383,180.855,126.228,222.251
453.117,182.093,126.088,223.254
453.096,183.070,126.326,222.890
453.551,182.087,125.779,220.842
451.445,183.758,125.995,222.580
451.866,184.154,125.920,221.432
451.620,184.508,125.955,220.542
446.618,185.655,126.174,221.863
446.280,186.369,126.615,221.423
446.244,187.056,126.600,221.596
442.047,187.486,127.300,223.083
444.108,190.004,126.784,222.163
443.420,189.336,125.862,222.240
443.892,193.249,125.981,222.428
443.057,192.296,125.461,221.273
443.500,192.958,125.807,221.119
439.598,192.702,127.897,222.793
438.780,192.876,127.854,222.330
439.259,193.196,127.818,221.564
433.039,195.358,128.309,223.723
433.378,194.099,127.635,222.551
434.285,196.546,127.390,224.082
430.134,189.264,128.058,224.768
429.671,188.491,127.656,225.098
430.765,188.005,127.236,223.514
428.172,184.276,127.357,222.804
426.176,183.379,126.658,222.068
428.342,186.193,127.101,223.283
425.759,180.128,127.049,223.339
424.855,179.753,126.460,222.299
426.549,180.393,126.201,220.341
421.014,177.783,127.064,221.151
422.689,178.861,126.627,221.086
421.407,177.613,126.272,219.694
420.255,178.763,126.273,219.816
420.810,178.261,126.054,218.848
417.022,179.157,127.551,220.767
417.530,180.586,127.727,221.393
416.988,179.865,127.242,220.859
416.207,180.316,127.646,222.515
414.186,180.846,127.416,224.749
414.816,177.857,126.641,222.255
409.695,179.683,126.832,222.852
411.865,184.279,126.740,224.008
410.957,180.898,127.171,222.965
409.639,184.975,127.036,224.038
409.273,186.380,128.219,223.197
409.049,186.481,128.157,222.202
407.259,187.379,128.036,222.448
408.741,189.691,128.587,222.522
407.832,188.972,127.818,222.136
408.756,190.911,128.581,222.841
407.866,191.736,128.441,222.977
407.836,191.219,128.558,221.266
404.606,193.480,129.204,222.801
406.619,196.744,129.186,224.115
404.930,195.201,128.232,222.470
404.462,197.289,128.914,222.533
402.695,197.521,128.758,220.939
403.738,200.652,129.091,222.029
398.625,196.733,129.494,220.986
400.825,200.308,129.551,222.317
399.901,197.516,129.013,221.158
397.580,197.551,128.313,221.026
395.981,195.924,128.199,220.638
396.367,197.185,129.201,221.304
393.696,188.448,129.055,221.228
394.762,187.064,128.265,218.909
395.512,190.168,128.055,220.884
393.170,181.735,128.133,221.132
396.285,179.970,127.205,220.007
394.116,180.280,127.910,221.001
396.697,179.056,126.982,219.184
397.679,179.285,126.646,218.280
397.234,179.185,126.724,218.023
402.668,186.535,125.213,222.787
402.736,184.374,125.369,222.729
404.026,186.468,125.807,226.058
405.142,191.142,126.203,229.407
405.553,194.283,127.119,234.460
404.651,188.661,127.624,235.254
408.332,196.867,128.663,239.222
407.032,189.941,130.613,238.945
404.099,190.819,131.977,236.380
409.298,191.381,132.216,232.535
414.246,189.213,132.237,228.071
413.725,194.002,132.721,229.422
416.633,193.134,132.333,227.285
417.502,193.361,132.240,226.511
416.567,193.479,132.764,225.782
419.533,193.925,131.750,224.900
417.241,192.532,132.082,226.147
418.580,192.348,131.838,225.532
412.110,195.872,132.181,226.845
413.808,192.707,131.352,225.922
410.633,194.230,132.541,225.068
403.466,187.545,133.916,224.043
404.736,186.822,133.419,222.987
404.760,190.350,133.248,222.334
399.935,187.523,135.414,224.564
393.308,189.076,138.358,229.717
395.593,188.308,137.661,232.964
395.089,184.280,136.930,232.814
392.043,182.363,138.070,232.497
392.099,184.174,138.260,232.315
384.180,179.433,139.890,230.692
383.958,184.727,141.823,232.759
381.339,180.675,143.409,231.287
374.747,182.208,144.912,227.632
375.245,182.478,145.787,229.943
376.506,182.757,145.449,227.867
371.999,184.023,147.929,225.323
371.777,182.544,150.908,227.160
370.200,181.874,152.701,227.243
361.009,184.072,158.812,230.347
360.780,189.210,159.269,231.325
359.571,189.453,161.360,235.157
357.123,194.110,162.712,236.432
355.896,194.800,163.233,233.892
357.059,196.662,162.352,232.207
363.635,200.839,159.290,233.810
369.117,200.723,153.943,232.400
369.246,201.447,151.228,229.459
371.649,203.596,148.041,227.118
367.929,204.571,148.527,224.905
371.179,203.872,147.375,223.221
369.319,205.793,146.690,221.989
367.194,203.770,145.383,219.663
367.721,206.814,144.966,220.144
364.709,204.418,144.506,219.720
361.065,204.286,144.415,219.169
361.130,205.255,143.730,219.988
359.143,199.505,144.151,221.148
358.130,199.994,144.203,221.098
358.987,199.104,143.097,221.129
353.131,194.156,145.062,219.522
352.582,195.693,144.535,221.383
352.399,195.561,144.211,221.733
349.118,196.979,144.411,220.891
346.211,196.304,144.404,221.480
347.193,193.229,143.402,220.220
338.588,196.256,145.432,218.048
337.359,196.938,146.147,218.880
337.248,196.206,146.159,220.050
333.132,199.166,146.504,219.648
330.178,200.147,146.258,220.033
330.831,197.214,145.076,219.662
328.286,199.939,145.307,218.718
327.590,199.127,145.227,218.301
328.891,200.822,144.765,219.689
323.141,203.665,146.754,220.849
327.058,199.842,145.124,221.534
324.532,201.901,145.741,221.491
325.490,202.797,145.171,222.689
326.028,201.880,144.444,221.694
323.959,203.835,144.763,222.314
322.842,205.774,144.875,223.273
323.310,204.918,144.163,222.763
321.869,206.378,144.306,222.880
320.870,208.196,145.775,226.576
320.712,211.485,145.592,227.118
322.422,213.036,145.109,230.001
318.700,206.646,146.595,226.862
319.493,212.216,147.561,229.978
318.250,213.815,147.149,230.155
322.279,210.217,146.008,227.225
318.869,212.311,146.809,224.326
320.136,213.350,145.337,223.440
322.971,212.486,144.617,224.987
322.544,212.939,144.869,227.112
323.829,209.715,144.202,226.543
333.615,209.032,142.733,224.107
333.030,210.092,143.447,221.827
332.551,212.122,143.614,220.853
336.718,211.962,143.604,222.095
333.743,211.860,145.129,221.357
334.515,212.779,144.729,221.640
334.078,214.525,144.741,221.695
333.634,213.590,144.908,221.390
333.265,214.240,144.579,221.305
334.138,216.116,144.261,223.438
331.866,212.586,145.332,225.702
333.260,215.854,144.570,228.348
333.886,213.262,143.744,232.210
335.436,209.355,142.526,232.172
330.901,210.035,144.516,232.104
334.820,206.379,143.418,230.216
331.868,206.523,144.395,228.321
334.712,207.284,143.001,228.929
336.013,207.175,142.873,231.078
339.220,202.881,142.282,231.952
335.357,204.871,143.496,231.483
339.210,200.764,142.558,231.500
336.820,198.627,143.443,228.784
338.224,199.018,142.966,225.900
335.469,200.530,144.928,224.860
336.241,200.553,144.759,225.489
336.436,200.205,145.034,225.766
330.132,200.549,147.094,224.283
328.661,200.944,147.062,224.698
330.701,199.567,145.890,223.746
318.216,201.808,147.873,223.183
315.398,205.245,148.585,224.601
318.599,202.754,146.479,225.457
307.142,201.697,146.972,225.081
302.915,206.180,148.465,227.057
307.180,204.167,145.851,228.800
297.894,201.083,146.900,228.214
295.862,202.579,147.826,227.049
296.000,201.144,147.046,225.374
294.189,203.275,147.453,225.357
293.576,201.213,147.468,226.049
293.074,201.063,147.085,225.743
285.222,201.924,149.255,224.729
288.516,201.567,148.504,226.453
278.622,200.728,149.791,223.832
278.932,202.391,150.161,227.453
278.865,201.954,149.010,227.179
274.589,203.044,149.770,225.970
273.605,206.171,149.662,228.701
276.397,206.224,148.889,233.687
272.173,199.735,149.176,231.695
270.539,202.705,149.361,230.324
271.744,201.339,149.064,229.327
268.663,200.226,149.896,227.674
264.156,200.666,150.903,226.713
266.997,201.024,149.772,226.339
263.511,195.949,150.668,225.111
261.623,195.672,151.184,223.737
262.177,197.512,150.741,223.657
259.987,195.606,150.389,226.308
258.937,195.191,150.230,228.301
260.605,193.251,149.443,228.531
257.646,191.523,150.018,228.619
257.224,192.926,149.415,228.003
258.821,193.461,148.613,228.351
254.775,189.497,149.191,226.777
251.698,191.189,149.419,224.565
254.514,190.860,148.395,223.714
250.732,192.673,148.587,223.906
249.518,190.607,148.927,223.811
250.008,190.429,148.756,222.696
246.890,191.994,149.466,223.068
244.268,192.277,150.496,224.750
245.351,191.683,151.968,230.460
239.609,187.522,150.638,229.183
237.078,188.056,150.488,226.675
238.707,188.982,151.612,229.826
232.055,187.358,150.711,229.186
233.055,186.994,149.690,228.374
233.101,186.615,148.972,226.714
230.221,181.776,149.523,226.000
228.050,185.840,151.635,230.128
228.802,185.516,150.736,230.186
230.037,187.684,149.740,234.875
236.030,180.275,147.557,232.679
230.920,180.064,149.850,232.849
235.324,177.206,149.281,232.462
232.233,177.560,150.298,232.490
235.806,176.364,149.398,231.743
238.376,173.586,148.470,233.387
237.929,169.722,148.771,233.073
235.936,171.001,148.923,231.987
238.157,169.458,149.207,232.252
235.965,168.317,149.330,229.827
237.607,169.048,149.298,229.276
231.379,165.593,151.322,227.418
227.885,167.438,152.151,226.629
230.535,167.833,151.279,227.941
223.650,167.691,151.392,228.838
219.517,167.300,152.077,228.623
220.083,166.234,151.519,228.271
215.021,166.183,152.287,227.270
218.974,164.518,150.606,226.370
217.261,164.170,150.076,223.219
213.590,164.733,151.266,224.740
210.648,165.950,152.503,227.759
210.206,165.527,151.590,224.749
209.767,166.384,151.781,225.914
207.443,169.377,152.779,227.077
207.703,169.100,151.690,223.658
205.227,173.758,152.121,222.520
204.429,178.650,151.637,223.517
204.731,179.968,152.245,225.078
204.044,184.736,152.013,225.465
207.356,190.862,152.863,228.919
204.235,193.990,152.168,228.831
213.324,195.954,151.123,231.322
213.094,194.800,150.974,228.923
213.177,195.975,151.188,228.115
220.752,199.474,153.073,232.963
215.938,200.436,153.377,232.458
218.694,203.978,152.188,235.144
219.498,199.514,151.057,230.967
216.502,203.383,152.545,229.529
216.856,203.429,153.323,228.588
212.604,204.853,154.165,225.154
214.209,205.576,154.093,222.668
212.220,206.993,155.181,222.049
209.070,207.191,155.809,220.689
207.909,207.420,158.416,224.072
206.318,206.882,158.904,223.013
204.888,207.893,160.059,224.770
204.886,208.986,160.047,223.682
204.596,208.730,160.221,222.737
