145.000,93.000,373.000,190.000
147.415,92.837,366.125,188.201
155.206,89.460,357.063,187.707
166.139,91.843,346.896,188.706
170.494,94.120,338.341,184.950
171.179,94.912,332.651,182.770
171.517,95.681,329.608,180.972
171.365,97.485,326.798,177.809
175.798,97.279,321.031,176.331
181.315,99.005,315.528,174.370
185.436,101.262,309.892,171.183
187.135,102.935,305.649,168.403
189.926,103.528,301.335,166.132
192.894,103.623,298.169,163.446
193.751,104.908,296.635,162.197
196.080,105.459,293.794,159.852
200.024,107.613,289.390,157.158
198.369,107.024,285.831,155.032
201.379,107.589,281.573,153.734
198.398,108.404,279.300,152.359
199.339,110.024,277.103,151.041
193.684,109.177,275.939,149.960
200.961,112.144,269.657,147.725
194.886,111.464,267.450,145.489
196.402,112.911,264.849,144.848
197.017,112.250,261.805,142.769
197.847,113.918,258.457,141.876
195.837,114.085,254.709,140.197
195.763,114.942,252.022,139.008
195.975,115.595,248.814,137.241
197.521,117.751,246.344,135.092
196.973,118.835,243.213,133.024
197.354,119.556,238.856,131.050
200.047,120.810,234.935,129.727
201.110,119.228,230.765,128.729
198.057,122.270,230.573,126.560
198.711,123.816,228.513,124.174
201.779,124.503,224.695,122.767
201.282,124.435,222.630,121.708
201.249,125.027,220.824,120.346
198.732,124.959,220.397,119.557
193.785,125.561,220.927,118.259
196.362,127.153,218.540,117.136
200.243,127.977,212.913,114.846
197.044,128.823,210.976,113.338
197.459,129.637,208.870,111.935
193.882,130.655,209.059,111.183
195.292,130.571,206.199,110.921
190.391,130.808,207.068,109.727
189.458,131.616,206.594,109.228
186.549,132.602,206.591,108.045
185.063,133.541,207.053,107.328
186.253,133.979,204.919,106.780
185.094,132.684,204.273,106.567
186.801,133.983,202.483,105.578
184.042,133.534,202.164,104.909
182.933,133.986,202.811,104.657
179.557,134.066,203.862,104.441
180.858,134.452,203.711,104.012
178.896,133.265,203.520,103.931
180.538,135.629,200.554,102.646
177.044,135.932,200.519,101.567
175.491,136.312,201.421,100.769
175.711,136.151,201.373,100.697
174.915,136.080,201.964,100.311
175.825,136.433,201.376,99.687
175.949,136.698,200.222,98.914
177.445,136.565,198.557,98.563
178.608,137.680,196.467,97.370
179.548,138.522,195.867,96.164
179.343,139.280,195.158,95.173
178.296,139.714,194.007,94.025
179.470,140.209,192.569,93.502
178.130,140.295,191.174,92.963
176.480,141.328,190.900,92.228
177.056,141.499,189.428,91.493
177.028,142.178,188.346,91.056
174.256,142.070,188.732,90.971
173.696,142.131,188.569,91.095
171.884,141.856,188.827,90.672
171.892,141.545,188.412,91.045
170.455,141.219,187.488,90.980
172.270,142.582,185.375,90.291
169.621,142.529,185.195,89.860
171.087,142.909,184.331,89.785
170.427,143.506,182.765,88.922
169.599,143.592,180.520,88.136
166.919,143.618,179.578,87.307
167.708,144.533,179.233,86.944
165.735,144.968,179.435,86.573
164.413,145.019,179.521,86.221
165.246,145.162,178.647,86.198
164.229,146.054,179.178,85.799
163.382,145.704,179.769,85.569
166.162,146.838,178.271,85.064
165.491,146.703,176.558,84.705
164.455,146.940,176.761,84.367
163.473,146.862,176.635,83.903
162.556,147.439,177.145,83.475
162.643,147.421,176.833,83.109
161.824,147.536,176.217,82.824
161.170,147.850,175.704,82.484
162.822,147.979,174.482,82.709
162.981,147.525,172.462,82.696
162.535,147.758,172.097,82.657
163.570,147.213,170.578,82.373
164.931,148.459,168.547,81.589
161.942,148.038,168.658,80.889
161.802,148.202,168.283,80.390
162.643,148.414,167.376,79.571
162.743,149.396,166.519,78.530
161.847,149.107,165.368,77.894
161.295,149.128,164.743,77.191
158.285,149.103,165.068,76.693
159.623,148.554,163.471,76.762
158.934,149.580,162.445,76.350
156.182,149.640,162.916,76.034
155.663,148.628,162.590,75.967
157.747,149.054,160.438,75.689
154.647,149.087,161.010,75.439
152.306,149.258,161.717,75.089
151.028,148.004,162.471,75.228
152.710,148.450,161.129,75.164
148.824,148.486,162.072,74.907
148.429,148.612,162.562,74.634
148.508,147.633,161.888,74.502
148.839,148.429,160.836,74.232
148.052,147.543,160.285,73.960
149.382,147.606,159.592,73.776
149.087,147.677,158.666,73.579
148.359,147.821,158.463,73.331
147.238,147.364,159.736,73.335
149.356,147.584,158.651,72.839
145.352,147.267,159.813,72.293
145.018,146.874,159.719,72.140
144.625,146.581,159.499,71.844
145.670,147.441,158.259,71.746
145.235,147.404,157.076,71.270
145.688,148.301,155.724,70.984
145.542,148.076,154.773,70.608
145.251,148.666,154.299,70.110
145.249,148.617,153.756,69.822
144.797,149.420,153.423,69.011
144.424,149.434,153.250,68.639
143.685,150.426,152.509,68.553
141.314,149.847,153.450,68.496
141.807,149.984,152.018,68.402
141.777,149.746,150.975,68.434
139.901,149.881,150.869,68.488
141.979,149.466,149.067,68.556
140.215,150.316,148.719,68.106
141.620,150.008,147.106,68.172
140.680,150.865,146.422,67.771
142.757,149.574,144.303,68.679
142.589,150.150,142.932,68.651
144.146,149.757,140.859,68.552
143.355,150.356,140.095,68.512
144.465,149.828,138.635,68.139
143.392,150.965,138.559,68.223
142.046,150.541,138.548,68.326
138.937,150.673,139.991,68.669
138.335,150.877,140.231,68.770
138.489,151.389,140.024,68.724
138.308,151.342,139.723,68.719
136.954,151.616,139.896,68.578
135.088,151.559,140.341,68.529
132.448,151.740,141.371,68.687
131.634,150.863,141.868,68.541
128.830,151.877,143.831,68.604
129.061,151.230,144.062,68.539
128.875,151.558,144.009,68.147
127.830,151.208,144.637,68.337
126.805,151.793,145.040,68.120
127.620,151.703,144.305,68.194
126.498,152.141,144.501,68.165
127.887,151.578,143.830,68.599
126.429,151.918,144.907,68.574
126.861,152.103,145.480,68.533
127.290,151.891,146.175,68.578
127.314,152.060,147.415,68.299
128.306,152.304,148.764,68.450
130.283,151.570,148.793,68.901
130.740,152.199,149.792,69.129
133.511,151.527,150.092,69.318
137.955,152.234,148.580,68.974
140.083,151.627,147.933,68.978
141.592,152.850,148.281,68.946
145.328,152.148,147.431,69.457
148.480,152.174,147.061,69.408
151.671,151.550,147.669,69.670
155.000,151.111,147.939,69.682
158.979,151.027,148.535,69.756
162.789,150.802,148.768,69.753
170.203,150.264,147.571,69.332
172.198,150.382,148.624,69.138
181.223,150.100,147.060,68.841
184.277,149.992,146.634,68.143
193.357,149.279,145.470,67.555
202.462,149.329,144.454,67.140
208.003,148.532,143.290,66.721
213.576,148.911,143.021,66.411
221.630,148.664,141.952,65.943
229.927,148.809,140.625,65.578
238.570,148.355,138.168,65.448
243.793,148.739,137.796,65.333
249.466,148.566,136.791,65.151
254.648,148.747,137.066,64.888
262.408,148.081,135.521,64.737
269.782,148.823,135.032,64.407
277.405,148.562,134.379,64.377
282.682,149.983,134.398,64.259
290.204,148.836,133.526,64.211
301.149,150.533,133.197,63.419
309.169,150.740,133.521,63.253
314.914,150.945,134.297,62.969
322.028,150.907,134.756,62.697
331.508,151.215,134.792,62.379
339.040,151.379,133.798,62.036
340.871,151.931,134.363,61.816
346.535,151.518,134.001,61.687
351.848,152.215,133.108,61.754
355.495,150.941,132.792,62.045
358.463,151.814,133.395,61.764
363.461,151.067,133.198,61.695
369.060,150.923,132.896,61.484
373.369,150.668,133.024,61.303
378.368,150.641,133.544,61.662
385.309,149.034,132.875,61.792
391.633,148.198,133.758,62.160
397.542,147.188,134.831,62.121
402.238,147.016,136.075,62.213
407.102,145.978,136.597,62.372
412.108,145.240,137.057,62.555
417.503,144.126,137.165,62.781
420.718,143.244,137.876,62.757
425.331,143.095,138.688,62.186
430.197,143.072,139.400,62.114
435.831,142.532,138.875,62.043
441.079,142.657,138.595,61.822
446.419,142.505,138.130,61.757
451.396,142.512,138.142,61.804
455.523,142.509,137.843,61.716
460.719,142.882,137.078,61.847
465.589,142.979,136.137,61.898
470.460,143.106,135.321,62.168
474.265,142.471,134.903,62.537
478.692,143.522,134.775,62.771
481.879,142.667,134.585,63.120
484.969,143.857,135.743,63.240
484.679,143.472,135.742,63.336
