209.000,256.000,271.000,113.000
214.675,254.875,269.947,111.022
216.152,253.987,270.154,109.853
215.727,254.456,270.575,108.629
214.760,252.634,273.847,109.409
212.757,252.916,275.571,109.597
212.442,252.702,273.888,109.415
214.286,251.792,272.531,108.382
212.338,251.550,274.001,109.151
210.075,251.450,274.111,110.006
210.844,253.405,274.643,109.940
211.213,253.943,273.594,109.239
209.388,255.433,273.751,110.431
208.443,258.038,272.530,109.789
210.675,259.620,269.627,107.911
211.281,262.549,268.254,107.472
211.052,264.709,268.076,107.111
211.975,265.708,268.756,107.811
208.355,270.489,268.795,108.822
207.823,273.014,268.748,109.146
204.241,277.276,269.259,109.299
199.568,279.825,268.071,107.277
195.755,281.978,271.386,106.877
191.236,285.326,274.518,106.724
184.929,286.488,275.734,107.717
184.266,290.129,277.019,107.819
177.640,292.095,274.508,107.495
180.297,293.505,272.087,106.057
182.056,295.195,269.785,104.989
181.860,296.879,268.712,104.351
185.687,296.171,261.661,103.995
190.850,298.038,256.369,104.340
182.987,301.274,258.268,103.099
184.138,302.255,256.550,101.218
187.874,303.111,255.922,100.625
193.714,303.435,251.618,99.781
188.378,303.597,252.037,99.812
199.027,303.297,246.057,98.264
198.195,302.363,245.066,97.848
203.581,302.280,240.082,96.565
201.469,300.962,239.952,96.305
209.195,298.688,237.060,95.718
215.340,296.636,232.281,95.293
228.675,293.539,225.672,94.088
229.986,293.021,224.886,93.376
248.914,289.622,215.729,91.145
254.834,288.500,212.640,90.252
269.439,284.374,207.397,88.713
277.784,281.353,206.163,88.293
294.219,278.468,205.756,87.072
298.144,272.988,210.960,86.825
305.677,266.473,218.249,86.873
313.847,262.558,223.887,87.975
322.381,254.259,230.418,88.268
338.406,252.425,228.877,88.216
349.749,248.437,230.075,88.016
350.007,245.902,235.391,88.437
363.489,242.338,235.263,88.443
367.084,240.537,235.696,88.412
378.293,239.970,232.025,88.316
379.862,239.087,231.017,87.385
378.842,238.828,233.233,87.931
377.561,237.884,235.289,88.940
380.549,237.629,234.031,88.629
377.636,237.533,233.829,89.164
380.709,237.925,230.944,88.715
369.866,239.292,231.603,89.851
363.785,240.009,234.371,91.568
360.435,241.474,232.260,90.934
354.362,241.002,229.677,90.582
345.593,243.000,231.158,92.080
334.554,246.982,231.169,92.405
324.079,248.980,230.216,93.094
305.010,250.985,234.901,94.986
286.648,253.208,239.995,97.308
279.714,256.831,236.420,96.324
258.015,259.945,240.618,97.336
242.270,264.468,240.300,97.681
221.851,268.227,242.568,98.410
210.192,272.413,239.375,97.560
199.467,276.741,239.516,98.246
188.072,280.885,238.196,97.499
178.540,283.811,235.552,96.662
179.839,287.736,229.982,95.389
178.915,289.018,221.934,93.845
175.925,290.780,217.421,93.448
165.538,291.364,218.097,93.505
175.564,291.864,210.432,91.679
168.318,292.434,208.927,91.579
159.276,289.666,212.776,92.652
142.465,290.218,223.238,94.394
139.067,288.736,232.182,95.548
135.451,287.288,236.380,95.756
134.109,285.010,238.883,97.133
134.080,282.202,240.926,98.242
137.007,280.618,239.933,98.623
141.614,279.790,236.946,97.734
149.224,277.711,232.504,96.264
149.954,276.328,231.497,95.411
167.649,275.173,222.817,93.060
171.880,274.403,217.956,90.800
179.832,274.252,213.206,89.549
185.314,274.140,209.245,87.864
187.640,273.395,209.017,87.053
180.441,272.986,216.783,87.936
194.742,271.928,210.690,87.882
188.381,270.843,212.703,90.203
183.561,270.049,217.974,90.460
175.682,270.875,226.639,91.821
174.468,269.218,230.512,92.991
169.883,269.272,235.752,94.649
164.586,268.830,243.679,96.791
160.392,270.693,248.444,97.859
163.575,270.482,245.299,97.151
167.025,275.972,241.980,95.412
162.295,277.752,240.735,95.333
157.149,282.986,240.741,95.378
158.577,284.046,244.053,96.844
155.100,290.271,243.780,97.899
154.084,291.365,239.492,96.607
152.153,297.376,239.093,96.154
150.919,297.925,237.634,96.395
147.253,305.334,238.175,96.243
151.957,306.594,231.338,94.047
148.173,308.439,231.976,92.972
154.464,311.160,227.122,91.915
150.612,312.831,226.701,90.626
154.529,314.841,221.660,88.950
151.125,316.290,221.454,87.785
161.946,318.096,212.636,85.463
171.894,319.898,202.815,82.394
188.639,321.804,188.577,79.770
197.337,322.292,178.363,76.708
204.313,322.402,170.018,75.090
202.268,322.899,168.420,73.176
207.059,322.596,165.622,71.570
193.671,322.476,170.581,71.093
192.784,319.200,173.133,71.273
184.862,316.894,177.602,72.863
182.980,315.168,178.094,72.272
173.199,313.021,180.878,72.388
169.710,308.643,180.146,72.781
160.463,305.706,179.691,73.477
156.744,303.769,183.296,73.375
149.863,300.776,185.725,72.964
147.199,299.778,186.278,73.335
143.274,298.639,187.287,73.314
144.772,298.408,186.581,72.338
144.377,298.581,183.869,71.617
153.093,297.793,179.511,70.394
161.918,297.920,172.645,69.669
173.652,298.173,164.807,68.282
179.293,298.377,159.252,68.394
184.583,298.870,154.886,68.049
186.430,297.978,152.466,68.191
185.174,296.155,159.374,69.144
179.659,297.076,166.506,69.358
177.432,297.355,170.541,70.391
176.712,297.607,174.262,71.881
179.355,297.917,178.015,73.012
179.461,298.889,184.260,74.496
183.966,299.490,185.023,74.667
192.484,299.571,185.000,74.766
204.738,301.142,182.422,74.681
215.689,301.100,178.537,73.067
232.927,303.751,174.520,73.019
241.429,305.192,170.636,72.855
244.779,306.190,172.722,72.862
255.241,307.058,169.352,72.978
262.096,307.248,166.258,72.888
257.014,310.795,169.466,72.472
256.977,313.017,172.499,72.649
251.931,314.571,178.525,73.862
251.921,316.487,182.816,74.976
251.559,318.368,185.995,75.955
253.821,319.665,186.131,76.322
255.632,320.635,183.657,75.849
256.034,320.815,181.956,75.516
251.077,322.363,184.335,76.264
249.329,323.770,187.192,76.990
240.405,325.069,189.468,77.415
237.444,325.992,192.352,77.617
234.012,326.001,194.141,77.845
231.380,326.971,194.183,77.669
227.093,326.314,194.433,77.503
224.873,327.238,193.988,77.366
224.893,327.451,189.679,76.667
221.891,325.960,187.489,75.812
215.457,325.478,187.989,76.363
216.668,324.715,184.317,74.818
215.533,323.342,180.590,74.742
218.634,323.017,174.203,73.785
226.404,323.622,165.861,72.070
222.650,323.083,159.524,70.544
219.143,321.503,159.533,70.133
218.253,320.288,157.300,69.394
212.139,317.728,162.023,70.080
208.952,318.899,165.876,70.389
204.307,317.500,170.235,70.861
199.778,315.976,178.536,71.930
196.810,314.759,182.973,72.931
202.734,312.263,181.428,72.094
206.709,310.264,181.396,72.674
219.739,308.009,174.371,71.977
218.638,306.180,174.276,71.939
228.215,303.709,169.785,72.161
223.739,301.472,175.425,72.911
233.302,297.788,176.396,72.720
239.098,297.435,178.081,73.381
238.983,296.334,181.714,73.542
243.256,295.212,183.287,73.917
252.256,293.108,184.259,73.596
261.804,293.351,179.605,72.765
265.898,291.606,178.323,71.953
260.883,291.725,182.965,73.316
256.192,290.471,189.744,74.443
257.763,290.565,191.296,73.881
264.879,288.282,190.492,73.214
260.653,290.120,194.412,74.059
264.384,288.118,193.469,72.927
263.504,287.878,193.724,72.765
260.910,287.397,194.881,72.463
262.939,286.538,194.568,72.522
258.123,286.231,194.230,73.484
255.577,285.555,194.168,73.612
260.359,284.350,189.327,72.637
256.299,285.288,189.699,73.539
254.692,285.060,187.448,72.556
251.037,285.246,187.586,72.942
247.149,285.490,186.598,73.330
242.568,285.803,185.839,73.559
242.249,285.629,184.679,73.104
235.806,287.780,185.372,73.014
232.133,287.658,185.041,73.523
227.319,287.610,185.723,73.721
222.071,287.943,185.337,73.683
214.478,287.530,187.346,74.617
207.511,286.849,188.355,75.661
203.886,285.938,188.002,76.589
200.478,286.485,186.917,76.460
197.847,286.106,185.972,75.642
197.746,286.512,182.924,74.731
190.524,286.570,184.259,74.784
196.457,285.860,177.437,73.020
194.659,286.769,173.902,72.831
196.117,287.291,170.155,71.819
199.752,286.358,163.773,72.109
185.730,286.729,167.485,73.210
176.928,285.977,174.637,73.229
170.414,284.941,180.245,73.819
173.479,284.436,178.571,74.522
167.798,284.166,179.107,74.734
164.808,283.771,179.876,74.529
163.406,283.408,179.905,74.444
153.815,280.498,185.107,75.528
155.812,279.258,185.505,76.266
144.529,277.684,188.201,77.369
141.800,277.682,190.980,77.677
143.184,275.908,189.570,77.613
146.430,274.621,186.469,76.981
141.683,275.104,186.070,76.475
155.900,275.276,177.603,74.867
151.244,273.445,174.812,75.248
143.059,272.791,179.693,76.137
142.776,274.037,179.939,75.827
144.248,274.478,177.127,74.948
140.034,274.801,177.793,74.755
137.926,275.508,178.389,74.506
136.044,276.276,177.169,73.854
137.576,276.432,173.814,73.256
135.421,277.496,174.758,72.924
143.446,276.988,169.086,72.721
145.039,276.139,168.675,71.971
141.876,275.174,170.645,72.255
142.254,274.825,171.987,72.153
139.697,273.971,174.574,72.475
145.994,275.597,172.750,71.909
147.301,275.169,171.786,70.909
149.338,276.025,170.252,70.739
149.057,275.656,170.662,70.755
149.834,274.692,170.624,70.961
153.594,274.416,169.776,70.611
151.476,274.380,171.056,70.651
153.230,273.426,171.769,70.324
153.934,273.572,172.211,70.008
153.125,271.671,173.966,70.015
162.117,268.790,172.483,70.357
160.171,268.736,172.181,70.383
161.373,268.414,171.241,70.140
159.133,267.468,171.906,70.298
152.323,266.936,176.284,71.238
151.721,265.295,179.227,71.480
151.982,266.274,179.730,71.557
149.490,265.679,180.183,71.070
149.442,264.804,180.198,71.320
145.604,264.990,183.868,71.665
147.843,264.258,179.647,72.287
146.234,261.473,183.018,73.749
139.069,259.427,186.666,75.491
136.553,257.167,191.347,78.871
128.872,256.681,193.414,80.270
