235.000,143.000,48.000,57.000
233.944,143.719,49.331,57.809
234.766,144.293,49.389,57.358
235.032,145.240,50.022,57.325
234.433,145.193,50.066,57.302
233.685,145.386,50.666,57.775
234.571,146.173,50.159,58.393
235.504,147.208,49.175,58.194
235.644,147.586,49.178,58.164
237.151,148.988,48.524,58.475
236.982,150.154,48.670,58.368
236.067,150.260,49.188,58.497
235.833,148.828,49.946,58.891
236.526,150.555,49.770,58.792
236.917,150.553,49.486,59.190
237.161,151.054,48.655,58.796
238.314,151.948,47.321,58.650
238.924,152.489,46.567,58.854
238.426,152.741,45.875,58.116
237.243,150.421,45.963,60.031
236.612,149.992,45.668,61.124
236.015,150.342,45.280,62.005
233.960,149.612,44.953,62.205
235.068,151.363,43.705,62.410
235.335,151.999,43.023,62.266
236.065,153.125,41.839,61.356
236.041,154.510,41.182,60.549
236.253,156.238,40.517,59.340
236.715,156.506,39.813,58.866
235.834,155.063,39.615,58.665
234.846,154.442,39.897,58.465
233.875,154.190,40.855,60.184
233.485,153.958,41.900,61.526
232.998,153.722,42.055,61.669
232.438,154.878,41.275,61.749
232.186,155.557,40.239,60.871
231.655,156.633,39.038,62.186
231.387,155.663,38.536,62.470
231.202,154.997,39.747,63.363
229.614,153.993,41.590,64.509
228.510,153.808,43.028,64.931
227.227,153.654,43.951,65.335
225.407,153.518,44.976,65.801
224.958,153.673,45.119,65.663
224.335,154.368,44.916,65.891
223.789,155.178,44.623,66.134
223.382,154.882,44.581,66.212
222.946,154.472,44.597,67.005
223.029,154.877,44.756,67.617
222.334,154.331,44.254,68.405
221.103,153.782,44.100,68.794
221.947,154.823,44.430,68.494
221.085,155.959,44.240,68.804
221.425,158.043,44.410,68.852
220.137,159.755,43.690,69.140
220.825,160.758,44.079,69.323
219.588,160.601,44.187,69.576
220.047,160.514,44.311,70.619
219.229,160.491,44.570,71.518
219.726,160.498,45.400,73.030
218.355,162.051,46.729,72.844
217.903,161.631,47.263,72.572
217.651,161.207,47.741,72.871
217.377,161.855,48.031,72.949
217.404,162.796,48.046,73.050
217.554,163.851,48.171,73.164
218.450,163.603,47.965,74.008
218.840,163.785,47.976,75.022
219.996,164.577,48.130,75.266
220.393,163.766,48.338,75.380
221.071,164.022,48.932,75.786
222.081,163.735,49.283,75.697
222.727,163.736,49.600,75.711
223.174,163.630,49.626,75.755
223.972,164.436,49.022,75.567
224.445,164.805,48.740,76.009
225.058,164.928,48.748,76.166
224.781,165.855,49.042,78.446
224.806,165.187,48.650,79.799
224.883,164.599,48.930,80.682
224.373,164.555,49.247,81.109
224.535,163.668,49.685,81.176
224.640,163.123,49.917,80.784
225.484,163.659,50.138,79.834
226.073,163.824,50.256,79.294
226.547,163.840,50.661,78.745
227.281,163.317,51.512,79.202
227.724,163.975,52.825,79.912
227.985,161.970,53.745,80.977
228.286,161.237,54.244,80.653
229.527,159.792,54.581,80.328
229.798,160.625,54.617,79.197
230.016,160.474,55.159,78.404
230.233,159.076,55.489,77.595
230.786,158.555,55.754,76.831
231.736,159.055,55.622,76.833
232.036,158.700,55.916,77.105
232.484,156.674,56.114,77.692
232.305,155.480,56.544,78.604
232.595,153.418,57.022,77.948
232.286,153.007,57.542,77.688
233.185,152.335,58.038,77.379
234.036,152.080,59.158,77.121
234.230,150.382,60.493,75.841
234.945,149.901,62.086,74.209
234.795,151.175,64.209,74.529
235.383,150.452,65.632,75.845
235.331,149.760,67.406,77.649
234.915,148.273,68.469,78.398
235.535,148.026,68.892,79.434
236.301,146.764,69.224,79.777
236.586,145.533,70.879,80.232
236.440,145.096,72.404,80.187
235.761,145.126,73.970,80.249
236.199,144.103,74.546,80.126
235.905,144.308,75.606,79.909
236.646,144.538,75.874,79.465
236.343,145.429,76.439,79.497
236.001,147.731,77.359,79.520
236.811,148.403,77.290,79.634
237.501,148.272,77.154,81.070
237.714,148.174,76.626,82.514
238.124,147.932,75.405,82.785
238.580,147.943,74.495,83.064
239.044,148.647,73.322,82.462
239.691,148.893,72.762,81.778
239.801,149.514,72.249,81.677
239.329,150.892,72.083,81.656
238.523,153.289,72.309,82.215
237.453,154.053,72.388,82.715
238.331,155.297,72.664,83.786
239.102,155.632,72.522,84.406
239.747,155.414,71.746,85.166
239.077,155.894,71.492,85.323
241.213,157.663,70.572,83.862
241.303,157.597,70.685,83.397
241.639,158.264,70.901,83.404
241.467,157.949,71.330,83.712
242.512,156.685,70.481,83.966
243.381,156.688,69.907,83.795
244.444,156.439,69.593,84.384
245.710,156.044,68.680,85.158
247.067,155.673,67.876,86.155
248.384,154.375,66.920,86.460
248.965,153.789,66.580,87.366
248.468,153.427,66.612,88.068
248.041,153.189,66.853,87.804
248.288,152.882,66.416,86.824
248.172,152.918,66.510,87.515
248.348,153.281,66.330,87.399
247.349,153.657,66.805,89.209
247.392,152.397,67.528,90.351
246.541,150.734,68.380,91.316
246.523,149.521,68.978,92.497
246.684,148.021,69.390,93.279
246.876,146.599,69.702,93.823
246.458,145.934,70.112,94.698
246.948,145.505,69.918,94.679
246.528,145.253,70.510,94.797
246.231,144.666,70.699,93.369
247.577,145.027,70.442,93.034
249.095,144.338,69.479,92.132
250.432,144.178,68.513,92.394
251.461,142.864,67.235,91.933
252.759,143.382,66.202,93.618
252.929,140.862,65.127,94.304
252.907,140.281,64.966,94.554
252.073,140.397,64.566,94.277
252.132,141.053,64.764,94.730
252.410,141.235,64.282,94.423
252.737,141.589,64.296,93.476
252.723,142.130,63.879,92.349
252.062,142.825,64.563,93.102
251.509,142.309,64.983,93.507
251.964,141.728,65.805,94.267
251.567,141.332,66.403,95.037
251.177,140.325,66.870,95.366
250.850,139.966,67.406,95.811
250.716,139.249,67.405,96.212
250.547,138.956,67.414,96.181
249.972,140.985,67.524,94.836
250.314,140.466,67.181,94.012
251.075,141.550,66.731,94.338
250.157,141.166,66.584,95.289
249.658,140.966,66.471,97.359
248.714,140.216,66.249,99.114
248.139,139.478,66.367,100.252
246.304,138.466,66.462,100.885
245.898,137.293,66.384,100.606
246.341,138.370,66.781,100.903
246.523,137.108,67.240,100.942
246.739,137.932,67.553,102.481
247.451,139.410,67.589,103.353
247.311,137.766,67.518,105.110
247.816,137.659,67.689,106.952
247.819,135.537,68.284,108.071
247.924,134.842,68.967,109.280
247.277,133.355,69.365,109.935
247.141,132.076,70.000,109.937
246.024,131.370,70.905,109.476
245.385,129.996,71.527,108.165
244.612,129.536,71.764,107.476
244.350,129.138,71.847,107.240
242.194,128.325,72.204,108.146
241.480,126.906,72.619,108.407
240.171,126.204,72.871,109.659
238.537,122.968,73.264,110.231
236.935,122.011,74.233,110.649
236.470,120.704,75.060,110.328
236.519,120.002,75.820,110.339
236.572,120.318,76.417,110.077
235.654,121.027,77.130,109.704
233.672,121.447,77.147,109.296
231.977,121.562,76.873,109.863
231.214,119.898,76.631,109.687
231.764,119.547,75.942,109.797
232.139,120.752,75.636,110.657
233.834,116.595,75.145,110.446
233.297,115.705,74.958,111.255
232.711,114.968,75.221,110.844
232.100,115.146,75.443,110.644
231.879,114.984,75.534,109.654
231.783,115.891,75.809,109.360
230.809,115.882,76.328,109.062
229.868,115.671,76.329,110.327
229.910,113.781,76.291,110.840
229.619,112.216,76.275,112.073
229.416,109.011,76.414,113.477
228.674,107.459,76.831,115.218
227.897,104.996,77.385,116.397
227.525,101.961,77.959,117.099
228.060,100.685,78.813,117.367
228.056,99.477,79.749,117.668
228.476,101.331,80.430,117.983
227.616,102.617,81.033,117.860
228.043,102.925,81.827,118.543
228.065,102.734,82.075,119.822
228.070,101.004,82.740,121.688
227.419,99.433,83.377,123.864
226.971,96.402,84.197,126.622
226.784,95.505,85.021,127.924
226.866,92.698,85.707,128.229
227.383,91.614,86.474,128.236
227.861,91.125,86.862,128.425
227.024,90.606,87.084,127.268
226.855,91.026,88.599,127.385
225.870,91.547,89.720,127.063
226.390,92.146,90.829,127.615
225.708,92.911,92.069,128.533
225.280,94.929,93.808,131.042
224.281,93.187,95.134,134.039
224.968,90.759,96.127,136.548
222.796,90.707,97.682,139.182
223.697,87.702,98.665,140.829
223.272,86.853,99.081,141.990
222.891,85.840,99.576,142.271
222.375,87.091,98.595,140.780
224.085,88.787,98.209,139.423
224.368,89.556,97.803,139.746
223.754,93.521,96.083,140.646
226.509,94.424,95.120,142.538
225.130,93.827,93.887,142.880
225.708,91.492,93.243,144.425
227.091,89.424,92.013,145.769
229.714,91.567,91.677,145.941
230.886,92.893,90.988,144.310
232.321,90.867,90.826,143.591
232.575,87.910,90.838,143.202
229.974,89.199,92.512,143.210
229.608,90.662,93.787,144.699
228.504,90.267,95.335,147.179
228.872,89.224,96.937,148.481
230.027,86.896,97.805,150.473
229.829,84.478,98.934,153.266
228.377,78.931,100.088,155.095
227.865,75.609,100.778,156.442
228.148,74.556,101.829,156.358
228.514,74.340,102.353,156.229
229.007,74.762,102.458,156.562
230.030,72.082,102.682,156.347
230.586,73.823,102.907,156.784
229.421,75.961,102.828,157.226
228.970,75.388,102.664,156.852
230.189,77.563,102.581,158.224
231.041,75.352,102.064,160.191
232.739,72.276,101.849,161.889
233.965,69.954,101.528,163.564
234.228,69.897,101.449,164.417
234.087,67.467,101.732,164.313
235.109,66.792,102.141,163.804
234.218,66.752,102.391,163.083
235.268,66.488,102.896,162.558
235.303,73.007,103.431,163.575
232.932,68.553,103.300,164.881
234.007,69.513,103.579,166.454
235.670,70.529,104.023,168.969
233.931,65.689,104.001,170.367
233.926,64.868,104.510,170.645
234.125,59.865,104.985,170.851
233.715,61.686,105.361,169.926
232.844,64.283,106.220,169.871
233.318,64.522,106.888,170.232
234.279,64.411,107.255,171.790
233.979,68.710,107.855,173.521
234.012,66.786,107.956,174.858
235.405,66.097,108.067,176.784
235.418,61.359,108.306,178.361
237.030,60.104,108.519,180.190
238.536,54.023,108.498,181.367
239.739,54.801,108.156,182.593
241.352,53.506,108.815,183.470
242.303,50.948,109.665,183.354
241.706,48.624,110.214,182.532
240.931,50.711,111.330,182.805
241.776,48.897,111.462,183.342
241.097,48.039,111.355,185.117
241.536,49.045,111.284,187.907
241.054,46.653,110.148,190.457
241.844,46.132,109.755,193.389
245.700,41.671,110.366,196.549
247.194,39.789,111.702,199.004
248.172,37.874,113.486,200.841
248.279,34.051,115.171,201.767
248.752,31.028,117.304,201.468
248.345,29.539,120.186,200.215
250.120,32.854,122.713,199.453
250.445,32.829,126.593,198.560
251.169,36.387,130.422,200.672
253.607,33.725,134.485,201.607
253.644,36.868,137.428,203.548
254.907,33.568,140.497,205.255
250.787,30.593,142.867,207.479
253.409,29.909,145.779,209.992
249.514,26.462,147.273,211.829
247.997,26.740,149.887,213.866
247.878,25.895,151.176,213.854
245.263,24.744,152.566,213.598
242.774,26.319,153.636,213.076
242.346,25.435,154.522,212.229
238.728,30.835,155.395,211.521
235.980,34.079,155.609,210.454
234.003,35.764,155.568,210.423
231.656,36.724,155.409,210.656
228.078,38.942,155.498,212.319
227.504,38.466,156.053,214.950
226.535,39.856,156.887,217.427
219.206,37.953,157.300,219.650
215.960,39.686,158.688,222.455
212.291,41.221,159.704,223.994
209.790,39.142,162.085,224.907
203.917,39.426,162.622,223.888
199.313,39.779,163.824,222.236
195.730,40.347,163.558,220.777
195.028,37.302,163.214,217.917
193.380,43.164,163.066,220.259
190.166,38.497,162.606,222.506
187.976,41.219,162.665,227.956
184.586,36.901,162.495,232.887
181.506,31.299,162.530,236.985
180.724,29.335,163.218,240.288
