483.000,125.000,180.000,592.000
469.980,128.403,178.178,584.373
475.586,125.302,176.533,582.750
480.738,118.916,176.374,585.817
476.688,116.590,173.235,586.633
478.946,113.653,173.704,592.079
480.489,107.673,173.959,594.436
480.957,99.449,173.719,599.227
482.034,100.251,174.240,602.285
481.903,99.831,173.146,601.593
483.335,98.098,173.542,601.826
485.903,98.897,172.367,598.863
492.356,95.913,172.643,602.313
497.343,91.862,172.110,605.044
499.888,83.406,174.025,612.267
503.472,79.875,175.362,615.724
504.147,80.329,175.201,614.496
507.585,85.488,176.601,617.057
507.540,88.527,179.761,607.649
505.439,95.129,183.032,601.350
505.432,89.443,187.451,604.559
502.009,96.544,186.095,600.300
504.827,102.221,187.854,597.123
507.704,98.414,190.661,603.075
505.634,101.410,187.560,604.589
507.288,99.790,187.707,612.187
502.042,101.294,187.651,609.732
507.203,95.057,188.004,619.401
497.388,100.406,188.135,617.932
505.882,106.010,184.758,609.229
497.557,106.709,182.610,611.424
502.011,101.180,182.346,611.785
489.873,109.913,182.823,608.268
493.835,112.315,181.157,602.144
488.790,105.558,178.614,608.862
490.110,114.491,176.458,609.047
488.589,115.411,177.659,605.421
486.194,113.930,179.839,601.093
483.999,123.711,178.574,597.797
482.618,127.797,179.248,594.675
482.041,124.790,180.980,596.222
483.817,130.865,183.764,599.097
484.667,130.433,190.216,592.783
479.066,133.787,194.101,588.741
478.816,135.787,197.112,587.236
475.613,138.421,197.925,582.403
480.429,132.406,201.034,589.154
480.526,131.978,200.892,587.131
486.229,138.093,201.047,583.317
481.162,134.906,200.246,586.645
490.870,135.184,200.001,587.864
487.464,137.060,199.866,592.593
489.491,136.079,200.768,588.726
490.456,133.982,199.013,592.040
494.048,134.729,196.434,589.299
492.068,125.112,196.398,594.536
493.695,123.137,194.239,597.604
493.396,107.975,192.389,605.362
489.199,110.357,192.512,606.667
493.545,102.017,192.275,606.894
493.169,91.526,195.914,604.722
493.783,84.666,200.436,599.795
492.618,85.379,201.254,595.691
492.108,75.985,200.928,596.412
499.251,66.539,203.412,599.693
490.471,62.448,204.891,605.396
494.256,55.824,204.712,614.918
495.692,47.534,203.804,623.171
499.026,40.270,204.185,632.179
495.353,32.488,201.271,642.108
500.736,30.811,203.595,648.311
501.743,22.325,202.639,656.897
500.958,16.993,205.069,660.635
502.544,9.919,205.690,659.484
503.979,5.588,206.403,666.900
503.621,9.935,205.329,667.198
503.066,10.204,202.490,669.286
504.752,5.979,198.770,669.368
499.439,10.081,198.114,671.538
500.691,18.223,198.096,663.778
500.249,20.774,198.354,662.613
502.459,24.406,197.581,662.786
502.752,29.605,197.944,664.969
502.248,34.670,197.674,662.270
503.621,40.587,199.686,658.146
505.230,36.891,199.254,658.813
506.423,37.987,201.052,660.555
507.951,33.371,200.261,662.824
506.701,43.497,200.690,661.180
506.500,43.014,200.634,659.986
507.978,48.949,199.353,657.933
509.999,33.545,196.854,665.083
509.109,38.656,198.927,663.356
507.914,35.962,200.281,667.345
518.812,25.647,199.347,674.343
515.636,26.870,202.457,676.817
518.541,13.878,205.309,677.533
518.577,3.497,207.185,680.551
518.168,9.468,212.950,684.011
515.261,-1.061,216.526,684.292
516.926,-1.835,218.165,684.568
513.207,-14.924,218.164,679.039
518.721,4.877,219.511,682.712
517.021,-26.928,216.461,677.007
515.288,-3.705,219.076,682.229
515.469,-18.690,218.315,683.907
512.407,-22.823,216.557,686.916
513.289,-6.236,217.703,685.532
511.558,-12.658,219.493,691.325
513.673,-10.597,218.577,690.903
509.445,9.969,218.459,676.351
509.136,16.706,215.472,680.114
507.119,8.095,212.641,683.324
507.796,35.372,214.450,674.066
511.441,37.589,215.719,672.612
506.340,51.696,216.574,658.323
504.196,56.676,212.376,651.472
507.208,56.449,209.479,654.393
505.782,45.643,205.960,656.585
511.444,54.587,202.444,648.000
509.904,46.289,202.805,643.063
508.296,40.961,204.604,649.511
508.615,41.913,203.960,653.741
509.017,29.949,202.348,652.012
510.975,34.835,201.849,651.952
508.253,22.729,201.164,649.673
514.184,14.492,198.695,659.204
512.173,-0.963,198.809,657.987
514.783,-10.752,195.042,643.599
518.706,-16.852,194.965,643.827
514.292,-20.709,195.790,641.889
520.235,-26.206,194.003,639.677
522.540,-34.056,192.639,634.270
521.347,-32.892,192.371,627.450
521.111,-38.282,189.578,623.609
524.488,-35.267,186.834,619.993
525.353,-36.215,189.586,616.085
523.143,-31.130,191.273,619.869
523.809,-38.613,194.578,617.505
520.939,-31.088,196.322,621.883
526.646,-35.619,197.355,618.837
526.806,-26.072,195.895,630.276
529.107,-30.847,197.768,639.034
527.244,-35.155,199.551,644.080
526.412,-33.894,195.917,642.357
527.017,-24.762,198.739,637.357
528.946,-22.143,195.477,645.422
526.979,-25.950,194.810,644.551
524.924,-5.351,196.673,641.737
524.316,-3.172,199.323,638.109
521.473,0.561,200.423,635.580
523.012,12.756,202.317,642.696
522.115,9.308,203.769,643.077
519.380,15.717,205.650,643.028
516.988,26.843,208.295,636.457
513.982,24.251,210.098,637.050
518.220,15.178,208.193,630.709
514.600,26.626,209.685,630.902
514.199,27.822,208.390,634.358
514.097,24.803,206.933,633.970
507.863,26.233,209.556,635.595
506.805,24.983,209.457,638.065
505.555,18.635,212.921,639.558
500.211,14.082,218.316,642.811
503.406,9.968,219.073,646.517
498.261,9.385,218.812,650.495
498.845,6.416,219.761,655.883
498.983,9.546,221.564,660.553
498.407,10.149,221.106,666.906
502.073,1.664,218.682,671.481
501.160,3.629,214.884,668.765
498.340,-6.356,213.379,670.688
503.638,2.239,206.724,660.255
507.033,1.755,206.267,653.872
502.091,3.862,205.052,654.057
506.533,12.061,203.591,655.498
507.689,12.384,204.069,652.584
510.448,19.719,203.068,656.857
500.598,14.604,202.274,666.742
506.098,11.751,202.591,661.602
498.830,21.499,200.691,656.464
501.885,18.407,202.618,654.408
490.498,27.322,200.749,654.878
497.253,22.973,199.742,651.975
492.462,24.774,197.880,646.172
487.738,31.486,197.607,638.653
483.165,47.426,200.206,632.671
477.139,24.339,198.154,618.226
481.093,55.627,197.633,613.125
468.905,56.426,196.736,608.779
476.958,61.355,201.738,606.225
468.701,61.697,202.307,603.335
475.713,58.678,200.306,599.015
474.820,57.259,200.328,595.606
474.083,54.406,200.159,587.285
476.846,61.242,196.704,583.840
469.467,56.181,198.736,577.352
478.462,63.673,196.247,579.981
477.781,60.716,196.067,579.152
479.385,66.442,193.430,580.437
485.587,57.936,194.764,581.615
489.323,57.627,192.910,578.743
494.760,58.352,192.872,579.740
498.039,45.206,191.120,575.753
494.846,46.775,189.722,571.224
499.062,51.329,190.091,570.554
502.004,52.143,190.944,570.442
500.795,43.005,193.690,567.134
505.991,47.913,192.936,563.491
505.310,50.086,190.989,560.504
506.834,46.669,187.499,557.418
510.219,38.862,187.126,554.215
511.886,52.272,186.204,554.104
511.724,45.147,186.069,551.696
512.856,48.945,183.009,551.441
510.821,37.738,185.716,540.748
510.453,52.413,187.162,536.465
514.948,56.808,187.606,537.081
513.821,60.855,188.400,544.549
513.521,42.522,190.692,538.601
515.252,62.526,192.028,543.228
516.221,52.539,193.164,538.785
519.788,64.539,193.988,538.768
517.031,56.387,192.413,537.564
517.194,69.917,191.472,543.410
520.896,71.612,197.870,548.115
520.964,70.914,201.355,556.175
519.428,72.755,204.772,564.978
518.805,75.747,207.730,576.168
521.104,74.909,212.949,585.782
523.916,72.122,216.779,590.691
518.152,65.956,216.763,600.390
518.448,68.246,219.836,600.317
517.223,61.863,221.066,594.649
516.260,62.786,223.141,593.182
515.896,67.241,222.457,597.732
519.366,75.844,221.395,601.924
517.475,66.155,220.476,601.055
520.095,71.933,218.020,603.932
520.660,63.752,215.954,602.598
518.561,67.387,215.385,606.157
519.858,78.567,217.535,605.171
521.706,70.174,216.612,603.646
519.491,68.045,215.092,603.179
523.224,81.209,216.287,602.221
522.951,74.236,213.277,595.237
521.102,77.969,212.852,596.657
524.101,83.331,213.743,595.268
521.515,76.460,211.304,594.779
521.858,79.962,210.786,597.862
520.780,84.872,211.483,597.755
524.396,88.559,211.249,597.548
523.638,80.643,210.113,595.843
524.989,81.870,208.709,594.998
527.432,82.201,206.865,594.430
526.577,83.861,206.175,592.198
528.346,75.817,207.636,594.562
530.420,83.842,209.014,592.606
530.431,84.552,210.685,595.852
528.419,85.331,212.757,595.199
527.786,84.751,211.342,594.692
531.173,87.443,211.598,591.778
531.728,84.557,214.180,590.871
533.096,84.587,214.314,590.213
534.006,91.862,213.614,592.528
536.491,89.372,213.365,593.420
531.788,80.810,216.341,600.411
536.572,82.464,218.205,600.845
534.039,76.801,222.740,602.489
532.965,72.319,225.421,605.033
535.950,78.325,224.779,610.705
529.275,70.886,226.442,605.054
533.036,78.952,222.514,608.035
535.806,77.642,218.642,610.230
535.933,70.412,215.659,613.930
538.474,79.907,213.295,609.297
532.133,74.468,215.884,611.193
535.512,78.680,216.360,611.803
538.005,78.675,215.413,607.767
533.311,77.389,216.867,605.718
533.715,73.815,217.041,604.005
524.853,73.296,217.470,596.948
524.907,77.675,214.642,598.858
525.218,77.934,212.282,602.254
524.284,79.209,212.243,604.173
524.896,74.609,214.169,610.176
518.362,71.603,215.544,609.883
517.047,67.788,217.211,610.094
521.103,69.209,213.208,613.134
524.368,67.337,213.115,614.738
523.278,62.659,212.264,616.343
522.281,62.714,212.960,619.537
523.140,62.183,213.920,618.664
524.615,61.264,214.533,615.315
526.888,77.568,212.717,617.371
526.472,68.286,215.920,616.785
520.475,68.849,215.732,616.179
524.689,74.718,216.535,614.163
525.973,69.955,218.012,615.309
526.822,80.408,220.893,617.598
526.396,83.071,223.319,620.534
525.964,81.923,225.884,620.111
526.369,86.374,227.621,619.935
525.318,77.526,226.497,622.425
529.508,75.627,227.518,619.748
527.902,75.948,229.503,620.947
530.131,79.164,230.262,622.852
527.871,77.252,233.599,624.120
526.512,77.168,234.389,625.153
528.697,71.363,234.045,624.362
524.828,73.746,231.979,624.167
526.677,66.301,233.896,627.185
528.362,61.462,231.540,631.492
527.293,60.890,232.581,634.909
528.466,61.594,232.747,641.163
527.498,60.472,230.465,641.410
531.657,62.404,230.215,643.677
531.128,61.101,226.904,644.817
534.131,66.348,223.069,642.926
537.837,69.050,217.581,641.489
537.040,71.512,215.692,635.633
540.521,66.235,213.909,631.723
535.744,69.982,216.087,632.237
543.129,71.680,216.367,637.465
542.729,75.579,216.516,636.896
543.659,77.411,217.804,633.374
543.566,82.593,216.062,625.863
544.788,88.603,215.923,618.908
543.597,92.499,214.679,612.434
540.113,96.994,213.806,607.424
543.525,98.578,215.653,605.100
541.757,110.221,215.190,599.679
541.710,118.161,215.683,593.825
539.830,124.002,215.384,590.197
538.589,125.648,214.214,585.936
537.454,127.075,212.183,584.367
538.638,128.544,208.751,581.381
542.936,131.370,205.648,580.426
540.454,138.739,202.791,577.151
542.792,135.124,199.988,575.475
537.835,125.668,196.484,579.330
539.712,129.708,199.147,580.326
533.316,118.412,197.541,581.791
534.378,124.312,198.717,586.252
537.587,118.951,199.114,591.080
530.193,101.515,196.935,591.558
535.599,112.324,197.065,593.965
542.220,101.596,200.442,603.688
542.682,86.962,204.688,613.174
538.489,96.599,205.005,612.732
544.630,90.112,207.004,617.105
539.677,83.697,205.749,619.011
543.584,79.342,206.265,623.903
544.275,83.487,204.971,624.090
543.780,81.063,204.884,624.717
544.986,77.274,204.909,625.460
544.222,73.620,205.297,623.566
544.152,77.415,205.369,618.342
543.059,84.640,208.140,612.755
543.099,91.946,210.478,609.393
541.541,88.567,212.332,609.510
543.066,92.460,213.168,607.301
545.739,95.470,212.792,608.242
541.981,90.586,214.968,606.735
545.776,89.822,213.735,608.196
541.000,93.968,214.143,608.268
543.010,94.187,213.637,608.808
544.690,95.828,212.242,606.544
543.914,100.459,211.053,606.557
547.324,99.303,209.431,604.640
546.277,104.415,209.720,603.841
547.107,102.017,209.342,603.926
543.879,108.853,208.484,597.921
542.161,106.612,208.157,596.883
541.978,112.307,207.331,595.867
539.694,113.789,204.769,592.016
539.229,121.142,203.674,586.960
539.244,123.728,202.332,584.631
538.337,129.647,201.035,581.167
538.257,123.427,199.163,579.653
539.798,125.013,197.859,577.029
539.195,131.526,197.273,573.071
543.286,132.597,195.039,572.341
545.803,135.348,194.885,570.254
546.413,131.517,193.527,571.640
542.921,125.691,196.358,573.524
542.786,126.193,196.515,573.960
544.974,123.829,196.110,574.051
546.501,127.508,197.684,573.890
547.824,127.891,197.910,573.221
548.949,124.996,197.645,575.368
549.448,127.237,199.576,575.195
547.913,123.360,200.231,576.906
553.818,119.551,200.046,579.794
555.514,115.123,201.897,584.328
555.077,106.479,201.304,585.791
551.691,112.594,199.533,585.744
553.582,113.037,199.733,584.324
552.004,114.863,198.328,584.371
551.253,118.320,196.629,581.856
553.534,115.238,194.391,583.509
552.944,121.945,192.399,579.634
556.009,126.020,190.979,577.470
553.446,128.348,190.872,575.052
553.838,133.035,189.620,568.868
551.255,140.063,188.825,565.047
551.711,144.650,189.731,563.265
551.443,146.381,190.090,556.331
549.799,150.077,189.114,552.058
549.610,152.833,187.473,551.109
551.488,160.249,186.657,549.107
548.522,162.120,186.674,545.628
549.532,163.300,187.300,542.763
548.394,165.568,189.906,542.745
545.978,166.345,188.572,539.447
545.462,165.836,185.933,537.562
542.549,164.677,185.555,537.422
545.922,160.766,185.954,540.354
541.644,164.945,184.580,538.915
544.411,167.145,183.304,539.697
545.530,169.070,184.502,539.086
543.991,166.595,184.128,538.556
544.893,168.007,184.886,540.801
542.871,164.467,183.365,540.555
545.358,172.955,183.547,539.973
541.820,158.072,182.633,542.503
543.630,169.322,182.838,542.938
542.631,173.502,182.173,540.544
543.668,171.424,181.081,539.448
546.173,175.397,181.724,535.574
544.292,174.628,181.692,535.548
545.889,176.217,183.796,533.163
539.521,173.687,183.413,532.922
540.177,182.210,180.946,530.374
537.270,181.415,177.410,526.820
535.489,183.445,176.156,525.251
536.361,185.142,175.168,523.560
534.362,184.166,175.666,524.926
530.731,182.430,174.269,521.819
532.783,183.577,173.927,521.130
533.625,191.304,174.408,517.706
532.108,198.294,174.220,510.684
530.617,195.313,174.369,508.395
528.935,200.374,172.810,506.430
527.633,196.935,175.419,507.471
524.073,195.543,174.408,508.771
527.442,194.405,173.672,509.779
527.449,199.348,173.004,506.860
527.257,202.856,174.013,503.695
525.852,202.984,174.031,502.764
