207.000,1.000,60.000,261.000
205.285,8.159,59.106,255.349
203.441,9.561,59.034,253.171
202.583,6.321,58.106,255.424
203.875,6.542,57.121,253.959
205.620,5.653,58.438,256.118
208.524,2.374,60.322,256.222
210.979,0.970,61.886,257.690
214.091,-1.083,62.600,257.679
217.890,-1.774,62.314,257.398
221.381,-0.824,61.934,255.935
222.707,-0.625,60.869,254.248
224.669,-1.019,60.131,253.420
225.759,1.631,59.938,251.808
226.254,2.012,60.043,250.273
225.847,-0.959,59.760,250.639
224.105,0.477,61.066,249.452
225.199,0.882,63.903,246.951
227.861,-0.712,68.119,245.292
229.345,1.392,71.725,242.954
229.210,0.486,76.253,241.429
229.834,2.068,80.925,240.430
233.508,2.863,84.008,239.605
238.852,4.135,84.207,238.245
246.488,3.280,84.645,237.421
252.956,2.354,82.995,236.374
257.952,-0.483,82.519,237.731
261.449,0.655,82.749,236.307
263.558,-0.135,83.707,234.606
263.779,-2.499,85.503,233.457
262.869,-4.033,88.209,230.862
260.971,-6.460,90.117,226.387
258.212,-4.790,92.474,223.092
255.431,-5.154,94.360,219.116
252.965,-5.498,95.506,216.406
250.175,-6.112,97.678,213.956
247.285,-6.977,101.720,211.744
243.332,-7.837,104.147,209.848
240.119,-7.309,106.793,207.469
236.135,-7.534,108.197,205.965
232.362,-6.874,107.921,204.298
230.958,-6.943,109.947,202.883
228.268,-4.644,110.896,201.039
225.344,-5.642,109.846,200.491
225.156,-6.585,109.301,200.577
224.246,-5.451,108.600,199.664
223.343,-6.719,107.368,199.843
222.863,-5.582,105.647,198.255
223.992,-6.644,103.450,197.310
224.970,-7.126,101.488,196.578
225.351,-7.792,100.382,197.154
225.667,-8.727,100.243,197.352
226.227,-7.218,101.486,196.138
228.288,-8.416,101.615,195.512
230.501,-7.009,104.834,194.946
230.236,-6.592,107.871,194.582
232.488,-5.551,113.777,194.502
232.578,-7.371,118.254,193.551
230.916,-7.499,122.472,192.547
227.629,-7.868,123.318,191.517
228.431,-6.034,125.707,190.479
224.763,-7.227,124.623,189.813
229.040,-7.225,129.956,192.120
226.667,-8.936,132.932,191.618
226.775,-8.910,137.062,190.908
227.691,-10.181,142.386,189.896
228.922,-11.939,148.424,190.450
226.409,-12.861,151.519,189.899
228.128,-9.870,155.429,188.016
227.173,-12.265,159.278,186.593
227.173,-9.070,161.804,182.460
226.332,-7.515,163.504,178.577
226.502,-5.669,165.261,175.293
225.195,-5.328,166.511,172.645
224.437,-5.422,167.394,172.307
222.968,-4.243,168.335,172.008
221.786,-1.983,168.444,171.773
220.101,-0.287,168.513,171.124
219.557,1.808,168.155,171.404
219.266,2.347,167.506,170.505
218.113,3.417,166.498,170.549
218.385,4.527,164.965,170.952
219.704,3.319,161.791,171.680
220.852,2.594,157.203,172.119
222.132,1.986,153.207,174.168
224.484,1.556,148.526,175.587
226.191,1.765,145.063,176.735
225.819,2.159,142.317,177.611
226.292,0.537,140.652,178.712
227.948,0.055,138.516,179.317
229.647,0.970,136.826,178.105
230.537,4.385,136.368,174.780
231.680,9.047,137.377,170.980
231.091,13.878,139.279,166.265
230.583,18.803,140.841,161.009
231.345,25.234,140.744,154.546
232.420,30.128,141.265,148.828
233.098,34.843,142.036,143.254
234.746,36.381,142.914,138.780
235.187,39.042,143.586,135.374
235.890,40.899,143.896,132.989
235.893,43.358,143.520,131.232
235.492,47.468,143.645,128.548
236.001,51.622,144.433,124.995
236.133,56.654,146.468,121.097
235.829,61.064,148.540,116.822
235.379,65.738,150.512,112.349
234.778,70.480,153.181,107.020
234.492,75.013,156.268,100.826
231.912,78.747,157.243,95.645
227.186,80.221,156.320,91.118
225.236,81.136,154.850,87.172
223.141,80.803,153.183,84.511
222.488,81.880,150.571,82.661
222.189,81.341,147.440,81.382
221.022,80.320,144.366,80.287
221.079,79.557,141.717,79.430
221.719,77.993,139.627,78.850
223.215,75.816,137.592,78.554
224.046,74.422,136.036,78.074
225.231,72.630,134.022,78.797
225.811,71.733,132.446,79.059
226.598,71.862,131.135,78.816
229.361,70.137,129.997,79.651
230.855,69.910,129.280,80.747
231.581,74.175,128.960,79.609
230.393,72.235,126.902,79.657
229.657,70.222,124.118,80.325
229.401,69.931,121.398,80.560
227.802,71.171,119.690,80.983
225.601,72.622,117.985,81.247
224.524,71.823,115.298,81.521
224.446,71.065,112.546,81.904
224.303,72.025,110.207,81.572
223.781,70.901,106.199,81.373
224.627,71.700,102.963,80.258
226.169,73.010,100.146,78.805
228.029,73.751,98.132,78.193
229.480,75.425,97.210,77.538
231.273,77.565,97.562,76.592
232.091,79.985,97.839,75.674
232.998,81.995,99.089,74.385
233.436,84.196,100.565,73.931
233.133,83.714,101.584,74.741
233.458,84.420,102.428,75.077
233.443,83.540,102.818,75.772
234.142,81.609,102.100,75.904
234.002,80.788,100.538,75.419
233.675,80.381,98.287,74.041
235.092,81.671,95.197,72.315
237.259,84.002,92.466,69.893
239.398,88.376,89.649,67.303
241.065,93.797,86.482,64.933
242.185,99.386,83.563,63.473
243.208,104.039,81.077,62.742
244.503,105.685,79.084,63.456
247.673,105.157,77.787,64.888
251.057,104.871,76.640,66.516
254.473,105.844,75.335,68.358
257.817,105.259,74.398,70.027
261.663,102.326,73.695,71.981
269.401,97.181,74.044,73.711
277.049,93.468,75.077,75.801
279.292,90.817,76.400,78.669
277.079,89.477,77.351,79.137
271.278,83.916,77.003,82.031
264.912,77.166,75.927,86.925
253.769,72.916,74.420,90.807
245.081,72.259,72.670,92.740
239.623,72.704,71.089,93.291
237.984,74.197,68.751,92.926
236.384,77.058,66.030,91.788
234.987,76.072,64.132,91.343
234.968,72.629,63.366,90.798
234.105,70.380,63.237,90.034
234.340,69.762,63.867,89.367
232.850,69.593,65.278,88.946
231.081,69.251,66.625,89.229
229.136,67.928,66.476,90.468
230.322,67.543,68.807,91.871
230.401,66.533,72.159,93.744
229.624,63.533,74.743,95.646
227.748,60.589,75.420,97.512
227.874,61.104,73.497,99.512
226.812,63.140,70.885,100.645
225.023,67.468,67.772,101.480
223.329,70.138,63.577,102.374
219.237,72.094,59.317,103.418
217.644,74.569,54.830,104.388
215.209,74.282,52.002,106.643
214.817,75.184,49.571,108.781
214.983,72.313,48.000,112.817
215.197,71.323,47.053,116.122
216.301,70.901,47.400,118.103
217.192,73.349,47.280,117.808
216.436,68.774,48.061,121.094
216.036,65.673,47.915,125.256
216.464,63.199,48.688,129.128
214.202,61.282,49.745,131.384
210.158,59.793,50.459,132.848
206.390,59.450,50.341,133.603
203.801,60.912,49.629,133.610
203.090,62.011,49.227,134.212
202.737,66.164,49.594,133.382
200.286,71.446,50.787,130.881
197.172,74.315,52.340,129.609
193.680,78.077,54.073,127.935
190.185,81.062,55.918,126.257
187.419,83.372,58.628,125.251
184.069,81.611,61.264,125.422
180.859,78.957,64.278,126.797
177.121,74.352,67.166,129.832
171.791,69.163,70.102,133.723
166.886,66.401,72.964,137.246
164.800,63.278,75.270,139.767
166.329,63.885,76.624,139.430
175.152,63.558,75.671,139.319
186.573,64.601,72.878,138.213
197.817,66.452,67.975,136.966
202.644,66.583,64.918,136.721
208.674,65.016,63.128,137.732
212.603,65.824,61.904,138.754
218.039,66.592,60.655,139.490
223.349,67.592,59.282,140.415
228.766,66.613,58.182,141.219
232.939,63.710,58.002,141.013
233.637,62.986,57.739,142.287
234.895,62.840,56.932,142.086
235.925,63.998,55.257,141.386
236.071,65.379,53.621,139.981
239.072,69.678,50.313,137.555
242.387,75.934,47.350,133.215
245.783,73.087,45.819,134.552
248.438,69.393,44.550,138.182
246.943,66.752,44.475,142.118
243.272,64.148,44.658,145.314
240.005,61.893,44.683,147.954
237.685,61.225,44.842,149.569
235.449,62.411,44.587,150.531
232.578,63.022,44.659,151.661
229.923,62.413,44.998,152.967
227.665,61.606,45.002,154.695
227.411,61.255,44.181,156.108
226.961,61.421,43.971,156.510
227.012,62.186,43.898,156.205
225.363,62.367,44.360,156.247
222.439,63.016,44.851,155.819
219.368,63.082,45.521,155.780
216.809,63.164,46.527,154.915
215.460,62.257,47.460,155.186
216.476,62.435,48.350,154.132
219.744,61.864,49.284,153.351
221.164,60.557,50.661,152.608
221.165,59.786,52.091,152.412
219.975,60.982,53.904,151.949
219.750,62.633,54.546,150.863
219.629,63.691,54.906,150.164
219.782,65.522,55.184,149.363
220.058,64.733,56.104,148.438
221.548,61.664,57.054,148.833
222.238,59.540,57.736,150.116
221.981,58.563,58.390,151.416
223.424,56.759,58.550,153.130
225.742,54.459,59.133,155.231
226.525,54.309,59.385,156.657
227.444,53.341,59.480,158.200
224.705,53.823,59.008,159.309
222.439,54.086,58.746,160.666
218.948,55.128,58.320,161.490
216.633,55.648,57.133,162.350
213.468,55.222,56.477,164.017
211.835,54.132,55.222,165.165
210.672,52.985,53.924,165.386
208.679,50.213,53.122,165.982
205.940,46.869,52.343,166.833
202.354,44.992,51.655,167.420
202.785,41.944,51.319,168.631
201.581,41.507,51.250,168.789
200.053,38.304,52.961,169.710
196.655,35.978,55.064,170.881
195.931,34.148,56.339,172.177
195.032,32.042,57.381,174.042
192.486,30.504,59.620,175.473
191.104,27.489,60.825,177.423
187.284,25.331,61.441,178.738
184.937,23.171,60.724,179.734
182.084,23.647,60.194,180.152
180.676,25.035,58.597,179.981
180.253,27.986,58.239,177.881
181.353,27.974,58.507,177.137
183.280,31.732,59.608,174.786
187.182,34.167,59.274,172.206
193.126,37.672,58.180,167.959
197.798,41.444,57.736,164.530
201.979,42.391,58.572,162.529
205.936,42.822,59.169,161.960
210.035,43.485,59.944,161.585
213.596,42.517,61.363,162.509
216.267,43.585,62.331,163.813
218.758,43.294,63.547,165.123
220.600,42.286,64.617,167.395
221.881,41.677,65.257,169.722
222.806,40.532,66.161,171.145
225.364,41.990,66.297,171.535
227.137,41.964,65.625,171.799
228.672,42.067,64.976,172.698
228.579,43.450,63.683,172.607
228.867,44.039,61.606,172.895
229.253,45.334,59.082,171.951
230.458,47.051,56.989,171.882
230.334,48.511,55.290,171.795
230.907,50.412,54.391,170.945
231.245,50.258,53.349,170.030
229.194,50.988,53.287,169.035
226.057,46.880,54.444,170.569
224.395,42.823,55.653,173.347
218.996,38.541,57.437,176.210
216.218,37.406,57.558,177.786
215.305,33.722,57.255,179.277
216.118,31.984,56.056,179.588
215.803,34.693,55.437,177.848
213.691,34.363,54.702,176.686
212.476,38.762,53.879,175.049
211.109,40.178,53.131,173.521
210.372,43.035,52.849,171.212
210.484,45.077,52.188,169.537
208.774,46.043,52.434,168.684
209.245,48.663,52.440,167.098
209.368,50.228,51.997,165.116
210.187,51.823,52.009,164.240
211.269,53.662,51.452,163.034
212.032,53.919,51.509,163.213
212.087,53.160,51.325,163.571
213.354,53.319,50.956,163.215
214.730,53.257,50.713,162.871
216.725,56.200,50.748,161.784
217.672,56.592,51.634,161.085
220.337,56.353,52.360,161.091
221.808,57.112,53.267,160.916
226.067,57.564,52.337,160.772
231.160,60.845,49.749,160.833
231.430,64.061,48.636,161.207
234.089,64.270,48.448,161.465
236.432,64.669,48.094,161.823
238.240,66.099,47.995,161.902
239.833,66.678,48.125,162.251
240.442,69.724,48.616,160.786
239.292,75.173,49.124,156.590
239.906,74.188,49.566,156.108
240.015,68.656,49.653,157.667
239.661,67.067,49.530,159.218
238.854,65.196,48.899,161.019
236.652,64.399,48.855,162.157
233.322,63.933,48.701,162.295
230.480,62.432,48.420,162.639
229.710,61.858,48.105,162.647
228.750,61.288,48.008,162.889
228.210,61.872,48.285,162.835
228.274,62.937,49.037,162.464
228.732,62.880,49.392,161.921
229.992,63.851,48.827,160.391
231.503,65.348,48.078,158.280
231.927,66.189,47.449,156.745
231.830,67.962,46.132,155.864
229.556,69.787,45.497,155.118
228.660,70.853,44.510,153.075
227.864,71.679,43.355,153.106
228.356,73.447,42.219,150.713
229.868,75.264,40.913,148.046
231.746,77.115,40.003,145.894
233.470,76.663,39.507,145.360
234.499,73.171,39.128,146.904
233.922,70.292,39.171,149.084
231.732,69.193,39.192,150.825
229.719,68.240,39.339,152.381
227.969,67.253,39.384,153.923
225.673,66.757,39.414,155.511
224.198,66.785,39.240,157.154
223.454,66.386,39.416,158.595
224.193,65.509,39.760,159.415
224.000,65.365,40.086,160.060
224.644,65.290,40.425,160.373
224.485,67.930,40.657,160.533
224.007,70.356,40.933,160.665
225.106,71.919,41.240,159.612
226.019,80.145,41.876,156.125
227.696,81.528,42.253,155.099
229.270,80.797,42.907,154.842
231.125,79.329,43.262,155.320
231.465,78.784,44.262,155.640
231.698,79.759,45.638,156.058
231.507,79.989,46.672,156.395
230.742,80.271,47.889,156.740
230.978,79.716,48.991,156.754
230.534,79.738,49.314,156.604
229.974,79.721,50.020,156.986
230.279,78.664,50.345,157.263
230.102,78.533,50.541,157.791
231.599,78.009,50.683,158.290
232.745,76.592,50.386,158.310
233.027,76.321,49.955,158.451
233.315,76.222,50.210,158.835
234.425,75.928,49.943,158.787
233.694,76.117,49.463,159.300
234.325,75.277,49.071,159.340
233.569,74.735,48.554,158.937
232.990,75.546,48.354,159.401
233.116,75.449,47.908,159.277
232.689,76.684,47.101,159.982
232.061,77.072,46.521,160.071
231.166,77.659,45.852,159.867
230.489,79.173,44.684,160.237
229.459,78.403,44.368,160.027
229.057,78.646,43.854,160.237
228.421,78.954,43.604,160.211
227.907,78.606,43.168,160.097
228.000,78.994,43.114,160.596
228.527,79.541,43.072,161.019
229.042,78.837,43.205,160.866
230.102,79.249,43.044,160.789
230.973,77.727,43.406,160.221
231.174,77.391,43.839,160.192
231.988,76.439,43.978,160.508
232.154,76.047,44.062,160.577
232.461,74.190,44.292,160.377
233.164,73.199,44.228,159.919
234.375,71.413,44.680,159.687
235.176,69.567,45.527,159.398
235.447,67.392,46.104,159.373
234.996,65.494,46.773,159.650
236.286,64.885,46.940,159.600
237.935,63.502,47.032,159.085
239.033,63.472,47.507,159.169
241.277,62.707,48.161,159.002
243.354,62.385,48.023,158.939
242.983,62.316,48.915,159.637
243.602,61.598,49.384,159.562
243.911,60.821,50.003,159.740
244.364,60.012,50.349,160.139
245.395,59.309,50.417,160.560
244.990,58.674,50.244,160.665
245.282,59.580,50.407,160.750
245.327,60.326,50.396,161.041
244.875,61.486,50.320,161.368
245.342,62.427,50.168,161.432
245.536,62.819,50.419,161.484
244.170,63.095,50.607,161.478
244.480,64.494,50.533,162.056
242.705,64.893,50.374,162.497
242.687,65.334,49.688,162.587
241.251,67.348,49.115,162.605
240.459,68.219,48.973,162.264
240.036,68.923,48.270,162.037
239.693,70.339,47.527,162.185
238.846,70.049,47.416,162.415
239.303,70.870,46.905,162.789
238.780,72.885,46.445,162.981
238.569,75.274,46.641,163.097
237.478,73.959,47.024,163.048
237.545,74.493,46.971,162.819
236.793,73.951,47.062,162.805
237.259,75.047,46.900,163.125
238.227,74.725,46.883,162.763
239.594,73.195,46.998,162.620
239.813,72.340,47.164,162.963
238.726,70.940,47.910,163.695
238.776,68.706,47.801,164.260
238.685,64.717,47.332,164.300
238.762,62.202,46.433,164.799
237.738,59.088,45.984,165.542
237.461,56.742,45.703,165.766
237.596,54.606,45.378,165.597
238.115,53.270,45.907,166.281
239.160,51.734,45.752,165.804
240.286,50.697,46.110,165.423
241.276,49.614,46.353,165.363
241.823,48.988,46.454,165.812
242.054,46.559,46.947,166.057
239.830,47.376,47.413,166.725
238.424,46.434,48.407,167.622
233.159,42.302,49.988,168.365
230.857,40.101,50.551,168.521
228.786,37.310,51.485,168.798
228.464,34.497,51.366,168.759
228.219,33.731,51.949,168.426
228.427,32.339,53.096,168.046
228.606,31.926,53.999,167.509
229.139,31.498,54.787,167.270
228.494,32.158,55.827,166.475
228.081,32.546,57.261,166.008
227.714,33.461,57.889,165.767
225.758,34.711,58.249,165.883
224.454,34.928,58.451,165.292
223.862,35.775,59.343,165.429
223.299,36.461,58.753,165.447
222.409,37.386,57.562,165.451
218.715,37.155,57.431,165.843
215.140,37.761,57.315,165.771
212.194,37.919,57.209,165.486
209.894,39.260,57.219,165.129
208.648,41.082,58.214,165.226
208.851,40.917,58.362,165.262
207.616,40.599,58.245,165.886
207.783,39.787,57.570,166.532
206.019,40.785,57.209,166.662
204.650,40.284,56.997,167.268
204.916,39.008,56.445,168.384
204.294,38.323,56.193,169.303
203.677,37.150,56.078,170.067
202.562,36.196,55.612,170.707
202.441,34.802,54.784,171.654
202.416,34.183,54.643,172.499
203.158,33.398,54.448,173.458
203.376,33.402,54.328,173.742
202.032,33.022,54.901,174.230
200.659,33.265,54.790,174.739
199.943,31.934,54.601,175.109
198.307,29.933,54.877,175.650
197.553,29.020,54.836,176.212
197.411,27.771,54.749,176.582
197.916,26.689,54.556,177.012
198.627,26.204,54.344,176.804
199.958,26.469,53.748,176.682
201.455,26.644,53.745,176.852
202.710,26.181,54.243,176.882
205.255,26.631,53.489,176.768
207.341,27.376,52.829,176.860
208.481,27.419,52.560,177.069
208.600,27.746,52.583,177.718
208.436,30.141,53.078,177.618
209.595,30.483,53.541,177.637
209.174,31.753,53.917,177.754
209.113,33.805,54.357,177.787
209.266,34.657,54.585,177.742
209.908,36.387,54.499,177.747
211.223,36.633,55.267,177.168
212.803,38.598,55.833,177.379
214.643,41.012,56.820,177.545
216.215,42.839,57.995,177.868
217.830,44.228,59.374,177.996
218.591,47.424,60.007,177.908
219.957,49.120,60.457,177.942
220.944,49.768,60.713,178.040
221.821,51.571,60.584,177.532
221.599,52.548,60.459,177.376
221.923,53.526,60.495,177.124
222.964,53.445,60.857,177.266
225.076,54.387,60.837,176.904
226.573,53.886,61.105,176.659
227.235,53.913,60.827,176.518
229.181,53.997,60.612,177.109
228.480,53.376,60.848,176.174
229.788,52.489,61.255,175.737
229.920,50.078,61.447,176.608
230.460,47.049,61.775,177.353
229.429,45.223,61.591,179.222
231.165,44.921,61.158,180.791
229.619,43.741,60.665,182.882
232.050,42.784,59.804,183.436
230.354,40.694,60.146,184.864
232.467,40.110,58.929,184.718
230.210,38.223,58.927,185.333
231.481,36.914,58.533,185.046
228.613,36.926,59.359,185.026
231.049,36.367,58.004,184.151
227.943,34.578,58.623,184.133
230.471,33.122,57.698,183.835
229.061,30.442,57.775,183.925
230.256,29.507,57.128,183.595
230.374,27.521,56.648,183.901
230.955,27.263,54.455,183.718
230.552,25.328,52.667,183.856
231.653,23.165,51.308,184.375
232.352,22.970,50.114,184.156
233.573,20.422,49.956,184.402
234.240,21.280,49.597,183.900
235.514,18.697,49.604,184.630
236.606,17.959,49.623,185.061
237.478,15.958,49.825,185.583
237.181,14.917,50.387,185.887
236.985,13.780,51.091,186.303
236.562,13.089,51.505,186.322
236.956,12.046,51.349,186.708
235.739,12.371,50.948,186.919
237.881,10.589,50.408,187.053
236.300,11.111,50.164,187.249
236.427,10.225,49.853,187.660
236.315,9.259,49.937,188.336
236.234,8.554,50.406,188.891
237.728,8.062,50.169,188.520
237.326,4.270,51.150,187.554
236.889,3.902,51.885,187.018
236.019,4.594,52.349,186.699
235.972,5.323,52.463,186.559
234.170,6.639,52.633,186.489
234.001,5.969,52.845,186.618
233.216,6.952,53.126,186.911
232.891,6.165,53.829,187.687
232.404,7.310,54.171,187.593
231.690,5.247,55.418,187.495
