720.000,343.000,111.000,138.000
718.198,342.835,109.426,136.035
717.142,342.064,107.900,135.236
719.671,345.063,107.146,134.645
719.198,346.162,107.009,134.793
722.167,348.569,107.659,134.871
722.267,349.978,107.366,133.609
722.454,343.856,106.656,134.001
721.871,343.085,105.966,134.283
722.677,342.275,106.990,134.416
723.725,343.334,106.511,134.238
720.409,340.274,106.437,135.124
720.410,338.065,107.069,135.944
720.416,337.130,106.164,135.566
719.240,339.474,104.906,134.855
715.566,336.576,106.103,135.490
712.772,333.382,107.447,135.404
709.484,330.374,108.687,135.838
708.279,329.805,108.422,135.560
704.869,325.250,109.294,136.423
703.825,321.989,109.663,137.254
700.249,321.965,110.179,137.454
700.232,322.396,109.828,137.259
700.257,323.746,109.966,137.365
695.748,326.848,109.699,137.991
692.650,330.544,111.327,139.126
689.011,336.598,111.563,138.035
683.970,343.860,112.675,137.611
679.746,345.521,112.614,137.200
680.675,346.712,111.470,135.875
682.165,346.451,110.429,135.474
684.891,344.376,110.980,135.231
691.680,341.946,109.993,135.948
693.018,341.690,110.154,135.461
702.176,342.354,108.918,135.944
706.812,340.018,109.689,136.320
711.008,338.583,108.311,135.917
713.853,339.628,108.352,135.914
714.132,337.224,108.895,136.154
714.512,336.418,108.252,136.237
711.715,337.569,109.564,136.794
713.068,335.783,110.413,136.514
714.303,333.437,109.767,136.108
713.107,335.989,109.015,136.414
711.164,337.055,108.812,136.801
711.531,336.575,108.941,136.197
710.408,336.787,109.385,137.250
710.464,338.975,109.659,137.448
713.860,337.978,108.949,136.412
716.197,336.769,109.015,136.110
716.327,335.893,108.330,135.598
721.475,334.410,109.905,135.883
721.501,334.177,108.134,135.612
719.352,336.310,109.712,135.317
718.862,334.753,110.232,135.884
718.643,335.186,111.203,135.451
718.568,336.851,110.084,135.012
718.494,335.110,108.564,134.829
716.352,333.678,108.322,134.380
713.996,334.409,108.874,133.424
711.689,334.363,109.376,133.447
708.619,331.841,111.044,134.432
706.563,333.318,110.868,135.154
706.565,334.129,111.120,135.246
706.564,333.963,111.934,135.152
705.916,333.583,111.639,136.176
705.039,335.230,111.283,136.095
706.185,333.233,111.944,135.620
707.806,331.043,112.194,135.483
709.045,333.464,111.269,135.280
712.095,333.874,111.531,134.988
713.678,334.141,110.854,134.585
713.238,336.027,110.682,134.768
712.684,336.677,110.679,135.345
714.716,337.924,110.447,135.043
713.585,338.448,110.494,135.178
715.732,338.692,110.631,135.123
716.389,338.699,109.705,134.524
717.544,338.636,110.351,134.981
716.193,341.211,108.805,134.332
718.697,339.287,109.876,134.410
719.787,339.099,108.908,133.888
719.995,337.951,108.762,133.990
722.195,334.007,108.951,134.740
723.539,333.469,109.906,134.396
723.882,333.193,108.069,134.202
725.392,330.892,108.703,134.422
723.689,328.073,110.783,135.193
722.316,326.621,111.572,135.156
721.442,320.978,111.378,136.928
724.240,320.708,111.652,136.338
725.958,320.468,112.046,136.285
728.743,319.898,111.095,135.552
730.529,316.853,112.208,135.757
728.297,317.422,112.745,136.750
728.853,318.399,113.068,136.350
729.484,317.161,111.993,135.424
730.765,318.707,112.501,134.920
731.632,315.243,113.710,136.263
735.146,314.398,113.489,136.524
737.204,316.231,112.536,136.902
739.268,318.555,113.958,137.148
739.350,319.238,112.863,137.275
740.947,320.256,111.837,137.017
741.833,320.716,111.245,137.027
742.591,320.007,110.670,137.136
745.246,321.085,111.671,138.291
743.413,324.802,111.567,138.378
739.742,324.866,111.037,138.672
736.143,324.057,111.184,139.490
735.989,326.301,111.024,140.284
734.837,325.656,110.722,139.643
735.646,322.826,111.004,139.351
736.713,322.099,111.123,138.997
731.850,321.424,110.002,138.739
734.114,318.015,110.371,138.478
738.478,317.310,109.197,137.884
739.964,317.005,110.477,138.815
739.076,319.829,112.742,139.934
738.441,324.520,112.933,141.107
747.315,331.258,112.542,142.123
746.728,332.726,111.388,142.231
745.021,333.011,111.271,139.634
741.835,334.262,112.878,139.858
739.429,337.946,112.260,138.367
745.369,337.549,110.624,138.005
749.815,337.057,111.023,135.719
760.184,334.900,109.575,135.247
759.691,333.458,109.385,133.866
764.171,330.556,109.297,134.851
756.236,335.589,110.655,135.327
753.780,328.587,108.584,136.367
754.927,325.496,108.790,135.115
754.055,323.313,109.446,134.581
755.143,317.395,108.901,134.967
760.513,310.663,108.841,136.508
759.221,302.688,108.503,137.741
759.278,301.392,109.196,138.112
759.510,300.292,109.214,138.971
759.867,306.553,108.259,139.017
758.710,311.536,108.724,138.958
756.270,313.182,107.985,139.229
756.540,313.562,108.006,139.664
757.393,311.924,107.730,140.494
759.455,311.074,106.986,141.200
763.646,311.251,105.271,140.701
768.976,305.034,105.041,140.939
771.931,300.218,105.238,141.168
777.718,299.628,104.984,141.109
784.686,297.469,103.942,141.524
789.799,297.330,104.556,141.105
789.694,297.245,103.778,141.290
791.873,305.662,104.673,143.049
790.928,312.369,105.604,143.980
790.611,315.595,106.932,143.669
791.827,317.285,107.220,144.015
791.072,321.439,107.505,144.067
792.330,326.331,106.885,143.514
793.575,327.542,106.878,144.024
797.188,334.177,103.946,145.677
798.470,342.445,103.671,147.494
801.487,347.885,104.482,149.798
800.790,351.742,105.754,149.630
801.692,354.150,104.859,148.898
803.604,357.371,104.478,147.766
805.317,358.150,105.075,147.568
804.651,361.714,106.276,147.865
805.244,364.132,105.529,149.214
802.374,369.510,105.513,149.783
799.722,373.484,105.855,148.908
796.716,374.973,105.503,148.565
791.817,379.407,105.856,149.292
792.029,382.725,105.137,149.077
792.156,385.482,104.544,149.226
794.812,387.524,103.871,148.109
796.641,385.067,103.660,148.490
796.840,383.518,104.112,149.170
798.905,380.301,103.808,149.940
799.373,378.699,104.345,150.819
799.906,380.330,106.733,151.196
800.343,380.594,107.220,152.033
798.604,377.329,108.911,152.352
797.777,375.682,110.170,153.382
798.583,377.336,109.497,153.323
800.376,377.664,109.530,154.174
797.731,378.213,109.761,154.614
798.912,379.509,109.116,154.179
798.936,378.914,109.936,155.493
799.333,382.930,111.557,154.572
801.480,380.574,111.279,155.432
801.533,381.769,110.663,153.164
804.477,377.380,111.540,153.294
802.658,380.721,112.044,151.656
803.276,380.151,113.125,151.211
800.902,380.089,114.748,150.328
798.691,379.937,114.734,151.014
798.466,382.034,116.019,151.299
799.536,384.723,114.724,150.553
803.979,377.319,114.203,151.467
802.645,379.760,114.996,151.218
801.729,382.660,113.974,150.512
800.863,383.971,113.702,150.138
796.749,381.505,114.237,152.119
793.030,381.903,114.124,153.341
793.000,377.384,111.128,154.452
786.112,375.965,111.600,155.327
780.109,375.982,112.767,155.689
777.395,375.649,114.376,156.046
777.493,373.012,113.477,156.768
773.616,368.354,113.683,157.147
769.189,364.726,113.352,156.315
766.352,363.702,112.856,155.466
764.899,360.738,113.410,154.697
761.820,358.820,113.860,153.166
762.058,351.995,113.432,153.301
760.873,348.003,112.265,153.297
759.431,345.926,112.705,151.794
758.198,343.755,111.353,150.899
757.608,343.485,113.140,151.065
757.910,344.021,113.277,151.220
755.211,345.423,112.728,150.705
751.478,346.536,113.193,150.917
747.883,347.745,112.597,151.263
744.575,351.194,112.830,150.029
742.463,350.704,113.739,148.289
738.874,349.399,114.496,149.239
734.607,348.902,112.723,148.024
735.112,346.314,112.113,147.585
731.270,343.833,110.564,148.125
728.281,344.873,107.618,148.487
726.631,345.728,107.611,148.782
724.702,348.455,106.782,147.887
723.251,347.758,106.885,147.413
723.742,349.223,108.208,147.254
725.684,344.374,110.144,147.478
724.240,346.280,110.544,146.376
725.618,346.807,111.298,145.997
727.085,345.339,111.283,144.759
726.844,345.491,111.209,145.141
727.750,345.534,111.492,145.732
727.134,349.964,111.617,145.805
727.512,354.082,111.438,146.003
727.766,356.301,112.601,146.538
730.191,356.290,111.374,146.190
729.869,352.386,110.299,145.243
729.422,347.759,109.599,146.764
731.120,346.180,110.065,146.765
732.182,345.764,108.622,145.233
733.795,342.727,107.312,144.393
737.390,337.362,105.971,145.376
739.342,334.438,105.033,145.325
741.230,331.876,104.221,145.533
742.576,331.258,104.675,144.641
739.819,325.094,106.947,146.200
739.587,323.864,106.839,146.326
737.278,325.307,107.433,145.493
735.604,326.173,107.271,145.283
735.024,325.801,107.452,144.323
735.206,325.041,108.400,144.122
735.167,326.299,107.700,143.680
733.816,328.648,106.454,143.344
734.585,328.745,106.589,143.437
735.519,326.871,106.505,143.698
734.873,327.784,106.664,143.177
734.046,324.094,107.419,142.875
736.749,324.087,106.189,142.653
738.688,320.699,104.120,142.187
739.524,317.853,103.956,142.752
737.485,317.999,103.896,142.839
739.385,316.771,104.273,144.149
736.049,317.126,105.916,145.159
734.180,314.353,107.710,147.694
732.387,314.227,108.170,147.598
730.750,310.771,108.355,148.883
726.456,312.822,109.853,149.370
725.766,314.059,109.456,148.709
723.051,315.785,109.180,148.779
721.753,317.654,108.882,148.525
720.384,313.694,108.059,149.100
717.452,313.331,108.308,149.329
716.170,311.982,106.881,147.650
712.538,312.461,106.846,147.272
708.516,312.984,107.555,147.395
704.334,309.561,105.465,147.931
702.951,305.714,105.689,149.278
703.472,305.596,105.320,148.395
698.934,304.193,103.254,148.150
697.630,305.650,103.308,147.680
697.554,307.642,102.201,147.048
698.707,307.945,104.971,147.400
692.830,308.788,104.651,147.797
692.241,306.398,102.589,148.342
693.847,305.116,102.858,148.508
695.462,304.449,104.184,148.030
698.821,301.151,105.548,148.518
699.430,302.500,105.323,147.014
699.860,301.633,104.955,145.858
702.708,300.812,106.959,146.355
704.705,302.925,107.968,145.040
705.191,302.405,108.765,145.240
706.518,299.224,109.424,145.670
709.517,299.560,109.857,145.855
711.095,296.848,111.631,146.560
711.043,294.610,111.857,147.786
709.468,293.649,111.232,147.447
712.531,293.724,112.053,146.555
713.576,295.918,112.870,146.306
714.059,296.886,112.548,144.663
716.659,296.864,111.616,143.529
717.676,296.142,111.895,143.336
718.383,297.609,111.899,143.766
721.476,300.135,111.012,142.291
725.062,301.144,110.200,141.367
727.252,304.985,108.919,140.911
729.118,308.574,107.919,140.264
731.535,309.402,106.971,139.547
732.386,307.161,106.636,140.142
734.232,308.616,106.239,140.216
735.709,309.893,105.540,140.655
740.016,306.868,104.545,141.611
740.434,305.912,105.266,142.134
742.606,305.691,106.610,142.488
745.826,305.853,107.825,141.875
749.018,304.823,108.115,142.847
752.280,305.924,108.415,142.536
755.572,306.894,109.250,142.520
759.363,308.564,108.964,141.880
760.489,309.735,110.189,142.040
761.644,310.335,110.993,142.263
761.409,312.205,112.089,142.257
762.646,314.998,111.463,141.724
763.848,316.123,110.627,141.198
765.279,318.064,110.338,139.641
767.216,319.266,109.907,138.231
767.771,323.056,108.603,137.487
769.014,331.573,107.651,136.883
769.703,335.007,107.575,136.004
769.281,333.089,107.218,134.133
767.268,329.922,107.307,133.340
766.531,327.072,108.735,132.916
762.606,325.837,108.799,133.084
757.488,324.222,110.525,132.388
752.774,317.532,112.431,133.995
749.490,321.444,115.058,134.973
745.392,320.651,115.833,134.789
744.686,316.992,116.111,135.500
744.811,312.846,114.197,134.675
741.311,309.075,112.391,135.720
738.364,306.995,111.126,137.782
735.057,304.170,112.250,138.699
731.000,305.268,114.710,139.095
723.909,306.006,116.586,140.646
719.787,309.560,116.238,141.732
720.120,315.529,116.630,141.799
718.661,315.520,118.080,143.013
719.056,317.208,117.997,143.098
719.107,317.112,118.435,143.273
717.700,317.398,117.316,142.542
719.047,318.984,116.900,141.521
712.761,317.678,113.748,140.867
713.404,317.227,113.351,140.265
711.809,318.161,110.887,138.790
712.818,313.923,108.533,137.880
711.246,312.350,106.072,138.523
710.700,310.857,104.245,139.188
708.835,308.633,101.712,140.980
707.417,311.491,102.529,141.996
705.044,311.156,102.021,143.138
702.580,311.120,102.419,144.629
697.925,306.324,101.204,146.901
697.164,303.579,102.760,148.773
693.974,304.787,103.001,149.196
690.324,303.505,102.431,150.723
690.403,305.743,104.513,151.192
687.982,308.418,104.871,150.672
687.318,309.875,105.967,150.406
686.282,311.491,107.899,150.106
684.578,313.084,107.784,150.339
686.500,314.252,107.790,149.871
687.722,314.301,108.503,148.673
688.130,315.119,109.193,148.245
688.807,314.341,109.747,148.699
691.296,314.656,111.631,148.652
689.579,312.889,111.772,149.893
691.811,309.517,113.061,150.236
693.898,308.930,112.567,149.068
696.758,305.023,115.100,150.203
700.186,306.511,116.488,149.555
701.053,305.388,116.784,149.692
705.104,308.093,115.917,148.580
709.042,304.777,116.270,147.387
714.220,305.518,116.370,146.120
717.910,304.159,116.867,145.712
722.366,306.381,117.460,146.757
725.794,310.414,116.817,146.598
729.314,310.032,116.544,146.961
734.347,308.418,115.554,148.192
737.708,311.591,114.696,148.796
739.866,309.482,115.200,150.982
739.333,314.890,114.003,151.666
739.713,319.132,113.065,152.669
739.284,324.517,113.057,153.126
738.395,327.608,113.735,153.225
735.863,332.286,114.743,155.008
734.687,331.538,115.513,156.323
734.803,329.929,115.979,158.082
736.824,326.940,116.854,160.643
737.791,325.626,116.450,162.373
740.652,320.144,117.022,165.011
739.494,322.542,118.118,165.433
737.411,325.387,119.582,166.150
734.964,326.181,121.411,165.912
732.590,324.096,123.214,167.580
729.681,327.200,125.228,167.923
730.312,325.816,126.462,169.145
731.166,323.317,127.370,170.098
733.648,326.342,126.631,170.844
735.192,330.822,125.259,168.676
739.571,327.598,124.871,169.514
739.654,332.464,124.132,168.340
