315.000,99.000,47.000,122.000
307.405,96.599,46.098,123.399
290.875,94.772,47.188,125.179
285.100,92.334,49.251,122.737
279.518,96.848,49.145,122.134
272.738,94.135,49.239,120.488
262.515,96.346,48.786,117.998
256.038,97.268,48.460,118.262
254.038,99.364,48.114,118.570
251.967,98.148,48.047,119.449
247.448,95.890,47.553,120.262
242.090,97.327,46.924,120.518
235.985,100.207,46.849,122.438
232.390,102.717,47.160,124.770
230.651,105.598,48.256,126.187
228.341,108.009,51.368,126.753
227.224,112.012,55.145,125.531
223.868,113.263,59.191,126.425
221.219,114.007,63.449,126.635
216.811,114.406,65.581,126.239
212.842,113.007,66.405,127.821
208.471,109.788,65.652,130.668
205.700,105.949,63.878,134.097
200.095,101.569,62.574,136.278
193.064,100.850,62.326,137.991
185.186,98.078,63.151,138.027
172.130,92.148,61.971,136.352
159.693,88.120,60.384,133.409
152.594,85.609,58.438,131.513
154.601,86.052,55.697,128.916
155.489,89.639,54.047,128.865
151.637,87.739,53.237,128.791
150.827,93.562,52.139,130.441
150.310,101.716,50.508,127.533
156.048,104.265,49.997,124.344
156.601,109.467,48.202,119.371
158.861,115.868,47.820,118.082
159.377,114.798,49.535,115.720
162.206,107.755,51.445,113.688
161.230,99.760,52.951,109.780
155.012,95.077,56.162,106.345
148.367,96.347,59.357,101.503
146.895,96.548,62.296,99.131
145.193,95.689,62.724,93.935
144.369,97.146,61.452,89.637
144.104,102.399,59.747,86.138
148.549,101.752,58.435,83.955
150.333,95.124,57.167,82.191
150.155,98.209,55.205,81.117
149.984,100.187,53.654,80.979
154.626,99.421,52.298,81.386
159.830,98.456,51.469,81.507
159.647,99.907,49.822,81.606
163.806,103.489,49.162,82.123
170.388,104.279,48.746,81.641
175.326,106.071,49.284,80.636
178.608,110.386,50.263,81.084
180.812,113.210,50.895,79.962
183.982,114.747,51.649,79.390
184.623,115.165,50.402,75.600
177.584,116.817,50.822,75.233
177.849,119.508,51.574,75.117
177.808,119.909,51.935,73.993
177.398,118.992,51.173,73.029
175.549,116.039,51.372,71.805
166.801,116.446,50.557,71.183
157.323,116.370,50.060,69.911
142.149,122.950,52.104,71.249
133.180,124.080,52.429,70.906
142.507,120.426,53.333,72.368
137.664,115.934,53.651,72.758
130.486,123.948,55.171,73.297
134.419,129.036,56.878,75.050
127.805,130.661,58.346,75.893
119.921,131.748,60.057,77.706
115.256,128.627,60.680,79.443
111.048,131.902,61.786,80.423
106.017,134.167,61.733,81.503
110.074,133.803,62.012,82.727
113.089,130.928,61.227,84.506
114.652,129.933,61.134,85.590
115.683,129.117,61.497,85.966
115.986,129.538,62.149,86.963
114.970,131.035,64.043,88.108
116.788,128.905,64.858,90.347
119.412,124.912,66.005,91.773
120.757,122.822,67.081,92.447
120.377,123.279,68.320,93.394
116.895,120.432,68.400,93.618
113.955,119.389,67.156,95.192
107.088,123.386,66.713,95.764
107.734,123.213,64.198,96.033
116.226,111.031,62.374,99.227
99.585,90.023,61.359,99.248
85.758,100.913,58.045,99.475
101.499,112.175,53.860,101.492
111.969,105.680,50.718,109.268
117.700,87.491,50.565,111.581
104.290,90.165,49.010,112.280
100.978,96.159,48.799,115.802
104.929,100.881,47.940,119.873
107.632,86.652,47.909,121.490
94.896,84.018,48.572,116.313
80.827,90.041,48.659,117.085
83.573,91.030,47.788,117.965
91.913,89.813,48.398,123.400
88.858,92.085,48.433,127.777
88.421,100.741,48.366,131.837
87.371,94.447,48.220,136.572
87.014,78.264,48.255,139.591
95.806,74.069,46.221,138.637
103.060,94.911,45.507,142.346
102.188,101.597,46.986,146.115
105.534,98.991,47.586,148.967
94.950,90.988,50.063,148.007
88.388,88.410,52.733,149.019
98.088,86.253,52.919,152.441
100.895,96.373,54.729,153.755
100.835,99.823,55.580,153.925
100.638,100.031,55.575,153.024
105.735,97.676,56.011,154.872
108.883,93.804,56.049,157.642
107.554,91.045,56.289,159.307
107.459,91.302,56.634,160.333
110.777,95.812,57.791,159.915
113.770,108.232,58.866,160.240
107.883,105.067,61.021,160.968
103.739,106.808,63.122,161.599
110.229,106.847,65.800,162.521
109.016,105.037,67.225,162.844
112.224,108.457,68.459,161.577
111.049,108.309,66.873,161.606
117.591,111.755,67.384,160.063
125.248,117.681,67.687,158.366
132.308,119.716,69.839,157.003
134.703,119.641,69.982,156.363
136.420,122.577,71.689,156.222
138.106,121.065,73.403,157.026
138.424,122.041,73.974,158.872
132.426,124.585,75.524,158.202
129.816,125.761,75.817,161.850
133.859,116.273,75.418,161.373
140.370,109.478,74.662,161.048
138.084,108.325,73.510,163.632
131.864,109.787,72.655,163.314
131.784,109.177,72.260,165.777
136.974,101.810,73.106,167.183
129.539,91.933,73.026,166.065
123.663,97.119,74.342,164.287
124.124,108.509,74.586,165.570
134.844,102.745,77.054,164.849
143.320,94.265,77.242,165.808
148.884,93.176,75.019,169.453
160.523,92.185,71.961,170.432
170.972,92.920,69.224,172.460
177.452,83.174,68.929,174.540
181.940,85.066,71.594,174.098
185.616,89.656,74.086,172.472
190.481,95.325,74.739,167.791
199.795,96.597,80.505,164.052
216.135,113.553,86.793,158.542
228.689,118.851,82.065,160.903
235.649,130.850,82.217,160.425
240.990,140.185,84.071,158.774
248.054,148.334,84.226,157.545
252.824,155.784,83.387,157.783
258.835,159.663,81.051,156.942
267.278,166.731,79.391,153.910
275.818,164.555,79.106,151.661
271.123,164.145,75.810,151.294
259.269,166.403,76.841,151.454
259.250,163.396,80.273,151.009
262.284,166.829,82.972,150.694
256.536,165.517,81.590,150.270
251.734,161.608,80.578,151.336
246.543,163.101,80.491,150.808
249.322,165.637,79.573,149.591
255.947,163.227,79.256,149.633
257.634,164.235,78.800,148.746
254.147,159.802,76.966,149.150
259.058,155.513,76.473,149.895
260.678,154.060,76.437,150.557
261.830,152.692,77.643,151.247
266.104,152.246,78.082,151.241
266.807,150.973,76.667,150.269
264.709,154.915,76.798,149.156
269.223,156.647,75.781,149.373
265.185,149.266,73.937,151.737
267.788,145.811,73.865,151.959
272.868,145.096,73.583,151.872
269.026,143.367,73.079,153.384
262.995,135.548,72.696,154.468
264.297,133.850,73.349,155.544
258.038,131.931,73.683,156.600
252.392,132.920,72.813,155.580
254.961,135.418,70.844,154.680
261.742,138.224,71.333,155.872
259.118,131.162,68.152,154.472
245.285,124.018,65.563,152.891
241.287,116.818,65.566,152.858
246.288,120.663,65.533,155.157
243.810,121.955,65.393,155.749
241.067,121.362,66.376,159.042
231.619,114.010,66.844,159.860
235.035,115.590,67.691,155.473
228.117,115.223,65.520,153.785
219.497,112.387,62.691,150.126
222.092,117.502,60.236,145.179
226.047,120.952,61.261,140.311
223.111,125.324,61.220,136.486
221.664,128.606,61.871,132.950
215.529,132.645,61.105,129.405
210.240,137.268,60.186,125.577
211.338,139.970,61.780,124.063
209.646,143.794,61.607,122.770
207.832,144.734,62.300,122.559
211.146,146.940,62.802,123.419
210.209,144.758,63.264,129.034
206.647,142.997,63.745,132.425
211.933,143.828,63.580,135.364
213.965,144.347,66.045,139.952
210.330,138.594,67.684,143.484
211.978,134.100,68.404,146.190
213.428,130.624,67.547,149.413
218.299,129.124,66.681,150.335
228.185,129.955,66.714,152.012
232.296,132.216,65.754,153.190
230.149,133.171,67.956,154.939
232.225,133.942,69.649,156.751
234.044,133.703,70.907,155.946
239.543,137.485,70.508,154.606
249.217,137.571,69.336,156.276
254.585,139.857,68.913,157.992
254.449,138.590,67.774,159.880
255.999,135.630,68.450,159.529
264.009,135.173,68.271,160.541
269.849,138.225,67.277,162.232
273.685,140.218,65.157,160.922
274.741,137.616,61.320,159.444
280.586,136.909,61.438,158.392
288.109,142.384,62.378,159.930
293.421,141.908,62.273,157.899
285.373,137.416,61.012,157.285
291.455,141.432,61.616,155.019
297.575,142.144,63.313,154.773
298.801,145.169,63.492,158.120
300.058,142.244,62.630,158.817
302.192,140.981,61.604,156.536
306.061,143.401,62.283,154.788
305.215,133.885,62.488,153.513
298.261,125.659,60.932,150.468
293.139,126.093,59.382,148.489
284.331,118.079,56.178,143.957
272.539,119.806,56.430,141.141
265.628,117.911,58.237,139.515
257.801,119.094,61.242,138.767
256.527,121.271,64.542,137.429
247.125,124.834,65.841,134.747
236.356,122.137,64.885,131.445
229.352,123.375,63.604,130.208
225.929,121.182,61.976,130.811
227.476,121.687,61.051,129.521
226.963,125.928,59.472,128.862
211.018,115.508,58.274,128.318
281.069,123.313,57.007,127.003
295.444,122.119,57.392,124.763
308.865,125.104,56.749,123.950
305.458,126.626,57.973,122.220
298.660,123.817,59.065,119.669
292.570,123.755,58.729,117.878
299.117,128.422,58.532,118.136
312.049,143.145,58.759,118.207
307.492,180.705,59.088,118.647
297.563,172.436,59.957,119.893
265.055,163.687,62.619,121.372
263.050,174.580,64.629,123.797
271.939,170.592,66.220,126.245
281.200,167.102,67.802,128.186
285.256,158.932,68.911,131.243
290.930,153.380,69.977,132.979
205.050,124.027,70.196,139.140
204.999,113.066,71.366,146.439
210.985,106.516,71.994,154.204
220.138,107.488,73.294,162.465
200.853,99.335,71.652,164.519
195.468,106.521,67.674,165.222
191.395,102.463,62.805,161.289
188.963,102.498,58.697,157.058
194.951,107.003,53.754,150.174
199.446,116.830,50.267,144.138
203.588,115.264,47.587,138.927
204.672,112.642,46.293,139.033
206.302,108.771,46.097,140.022
214.005,111.906,45.315,140.766
214.133,111.717,45.919,142.161
208.644,108.576,47.034,141.337
210.464,107.638,47.475,141.147
212.087,115.007,47.249,141.016
212.154,114.137,49.346,142.611
206.327,106.381,51.843,144.566
201.006,108.100,51.057,146.863
197.591,110.188,49.838,147.802
182.269,105.240,51.010,149.904
180.505,101.573,52.482,150.873
187.158,102.931,54.035,153.821
181.884,98.646,55.021,156.344
179.669,96.371,55.750,158.938
188.400,99.617,56.098,159.951
193.555,107.432,56.353,160.121
184.362,89.663,57.160,160.163
179.326,89.772,58.294,156.967
182.092,96.927,60.489,157.263
184.892,102.735,62.400,156.307
180.592,104.723,62.187,159.228
173.730,98.127,63.618,157.965
171.714,99.899,64.451,158.381
169.753,99.093,65.957,158.218
165.390,102.834,66.875,157.989
165.235,106.995,67.047,160.147
157.961,103.284,67.027,159.320
153.834,104.007,65.915,160.817
155.691,105.987,65.148,160.068
152.946,111.815,65.179,158.883
141.842,96.556,61.808,159.327
137.600,90.743,59.253,159.863
146.288,92.022,57.250,159.397
159.198,101.751,54.536,153.159
164.171,92.180,54.542,152.993
154.125,77.909,53.792,153.709
162.696,68.101,56.607,151.484
186.086,77.508,57.644,154.284
187.165,87.915,58.895,151.667
181.405,68.550,60.569,152.048
175.266,65.723,61.292,153.926
187.293,62.469,61.009,156.570
198.514,70.933,60.964,157.553
203.765,59.799,61.921,157.967
202.068,59.971,62.620,159.756
203.959,58.384,63.526,160.387
212.396,59.400,64.657,159.037
220.859,59.991,65.616,160.240
222.198,59.172,65.694,160.102
225.967,59.279,64.889,160.483
231.128,59.892,63.887,159.840
239.924,64.891,64.680,161.781
248.060,61.759,64.764,164.420
249.243,64.881,64.486,165.451
252.386,67.003,63.915,165.710
258.411,68.907,63.379,165.380
259.195,69.195,60.554,163.512
259.151,68.335,56.953,158.047
262.042,72.218,53.337,154.473
269.572,73.198,52.285,153.932
277.666,73.681,51.563,155.475
273.877,71.563,51.165,153.945
273.376,69.169,50.529,151.199
282.599,76.337,48.652,146.994
286.955,84.060,48.051,141.304
285.095,85.486,47.174,136.512
291.044,87.408,47.518,135.265
293.010,92.478,46.507,131.994
288.792,94.840,47.404,131.222
289.370,91.971,50.013,130.467
292.750,90.248,51.085,129.951
297.620,87.824,50.825,129.639
293.432,85.491,52.010,130.395
295.976,88.590,52.488,131.451
295.206,88.326,53.283,133.725
290.959,85.319,54.049,137.262
284.804,80.874,55.659,140.635
276.209,74.660,57.889,142.940
271.778,71.190,59.324,145.118
276.776,70.034,59.724,146.835
278.395,70.259,60.460,147.676
276.662,69.973,61.785,147.438
275.530,74.820,61.907,147.291
279.712,73.567,62.663,145.474
284.799,78.628,63.438,143.894
288.353,78.403,64.118,142.893
292.146,80.163,64.768,142.930
297.348,78.505,65.449,143.332
302.288,77.172,67.047,143.603
312.451,73.697,68.956,143.601
320.764,74.092,72.219,143.682
326.868,73.306,75.757,143.471
330.763,73.672,78.580,142.945
335.358,77.554,81.171,143.303
337.869,79.260,84.243,143.083
338.150,80.063,85.116,141.929
338.000,83.171,84.587,140.005
