562.000,321.000,64.000,149.000
557.052,308.749,64.412,147.839
550.678,304.305,65.788,145.118
542.428,301.888,68.105,144.402
535.016,302.890,70.313,143.686
531.100,302.443,73.191,143.646
529.023,305.371,76.825,142.668
532.729,306.939,76.976,140.722
523.828,309.268,81.634,139.759
528.745,306.625,81.078,138.183
526.974,307.231,81.845,137.600
527.344,306.320,81.325,137.116
528.037,305.245,79.164,137.067
531.117,303.557,75.334,136.921
534.965,301.301,71.512,137.064
534.857,302.269,69.086,137.328
534.744,302.705,67.777,137.773
534.313,301.627,66.811,137.954
534.326,299.488,66.376,138.171
533.336,298.389,65.598,138.097
533.819,298.885,64.933,138.228
530.849,297.476,64.276,138.196
527.950,296.234,63.786,138.214
525.804,297.827,63.427,138.729
523.338,299.297,63.085,139.392
519.694,299.732,62.852,139.540
517.550,300.017,62.826,139.823
516.136,300.029,62.867,139.772
517.466,299.942,63.728,139.456
519.224,301.143,64.993,139.524
519.110,300.656,66.532,139.708
519.277,300.744,67.807,139.507
519.849,300.730,69.307,139.207
520.607,300.084,70.811,138.536
523.136,300.656,72.296,138.004
520.867,299.021,72.785,137.313
519.206,300.630,71.564,136.984
519.753,301.937,70.681,136.475
522.274,303.106,70.530,135.672
524.987,304.765,71.473,135.440
523.797,304.535,72.054,135.214
528.583,306.184,72.902,134.931
527.972,305.926,72.549,135.215
525.168,308.224,71.322,135.708
527.495,308.646,70.221,136.024
528.006,307.532,69.345,136.299
528.139,307.583,68.580,136.535
526.193,309.730,67.689,136.726
527.049,313.850,67.027,137.356
527.622,311.738,66.280,137.358
528.060,312.286,65.824,137.439
528.525,312.621,65.000,137.534
529.696,313.637,64.398,137.416
530.577,312.687,63.985,137.074
529.070,312.482,63.754,136.959
526.969,313.877,63.576,136.873
524.379,316.597,63.662,137.020
524.313,318.271,63.458,136.962
521.557,319.006,64.307,137.250
519.644,320.306,65.420,137.112
518.878,319.711,66.106,136.874
519.105,321.001,67.253,136.719
517.902,321.787,68.453,136.274
516.396,322.475,69.477,135.777
513.431,322.669,70.415,135.376
512.838,324.921,71.800,135.147
510.932,324.330,72.753,134.897
509.002,325.940,73.591,134.658
505.992,327.850,73.788,134.191
505.315,328.736,73.791,133.612
505.451,328.984,73.848,133.189
505.217,330.347,73.901,133.179
503.083,330.711,73.480,132.907
504.105,331.140,72.478,132.720
504.816,333.714,71.589,132.615
506.052,334.018,70.440,132.546
507.013,334.469,69.148,132.457
503.109,335.900,68.611,132.947
502.836,335.370,67.809,133.155
500.972,332.212,66.624,132.424
501.639,333.579,65.965,131.688
503.461,335.400,65.523,131.444
504.546,333.724,65.697,131.206
507.386,334.201,66.651,131.110
509.780,333.950,68.279,131.236
508.122,333.689,70.383,131.448
509.255,333.273,72.849,131.629
509.016,331.095,74.795,131.461
507.498,330.372,76.529,131.121
498.746,331.156,76.221,130.919
499.983,329.804,76.004,130.525
492.513,330.314,74.814,129.948
492.728,331.243,73.268,129.871
493.212,331.661,71.777,130.014
494.245,332.310,71.570,130.199
490.877,331.736,70.696,129.813
492.614,330.067,70.741,129.274
487.820,330.711,69.544,129.298
486.669,328.387,67.584,128.101
484.862,329.778,66.093,127.813
485.261,329.903,64.622,127.497
485.044,329.677,63.691,127.950
485.283,329.019,63.087,128.616
483.378,326.042,62.931,129.502
483.020,325.642,63.152,130.163
480.539,323.603,63.871,130.746
479.021,323.677,65.055,131.546
475.688,324.381,66.848,132.375
473.709,323.674,68.060,132.640
475.179,323.760,69.188,132.713
473.403,324.441,70.186,132.782
472.864,325.669,71.244,132.656
470.673,325.636,72.050,132.320
476.129,327.475,71.119,132.143
474.600,328.097,70.269,131.650
476.361,329.975,69.416,131.001
474.624,330.231,69.402,130.540
480.145,332.540,68.259,129.720
479.967,334.473,67.488,129.567
484.677,333.918,66.947,129.685
483.883,334.773,66.225,129.958
486.890,333.841,65.538,130.336
487.430,332.266,64.963,130.672
486.565,332.873,64.530,131.100
486.324,333.271,64.470,131.740
487.594,333.002,64.556,132.206
488.383,332.307,64.486,132.688
490.584,333.423,64.018,133.407
490.840,332.748,63.423,133.662
491.947,333.095,62.788,134.162
491.568,332.702,62.576,134.591
492.319,332.443,62.332,135.059
493.206,332.928,61.954,135.291
493.063,332.721,61.596,135.608
493.014,333.280,61.057,135.638
492.218,332.718,60.835,135.657
493.350,332.091,60.654,135.473
494.077,332.492,60.340,135.189
494.576,332.568,60.086,134.954
494.638,333.246,59.724,135.004
494.525,333.131,59.522,135.034
493.335,332.639,59.290,135.037
493.217,333.730,58.997,134.955
493.223,333.565,58.830,134.913
493.814,333.846,58.759,134.829
493.997,332.989,58.703,134.777
493.764,331.928,58.547,134.791
492.069,331.193,58.534,134.894
492.050,330.269,58.666,135.018
492.513,329.902,58.639,134.988
492.041,330.249,58.717,135.036
491.507,328.682,58.732,134.953
490.340,328.340,58.630,134.586
488.621,328.332,58.674,134.364
487.335,328.857,58.738,134.248
487.267,328.911,58.844,134.127
487.368,328.725,58.907,133.767
487.228,328.548,58.713,133.243
486.780,328.709,58.496,133.227
487.338,328.018,58.443,133.249
487.255,328.112,58.385,133.261
488.450,326.956,58.367,133.483
490.188,326.259,58.641,133.707
492.168,324.555,59.540,134.274
494.230,324.735,60.788,134.857
495.663,323.870,62.168,135.131
497.727,322.917,64.091,135.504
500.287,322.304,66.335,135.876
497.768,323.151,67.631,136.839
497.580,319.076,68.088,138.133
499.049,319.943,69.027,138.560
493.983,322.403,67.797,138.338
493.316,322.213,66.481,137.838
494.906,321.524,65.943,138.050
501.346,321.326,67.276,138.732
504.825,321.565,69.716,138.890
497.712,322.684,69.142,137.151
495.178,324.844,66.500,135.651
496.520,325.864,64.319,134.316
497.332,327.068,62.755,134.233
497.842,329.081,61.494,134.715
498.403,329.969,60.563,134.652
498.842,330.164,59.606,134.676
499.239,329.779,59.019,134.653
499.208,329.343,58.804,134.740
499.246,330.693,58.372,134.368
498.769,330.437,58.006,133.700
498.363,328.544,57.955,133.306
497.792,329.639,58.512,132.891
495.433,328.416,59.790,133.271
494.751,328.214,60.594,132.752
492.512,328.081,61.912,132.758
491.632,328.145,63.700,132.331
490.804,328.738,65.583,132.158
490.203,328.155,67.057,131.587
487.464,327.267,68.666,131.285
488.514,326.728,69.581,131.390
492.678,324.807,69.214,131.311
493.160,325.206,68.795,130.856
492.464,325.174,68.375,130.731
492.277,325.023,68.152,130.617
496.241,325.649,67.210,130.894
497.178,327.344,66.092,131.079
497.705,327.929,65.224,131.354
498.792,326.969,64.247,131.598
500.945,325.629,63.467,132.071
501.763,324.841,62.994,132.666
502.724,322.353,63.006,133.003
502.269,323.349,63.025,133.478
503.760,323.561,63.894,134.233
503.411,322.624,64.794,135.083
501.216,324.393,65.429,135.662
499.622,321.792,65.249,135.266
498.885,324.155,64.889,134.183
498.986,324.552,64.601,133.167
501.398,325.552,64.984,132.743
501.550,325.295,65.102,132.183
505.229,326.852,66.265,132.279
509.048,329.586,67.987,132.498
511.344,328.481,70.022,132.304
510.307,329.489,72.236,132.164
508.538,329.332,73.578,132.110
506.062,330.587,73.765,132.448
502.689,331.404,72.234,132.497
503.259,333.690,71.183,132.540
503.765,334.704,70.271,131.966
504.632,336.911,69.614,131.111
504.599,340.452,69.233,130.884
505.199,342.899,69.414,131.066
503.842,344.931,69.049,131.034
503.797,345.032,68.841,130.916
502.342,343.045,68.300,130.083
501.837,346.322,67.836,129.478
502.460,346.071,67.155,128.968
502.556,348.580,66.837,128.449
501.723,350.399,66.517,128.009
501.296,350.981,66.167,127.533
500.619,352.372,66.021,126.717
500.536,353.597,66.013,125.983
499.495,355.945,66.497,125.629
498.873,355.060,66.786,125.068
496.660,356.983,67.216,125.089
495.447,358.507,68.148,124.986
494.890,357.547,69.232,124.840
496.051,357.859,70.563,124.759
493.350,360.465,72.098,124.474
491.287,358.332,73.694,124.658
487.081,357.194,75.338,124.877
485.970,356.530,76.748,124.985
483.185,356.510,78.980,125.019
483.963,356.647,80.819,125.142
473.799,360.222,81.957,125.368
471.333,362.329,82.193,125.298
477.248,359.997,84.418,124.869
465.435,362.455,84.954,124.855
468.696,361.497,86.030,124.852
470.771,361.467,88.066,124.807
464.928,361.449,89.068,124.438
456.680,362.800,89.440,123.908
450.408,361.396,88.959,123.707
452.741,362.782,88.086,123.342
448.648,362.391,87.202,123.098
444.599,361.984,86.079,122.887
441.447,361.407,84.903,122.823
438.627,362.947,83.804,122.617
435.279,363.795,83.163,122.518
432.346,364.770,82.854,122.544
429.759,366.981,82.463,122.481
428.712,366.436,82.011,122.143
427.874,367.246,81.589,121.735
428.783,367.732,81.062,121.316
427.080,369.216,80.778,120.883
424.904,369.524,80.693,120.567
423.470,371.294,80.732,120.375
422.138,371.782,80.753,120.345
420.081,372.227,81.062,120.389
419.139,372.674,81.158,120.389
418.167,373.568,81.430,120.287
416.817,374.108,82.180,120.368
413.836,374.560,82.656,120.322
415.801,374.696,83.109,119.886
412.051,374.517,83.209,119.673
410.493,376.556,83.206,119.068
409.240,377.965,83.036,118.429
406.619,377.834,82.777,118.623
406.767,377.911,82.839,118.633
406.252,378.352,82.954,118.609
405.298,378.356,83.635,118.852
399.712,379.445,84.736,119.183
394.610,380.196,85.958,119.510
394.805,380.534,86.960,119.732
393.449,379.027,89.080,119.817
392.288,380.114,91.251,120.137
383.049,379.441,92.076,120.259
380.191,377.756,93.434,120.380
377.680,376.648,94.773,120.379
374.280,378.720,96.414,120.537
358.109,377.247,97.959,120.569
349.990,377.147,99.433,120.565
348.579,372.553,100.391,120.251
344.883,374.172,101.140,120.223
342.351,371.972,101.672,119.930
350.514,373.514,104.171,119.218
328.786,373.044,103.836,118.719
326.429,372.420,103.225,118.497
322.729,373.673,101.885,118.565
318.048,374.069,100.735,118.696
315.855,374.827,99.085,118.583
310.125,375.336,97.148,118.398
305.240,374.924,95.558,118.518
305.794,376.564,94.398,118.381
304.458,376.533,92.622,118.206
299.012,375.591,92.064,118.534
298.495,376.617,91.435,118.706
295.869,376.806,91.020,119.180
293.645,377.251,90.739,119.565
292.957,377.454,90.986,119.820
292.427,376.640,92.043,119.764
289.631,376.116,93.399,119.782
288.007,375.639,94.001,119.828
289.134,375.586,94.464,119.910
287.070,374.496,95.386,119.835
286.799,373.525,95.809,119.995
285.650,374.218,96.304,120.263
289.254,374.399,96.173,120.064
289.719,374.883,96.021,119.716
289.658,374.218,95.752,119.592
295.736,374.646,95.312,119.579
304.288,376.820,95.372,119.521
313.586,376.647,95.273,119.289
313.435,376.151,95.478,119.267
317.803,376.932,95.805,119.093
319.713,375.443,94.683,119.024
319.127,376.680,94.156,118.943
319.743,376.399,93.609,118.759
320.389,377.955,93.148,118.652
324.250,377.513,92.326,118.677
322.928,378.448,91.430,118.576
321.902,379.293,90.664,118.422
320.529,378.970,90.228,118.307
321.581,379.067,89.742,118.250
319.994,381.000,89.090,118.141
319.105,381.640,88.744,118.069
320.512,382.095,88.301,118.063
323.799,380.988,87.672,118.049
324.593,382.520,86.820,117.973
325.542,383.129,85.817,117.889
322.562,382.623,85.134,117.693
318.023,380.031,84.742,117.467
313.867,379.653,84.451,117.271
316.083,379.955,83.985,117.271
310.743,379.771,83.778,117.135
310.313,379.802,83.342,116.993
307.168,379.770,83.104,116.819
307.149,377.037,82.675,116.763
307.159,378.652,82.650,116.612
306.208,377.209,82.848,116.504
301.998,376.941,82.859,116.445
302.934,375.938,83.395,116.256
302.568,375.579,84.052,116.281
