321.000,329.000,76.000,60.000
320.701,326.269,73.073,62.138
320.461,326.479,73.263,63.164
321.118,326.090,72.890,63.913
321.054,325.638,72.358,64.405
321.615,324.937,72.095,64.796
321.695,324.951,71.676,65.049
321.681,324.953,72.170,65.166
320.977,326.138,72.219,64.819
321.762,325.670,72.915,65.252
320.723,325.035,72.533,65.029
321.856,325.270,72.723,65.217
320.928,323.863,71.999,65.097
321.948,324.839,72.733,64.875
320.763,324.616,72.212,64.825
321.624,325.037,72.829,64.723
321.716,325.198,72.679,64.869
322.054,324.067,72.712,65.301
321.452,325.146,72.245,65.021
321.362,323.820,73.508,65.486
321.067,323.363,73.581,65.404
321.206,323.762,73.010,65.455
320.828,323.940,72.899,65.272
321.144,324.192,72.751,65.244
320.148,323.873,72.261,65.146
321.211,323.055,72.944,65.547
320.379,323.640,73.476,65.155
320.422,323.190,73.585,65.049
320.641,324.355,73.708,64.797
320.654,324.714,73.701,64.692
320.186,324.540,73.089,65.066
320.922,324.645,73.346,64.986
320.441,324.212,72.819,65.313
320.958,324.391,73.234,65.237
319.968,323.477,72.970,65.410
320.811,324.224,73.137,65.122
320.435,324.847,73.604,64.921
320.798,324.617,73.846,64.948
319.457,324.016,73.047,65.123
320.564,322.972,74.359,65.330
320.086,322.927,73.672,65.227
320.915,323.292,74.158,65.140
320.995,322.677,74.389,65.506
320.691,323.990,73.701,65.039
321.244,325.112,72.984,64.709
321.321,324.161,73.559,65.312
320.694,324.474,71.975,65.276
321.571,323.339,72.927,65.353
321.067,322.364,72.855,65.178
320.580,322.260,73.086,65.355
320.614,322.400,73.100,65.307
320.761,322.898,72.374,65.210
321.357,322.731,72.811,65.325
320.797,321.703,73.506,65.445
320.768,321.374,73.342,65.300
320.944,321.446,73.751,65.177
320.026,320.829,73.400,65.089
320.731,321.082,74.637,64.869
320.652,320.604,73.474,64.957
319.577,320.105,73.703,65.637
319.754,317.810,73.313,66.760
320.297,316.506,73.159,68.370
320.466,315.138,72.250,69.849
320.427,313.653,71.596,71.316
321.106,311.638,70.749,73.019
321.439,310.445,70.768,74.572
322.446,309.627,70.228,75.750
321.409,308.463,69.952,76.495
322.324,306.344,69.468,77.676
321.986,306.120,70.367,78.117
322.038,305.845,70.527,78.492
321.637,305.851,71.126,78.634
322.019,305.364,70.796,78.864
321.891,305.317,71.158,79.028
321.516,305.224,70.988,79.075
322.128,304.891,70.854,78.977
322.570,304.866,71.161,79.260
320.778,305.107,71.507,79.180
321.638,304.842,71.135,79.048
322.469,304.806,70.858,79.064
321.129,306.060,71.484,78.752
322.811,305.008,70.758,78.666
322.632,304.275,70.642,78.968
323.022,303.712,70.823,79.103
322.430,303.950,70.888,79.223
322.522,303.237,70.972,79.500
321.618,304.954,70.932,79.089
321.980,303.729,70.507,79.299
321.990,304.696,70.245,79.380
322.592,302.976,70.373,79.274
321.871,303.378,71.221,79.358
321.735,302.554,70.934,79.719
321.711,302.475,70.678,79.977
321.918,302.120,70.091,80.263
321.966,303.748,70.256,79.856
321.518,302.655,69.910,79.991
321.618,302.676,70.002,80.074
321.667,302.961,70.164,80.112
321.440,302.595,70.515,80.297
321.902,302.483,70.387,80.371
320.920,302.049,71.446,80.482
321.094,302.495,71.289,80.472
320.942,303.646,71.490,80.341
319.137,305.058,71.851,79.857
318.328,305.310,71.612,78.892
320.109,306.134,75.389,77.949
318.402,304.041,74.292,78.809
320.388,300.478,70.803,80.967
324.037,299.121,68.568,82.179
325.512,293.962,67.533,84.897
327.278,292.728,66.469,86.047
327.883,289.502,67.608,87.864
328.831,287.357,67.019,89.567
331.878,285.856,66.829,90.218
328.943,282.562,64.582,91.219
332.758,279.828,62.025,92.175
333.565,279.781,60.106,92.257
336.486,277.319,60.010,93.033
336.538,275.952,58.200,93.877
338.685,268.857,59.190,96.763
338.327,265.660,57.960,98.936
339.645,260.981,58.656,102.302
339.300,262.469,58.918,102.269
339.238,258.207,58.911,102.150
338.452,256.036,58.485,102.255
343.065,256.089,58.818,102.254
351.677,248.572,60.284,103.880
352.569,242.637,59.821,106.113
352.391,238.046,58.372,107.897
356.973,239.104,57.245,109.678
358.781,252.385,55.837,109.583
359.519,244.105,54.400,111.214
361.377,233.922,54.833,112.978
362.843,238.051,54.511,114.116
362.965,231.003,54.141,116.131
364.708,235.630,53.677,117.235
368.306,239.443,53.027,117.441
370.047,246.343,54.913,114.243
370.054,253.924,56.403,109.335
375.010,246.334,56.794,107.670
376.976,246.906,56.518,108.545
378.891,241.912,55.486,111.365
377.219,244.227,57.388,113.604
378.805,238.701,58.119,114.556
383.369,239.033,56.798,115.915
383.963,237.399,57.427,116.005
389.632,235.684,56.564,117.532
390.460,234.120,58.988,119.070
389.119,233.638,57.650,120.526
394.305,240.877,57.913,117.743
398.394,242.166,58.902,120.320
397.093,238.546,60.151,120.923
404.517,233.378,58.858,122.663
404.751,231.851,60.192,123.247
405.044,240.817,62.690,125.632
407.718,233.752,63.079,130.525
405.238,233.195,63.319,133.608
408.163,231.291,65.440,136.075
413.768,225.692,64.118,136.763
412.734,233.491,67.550,135.455
421.637,235.118,68.178,134.715
421.283,235.707,68.368,132.465
422.052,236.490,68.471,129.469
426.560,234.587,67.799,125.923
430.929,232.169,66.931,126.080
430.324,230.719,67.495,127.521
431.035,234.546,68.176,127.204
436.124,234.310,65.837,129.443
439.366,229.482,61.500,132.281
446.933,222.087,57.822,135.966
450.363,227.450,55.524,135.513
456.124,229.779,53.643,136.838
458.981,230.511,52.664,137.071
461.949,237.138,53.114,134.222
466.249,232.640,54.591,134.236
468.439,234.393,56.048,133.766
468.635,234.911,57.136,134.335
469.667,235.119,58.229,135.139
470.548,235.594,59.209,135.423
468.359,238.844,60.616,138.350
471.813,239.063,58.228,139.403
473.830,236.675,57.338,139.599
476.392,238.330,58.506,139.717
480.026,237.248,57.630,141.039
480.655,237.571,58.281,142.217
481.154,239.834,58.136,142.267
482.763,238.744,58.960,142.172
480.638,245.373,61.750,136.138
480.501,240.473,63.855,136.188
483.589,239.509,66.272,137.462
486.350,243.561,69.747,136.609
492.002,242.766,69.160,137.279
496.588,241.386,66.807,138.215
500.276,235.764,63.716,140.376
500.279,229.639,60.267,144.040
505.882,239.045,58.634,142.849
508.969,233.915,56.383,144.747
512.930,236.480,57.230,143.446
513.163,235.381,56.036,142.885
517.263,229.999,58.907,142.356
516.807,231.734,58.858,141.273
518.997,228.294,59.993,141.143
524.976,229.042,59.273,141.937
526.712,228.962,59.813,144.274
523.853,228.408,61.526,144.487
524.816,226.135,60.043,145.833
527.469,224.429,61.285,146.920
527.005,223.860,62.979,148.722
527.334,222.028,63.722,150.987
530.394,223.682,62.046,152.414
538.112,225.970,61.026,151.641
537.995,224.577,58.126,151.766
537.694,230.771,57.259,148.354
540.152,227.101,56.568,149.496
542.104,227.760,56.862,148.967
541.218,227.342,56.822,147.718
545.093,229.367,57.265,147.578
542.068,227.878,58.646,146.962
545.120,224.787,59.126,147.686
548.777,227.132,59.521,148.331
552.496,231.177,59.114,148.362
555.278,230.944,59.219,150.231
556.818,230.685,60.306,150.241
560.503,233.700,61.677,150.610
562.125,238.319,59.060,148.971
562.226,237.979,57.794,146.932
561.943,237.180,58.785,147.763
558.769,239.635,57.670,147.766
557.648,237.770,56.722,148.675
555.310,237.230,57.107,149.338
550.837,233.246,56.290,151.798
551.412,232.999,54.862,153.579
548.482,230.948,54.835,154.387
547.091,231.492,54.834,156.509
548.705,232.938,55.157,155.891
552.371,232.218,55.113,154.505
552.595,232.888,54.579,153.560
552.896,233.962,56.563,151.860
556.495,236.371,56.789,149.645
558.154,234.247,57.409,149.793
559.646,235.079,56.327,149.431
559.947,235.224,56.405,148.565
560.087,226.776,54.525,150.609
564.631,225.557,54.122,150.695
563.535,223.183,54.892,151.340
563.671,222.542,54.878,153.658
564.409,221.996,55.319,154.396
564.892,221.113,55.343,153.646
563.578,219.382,54.102,152.840
561.659,225.301,55.796,149.091
563.256,221.837,55.975,149.480
560.604,219.699,56.004,149.622
562.037,221.264,56.187,150.638
561.877,224.226,56.970,148.763
559.957,219.922,56.308,149.835
563.419,218.766,55.290,150.163
567.427,221.479,55.545,149.177
569.342,221.652,55.094,151.978
570.224,224.602,53.668,153.146
573.184,225.361,52.356,152.936
576.633,224.957,52.350,153.351
575.566,229.678,54.080,153.240
573.092,233.651,55.141,153.731
572.471,233.207,56.323,153.653
572.369,234.298,56.962,155.418
563.799,237.687,59.925,155.607
559.388,237.712,62.977,155.405
557.564,236.558,61.618,157.364
556.764,240.291,60.877,157.333
551.802,240.073,60.791,157.419
549.267,240.081,59.895,160.608
548.235,243.666,59.245,159.608
545.942,242.317,58.001,159.202
540.801,244.697,58.598,156.976
537.725,246.371,60.888,155.101
535.461,244.241,60.974,155.656
532.979,241.573,61.192,157.289
529.888,243.434,61.241,160.132
525.330,242.228,63.384,159.672
519.415,239.425,64.490,161.323
520.237,238.726,63.360,163.666
519.714,238.118,63.941,163.676
521.014,238.798,62.775,166.776
525.305,239.443,61.845,168.046
531.070,241.719,60.815,166.690
535.581,245.674,60.029,163.695
536.773,249.107,61.226,161.622
540.880,249.753,62.022,159.724
544.687,249.644,62.959,160.196
549.993,248.104,62.267,162.915
554.362,251.571,62.764,164.262
558.351,250.287,65.197,164.562
562.926,246.500,67.049,168.796
566.870,248.635,68.938,170.420
572.257,246.296,68.495,171.427
577.232,248.291,67.336,173.433
584.273,247.032,66.148,173.080
593.379,250.875,64.887,170.506
596.253,250.932,65.348,169.171
599.300,248.747,67.694,167.432
607.122,246.721,69.163,167.191
610.928,243.872,68.741,169.906
613.997,245.135,69.323,171.957
615.637,242.027,72.689,174.128
619.263,236.839,73.527,177.140
624.142,242.289,73.798,177.511
629.635,242.168,76.354,177.318
631.989,239.642,75.443,178.654
637.722,240.271,73.601,179.547
638.608,236.014,71.331,177.901
638.286,237.946,70.723,176.663
633.166,238.603,75.764,175.179
633.268,243.361,79.079,172.729
636.415,239.127,80.674,172.423
641.784,235.493,78.824,177.709
646.118,240.111,77.778,178.614
646.999,235.259,79.229,181.076
648.758,238.368,81.979,184.051
648.037,244.123,85.541,184.466
654.681,245.919,86.203,184.943
658.833,245.904,85.138,186.587
664.376,246.831,81.824,186.181
665.514,252.051,79.840,183.855
662.987,251.359,82.179,181.720
660.320,260.061,86.814,180.287
663.164,259.900,90.320,177.199
668.209,261.945,89.937,177.816
672.225,264.073,87.639,179.700
674.214,267.969,87.073,178.750
670.242,261.351,90.229,179.579
674.893,265.386,93.034,183.162
680.358,266.024,94.378,185.497
685.240,274.898,95.238,184.192
695.074,273.951,93.667,187.256
705.227,277.193,88.933,186.986
711.884,277.807,87.871,185.184
708.587,279.270,93.634,183.083
717.691,288.950,100.674,180.725
729.746,291.491,104.230,176.111
739.927,292.546,103.069,179.385
753.292,296.819,98.562,182.133
760.908,294.634,97.275,182.946
761.854,292.175,100.714,183.366
766.159,293.806,103.911,187.070
781.986,295.010,101.948,185.818
781.239,297.663,102.090,189.781
795.605,302.363,96.068,191.073
806.635,299.634,90.776,191.029
797.167,293.430,96.215,188.598
792.094,293.183,104.070,185.394
791.097,297.253,112.202,182.496
794.917,327.369,115.969,175.633
798.569,308.066,112.588,178.444
801.364,317.039,110.490,178.883
810.175,313.454,115.626,176.721
791.720,326.271,122.052,169.931
798.993,321.078,124.186,172.081
808.634,333.655,123.367,167.807
811.530,332.671,120.924,170.062
818.996,327.530,113.567,175.152
832.967,324.567,108.760,172.930
824.977,321.035,118.945,171.261
830.183,324.237,126.664,168.907
845.839,317.634,127.152,168.650
844.174,344.547,124.932,164.684
849.221,337.299,121.687,166.005
839.235,334.203,116.075,167.247
841.064,312.193,112.875,170.698
828.636,342.200,111.676,165.840
829.487,339.710,111.630,164.310
845.698,338.779,107.497,164.553
840.325,335.131,103.608,165.767
832.105,336.869,99.371,166.763
834.864,337.255,95.052,163.740
824.523,329.987,98.946,161.813
823.861,331.600,103.245,159.363
830.045,336.436,106.382,153.558
829.749,348.303,109.268,150.084
822.894,352.637,105.774,147.385
825.732,345.878,101.659,148.394
841.014,342.034,100.672,144.739
830.461,366.962,105.618,137.221
833.486,350.952,110.778,137.752
853.222,351.868,104.334,141.246
846.821,353.133,99.903,144.156
845.482,351.838,95.357,143.166
855.491,345.426,94.122,138.552
839.788,346.690,99.035,139.499
834.843,341.946,106.532,138.316
838.118,339.516,114.596,135.490
849.440,346.838,113.221,135.377
850.523,345.320,101.979,138.073
849.390,345.583,94.661,137.195
855.972,340.899,97.099,135.291
837.048,343.303,103.368,134.543
833.845,335.749,109.133,132.653
848.394,331.625,104.566,132.789
844.063,332.719,101.369,134.097
834.657,339.644,98.624,133.915
822.299,327.667,97.548,132.978
826.923,313.633,96.269,132.171
817.752,313.686,94.062,132.372
809.605,314.169,91.084,132.888
797.456,329.536,88.950,133.402
762.986,359.273,89.235,133.387
760.734,429.206,88.773,134.535
762.569,404.386,89.432,134.755
763.422,409.489,91.674,137.045
769.626,411.827,92.409,138.536
773.451,401.150,91.506,140.717
778.085,398.562,90.095,142.898
789.230,393.475,87.518,144.845
795.231,395.225,85.759,146.638
794.343,392.313,86.706,148.115
796.206,391.701,88.942,147.983
798.754,386.028,90.773,146.200
806.697,387.062,89.875,147.039
812.379,379.744,87.830,146.071
817.040,382.013,88.197,142.980
821.569,380.776,87.684,142.247
828.997,382.835,84.990,142.728
833.524,376.296,83.881,142.863
837.915,371.552,82.860,139.762
834.728,370.978,82.700,137.614
844.952,373.370,81.879,134.447
854.427,378.799,80.281,133.133
861.893,383.853,78.076,133.179
870.398,378.998,76.304,132.313
878.741,378.033,74.852,130.766
878.749,382.216,74.704,129.124
880.754,385.189,75.299,127.121
889.261,385.595,74.735,125.375
896.567,382.116,73.985,122.096
901.995,380.419,71.933,118.601
905.800,378.489,71.529,117.346
908.728,374.698,70.679,116.816
906.422,363.875,69.602,114.480
907.142,363.917,68.453,112.732
909.068,363.242,68.351,110.964
914.042,363.880,67.803,109.118
920.927,363.928,66.900,107.752
927.801,366.910,66.421,107.157
935.119,368.069,65.078,107.649
940.438,363.033,64.201,107.439
944.063,359.035,62.820,107.406
951.164,353.324,61.083,106.366
958.267,352.832,58.742,105.825
964.623,351.908,56.585,104.482
971.411,350.843,54.426,103.215
977.972,350.234,52.726,101.385
982.735,350.729,51.062,100.468
987.751,352.727,49.119,99.470
994.568,350.485,47.282,99.140
998.572,350.742,46.307,99.274
1003.352,348.258,46.293,98.487
1007.693,349.974,45.798,99.001
1011.802,346.900,45.962,97.647
1016.427,349.247,46.812,95.846
1021.783,349.428,46.501,95.337
1025.753,347.277,46.534,94.383
1029.620,347.362,46.571,93.784
1032.768,345.132,46.043,94.092
1035.013,344.222,44.452,95.218
1037.295,340.143,43.544,95.369
1039.368,337.767,42.650,94.493
1041.723,338.729,41.898,93.835
1044.243,339.776,41.934,92.987
1046.508,340.510,41.569,92.334
1049.568,339.981,41.765,90.913
1052.073,339.946,41.826,90.451
1055.105,337.474,42.344,90.846
1054.769,336.408,40.633,92.163
1055.612,333.082,38.928,92.085
1056.131,331.434,38.364,91.045
1058.671,329.637,39.226,89.636
1060.836,330.955,39.543,87.869
1062.501,329.837,40.130,86.160
1062.934,329.779,40.533,85.129
1063.789,330.295,41.823,83.844
1066.325,330.698,42.011,83.231
1068.303,329.484,42.098,82.911
