267.000,33.000,167.000,256.000
268.557,26.033,164.084,259.913
267.080,15.448,168.051,265.579
259.658,7.742,173.610,272.360
242.385,0.263,178.757,279.077
225.798,-3.431,181.526,283.121
207.662,-4.269,180.885,285.799
198.013,-4.424,182.370,286.095
186.738,-2.784,183.223,287.235
178.906,6.330,182.964,285.580
180.868,9.428,185.970,284.689
184.670,19.523,187.466,282.878
184.649,26.294,190.382,279.739
190.894,32.910,194.607,275.966
199.100,38.635,195.879,272.223
210.464,56.540,209.604,267.689
214.537,64.267,217.309,263.312
218.037,70.128,226.040,260.765
215.501,73.858,233.582,257.353
218.417,78.170,238.546,251.382
215.689,86.684,248.574,246.478
215.483,87.061,251.904,242.534
211.689,88.859,253.998,238.362
209.616,88.563,251.369,236.040
196.186,85.463,246.213,234.607
187.535,79.122,237.969,235.469
177.352,69.669,231.656,235.748
167.424,60.495,225.075,235.636
152.413,50.711,219.513,235.300
146.158,38.537,216.114,237.298
137.902,30.880,207.136,241.487
133.932,24.272,200.233,244.180
135.501,17.722,193.058,245.617
137.725,14.826,184.361,247.150
148.305,8.905,174.940,249.664
158.281,10.171,166.678,249.818
165.509,12.756,159.532,247.194
170.638,15.644,153.453,245.250
180.608,23.867,149.725,240.927
185.127,35.559,149.663,236.255
186.271,42.315,148.286,230.952
183.992,52.776,149.415,225.845
189.490,58.479,153.099,221.796
191.653,70.637,161.224,214.382
180.789,79.121,158.693,203.092
187.045,82.761,158.870,194.754
191.237,91.767,160.771,187.031
192.677,91.364,159.543,180.594
190.137,94.051,155.155,173.321
192.383,91.038,148.419,167.782
195.474,95.723,140.090,159.722
201.440,97.921,132.460,151.556
206.909,100.727,125.485,143.159
211.552,102.675,118.364,135.040
213.635,104.289,114.061,129.854
213.471,110.591,109.437,123.079
215.258,113.348,105.169,117.335
219.798,119.340,99.730,111.555
223.169,123.577,93.058,106.780
222.424,126.343,87.335,101.737
221.581,124.113,82.586,101.061
218.115,125.835,79.311,100.173
214.205,124.395,77.428,100.986
214.773,120.788,75.523,102.717
216.209,116.958,74.179,106.177
219.296,113.851,73.542,109.496
223.555,111.767,74.311,111.911
226.535,110.106,75.965,113.620
231.373,108.273,77.029,115.246
234.366,105.720,78.803,116.906
236.536,104.513,80.110,118.393
237.579,103.164,82.001,120.118
239.297,101.919,83.610,121.905
243.692,100.085,85.543,123.254
249.714,99.750,89.611,124.385
250.829,101.721,95.610,124.350
253.678,103.665,100.618,123.343
250.800,106.148,102.670,122.027
254.095,109.475,104.464,121.347
254.762,108.308,104.874,121.634
254.900,109.282,106.399,121.477
255.124,108.389,110.184,122.153
254.369,106.075,112.486,122.690
253.516,105.883,114.233,123.826
248.545,103.355,115.454,125.318
246.576,102.877,116.529,126.984
243.847,99.362,116.819,129.188
238.081,97.620,117.035,131.746
236.511,96.941,118.177,135.298
233.696,94.652,118.971,139.311
232.145,91.853,119.480,144.237
229.593,87.394,118.428,150.323
228.558,83.887,118.142,155.649
226.228,81.371,118.725,161.683
225.439,81.129,120.454,170.251
223.636,78.337,119.670,176.825
224.481,77.360,116.777,180.058
224.075,80.125,114.775,182.259
224.701,84.400,111.739,181.889
222.087,88.820,110.125,179.120
216.846,92.754,111.298,176.341
210.119,97.652,113.163,175.047
203.997,99.772,117.606,173.449
200.994,100.535,120.875,172.654
200.234,99.409,123.298,171.909
194.896,98.277,127.830,171.150
193.760,96.013,130.864,170.132
195.705,91.625,132.494,170.014
199.996,85.124,131.362,167.742
204.939,81.214,130.430,166.466
211.508,78.933,129.394,166.480
215.042,75.901,128.416,165.922
219.173,73.918,126.253,165.928
227.132,72.516,121.981,166.081
232.083,73.516,119.140,167.759
237.398,74.210,119.114,167.343
245.172,77.267,120.129,168.958
247.212,76.749,118.362,168.817
249.585,80.815,117.720,170.101
252.414,84.559,116.928,173.845
253.012,81.389,117.983,176.071
250.194,81.188,119.180,181.081
246.755,80.954,116.893,187.908
245.809,77.611,114.292,192.555
244.654,76.122,113.344,195.410
239.312,76.060,112.225,196.955
235.374,76.559,111.672,196.242
229.311,80.666,110.604,192.839
224.524,84.802,109.862,189.744
219.972,88.601,109.949,185.567
212.484,92.432,110.454,181.497
207.976,98.619,111.993,176.387
196.073,103.973,116.810,171.671
188.166,107.244,120.461,164.685
184.797,111.643,122.190,156.825
181.638,115.607,124.428,150.173
185.245,119.772,125.664,142.403
187.459,120.835,126.004,136.821
195.431,122.843,124.644,132.244
203.725,125.458,123.089,127.519
216.380,128.761,119.971,123.024
223.086,131.033,118.036,119.345
239.399,136.328,113.698,116.630
253.708,138.604,109.876,113.598
259.949,140.706,107.659,111.079
275.646,141.679,105.711,108.456
281.638,144.260,105.371,105.864
294.788,148.928,105.025,104.131
287.996,152.277,105.150,102.931
293.663,154.537,106.126,101.757
291.216,156.805,106.340,101.408
288.925,156.795,105.603,101.232
278.140,156.721,105.745,101.441
275.749,156.506,102.963,101.949
274.768,155.148,100.194,103.755
267.973,153.390,98.222,106.634
264.568,150.645,96.256,110.514
264.502,148.131,91.897,115.317
262.380,144.880,88.457,120.781
258.281,140.623,86.052,126.646
252.445,138.127,84.957,131.120
247.608,136.544,84.497,135.301
246.788,136.958,84.599,138.852
247.726,136.863,86.129,142.560
250.617,137.606,87.479,145.098
253.909,137.863,88.507,146.870
257.149,139.292,90.268,148.306
261.971,139.971,95.352,150.281
265.069,141.741,101.540,153.136
264.171,141.733,106.663,156.143
267.233,142.483,106.579,157.010
271.228,144.534,107.873,155.838
272.051,145.415,107.797,153.083
278.384,149.971,113.868,150.897
279.069,150.490,115.764,148.409
280.195,153.175,117.762,145.600
281.344,153.055,119.622,142.865
281.016,154.040,120.738,141.498
279.552,153.976,122.317,142.393
284.402,151.770,122.912,144.343
282.927,147.729,123.071,146.646
284.215,141.623,123.601,149.954
281.806,132.606,122.958,152.761
273.486,122.485,123.501,155.209
266.899,109.813,122.682,156.921
263.397,103.425,123.463,160.584
266.058,94.965,124.622,162.029
261.661,95.990,128.553,169.807
262.478,93.601,130.416,176.995
264.902,94.377,128.917,184.030
270.646,99.593,127.924,190.741
272.634,106.587,127.739,195.358
267.176,111.298,130.145,197.954
263.651,115.137,134.036,199.510
251.058,118.168,141.566,199.127
234.875,120.479,151.033,197.789
222.345,119.722,161.404,197.041
208.743,120.310,171.507,196.218
201.115,119.230,178.763,195.361
193.560,116.081,186.867,193.742
186.061,113.934,195.049,193.278
196.175,110.873,197.544,191.941
203.127,107.739,198.684,190.702
209.417,105.626,199.864,190.737
220.275,103.823,201.678,192.057
217.158,100.210,206.874,193.242
226.538,97.958,207.944,195.874
235.792,91.066,205.007,200.031
254.527,83.151,199.213,204.731
262.943,76.347,193.944,208.320
274.578,68.425,186.620,212.348
281.742,66.221,182.658,217.951
284.640,65.069,180.174,221.875
296.966,64.511,174.054,226.547
297.090,65.422,170.625,233.153
287.575,65.204,171.160,240.799
271.648,62.733,168.734,247.405
256.366,61.497,168.965,254.765
242.324,57.283,170.238,260.944
230.847,50.769,172.457,267.975
232.473,45.741,176.045,273.706
240.901,38.847,179.062,274.619
253.712,33.394,183.942,275.388
265.961,32.309,193.169,273.300
275.520,30.473,198.682,272.043
284.479,30.274,206.053,267.673
298.356,33.455,209.381,261.074
301.344,37.349,207.875,251.575
309.021,41.496,206.878,241.297
316.068,46.589,205.152,230.674
322.367,48.401,203.698,221.494
333.200,50.706,204.489,212.156
324.956,53.998,203.527,203.138
316.228,57.684,202.456,194.724
300.273,60.902,204.283,187.385
285.435,61.892,200.185,180.732
269.296,66.853,203.420,175.018
253.935,70.784,205.566,171.372
242.589,73.198,202.709,169.411
230.985,74.557,200.679,167.927
217.705,74.768,197.228,165.110
204.313,74.615,193.730,163.391
198.064,74.949,188.626,163.215
193.710,73.155,186.721,165.689
181.193,69.376,189.893,170.148
178.708,61.164,189.962,176.886
156.125,54.487,190.304,184.425
145.046,46.534,188.481,192.178
144.568,42.298,186.182,200.610
147.705,39.298,181.890,209.469
153.517,36.837,177.607,217.854
159.430,33.982,170.943,225.148
180.570,33.590,164.968,230.296
192.591,31.581,158.591,231.168
212.483,37.558,161.300,229.478
215.452,40.943,157.958,227.309
222.719,46.964,157.211,222.425
220.105,50.715,159.003,214.749
220.210,55.412,162.786,208.553
214.335,58.339,163.551,200.850
210.369,60.384,167.456,193.892
219.773,62.374,168.682,187.099
225.921,63.711,173.239,181.201
230.800,65.265,173.179,174.102
230.151,65.120,173.556,167.309
244.436,65.356,170.706,161.951
246.708,65.368,167.363,158.003
241.697,66.618,165.011,154.230
234.868,65.318,163.427,152.525
234.332,65.441,159.940,152.811
234.996,65.065,158.096,154.046
250.713,62.731,150.107,154.164
272.424,59.566,140.718,154.611
283.267,59.321,135.526,156.859
292.508,56.639,130.043,159.794
303.962,56.088,126.890,163.185
302.209,56.996,125.932,166.911
296.930,58.309,127.045,170.895
299.415,61.118,125.912,173.679
297.740,68.213,127.508,174.860
299.297,75.246,127.444,175.168
306.187,84.497,127.001,173.933
320.107,97.128,129.424,170.904
330.960,108.576,132.256,172.031
343.469,120.827,139.123,169.663
350.976,130.669,144.132,167.065
356.041,140.492,148.630,162.348
356.572,148.597,150.121,158.404
346.965,157.242,150.673,153.161
338.403,162.630,149.281,147.535
326.145,168.254,149.153,142.311
321.563,172.216,150.607,137.943
318.938,177.338,150.614,133.092
314.109,181.827,144.686,129.071
320.939,185.546,140.243,124.594
327.216,190.555,136.480,120.528
333.778,195.518,132.487,117.803
339.388,199.308,129.118,116.297
339.559,204.173,128.341,116.361
333.731,201.636,126.455,116.342
331.121,196.402,124.511,116.773
321.087,188.561,119.512,118.808
312.011,182.108,116.044,122.077
300.795,175.628,113.171,125.354
293.447,169.413,112.195,129.431
275.680,161.579,114.758,134.265
271.484,156.025,117.685,137.993
272.414,149.564,116.375,142.426
272.315,146.128,113.120,146.251
273.236,141.137,113.387,149.294
267.612,135.891,113.215,152.199
262.097,129.862,113.255,153.496
251.945,128.873,114.449,155.221
246.255,127.112,116.322,155.780
243.068,125.082,117.959,153.985
232.600,125.984,119.960,150.229
225.148,126.713,121.903,145.550
219.637,129.437,122.014,140.979
210.650,130.518,124.384,137.009
209.917,127.793,122.469,133.867
213.377,127.285,120.116,130.473
216.804,127.668,120.016,128.075
216.272,127.167,121.950,125.817
213.925,124.490,124.443,123.425
212.832,124.195,125.756,120.976
214.403,122.679,124.343,118.201
217.716,121.521,121.077,115.636
222.295,119.780,118.059,113.558
234.845,120.455,114.582,111.710
242.573,116.664,110.118,111.245
255.026,115.454,104.862,110.462
268.928,112.828,99.412,110.568
281.391,109.241,95.156,110.712
298.066,104.100,89.115,111.619
310.471,101.718,85.717,114.054
321.679,98.084,84.156,117.056
332.127,92.085,83.789,120.512
340.281,85.776,84.536,124.199
344.225,79.664,87.462,126.843
345.987,75.153,89.469,129.875
344.847,71.535,92.473,132.560
331.957,69.787,90.637,133.967
318.517,68.607,92.337,134.718
307.830,66.494,95.733,133.038
300.254,64.144,98.779,131.628
300.478,65.835,100.828,128.728
302.869,64.614,103.424,124.959
308.789,64.839,103.467,120.270
318.887,64.849,105.222,116.499
321.996,64.685,107.859,112.789
324.021,65.385,112.694,109.476
321.893,66.659,115.918,106.252
320.742,65.725,119.574,103.964
317.064,66.012,121.734,101.659
315.824,68.730,121.095,99.042
314.688,71.696,122.420,97.767
314.883,75.056,120.773,96.328
308.762,80.242,120.209,95.935
302.226,89.222,118.504,94.601
298.705,95.315,114.977,94.677
298.533,100.828,110.116,95.050
296.696,102.554,103.501,96.169
291.593,107.121,94.533,98.173
293.240,110.279,87.821,100.066
299.302,112.594,85.420,103.104
301.670,115.218,85.011,106.108
307.788,117.807,85.035,109.230
309.835,119.775,85.120,111.516
316.840,122.770,82.861,113.115
322.732,128.839,81.970,113.624
326.317,133.757,79.853,113.368
325.447,139.729,80.404,113.972
324.340,141.925,80.606,114.276
326.377,145.336,80.840,113.988
324.687,145.357,81.255,113.742
323.741,146.393,82.968,110.260
324.120,146.964,84.499,107.103
325.225,145.929,85.172,104.725
325.399,145.606,85.580,102.451
324.556,144.181,86.701,99.445
326.969,144.240,87.168,96.294
326.546,145.310,87.970,92.524
319.570,144.324,87.282,89.422
314.410,143.745,87.124,87.584
307.445,143.671,86.844,85.502
301.234,137.060,86.957,84.900
296.890,131.071,87.305,84.503
295.298,128.867,87.726,84.171
292.078,125.692,87.933,83.638
289.962,122.310,85.781,83.673
290.512,120.445,81.898,83.445
293.288,120.822,77.892,84.780
294.795,117.558,74.357,85.367
294.774,115.586,71.600,86.631
299.151,114.503,68.689,88.549
304.744,112.877,68.145,90.260
312.140,109.755,66.527,92.852
316.608,110.031,66.087,94.685
322.294,109.522,66.578,96.599
330.106,111.716,67.811,97.523
339.707,114.563,69.225,98.800
349.252,116.321,68.468,99.730
354.180,121.799,67.680,100.410
357.273,129.751,67.084,100.838
357.529,137.734,67.079,100.226
359.627,144.197,67.428,99.383
360.308,151.098,67.577,98.416
363.988,158.936,69.102,97.091
366.154,166.970,70.909,95.180
367.485,172.644,73.099,92.547
370.613,179.353,74.395,90.246
372.414,184.175,76.163,87.761
372.655,188.964,77.806,85.691
372.339,194.979,78.543,83.136
370.255,199.355,79.005,81.009
368.033,202.755,80.164,79.874
366.563,207.378,81.088,78.151
362.605,208.834,80.786,76.303
360.738,210.015,80.174,75.019
355.620,210.679,78.869,73.740
351.450,208.662,77.510,73.309
343.221,205.307,74.431,73.132
338.655,201.487,71.676,73.564
331.676,198.615,72.463,74.157
323.975,193.337,73.122,75.297
318.828,186.587,71.403,76.802
311.732,181.718,69.827,79.658
305.436,178.256,68.427,82.213
304.138,174.983,66.596,83.806
299.046,173.531,66.416,84.929
297.248,173.073,65.262,85.637
299.549,174.179,64.911,85.699
300.390,175.027,63.515,85.787
301.611,177.114,63.412,85.899
303.025,180.053,63.319,85.804
303.767,181.301,63.647,85.352
303.908,183.579,64.862,83.951
305.916,185.937,65.188,82.655
309.382,187.952,64.989,81.171
312.484,189.321,64.781,79.713
315.234,190.792,65.640,77.472
318.927,191.644,66.109,75.266
323.465,191.147,66.001,73.535
324.130,191.328,66.410,72.899
329.711,190.967,65.439,71.666
330.585,189.884,65.641,70.947
331.171,188.497,65.638,70.284
322.789,185.212,65.187,69.867
315.113,180.399,64.379,69.568
310.328,176.995,63.349,69.522
305.309,172.685,62.024,70.164
302.629,167.640,61.249,69.473
298.815,163.655,61.219,68.753
299.364,159.831,60.182,69.071
302.906,154.889,58.318,67.747
306.496,150.701,56.094,67.263
306.807,147.897,53.602,65.986
305.212,147.906,52.165,67.454
303.922,146.764,51.929,70.151
301.032,143.989,51.218,72.285
292.290,142.000,51.087,74.195
283.705,140.871,51.441,76.265
277.383,141.083,52.718,77.978
272.652,140.487,53.190,79.440
271.383,141.764,53.494,80.123
270.690,143.219,53.545,80.273
272.236,144.124,54.263,80.073
274.834,144.519,55.238,79.728
279.639,145.604,56.379,78.405
285.333,146.870,57.298,76.712
291.895,148.992,57.488,74.596
298.365,150.470,57.621,71.990
303.457,153.490,58.708,70.282
309.260,153.738,58.651,68.017
315.407,155.136,59.499,65.935
320.070,157.704,60.178,64.838
324.469,158.370,61.673,63.291
326.817,159.750,62.648,62.138
328.409,161.137,63.169,61.163
330.387,161.642,63.392,60.255
332.220,162.247,63.480,59.372
331.860,162.297,63.038,58.323
333.168,162.969,62.555,58.032
329.715,160.312,61.148,57.335
330.460,160.015,59.735,57.136
329.239,157.954,57.668,56.797
329.360,157.283,56.894,57.459
325.989,156.239,56.652,58.878
322.593,152.470,56.804,60.688
318.297,149.871,56.458,62.639
317.450,148.195,55.498,64.607
316.180,146.990,53.942,66.672
316.163,146.257,52.298,68.137
315.161,145.948,51.268,69.066
314.314,146.582,50.826,69.626
312.425,147.508,50.736,70.238
310.505,149.638,51.686,70.823
308.920,151.225,52.491,71.225
307.924,152.787,53.047,70.826
308.228,155.539,53.676,69.631
309.089,159.106,54.083,68.084
309.901,161.847,54.335,66.596
311.115,164.768,54.966,65.237
312.886,166.958,55.424,64.106
314.671,168.974,55.758,62.784
318.440,171.041,55.807,60.914
324.446,173.201,54.585,59.480
330.718,174.819,52.490,57.750
334.351,176.760,51.572,56.787
338.603,178.359,50.535,55.766
342.124,179.009,49.391,55.102
340.593,179.476,48.343,54.112
333.565,180.245,47.911,53.797
329.711,180.144,47.479,53.851
328.313,179.871,46.850,53.876
329.125,179.103,46.770,54.460
329.557,177.775,46.520,55.302
331.735,175.981,46.320,56.725
335.530,174.715,45.905,58.751
339.098,171.903,45.447,61.325
343.266,169.423,45.389,63.526
346.195,167.627,46.294,65.077
348.757,166.244,46.366,66.318
350.148,165.645,46.409,67.172
346.939,165.022,45.409,67.539
345.257,165.098,44.799,67.307
344.904,166.005,45.136,66.601
344.550,166.725,46.200,66.154
345.201,168.743,48.042,65.799
344.499,170.827,49.328,65.188
343.070,173.063,49.433,63.991
343.659,175.209,49.515,62.223
343.051,176.858,49.234,60.114
344.053,177.773,49.090,57.725
342.166,178.838,48.671,55.476
340.014,179.775,48.233,53.662
339.029,180.378,48.175,52.112
336.845,180.707,48.167,50.902
332.410,180.945,48.192,49.961
328.045,180.191,47.680,49.365
323.268,178.892,47.266,49.118
322.362,177.290,48.201,48.782
317.381,175.933,48.696,48.493
313.244,174.538,49.638,48.549
306.419,173.042,49.652,49.239
302.801,170.504,49.349,50.198
299.456,168.636,47.842,52.274
294.580,165.683,45.973,54.457
293.165,162.352,44.220,56.849
292.156,160.508,43.553,58.314
290.415,158.470,43.085,59.585
289.161,156.922,42.453,60.807
288.000,156.939,42.227,61.410
285.572,156.264,42.582,62.116
286.147,155.957,43.041,62.725
286.198,156.452,43.783,63.321
285.925,155.408,44.766,63.343
287.877,155.335,45.800,62.377
287.810,154.986,46.996,61.030
288.560,154.907,48.139,59.633
288.871,153.644,49.036,57.975
288.133,151.514,49.992,56.695
288.468,149.188,50.431,55.375
289.409,146.780,50.400,54.217
291.105,143.934,50.108,53.136
293.469,141.790,49.553,52.065
295.760,139.398,49.002,51.139
299.935,137.528,47.715,50.220
302.676,136.085,46.787,49.376
306.495,134.293,45.619,48.575
310.139,133.341,44.583,48.186
313.597,132.026,43.887,47.906
318.550,130.595,43.182,47.720
322.626,128.912,42.506,47.458
325.355,128.687,42.202,47.039
329.179,128.035,41.889,46.682
331.829,126.632,41.550,46.374
331.015,125.678,41.215,45.979
328.173,123.893,40.864,45.661
325.865,122.791,40.294,45.266
325.164,123.022,39.800,44.869
324.786,123.539,39.467,44.399
324.439,123.621,39.158,43.880
325.045,123.488,38.757,43.611
326.894,123.806,38.230,43.290
330.789,123.695,37.608,42.872
334.958,123.056,36.978,42.772
338.856,122.345,36.223,43.005
346.166,122.752,35.826,43.016
349.371,124.945,35.525,42.966
354.935,123.152,35.356,43.036
360.295,121.298,35.318,43.564
357.550,122.500,34.424,44.033
355.072,124.062,33.787,44.104
349.337,125.493,33.468,44.156
345.814,126.073,33.312,44.125
340.277,126.658,32.614,44.245
337.091,126.432,32.757,44.648
331.266,126.773,32.836,45.022
325.856,126.506,32.454,45.503
