639.000,560.000,131.000,108.000
640.205,561.666,127.835,101.974
641.499,557.396,126.821,102.385
642.072,558.092,126.034,101.705
642.818,557.647,125.086,101.217
643.164,558.377,124.231,101.276
643.598,559.029,123.330,100.523
644.918,558.862,122.610,100.065
645.998,558.687,121.508,99.578
646.788,558.996,120.758,99.443
647.354,558.810,120.049,98.843
647.770,559.738,119.338,98.353
647.970,560.207,119.353,97.693
647.954,560.243,119.172,97.097
648.127,561.078,118.737,96.574
647.661,561.324,117.547,95.983
648.883,561.080,116.124,95.750
649.223,562.615,115.278,94.598
651.275,561.330,114.783,94.063
652.593,561.640,113.961,93.987
650.652,562.053,111.682,92.347
653.221,560.714,112.129,92.108
654.283,560.660,111.800,91.641
654.439,561.048,111.919,90.350
654.375,561.340,111.914,89.803
654.470,560.561,111.832,89.533
655.918,560.416,111.151,89.194
655.390,560.075,110.056,89.295
656.300,560.013,109.501,89.382
656.268,561.813,108.951,88.646
656.642,561.850,108.945,88.500
656.941,561.233,108.902,88.941
657.112,560.305,108.457,89.757
656.881,560.533,108.589,89.666
657.449,560.203,108.433,89.565
657.273,561.063,108.110,89.046
657.720,560.424,107.691,89.081
656.758,560.811,108.083,88.504
654.213,559.732,108.518,88.909
654.387,563.965,107.790,86.586
654.771,563.854,107.796,86.035
652.255,562.900,107.620,86.414
652.244,564.511,108.653,85.207
652.922,563.979,108.114,84.903
652.557,564.557,108.315,84.481
652.366,565.614,108.184,84.144
652.054,566.076,107.897,84.489
652.685,565.665,107.022,84.693
652.780,565.794,106.730,84.463
652.938,565.790,106.501,83.957
651.841,566.295,106.642,83.662
649.815,565.741,107.467,83.363
649.659,564.424,107.636,83.698
648.980,565.516,107.406,82.441
648.305,565.811,106.940,81.692
647.993,566.384,106.434,81.483
646.968,566.181,106.355,81.711
646.300,565.755,106.106,81.441
645.922,565.094,105.399,81.334
644.788,565.082,105.520,80.856
642.861,566.369,106.304,80.117
642.334,565.961,106.299,79.886
642.439,565.641,105.741,80.960
641.777,564.653,105.639,81.117
643.380,564.328,104.426,81.336
642.809,564.042,104.717,80.805
641.878,565.983,104.156,80.001
640.817,565.412,104.016,79.641
640.141,565.455,103.577,79.928
640.022,565.794,102.152,78.391
639.981,566.258,100.983,77.745
638.362,566.447,100.379,78.493
637.781,566.592,99.834,78.885
636.839,566.361,99.715,79.063
636.823,567.970,99.269,79.107
635.492,568.018,99.714,80.236
633.332,567.336,100.200,80.240
632.297,567.146,100.011,79.879
632.010,567.716,99.600,79.010
643.276,565.071,99.717,80.458
631.022,568.212,97.442,78.187
631.625,567.657,96.335,77.820
625.716,564.799,98.169,71.807
628.746,570.037,96.348,74.094
629.038,569.243,95.453,75.712
629.662,568.314,94.675,76.351
629.217,567.659,94.576,76.870
628.749,567.995,94.573,77.135
627.953,568.703,94.908,76.694
626.537,568.573,95.549,76.445
626.098,567.917,95.257,76.328
625.266,568.881,94.442,75.012
625.046,568.915,93.725,74.328
625.073,569.362,92.922,73.767
624.526,570.194,92.592,73.007
624.363,569.632,92.241,72.778
623.824,569.088,91.959,72.786
623.388,569.480,91.546,72.439
622.983,569.952,91.240,71.977
623.084,569.290,90.533,72.068
622.176,569.502,89.884,71.337
622.315,569.259,88.955,71.166
628.841,577.801,88.872,69.976
620.449,573.552,89.589,69.834
618.737,570.185,89.937,69.407
627.817,577.166,90.484,71.442
617.738,569.838,89.718,70.288
617.631,570.658,88.841,69.285
618.240,569.547,89.168,69.111
618.796,569.265,89.109,68.872
619.396,570.128,88.763,68.724
618.315,570.446,89.138,68.202
618.154,570.248,88.397,69.138
618.162,569.339,88.304,69.551
618.227,568.735,88.134,70.410
617.919,568.346,88.130,70.982
617.300,568.102,88.334,70.997
617.341,568.314,88.202,71.721
617.742,568.530,87.863,72.214
617.861,568.093,87.654,72.438
617.101,554.940,88.432,74.103
616.420,552.004,89.143,75.695
617.584,565.493,88.074,74.280
618.735,566.767,87.182,72.735
615.608,562.218,85.860,68.965
618.461,569.781,85.537,69.900
619.735,569.456,85.120,70.370
620.711,569.293,84.667,70.685
621.170,569.368,84.406,70.988
620.984,569.446,84.609,71.077
621.667,568.566,84.455,71.654
621.491,568.420,84.602,71.852
621.711,568.086,84.373,71.881
621.954,567.045,84.250,72.263
622.262,566.919,84.097,72.426
623.292,566.606,83.518,72.815
623.128,566.118,83.035,72.900
623.964,565.410,82.744,72.829
624.061,566.294,82.521,72.452
624.989,566.778,82.535,71.839
624.727,568.115,82.458,71.837
624.820,568.083,82.649,71.420
625.811,568.133,82.396,71.264
621.324,564.623,81.674,69.047
628.116,569.126,82.713,70.142
628.941,568.918,82.319,70.257
629.020,568.682,82.057,70.664
629.646,568.399,81.911,71.015
629.358,568.706,82.038,71.767
629.685,567.438,82.621,72.338
630.259,567.935,82.411,71.970
630.795,567.785,82.666,72.029
631.646,568.243,82.586,71.943
632.329,567.381,82.797,71.978
631.981,567.832,83.301,71.066
632.901,567.273,83.476,70.328
634.136,567.273,83.224,69.741
633.632,567.533,84.087,69.808
634.084,567.558,84.334,69.641
635.080,567.789,84.323,69.220
635.894,568.312,84.242,68.728
636.350,567.335,84.888,68.698
636.759,569.983,85.260,67.939
638.639,567.865,85.323,68.333
640.615,568.952,85.175,68.261
644.380,579.172,84.995,64.096
643.432,568.911,84.510,65.294
644.764,568.972,83.318,65.777
645.937,568.289,82.442,66.043
646.422,569.256,81.975,66.489
647.347,568.421,81.655,67.254
648.185,568.350,81.297,67.781
649.558,568.649,81.230,67.766
650.802,567.847,81.653,68.260
651.214,567.910,82.453,68.590
652.090,567.781,82.725,68.783
652.512,567.263,82.630,69.515
652.946,566.740,82.294,69.981
653.582,566.353,82.483,69.865
655.393,567.006,83.480,70.002
655.704,568.210,83.437,69.535
655.773,568.405,82.555,69.367
656.382,568.871,82.028,69.053
657.010,569.828,81.548,68.831
657.194,570.354,80.704,68.580
657.264,571.113,80.596,70.376
658.783,568.328,79.595,68.933
660.217,567.534,79.715,67.868
661.589,567.051,80.179,67.147
662.150,566.343,80.086,66.795
662.323,565.671,79.515,66.565
663.254,565.610,78.954,66.221
663.983,565.308,78.644,65.983
665.560,564.629,78.337,65.591
666.258,565.357,77.816,65.856
666.654,564.508,77.515,65.803
667.718,565.074,77.251,66.096
668.406,564.510,76.984,65.807
668.581,564.517,77.205,65.516
668.813,564.267,77.688,65.333
670.235,564.091,77.938,65.095
671.106,563.595,77.935,65.056
670.835,560.604,78.489,60.480
673.040,565.276,77.866,62.896
674.537,564.125,77.111,64.075
675.813,564.303,77.083,66.005
676.233,563.070,76.268,65.693
676.965,563.485,76.102,65.294
677.210,561.961,75.494,65.123
677.790,561.913,75.498,64.775
678.366,561.775,75.145,64.383
679.200,562.237,75.056,64.410
680.469,561.010,75.159,64.732
680.119,561.224,75.640,65.233
680.002,561.480,76.450,64.953
678.651,562.121,78.063,64.624
679.675,562.663,78.105,64.149
680.112,564.497,78.120,63.741
680.272,564.798,78.632,63.482
680.223,565.153,78.506,63.358
679.732,566.606,78.860,62.873
679.405,567.365,79.118,62.615
679.093,568.975,79.385,62.730
679.947,569.005,79.046,62.703
679.409,569.338,79.333,61.983
680.853,570.003,79.216,60.932
682.034,569.114,78.035,59.257
681.683,570.703,77.931,60.386
682.008,571.693,77.402,61.253
682.289,571.676,77.211,61.248
680.478,572.839,77.778,60.918
681.041,572.224,77.877,61.117
679.876,572.896,77.969,60.958
678.493,572.504,78.262,61.345
677.859,573.167,77.993,61.172
677.146,573.722,77.605,61.821
676.269,573.962,77.755,62.061
675.305,574.102,77.444,62.253
673.911,573.787,77.662,62.517
672.485,573.551,77.762,62.647
672.272,572.047,77.181,63.355
670.679,572.018,77.122,63.206
669.329,572.601,76.665,62.843
668.994,572.305,76.146,62.975
666.399,566.011,73.894,58.094
667.922,577.065,73.670,60.592
666.776,576.697,74.406,62.563
663.669,573.898,73.725,59.708
665.080,577.585,73.408,61.195
664.155,577.676,73.727,62.325
663.266,576.483,73.940,62.933
663.167,575.483,73.583,63.106
661.487,575.141,74.155,63.163
661.101,573.342,74.352,62.755
659.429,572.521,74.945,62.466
658.427,572.829,75.350,61.765
657.261,572.952,76.107,61.647
655.215,573.305,77.251,61.396
654.494,573.477,77.674,61.021
652.542,573.123,78.924,60.514
652.713,572.462,78.748,60.256
652.377,572.252,78.242,59.863
652.177,572.052,77.769,59.679
651.660,571.804,77.595,59.266
651.087,572.350,77.183,59.517
650.484,572.990,76.538,59.319
650.341,573.947,75.950,59.344
650.325,574.359,75.259,59.526
650.443,574.292,74.681,59.400
649.876,575.183,74.231,58.679
647.505,578.417,75.062,57.521
647.649,575.324,73.493,58.728
647.113,575.152,72.068,59.110
646.522,574.754,70.881,59.612
645.105,574.629,70.098,59.870
644.068,574.924,69.506,59.945
642.649,576.221,69.387,59.847
640.155,577.176,69.542,59.744
637.920,577.991,69.396,59.536
636.370,579.344,69.479,59.410
636.192,578.914,69.444,59.376
634.439,580.157,69.342,59.559
632.503,581.709,69.326,59.331
630.473,583.015,69.089,59.155
629.433,584.528,68.503,59.082
628.247,581.105,69.492,60.128
624.317,586.956,69.444,59.974
621.818,586.682,69.248,59.784
617.228,582.692,69.549,56.001
617.485,587.040,69.512,55.929
615.087,587.835,69.320,55.801
615.124,587.067,69.026,55.865
613.221,587.339,69.106,55.837
610.772,587.281,69.407,55.374
607.938,588.459,69.816,55.076
606.162,588.897,69.696,54.601
604.896,589.617,69.515,54.170
603.035,591.252,69.389,53.596
601.702,591.898,69.245,53.708
600.135,592.007,69.047,53.728
597.934,592.385,68.849,53.258
596.220,593.449,68.544,52.875
594.975,594.335,68.777,52.784
593.143,594.713,68.439,52.274
593.138,594.521,68.366,52.281
591.768,595.432,68.466,52.002
590.266,595.801,68.542,51.789
589.197,595.004,68.054,52.000
567.489,587.915,70.217,49.911
586.230,593.702,68.586,50.680
586.033,592.036,67.848,51.174
574.628,586.581,73.067,48.411
582.236,587.549,70.694,50.026
582.974,585.821,68.881,51.036
582.400,585.284,68.023,51.582
582.454,581.942,67.152,52.081
582.920,581.943,66.394,52.579
582.988,580.863,66.149,53.083
582.192,579.411,66.121,53.331
582.212,579.409,65.629,53.004
582.563,578.706,65.187,53.106
582.398,577.848,64.947,53.493
582.609,577.159,64.304,53.728
582.217,576.444,64.263,53.849
581.896,575.773,64.252,53.558
581.934,575.377,63.980,53.889
582.690,583.607,64.495,52.476
581.741,571.035,64.222,52.503
582.085,570.541,64.149,53.041
582.180,568.028,64.264,53.371
577.876,563.280,64.532,50.983
580.982,564.224,64.030,51.355
581.089,562.883,64.374,51.918
581.286,562.342,64.534,52.239
581.428,561.601,64.510,52.695
581.270,562.023,64.665,52.937
581.809,562.254,64.786,53.024
582.445,563.308,64.635,52.926
582.789,565.100,64.608,52.493
582.417,566.522,64.787,52.383
582.596,566.661,64.787,52.377
583.340,567.688,64.629,52.521
583.364,568.367,64.716,52.922
584.110,570.015,64.631,52.621
584.331,569.602,64.956,52.950
584.885,569.966,64.860,52.650
585.483,570.621,64.676,52.187
586.224,571.020,64.529,52.040
586.825,571.971,64.697,51.400
587.558,572.687,65.325,50.889
588.151,573.946,65.204,50.084
588.410,573.000,65.345,50.178
589.227,571.930,65.310,50.735
589.396,572.093,65.073,50.974
590.478,570.679,64.784,51.756
591.201,570.751,64.601,51.954
592.608,570.635,64.498,52.337
593.479,571.392,64.362,51.875
594.536,571.606,64.212,51.920
595.339,572.862,64.136,51.529
596.239,573.717,64.136,51.220
597.445,574.770,64.201,50.798
598.696,575.425,64.054,50.588
599.739,574.998,63.987,50.718
600.958,574.239,63.876,50.954
601.344,574.126,63.542,51.024
602.464,574.144,63.434,51.025
604.055,574.819,62.815,51.649
604.747,575.147,62.930,51.203
605.904,574.691,62.774,50.968
606.965,575.483,62.683,50.581
610.582,589.321,62.613,48.328
610.201,577.910,62.615,48.034
610.752,577.702,62.742,48.512
611.838,577.323,62.495,48.779
612.537,576.717,62.723,49.154
613.618,576.222,62.872,49.502
613.967,576.549,62.498,49.508
615.075,577.857,62.673,49.105
616.086,578.945,62.838,48.902
617.359,580.303,62.948,48.607
618.433,579.994,62.898,48.920
619.834,580.616,62.860,48.788
621.285,580.268,62.560,48.344
622.488,578.543,62.457,48.498
623.985,576.751,62.207,48.796
625.154,576.095,62.074,49.150
626.674,575.093,61.657,49.221
627.567,575.065,61.553,48.947
628.155,575.198,61.184,48.749
629.373,575.719,61.201,49.101
630.939,576.161,60.731,49.340
632.257,576.825,60.423,49.674
633.360,577.536,60.460,49.954
633.692,577.046,60.856,50.139
634.958,576.803,61.166,50.650
635.565,575.809,61.467,50.832
636.396,574.951,61.758,51.039
637.233,574.127,61.888,51.010
637.590,573.139,62.314,51.109
638.607,573.258,62.201,50.882
639.175,573.333,61.886,50.726
639.624,573.453,61.856,50.596
640.609,573.035,61.594,50.558
641.147,572.015,61.250,50.691
641.536,571.064,61.094,50.814
641.571,571.114,61.058,50.633
642.025,570.541,61.127,50.536
637.386,563.125,62.249,46.934
643.146,570.184,61.513,48.041
643.241,569.508,61.301,48.942
643.607,568.863,61.239,49.470
642.824,569.063,61.170,49.536
643.004,569.049,61.041,49.622
643.270,567.893,61.116,49.593
643.552,566.704,61.406,49.936
643.090,565.557,62.055,50.343
642.898,564.712,62.577,50.726
642.846,563.896,62.665,50.719
643.397,564.018,62.587,50.876
643.731,564.008,62.553,50.831
643.838,563.560,62.956,51.014
644.002,563.327,63.010,51.222
643.998,563.269,62.995,51.264
644.139,563.473,63.070,51.192
644.612,564.051,62.596,50.839
644.643,564.142,62.404,50.625
644.668,564.108,62.758,50.897
644.646,564.242,62.928,50.779
644.643,563.630,63.083,50.897
644.639,564.122,63.059,50.828
647.926,565.376,61.554,49.899
646.037,564.842,61.977,49.575
645.676,565.812,62.193,49.638
648.824,565.425,62.620,47.517
646.835,565.887,62.038,48.008
646.376,565.725,62.040,48.192
646.658,565.770,61.718,48.392
646.908,565.789,61.435,48.434
647.084,565.762,61.235,48.610
647.120,565.229,61.211,48.760
647.120,565.983,61.063,48.576
647.704,567.595,60.459,48.210
647.727,569.444,60.314,48.112
647.718,571.878,60.230,48.217
647.699,574.644,60.433,48.272
647.470,576.872,60.533,48.242
647.029,578.064,60.702,48.298
647.290,578.992,60.631,48.584
646.809,576.858,61.107,49.906
646.165,574.464,61.737,51.167
647.240,577.217,60.616,49.697
647.897,577.003,60.373,49.074
647.355,575.826,59.396,47.142
647.658,577.207,59.209,48.219
647.549,576.653,59.351,48.265
647.153,576.161,59.561,48.516
647.174,576.562,59.520,48.661
647.232,576.675,59.668,48.625
646.963,576.834,60.011,48.705
646.358,576.484,60.082,48.642
646.633,576.372,59.807,48.464
646.360,576.581,59.734,48.309
646.199,576.456,59.596,48.403
646.486,576.311,59.615,48.482
646.380,575.816,59.461,48.689
646.657,576.113,59.284,48.654
646.498,575.988,59.428,48.943
646.270,574.948,59.527,49.511
646.027,574.168,59.641,49.966
645.247,574.659,59.820,49.722
645.601,574.565,59.900,49.749
642.862,577.786,60.662,49.968
643.890,575.834,59.747,49.720
644.270,575.682,59.108,49.476
644.085,576.711,58.649,48.948
643.618,581.501,59.220,50.347
643.806,577.067,58.213,49.013
644.009,577.444,57.579,48.100
643.628,578.263,56.905,47.513
642.928,579.659,56.584,47.019
643.318,579.365,56.141,46.796
643.165,580.272,55.923,46.810
643.038,580.396,55.634,46.616
642.876,579.943,55.273,46.884
642.278,580.003,55.189,46.838
642.329,579.731,55.067,46.974
641.989,581.582,55.275,46.721
641.598,580.999,55.428,47.059
641.280,580.569,55.301,47.133
640.930,580.444,55.571,47.681
640.569,578.981,56.020,48.695
640.242,577.721,56.892,49.149
639.812,575.909,57.628,49.737
633.577,569.171,55.950,46.841
639.572,575.494,56.977,48.643
639.287,576.306,57.239,49.363
638.145,577.517,56.508,49.689
638.297,577.589,55.721,49.882
638.356,579.177,55.677,49.851
637.608,580.066,55.133,50.130
637.349,580.256,54.229,49.415
637.414,580.552,53.928,49.134
637.190,580.827,53.490,48.662
637.844,579.551,53.626,48.801
637.845,579.212,53.673,48.959
637.965,579.020,53.938,49.019
638.221,578.886,54.134,48.845
638.329,578.938,54.300,48.839
638.595,578.723,54.576,48.996
638.471,579.748,54.757,49.004
638.662,579.250,54.924,48.997
638.544,580.557,54.995,49.277
638.855,579.721,54.938,49.464
634.201,575.207,54.691,48.020
639.167,581.817,54.966,47.657
639.372,581.932,54.962,47.519
640.293,581.029,55.087,46.678
641.205,581.864,55.027,46.844
642.067,581.161,54.907,46.481
642.954,580.534,55.165,46.620
644.041,579.647,55.270,46.539
644.818,580.112,55.424,46.434
645.007,579.689,55.453,46.547
645.672,578.530,55.636,47.094
647.018,577.159,55.670,47.446
648.543,576.212,55.842,47.506
649.477,575.100,56.304,47.642
651.124,575.310,56.289,47.235
652.324,575.238,56.835,47.128
654.363,575.335,56.749,46.864
656.235,575.818,56.721,46.825
657.980,575.613,57.483,46.758
659.612,576.698,58.148,47.087
661.733,575.983,58.501,47.507
662.424,576.028,58.689,47.513
663.799,575.984,59.381,47.376
665.933,576.153,59.865,47.117
667.968,576.870,60.305,46.803
669.616,576.482,61.071,47.025
673.701,576.957,61.636,46.830
675.606,576.620,61.959,47.050
678.147,576.367,62.312,47.207
682.003,575.151,63.166,47.481
684.633,574.409,63.161,47.650
687.460,574.180,63.375,47.869
690.598,573.219,63.591,48.254
690.904,573.559,64.071,48.078
694.423,573.824,64.321,48.133
697.025,573.805,64.313,48.217
700.482,573.499,65.201,48.542
703.913,572.305,65.961,48.646
707.602,572.162,66.395,48.254
712.018,570.013,66.603,48.585
714.985,568.320,66.447,48.965
720.105,566.116,66.660,48.884
723.275,564.411,66.414,49.174
728.195,563.457,66.857,49.320
732.671,562.548,67.301,49.639
732.354,562.394,67.302,49.491
737.149,562.748,67.216,49.384
741.257,561.965,67.697,49.725
745.491,563.213,68.191,49.225
749.612,563.646,69.206,49.127
753.921,564.471,69.873,48.635
759.218,565.083,69.467,48.283
764.542,565.540,68.939,48.328
768.665,565.776,68.040,48.424
774.127,565.795,68.215,48.597
777.646,565.730,67.347,48.568
782.703,564.388,67.666,49.295
787.460,563.192,68.202,49.670
787.056,563.273,68.156,49.688
790.178,563.953,68.199,49.233
794.105,563.214,69.665,49.491
799.295,563.048,69.480,49.340
803.882,562.391,69.539,49.229
807.413,561.808,68.588,49.053
812.568,561.146,68.660,49.183
816.265,559.867,68.937,49.490
820.440,558.678,68.594,49.940
824.081,558.941,68.613,49.794
827.682,558.298,68.730,49.651
830.865,556.583,69.066,50.300
830.333,556.706,69.010,50.462
835.071,556.243,68.224,50.285
837.588,554.387,67.675,50.400
841.682,553.458,67.175,50.187
844.860,552.548,67.672,49.956
846.527,551.736,67.424,49.771
848.630,551.137,66.547,49.477
851.164,550.815,65.462,49.417
852.543,552.016,65.380,48.526
854.209,553.296,64.932,47.887
856.126,553.878,64.566,47.704
858.725,554.103,63.596,47.362
858.630,554.510,63.103,47.155
861.043,552.793,62.586,47.620
862.516,552.422,62.207,47.864
863.840,551.088,62.258,48.019
863.909,549.614,62.571,48.259
864.583,549.443,62.435,47.902
865.920,550.027,62.260,47.818
866.781,551.253,62.133,47.780
867.092,553.702,62.461,48.230
867.789,555.201,62.832,48.317
868.746,555.911,63.130,48.557
868.702,556.563,63.795,48.653
868.700,556.626,64.108,48.517
869.011,557.194,64.360,48.266
869.727,556.526,64.686,48.438
870.735,555.765,64.714,48.619
870.764,556.870,64.884,48.511
871.735,556.705,64.556,48.608
871.804,557.525,64.715,48.405
872.008,557.553,65.022,48.452
871.647,556.443,65.119,48.571
872.409,555.539,65.166,48.440
872.911,554.012,65.038,48.635
872.685,552.508,65.025,48.754
873.317,552.054,65.472,48.334
873.235,549.982,65.498,48.850
873.778,549.446,65.190,48.399
873.606,547.973,64.936,48.559
873.745,548.361,64.458,48.248
873.795,548.386,64.284,48.242
873.858,548.892,63.890,48.111
873.794,549.887,63.417,47.709
873.937,551.096,63.217,47.297
873.553,552.635,63.261,47.217
873.531,553.680,62.891,47.121
873.469,555.597,62.506,46.841
873.883,556.061,62.270,46.712
873.499,556.373,61.943,46.694
872.850,557.000,61.841,46.355
872.505,557.851,61.766,46.302
872.638,557.221,61.546,46.408
871.856,556.983,61.300,46.440
871.019,555.651,61.365,47.109
870.598,555.975,60.870,46.445
869.319,554.811,60.925,46.699
868.564,554.137,60.468,46.524
867.388,553.256,59.907,46.401
866.812,553.092,59.469,46.254
865.979,553.095,59.637,46.000
865.799,552.807,59.272,45.798
864.854,552.656,59.193,45.583
863.744,553.223,59.004,45.301
862.045,554.543,58.054,44.560
860.175,556.273,56.972,44.175
859.259,558.062,55.580,43.846
857.161,559.703,54.124,43.611
857.058,561.057,53.231,43.390
855.281,563.152,52.799,43.161
853.500,562.611,52.630,43.079
851.649,562.111,52.539,42.945
851.183,562.008,51.844,42.846
850.426,560.851,52.176,42.803
848.168,559.107,52.363,42.981
847.128,558.389,53.359,43.058
845.188,557.533,54.767,43.341
841.430,558.706,54.263,43.007
839.535,558.395,54.675,43.410
836.366,560.272,54.125,43.100
835.269,560.435,54.874,43.324
831.966,561.480,54.856,43.430
828.927,562.798,53.907,43.204
826.742,563.589,53.914,43.156
824.235,564.921,53.694,42.696
824.406,564.377,53.506,42.695
820.539,564.315,52.975,42.467
818.194,563.702,52.609,43.132
815.197,564.271,51.876,42.836
812.680,564.706,51.145,42.429
809.950,565.395,50.616,42.230
806.529,566.211,49.883,42.022
803.743,568.001,49.712,41.895
800.358,568.939,49.154,41.915
797.901,570.891,49.048,41.975
794.389,572.046,48.486,41.412
791.627,573.841,48.572,40.900
791.492,573.719,48.686,40.820
788.082,574.095,48.345,40.502
785.757,575.071,47.991,40.334
782.221,575.302,47.251,40.078
778.660,575.007,46.879,39.937
775.990,575.394,46.834,39.586
771.578,575.273,46.740,39.343
767.810,575.212,46.946,38.799
763.676,575.106,47.333,38.209
759.268,574.156,47.822,38.124
754.679,573.747,48.349,37.693
749.734,573.221,49.083,37.502
749.800,573.232,49.457,37.162
744.947,573.625,49.655,36.970
740.114,573.800,50.202,36.975
736.125,574.763,50.619,36.880
731.971,575.703,50.653,36.948
728.574,577.439,50.565,36.975
725.356,578.506,49.664,36.979
722.249,579.879,48.536,37.517
719.247,580.428,47.494,37.543
715.960,580.666,46.884,37.450
712.183,581.031,46.555,37.433
707.826,580.642,46.735,37.409
707.743,581.091,46.942,37.145
704.206,580.850,46.448,37.263
700.870,580.647,46.124,37.418
697.131,580.909,45.863,37.288
693.450,581.144,45.669,37.119
689.496,581.417,45.440,37.001
686.855,581.318,45.763,37.180
682.735,581.733,45.748,37.206
679.868,581.860,46.054,37.457
675.555,581.938,45.998,37.543
672.471,582.145,46.495,37.689
668.991,582.072,46.624,37.658
664.965,582.337,47.353,37.751
665.047,581.695,47.355,37.782
662.129,581.013,47.751,38.196
659.619,580.859,47.587,38.414
656.498,580.877,47.521,38.423
652.826,581.116,48.009,38.682
649.632,580.910,48.427,38.994
646.215,580.760,48.705,39.064
643.252,581.281,48.853,38.941
640.147,580.682,49.230,38.849
637.322,580.642,49.648,38.603
634.897,580.391,50.070,38.631
634.373,580.191,50.500,38.498
632.404,580.884,50.677,38.103
629.664,581.532,51.157,38.336
625.561,581.920,52.218,38.390
623.087,582.681,52.803,38.966
621.246,584.409,53.018,39.499
619.640,585.293,53.093,39.924
617.867,585.422,53.247,40.504
614.267,585.194,53.941,41.044
611.876,584.915,54.187,41.374
609.253,584.360,54.385,41.715
607.212,583.778,54.348,41.597
603.564,582.750,54.910,41.674
603.324,582.822,54.909,41.178
600.906,581.825,55.416,41.510
598.416,580.709,55.897,42.268
595.700,581.136,55.669,41.749
593.410,580.128,55.989,41.876
590.235,579.933,56.381,41.410
587.219,579.725,56.904,41.011
583.436,580.135,57.204,40.374
581.008,579.271,57.226,40.759
577.728,580.136,56.946,40.344
575.102,580.021,56.703,40.354
570.317,580.404,57.327,40.234
570.206,579.500,57.484,40.516
566.798,580.385,57.715,40.352
562.948,580.778,58.127,40.582
559.395,581.214,58.722,40.582
555.000,581.237,59.477,40.606
551.057,581.078,59.957,40.684
547.343,580.851,60.428,40.776
543.506,581.099,60.841,40.827
539.713,580.994,61.215,40.913
535.939,581.342,61.066,40.963
531.994,581.810,61.065,40.662
527.718,582.591,61.166,40.338
528.114,582.544,61.016,40.165
523.550,583.503,61.279,39.838
519.590,582.528,61.519,39.887
514.805,582.352,61.448,39.769
510.886,581.944,61.735,39.676
506.731,581.422,61.511,39.793
502.722,581.206,61.331,39.965
497.989,580.685,61.567,40.051
493.102,581.110,61.726,39.783
488.756,580.372,62.101,39.717
483.806,579.552,62.720,40.051
479.776,579.086,62.799,40.054
479.546,579.024,62.768,39.983
475.902,578.619,62.583,39.815
471.360,577.523,62.642,39.546
467.380,577.897,62.622,39.395
463.594,578.264,62.328,39.553
459.547,578.293,62.406,39.786
455.671,577.012,62.480,39.855
450.420,576.333,62.687,40.017
446.514,574.541,62.885,39.611
441.954,573.445,63.074,39.654
438.101,572.756,63.118,39.897
433.757,571.704,63.580,40.386
429.443,571.186,63.821,40.831
428.566,571.060,64.134,40.820
425.524,571.209,64.043,40.721
422.099,571.856,64.057,40.487
418.861,571.623,64.071,40.746
415.887,572.587,63.646,40.492
412.947,572.244,63.730,40.748
410.157,572.684,63.568,40.394
408.079,571.574,63.421,40.800
405.756,570.623,63.099,40.830
404.356,569.964,62.527,41.115
403.493,569.417,61.700,41.245
403.111,569.550,61.399,41.231
401.281,569.750,61.153,41.341
400.743,569.105,60.640,41.727
400.313,568.140,59.741,41.870
399.934,568.768,58.582,41.418
401.491,568.122,56.575,41.387
401.854,566.841,54.806,41.782
400.115,566.554,54.180,41.684
401.095,565.913,52.839,41.465
401.808,565.316,51.466,41.306
401.187,564.864,51.049,41.265
400.410,565.102,50.985,41.294
400.696,564.809,50.890,41.301
400.667,564.991,50.829,41.523
400.425,565.110,50.794,41.901
402.277,565.903,49.966,42.726
402.918,566.431,49.439,43.229
404.265,568.033,48.766,43.061
403.897,568.073,49.099,43.322
403.738,571.109,49.720,42.709
405.888,572.375,49.824,42.427
406.342,572.720,49.619,42.199
406.759,573.389,49.707,41.778
408.105,573.020,49.805,41.998
409.506,572.451,49.745,42.103
409.503,572.356,49.669,42.012
410.113,573.745,50.104,41.816
411.125,573.371,50.108,41.792
411.984,572.725,50.355,42.092
413.191,573.616,50.475,42.018
414.257,573.482,51.138,42.185
416.351,573.956,51.889,41.732
418.411,574.457,51.528,41.512
419.590,574.685,51.788,41.479
422.002,574.589,52.405,41.419
423.917,574.202,51.939,41.678
425.797,574.164,51.848,41.534
425.364,574.416,52.487,41.107
427.860,574.514,53.205,41.624
421.721,573.269,53.577,43.533
431.998,574.636,53.700,42.874
433.318,575.074,53.753,42.600
435.496,575.828,53.687,42.586
437.310,577.565,54.035,42.165
440.089,577.522,54.822,42.133
442.937,577.079,54.629,42.109
445.298,576.201,54.149,42.421
449.848,575.817,53.429,42.608
453.479,574.908,53.012,42.977
453.321,574.583,52.491,43.152
455.841,574.819,51.839,43.323
458.485,575.504,51.436,43.132
461.913,575.858,51.887,43.559
464.377,577.149,51.651,43.579
467.797,579.417,51.958,43.793
470.335,581.078,51.717,44.080
473.893,582.456,51.928,44.063
476.308,583.954,51.735,43.934
480.299,583.653,51.866,44.155
482.409,584.587,51.469,44.322
487.020,584.524,51.517,44.474
488.686,583.873,51.676,44.770
488.666,584.330,52.060,44.598
492.267,583.213,52.568,45.016
495.835,581.970,52.961,45.271
499.513,580.292,53.197,45.544
502.796,578.233,53.507,46.094
506.563,577.663,53.585,46.167
510.684,576.506,53.404,46.116
513.811,576.215,53.731,46.079
518.141,575.752,53.573,45.711
521.646,575.884,53.729,45.371
525.521,575.954,53.774,45.146
525.515,575.815,53.426,44.919
529.142,576.587,53.911,44.907
532.815,576.550,54.385,45.165
536.176,577.748,54.745,45.212
540.120,578.433,55.266,45.366
543.373,579.352,55.544,45.668
547.173,580.281,55.867,46.231
550.900,581.308,55.956,46.371
554.791,582.352,56.049,46.262
557.003,583.584,56.021,46.053
561.035,584.579,56.571,45.913
564.736,585.572,56.811,45.396
566.062,586.744,56.860,45.182
566.615,587.041,56.590,44.892
569.904,587.372,56.792,45.109
571.845,587.523,56.478,45.430
575.169,588.197,57.223,45.581
576.912,588.001,57.254,45.803
579.009,587.374,58.265,46.286
581.248,587.407,58.989,46.516
584.357,587.227,59.351,46.779
585.883,587.375,60.350,47.154
588.483,587.199,60.835,47.650
591.430,587.554,61.133,48.169
593.375,588.279,61.400,48.385
594.141,588.017,61.540,48.676
596.223,587.934,61.181,48.977
597.948,588.554,61.199,49.135
600.310,587.700,61.184,49.484
601.043,587.618,62.101,49.350
600.332,587.842,64.361,49.283
601.655,587.420,65.683,49.644
602.630,587.424,66.864,50.221
603.304,587.449,67.679,50.404
603.038,587.238,68.977,50.766
602.840,587.197,70.652,50.871
603.055,587.660,71.515,51.092
604.883,587.435,70.956,51.212
603.934,587.312,72.082,51.150
607.476,587.534,71.023,51.192
608.390,586.630,70.570,51.931
610.729,585.137,69.355,52.963
611.806,583.561,68.565,53.673
610.615,581.833,69.242,54.122
610.802,580.227,69.540,54.865
611.122,579.326,69.615,55.318
608.329,578.450,70.925,56.052
604.700,577.578,73.704,56.508
600.578,577.307,76.959,56.487
598.147,576.771,80.133,56.888
596.080,576.204,82.234,57.352
593.846,576.416,84.510,57.340
592.992,576.908,85.968,57.415
593.025,577.316,87.054,57.771
590.896,577.218,88.210,58.212
596.102,577.535,86.545,58.656
590.249,578.303,88.780,58.658
593.670,577.839,88.599,59.293
590.906,577.668,89.193,59.785
591.924,577.202,88.934,60.435
594.469,577.165,87.460,61.014
596.919,576.504,85.731,61.685
597.791,577.212,84.276,61.502
597.476,577.271,83.826,61.456
597.192,577.694,83.709,61.345
599.297,577.782,82.507,61.259
602.059,577.641,80.577,61.036
603.177,577.436,79.217,61.053
602.917,577.927,78.768,61.025
602.617,578.357,78.370,60.766
602.270,578.504,78.509,60.942
602.541,578.429,78.279,61.211
601.840,578.774,78.733,61.563
601.961,578.840,78.895,62.053
602.218,578.376,78.875,62.700
602.329,578.026,78.925,63.632
601.706,577.458,79.577,64.416
601.368,576.644,80.058,65.295
600.421,576.433,80.791,65.820
598.830,575.773,82.352,66.718
598.983,574.914,82.571,67.720
599.063,574.592,82.849,68.443
598.489,573.627,83.475,69.335
597.164,572.848,84.704,70.075
595.919,572.051,85.823,70.846
595.007,571.055,86.739,71.484
594.730,571.399,87.388,71.580
594.309,570.748,87.874,71.663
593.558,570.566,88.834,72.034
593.125,569.858,89.724,72.547
592.597,568.901,90.488,72.986
591.522,569.003,91.408,73.597
590.698,568.679,92.285,74.194
589.720,568.404,93.251,74.846
588.653,568.393,94.255,75.211
587.917,568.619,95.082,75.550
586.862,568.983,96.142,75.718
585.880,569.791,97.063,76.279
585.274,569.337,97.793,77.117
584.846,569.537,98.187,77.530
585.058,569.560,98.364,78.038
583.432,569.631,99.849,78.471
582.602,569.593,100.533,79.097
581.700,569.608,101.354,79.627
581.236,569.785,101.860,79.876
580.435,569.830,102.608,80.262
579.979,569.985,103.238,80.458
579.322,570.769,104.117,80.468
577.888,571.195,105.195,80.489
577.117,571.743,105.972,80.871
576.826,571.884,106.471,80.752
575.813,572.070,107.317,80.504
574.683,572.283,108.311,80.437
573.273,572.769,109.460,80.685
572.841,572.151,109.804,81.165
571.984,571.847,110.357,81.993
571.038,572.060,111.034,82.501
569.708,571.826,112.296,83.254
568.780,570.714,112.891,83.872
567.616,570.166,113.928,84.673
566.031,569.980,115.022,85.239
564.408,569.986,116.412,85.992
564.671,570.086,116.511,86.177
563.310,569.179,117.039,86.775
562.024,569.455,118.146,87.340
561.225,568.361,118.715,88.108
560.163,568.025,119.465,88.162
558.687,567.421,120.324,89.453
557.418,567.053,121.347,90.707
556.357,566.451,122.293,91.822
555.172,566.455,123.074,92.937
554.415,565.354,123.940,93.946
552.706,566.105,125.092,94.703
551.144,565.332,126.611,95.753
550.208,564.925,127.553,97.062
548.517,565.370,127.198,97.551
547.528,564.706,127.243,99.378
546.391,563.906,127.744,100.756
544.165,561.798,127.806,102.315
541.160,564.276,127.558,101.970
541.198,563.466,128.060,102.434
539.814,562.143,127.544,103.156
538.347,564.638,128.047,102.974
537.270,562.923,128.563,103.583
536.390,562.043,129.881,105.232
535.364,563.978,131.666,105.459
535.812,562.621,131.882,105.702
532.626,563.542,133.713,106.197
531.653,559.135,134.318,108.105
529.698,559.500,134.793,108.451
528.782,561.118,136.041,108.722
525.539,563.580,137.289,108.775
525.726,560.855,137.662,111.018
523.258,561.075,138.389,111.094
521.573,559.656,139.687,113.201
520.448,559.194,141.548,113.946
519.800,558.138,142.537,115.960
517.286,557.433,143.149,118.947
515.425,554.422,144.203,120.863
513.224,554.148,144.496,121.161
512.090,554.627,145.200,122.258
511.407,555.997,146.560,122.716
508.787,555.614,146.976,123.178
507.077,553.552,147.896,123.206
504.325,556.613,150.293,123.960
502.613,551.897,150.745,125.596
500.830,555.160,152.696,126.717
498.454,553.862,153.188,128.568
497.150,555.536,155.020,130.229
494.118,553.007,156.402,130.851
492.277,550.697,157.389,130.334
491.614,554.450,157.475,131.079
489.953,553.071,158.982,132.316
487.607,552.679,159.897,132.785
485.630,554.778,161.988,134.563
482.999,553.822,162.959,138.628
481.359,553.099,164.185,141.529
478.953,553.140,165.661,143.882
476.108,551.378,166.609,145.435
474.118,551.050,168.204,146.582
472.977,550.988,168.626,148.973
470.523,549.945,170.335,150.655
468.251,547.142,171.608,152.351
467.135,547.584,172.143,151.154
465.181,547.461,172.958,150.545
464.156,546.033,173.612,151.023
461.808,543.706,175.358,148.946
458.754,544.607,177.280,148.480
456.137,543.227,179.272,146.692
452.625,542.966,181.156,147.360
450.931,542.583,182.857,150.885
449.559,541.248,185.393,151.443
444.695,540.134,189.134,155.616
441.053,538.193,191.339,155.689
437.131,538.956,195.266,157.559
435.843,535.896,196.014,157.706
434.401,538.262,198.214,158.919
435.036,535.808,199.329,159.724
431.019,539.468,201.742,160.034
431.793,536.104,202.144,162.511
429.539,538.200,205.836,163.984
426.938,535.478,207.335,167.014
423.851,536.994,210.818,167.137
423.438,536.058,213.206,169.046
422.523,536.262,214.854,169.884
422.407,535.387,216.178,171.368
422.285,534.201,218.610,172.461
420.963,533.783,221.074,171.481
420.643,535.157,221.352,171.642
421.063,533.374,222.534,173.788
420.296,534.520,224.706,174.612
421.573,529.234,225.611,177.397
420.599,532.674,227.487,177.112
421.171,528.779,229.202,179.214
420.490,529.498,231.594,179.790
420.613,530.536,233.754,181.093
420.490,531.109,235.605,180.936
421.271,531.222,236.842,181.240
420.926,531.015,237.742,180.778
422.233,530.955,238.572,181.562
422.002,529.676,238.305,181.948
422.193,529.869,238.661,183.127
422.364,528.562,238.994,183.628
422.541,529.012,239.938,184.153
422.400,529.337,241.173,184.780
421.073,528.991,242.068,185.684
420.442,529.778,244.986,186.405
420.044,526.311,244.946,187.696
418.860,527.556,246.777,186.747
416.870,528.195,247.119,186.356
419.993,529.329,247.005,186.048
416.720,526.962,246.280,185.079
419.178,527.579,245.479,184.762
419.083,529.143,246.462,184.467
418.370,529.121,246.656,185.752
421.051,529.776,245.233,185.070
421.140,530.262,242.347,182.383
420.663,531.978,241.097,182.157
424.978,534.451,242.813,182.699
424.562,531.598,240.983,182.978
425.100,533.589,238.540,182.018
426.169,533.928,235.595,180.294
428.508,532.947,236.028,180.398
424.503,534.083,235.572,178.986
425.540,534.685,236.349,178.473
426.734,534.863,237.460,180.453
422.900,535.634,237.671,179.470
427.836,533.766,237.730,178.924
423.925,533.936,236.866,176.886
420.936,534.518,239.082,175.289
408.933,535.688,250.173,175.380
404.170,535.502,255.661,175.206
400.599,536.705,259.606,175.833
408.688,536.650,258.820,176.501
417.293,534.093,254.651,176.492
416.059,534.643,248.349,176.169
420.392,534.472,245.781,177.239
422.309,533.986,245.689,176.686
431.236,532.953,258.025,175.740
434.986,533.513,277.038,174.468
429.882,528.348,290.669,173.392
414.096,534.424,286.891,172.387
403.672,534.231,270.855,173.302
409.030,535.518,261.812,172.963
414.167,535.113,254.896,172.840
416.213,537.070,251.507,173.636
421.199,538.491,248.427,174.487
420.199,537.428,244.047,175.882
423.256,533.515,241.327,178.336
421.956,535.470,239.001,177.796
424.977,536.385,240.698,179.390
423.160,537.259,242.031,179.652
421.870,535.422,241.553,180.059
424.287,532.693,239.587,180.802
421.229,534.494,237.326,180.601
424.446,534.634,239.597,180.298
424.182,535.031,239.841,179.386
424.176,536.413,240.958,178.643
422.683,535.479,241.158,178.579
422.940,534.874,242.090,178.791
421.887,536.426,243.668,178.844
420.656,534.876,245.055,179.750
421.942,533.407,245.749,181.071
419.888,534.939,245.452,180.916
421.036,534.965,246.205,181.599
419.392,533.801,245.680,180.678
420.233,536.011,246.426,180.328
426.710,536.072,244.883,179.973
426.206,533.572,243.054,180.227
421.757,535.514,243.354,180.339
422.283,535.150,244.859,179.390
418.087,537.821,247.752,178.843
410.021,533.713,256.320,179.064
416.457,536.559,256.916,179.050
401.054,536.384,266.803,177.713
402.815,536.490,266.778,178.334
409.642,535.372,264.974,177.469
413.744,534.088,255.312,178.022
418.927,534.375,252.699,179.776
422.825,534.077,249.564,181.645
430.401,533.023,260.476,180.475
432.446,533.213,269.851,179.562
421.885,533.994,274.460,177.924
415.867,531.259,275.149,178.083
412.548,535.650,268.414,176.696
414.617,533.505,263.519,176.643
419.477,531.652,264.074,175.035
415.578,533.710,260.797,176.134
413.718,535.129,255.853,176.112
419.766,533.946,251.045,176.515
418.260,533.526,245.827,178.116
420.469,534.712,244.452,180.556
423.196,533.569,243.194,180.547
424.324,533.629,242.091,180.992
426.454,533.321,241.204,181.452
426.402,518.046,238.805,163.226
429.295,538.006,241.437,171.248
430.635,534.844,242.476,176.638
432.159,534.174,242.976,179.328
426.478,531.497,241.069,181.122
422.602,514.121,236.102,170.806
429.435,533.748,239.690,177.834
431.903,533.245,239.781,179.203
433.179,533.064,240.201,180.718
428.054,533.100,241.391,181.499
