430.000,231.000,174.000,236.000
424.449,227.642,177.175,232.861
421.964,234.584,182.557,231.081
420.661,231.725,185.086,230.983
419.842,232.910,186.888,230.095
419.354,232.782,187.760,229.666
419.111,235.898,189.237,228.154
417.977,235.188,190.058,228.554
418.549,236.685,191.702,229.330
418.774,234.942,190.909,230.737
419.815,235.139,194.734,232.610
419.350,237.294,193.166,231.011
418.062,238.141,193.120,231.909
418.250,234.400,192.774,234.651
419.721,235.751,190.889,233.413
418.551,236.205,192.501,233.520
418.950,235.808,192.757,233.775
417.997,237.372,193.392,235.542
417.876,235.004,194.695,237.160
418.147,237.488,195.866,238.301
416.920,237.554,195.334,238.452
416.719,238.930,195.428,239.512
416.521,239.967,194.746,240.744
414.777,239.375,194.454,241.109
415.787,237.597,194.588,240.950
415.282,240.430,194.716,239.166
414.632,240.073,195.170,240.121
415.010,240.708,194.902,239.042
414.714,242.024,195.292,239.002
414.327,241.651,195.800,239.117
415.002,242.202,196.584,238.411
414.083,243.158,195.379,238.849
414.410,241.521,197.948,238.784
413.399,243.927,199.057,238.716
413.947,243.452,198.573,238.642
414.221,244.028,198.346,239.931
414.499,243.304,198.628,239.368
414.769,243.272,198.571,241.115
414.704,242.258,197.703,242.177
415.834,239.997,198.425,243.274
414.039,243.738,196.698,244.048
416.124,244.682,197.963,243.780
415.112,243.226,196.170,244.479
414.585,243.993,198.591,244.868
413.225,245.018,199.092,244.783
413.683,244.584,201.819,245.240
412.606,246.188,200.435,245.282
413.128,245.779,200.706,245.372
411.039,248.266,200.934,245.568
412.781,247.863,201.128,246.209
411.829,248.270,200.666,246.076
412.333,250.417,202.076,248.175
415.440,249.816,202.205,246.072
415.508,252.029,201.561,245.856
415.658,249.795,202.427,246.346
415.943,251.412,201.764,246.336
415.943,249.734,204.103,248.957
417.128,250.022,203.300,249.371
417.695,249.848,202.159,248.901
415.765,250.523,202.013,249.338
415.746,247.337,200.995,248.779
415.144,248.490,203.929,249.331
414.931,246.401,202.891,250.702
414.959,245.459,204.186,251.565
414.612,244.727,203.688,251.829
413.429,246.548,204.439,252.010
414.111,243.891,204.902,252.459
414.634,244.134,206.287,251.488
414.353,245.215,206.533,252.005
415.559,243.143,206.374,251.930
415.184,244.549,206.567,252.553
415.832,240.743,206.178,254.079
416.160,242.538,206.000,253.718
416.886,240.025,207.651,253.246
415.543,241.744,208.233,253.749
416.395,237.611,208.278,253.261
413.509,239.517,210.516,255.706
415.559,237.467,208.965,254.764
413.019,240.099,211.668,256.135
414.055,237.706,210.231,255.613
413.229,241.053,211.371,255.824
413.704,238.905,210.940,255.319
412.900,238.325,211.250,256.615
412.684,238.722,212.334,256.968
413.628,235.733,210.684,256.949
413.203,237.188,211.465,258.262
414.092,236.129,210.945,257.522
412.835,236.736,212.069,259.024
412.532,235.532,211.427,258.662
411.553,234.759,212.666,259.368
411.096,234.242,213.523,259.243
410.598,235.110,212.826,260.453
412.422,234.864,211.833,261.971
412.053,232.112,211.332,261.626
411.179,230.257,213.269,260.970
410.877,233.364,211.689,260.567
408.488,230.299,208.979,260.124
408.884,231.946,208.440,260.762
409.245,231.839,209.516,260.497
409.901,231.428,207.531,259.805
410.550,233.679,209.464,260.086
412.465,232.687,206.521,258.782
415.322,232.393,209.344,255.701
417.769,232.651,208.980,255.535
418.517,231.691,209.403,255.462
418.934,227.647,210.652,256.687
419.984,225.332,210.388,258.449
421.584,225.340,211.010,258.795
423.874,222.869,208.328,256.052
421.423,224.364,207.502,255.630
421.309,221.449,209.409,256.804
422.946,219.197,204.439,254.157
423.185,219.418,201.679,253.220
424.230,220.324,203.400,253.426
424.695,216.789,200.087,249.904
425.879,219.259,200.607,245.539
423.395,218.592,199.379,243.583
419.968,221.049,198.484,242.606
415.067,219.383,197.420,243.527
414.520,220.905,198.884,242.145
411.690,222.845,198.419,242.361
408.288,223.633,195.631,241.087
406.309,227.202,195.581,239.587
401.220,230.044,193.296,238.421
396.072,231.690,192.736,238.884
394.136,234.498,193.830,237.405
391.361,235.180,192.990,238.010
388.270,236.479,191.597,236.522
387.969,237.423,194.107,234.873
383.925,236.954,193.528,236.421
382.369,238.567,194.338,237.043
381.073,239.899,196.634,236.775
383.387,239.949,198.640,237.101
385.209,240.523,196.742,237.158
386.335,240.961,196.731,237.115
391.416,242.242,196.835,236.460
395.848,241.772,197.088,235.874
400.680,243.017,195.296,235.627
402.650,243.464,195.668,236.778
407.072,242.626,193.861,234.713
408.479,243.745,192.392,233.554
410.735,244.951,191.605,231.631
407.529,246.142,188.599,232.353
406.225,247.616,186.368,230.283
405.247,248.863,186.549,229.143
405.444,248.822,189.515,228.080
405.780,247.932,184.859,225.900
403.701,249.268,186.223,225.633
403.094,247.976,186.689,225.954
401.833,247.949,183.890,225.066
398.393,250.107,183.529,223.698
394.503,248.241,182.539,224.040
394.212,250.854,185.272,225.036
393.968,249.523,183.086,223.263
394.460,252.129,183.749,222.984
394.373,251.955,182.911,221.735
395.437,253.734,182.899,221.154
397.137,254.439,183.217,220.287
397.181,254.613,182.336,219.283
395.663,256.316,181.359,218.782
396.331,257.630,181.340,217.240
397.400,260.740,183.089,217.131
397.808,259.055,182.972,217.658
402.005,258.931,182.843,216.233
403.337,261.209,183.106,216.577
404.611,260.554,181.584,214.317
405.079,262.493,181.526,215.486
406.524,262.197,179.166,214.278
408.655,263.927,180.407,213.625
409.475,263.828,179.034,212.677
410.257,263.134,177.850,212.426
409.436,264.233,177.850,211.487
409.624,267.981,179.104,211.626
411.395,267.180,178.868,210.382
412.609,270.641,179.302,210.378
412.574,273.421,178.958,209.611
413.665,272.491,178.317,208.761
417.853,273.925,178.790,207.814
421.482,275.823,178.855,206.567
422.544,277.354,177.943,205.439
424.227,274.431,175.702,205.034
426.167,277.237,176.137,204.190
426.291,274.036,174.730,204.412
427.167,277.081,175.153,204.280
425.004,279.734,174.743,205.536
422.212,277.824,171.965,204.415
419.008,280.680,171.229,204.493
416.440,277.102,169.378,203.159
414.774,280.132,171.122,204.465
410.178,273.952,167.865,202.982
408.051,276.558,169.655,203.478
406.853,276.145,169.227,202.655
406.790,275.800,168.337,201.724
408.757,277.891,169.846,200.718
409.216,275.842,168.712,201.152
409.064,280.907,169.240,200.675
410.507,278.944,168.831,201.130
408.971,279.561,166.500,202.910
413.363,277.919,167.733,203.157
409.603,278.087,164.796,202.821
410.757,277.756,165.167,202.008
412.180,280.236,166.275,201.520
413.328,281.393,165.716,200.159
414.266,281.497,165.227,199.083
416.866,285.084,167.367,199.987
417.047,284.036,166.080,200.209
417.895,284.462,165.828,199.559
415.701,283.939,165.919,199.956
415.127,286.182,164.466,198.644
414.384,285.608,165.046,198.314
412.012,288.190,164.093,197.012
408.566,287.472,162.913,197.636
407.040,287.332,164.038,197.600
403.390,288.168,163.087,197.338
398.565,286.044,162.033,197.876
397.724,288.496,162.627,196.442
395.151,287.313,162.401,194.848
392.197,287.012,161.690,194.810
389.809,285.067,161.501,194.676
389.833,287.241,161.726,194.391
392.787,283.448,161.769,192.541
390.799,284.805,161.067,192.570
389.259,286.731,161.381,192.065
390.996,282.859,161.252,191.751
389.316,282.607,160.969,192.363
389.491,279.612,161.278,193.327
388.217,277.704,161.989,193.446
389.354,273.985,162.432,192.312
387.301,273.906,162.973,193.312
384.305,274.089,162.778,192.737
382.346,274.798,162.820,193.218
381.922,276.358,163.022,192.142
381.683,276.563,162.925,191.456
381.290,277.191,163.054,191.092
380.777,277.835,164.351,191.983
380.406,277.083,164.674,191.951
381.100,276.801,166.364,191.783
381.987,276.765,166.769,191.478
383.087,277.641,166.831,191.824
381.281,277.624,167.432,193.019
379.619,279.328,167.736,192.733
380.052,279.789,167.332,192.812
380.326,279.659,167.725,192.892
379.357,280.321,167.843,192.356
376.356,280.056,167.614,191.731
376.000,278.977,167.323,192.598
376.706,280.604,167.677,193.003
379.625,281.740,168.227,191.555
380.530,282.477,168.838,191.492
381.898,283.564,169.420,192.305
382.658,285.981,169.542,191.832
382.924,287.463,169.345,191.920
383.636,287.371,169.720,191.797
383.219,288.954,169.674,192.621
383.981,289.910,170.519,192.069
383.796,290.669,170.430,192.009
383.808,292.221,170.402,193.300
384.537,292.866,170.560,191.907
384.999,292.195,170.183,191.506
386.726,294.365,170.728,190.242
383.988,296.117,171.249,188.890
384.892,297.480,171.239,188.182
383.316,298.833,172.077,187.849
384.567,301.145,172.611,189.154
383.367,304.148,172.226,189.628
383.755,306.008,172.868,190.320
382.856,308.053,172.333,190.321
380.611,310.736,171.723,190.649
378.016,311.446,170.190,190.164
375.942,313.585,169.973,190.160
377.060,313.534,169.973,189.655
371.782,314.631,170.346,189.862
368.929,317.599,172.199,191.162
367.601,317.325,172.333,192.219
364.653,317.917,171.100,192.985
362.353,317.363,169.590,193.213
361.445,317.446,170.791,193.663
357.414,316.510,170.198,194.601
354.501,316.925,169.551,194.148
353.808,316.693,171.175,194.626
354.886,316.855,173.083,194.639
351.821,316.466,172.379,194.915
351.298,318.710,172.169,194.505
352.586,318.698,173.893,194.797
350.490,319.198,174.364,194.700
351.126,320.541,174.234,194.779
350.732,319.273,174.651,194.480
350.469,318.404,174.719,194.203
350.170,318.518,173.932,193.495
350.643,318.167,174.564,193.405
347.473,316.925,171.949,195.364
348.159,316.808,173.114,196.064
345.426,315.789,172.859,197.724
343.627,314.953,173.184,197.650
342.931,315.341,174.438,197.762
340.978,313.424,173.190,198.185
341.879,313.990,173.727,198.029
340.387,313.936,173.578,198.345
344.120,312.565,173.935,197.885
345.418,312.458,174.515,197.655
345.685,313.066,175.900,197.629
348.913,311.585,175.707,198.416
349.168,311.760,176.119,198.000
347.898,310.432,176.005,199.431
346.420,308.605,175.640,200.626
348.608,309.318,176.648,200.059
349.225,310.117,176.379,199.411
350.919,309.783,176.840,199.830
349.051,308.945,177.559,201.341
349.068,308.323,176.423,201.905
349.785,306.417,174.870,201.446
351.237,306.495,176.248,201.210
350.096,305.632,175.112,201.009
348.497,303.693,174.438,200.912
349.036,303.392,176.044,200.813
348.818,302.396,176.731,200.701
346.879,301.600,177.841,201.253
347.382,301.207,178.394,201.613
348.341,301.407,179.013,201.427
349.807,301.336,179.583,200.884
348.335,300.097,178.070,202.006
346.185,300.458,179.039,202.974
347.113,300.722,178.572,201.784
348.218,301.386,178.720,201.169
348.370,301.027,178.502,200.978
345.103,299.547,176.531,202.587
347.941,297.936,177.769,202.058
347.143,297.383,177.005,201.708
346.688,295.829,176.634,201.344
346.485,295.341,176.297,201.490
347.756,295.883,176.333,200.838
347.858,295.355,177.040,201.525
348.276,294.626,177.776,202.055
347.354,295.728,177.728,202.151
349.916,294.847,177.904,201.351
349.139,295.559,177.639,201.723
350.143,294.039,177.368,201.069
349.749,294.615,178.204,200.726
350.823,294.138,178.681,200.399
350.796,293.946,178.807,200.461
351.135,292.898,178.232,200.203
348.331,292.515,179.574,201.362
348.759,293.976,180.921,201.175
349.670,292.497,180.221,200.132
348.742,293.710,180.912,200.346
350.403,290.729,180.912,199.998
348.920,291.179,181.435,199.414
350.388,292.089,180.854,199.353
350.764,292.923,181.042,199.031
351.181,294.571,180.792,198.459
350.545,298.718,182.287,197.813
349.061,297.838,182.435,198.460
347.161,299.629,181.500,198.184
346.367,297.591,182.374,200.668
342.897,300.197,181.751,200.136
345.519,295.472,182.763,201.850
339.765,295.828,184.216,201.517
342.946,295.791,183.144,201.571
343.774,295.704,184.386,202.312
344.524,296.763,185.699,203.126
343.296,296.927,187.629,203.188
344.103,296.606,187.368,203.986
343.718,295.764,188.352,204.623
343.076,296.753,190.095,204.063
339.952,297.612,188.018,203.792
342.073,297.246,189.886,205.095
342.477,297.895,191.376,205.311
341.820,297.821,193.762,205.909
342.004,297.795,194.515,206.434
341.940,298.921,194.545,205.939
343.133,298.741,194.917,206.777
340.710,294.301,195.178,207.206
341.632,295.999,196.217,208.269
338.640,293.168,197.220,208.866
340.528,292.343,197.625,209.514
337.028,291.752,199.447,210.132
339.618,290.736,198.955,210.127
334.800,289.268,200.094,212.363
337.817,285.060,199.760,213.818
341.112,282.528,201.494,214.922
339.286,282.275,202.999,215.488
340.701,280.753,202.372,215.478
342.661,279.583,201.925,214.570
345.601,277.755,202.188,213.779
344.440,275.747,204.373,214.575
349.973,275.714,204.539,214.311
353.291,272.117,203.004,213.791
352.666,269.327,204.430,217.119
354.372,267.271,203.196,218.305
355.901,266.926,202.690,218.689
358.998,267.552,202.676,217.108
359.108,265.314,200.575,218.073
360.188,267.372,203.725,217.142
359.088,266.220,203.503,217.667
359.352,266.563,203.729,218.988
359.727,266.209,203.164,219.338
360.556,266.689,205.386,219.463
360.527,268.261,205.180,218.061
360.520,270.111,208.209,216.674
362.006,269.024,210.497,216.725
361.173,271.383,211.910,214.508
359.828,270.421,216.432,214.254
356.899,270.382,215.045,212.978
361.292,270.089,215.420,212.919
358.207,269.696,215.960,211.750
355.718,268.405,219.495,212.040
355.978,267.500,217.818,210.938
356.157,267.368,220.481,210.275
357.163,267.308,217.677,207.576
353.612,269.517,218.972,206.392
357.786,269.319,217.860,206.694
355.107,270.798,218.691,206.197
354.923,268.522,220.519,207.250
358.654,269.101,219.250,207.365
356.530,269.463,219.109,206.654
355.060,267.087,220.104,207.099
355.143,267.924,220.984,206.657
357.686,266.365,221.126,205.823
355.305,264.320,223.486,205.264
356.532,265.693,223.360,203.600
361.062,265.902,222.638,200.722
364.612,265.825,215.797,198.232
365.486,267.129,216.142,196.831
370.424,268.115,214.824,195.518
373.817,266.854,211.183,192.069
381.284,267.796,207.544,189.649
389.257,269.233,202.772,185.962
389.995,270.007,199.911,182.460
398.046,272.359,195.757,178.603
405.299,272.813,189.466,174.459
408.191,274.868,184.737,171.029
413.666,276.300,180.692,166.636
418.990,276.766,176.800,162.574
424.424,281.031,171.463,157.895
430.716,281.797,167.092,153.776
437.289,283.982,162.409,148.911
437.350,284.859,161.952,146.032
443.867,286.720,158.904,142.694
445.575,285.434,156.999,139.578
444.555,285.769,156.885,136.560
452.295,285.563,152.182,134.083
450.431,285.575,151.444,131.576
448.812,285.885,151.410,129.762
446.255,287.486,150.998,128.294
443.029,288.075,150.842,127.605
439.585,288.661,151.194,126.556
435.014,288.897,152.358,126.103
432.021,289.684,153.049,126.909
434.368,289.214,151.611,126.671
431.554,290.161,150.731,125.900
431.179,291.108,148.854,125.156
429.124,291.777,148.464,124.757
430.164,292.691,147.272,124.684
430.900,293.408,145.297,124.199
428.173,293.553,144.805,124.146
425.613,294.056,144.629,124.242
427.630,292.491,142.216,123.986
432.134,293.378,138.799,124.534
427.192,294.233,139.090,123.328
424.507,294.217,139.845,123.622
428.015,294.635,138.079,122.712
429.873,295.516,136.979,123.159
432.916,296.334,135.372,123.039
432.923,296.127,133.842,122.390
434.699,296.849,133.650,121.215
435.108,297.619,132.934,120.621
434.366,298.170,133.420,120.246
436.139,297.589,133.089,118.843
439.611,298.672,131.830,118.834
440.339,298.996,131.254,117.735
442.901,299.693,130.669,117.588
438.574,300.382,132.842,117.725
440.918,300.694,131.756,118.212
433.677,299.768,135.938,118.505
432.851,299.250,135.875,119.973
433.219,298.433,136.266,120.581
432.113,298.949,137.293,121.920
427.210,297.356,140.072,122.367
427.886,296.072,141.550,122.715
429.550,296.698,140.885,123.674
433.441,295.280,138.277,124.802
427.642,296.196,141.096,124.819
434.619,291.384,139.646,127.569
430.801,289.824,140.500,131.468
423.818,293.256,144.420,132.151
425.227,290.465,145.409,133.687
430.259,283.909,142.876,138.468
430.597,282.896,141.835,142.605
430.366,283.227,141.473,145.977
425.365,284.829,144.199,147.118
429.460,282.445,143.322,149.180
416.697,284.603,147.792,151.555
423.079,278.739,146.960,155.193
418.338,283.103,148.882,155.313
413.603,286.596,152.436,155.637
423.801,279.708,148.457,159.553
411.373,283.503,151.323,160.449
409.564,288.494,154.015,158.733
397.652,287.083,160.463,157.990
407.626,288.478,159.270,158.170
392.907,293.162,166.324,156.517
391.160,292.876,170.336,157.089
390.701,289.003,171.386,160.070
379.615,296.033,178.567,158.451
386.162,296.173,178.658,159.326
379.860,293.631,181.335,161.771
391.599,298.883,177.699,161.225
376.598,301.699,182.746,161.361
370.853,298.764,187.776,163.924
363.332,304.864,195.123,163.355
