795.000,99.000,441.000,148.000
783.281,94.450,428.799,164.648
783.343,92.477,416.221,174.479
775.831,91.591,405.600,177.566
774.419,92.548,399.081,179.013
766.469,95.759,390.932,178.485
747.730,97.343,391.810,177.512
747.248,96.112,383.974,175.670
743.203,97.946,376.436,172.983
738.105,93.142,370.648,168.737
740.383,97.018,357.440,164.889
738.462,98.379,349.493,160.154
734.425,101.684,343.676,158.323
730.273,100.579,339.659,156.200
721.063,98.746,336.813,156.502
719.472,97.983,333.999,155.717
707.659,95.214,335.460,154.767
714.788,97.974,329.134,154.125
704.191,103.774,327.170,154.366
701.934,100.362,324.255,152.661
698.909,104.903,319.816,152.289
697.901,110.185,315.230,151.336
694.044,111.290,312.841,149.502
693.437,111.991,309.142,147.775
692.168,109.263,308.376,147.536
698.432,109.847,305.859,146.558
694.851,114.973,305.701,146.620
696.800,112.900,303.905,148.496
698.349,115.575,303.347,147.095
696.701,118.169,305.688,147.745
691.354,119.942,310.522,148.834
686.397,124.226,314.094,151.338
660.813,123.694,324.338,155.127
634.066,122.670,347.645,159.048
598.331,120.024,375.028,164.511
562.884,119.151,402.137,171.907
548.974,124.616,424.854,177.557
529.946,120.284,441.822,187.456
520.144,110.421,452.473,192.696
520.143,104.542,458.987,195.176
523.683,100.874,461.457,196.450
518.618,98.611,462.744,197.619
507.774,97.462,466.525,199.346
509.583,94.024,468.572,199.696
505.438,93.119,469.909,200.100
504.813,92.795,471.356,200.749
501.197,89.340,472.357,201.601
493.721,91.139,474.774,202.018
486.122,87.763,477.823,204.045
495.447,88.034,478.203,203.677
482.643,85.943,481.207,204.430
483.633,85.371,481.408,203.218
473.345,83.427,484.774,201.007
473.574,95.680,487.501,202.205
468.809,90.277,485.631,199.550
477.805,95.013,485.656,201.906
471.867,88.357,482.719,200.980
468.376,92.236,482.340,200.245
473.410,87.776,480.741,201.991
466.858,84.656,480.069,200.459
462.475,93.849,485.542,204.535
458.275,87.546,484.711,206.293
459.472,85.810,482.903,206.716
460.803,90.302,485.272,209.297
462.127,85.906,485.952,205.477
460.826,85.066,486.243,206.008
460.753,83.333,487.863,204.540
458.631,89.605,490.400,204.981
460.210,86.525,489.981,206.169
454.147,85.989,488.331,203.972
453.387,82.921,490.230,206.016
453.703,85.890,488.742,204.766
462.848,83.868,487.844,205.156
463.970,83.700,484.644,203.861
469.230,79.890,483.326,204.429
466.630,75.526,487.547,203.586
473.284,77.574,493.826,204.459
494.867,77.801,491.031,203.265
526.694,78.528,474.557,204.177
571.343,87.680,445.910,204.542
582.069,93.229,422.146,204.696
589.788,96.725,404.703,202.690
634.601,97.347,375.967,197.741
651.291,103.400,351.897,192.171
666.953,109.197,330.810,185.531
682.342,117.614,314.223,178.940
687.483,115.612,304.355,169.840
681.409,114.636,298.244,162.275
674.641,116.786,292.896,154.789
676.432,116.415,288.801,149.341
675.273,119.304,285.539,144.408
672.693,120.303,283.291,141.699
668.434,118.636,280.760,140.171
664.013,119.442,278.532,139.286
660.188,123.792,276.315,138.655
658.628,123.031,273.548,138.795
653.121,126.513,273.357,139.936
648.284,126.300,272.721,140.582
647.466,124.169,270.210,140.619
645.338,125.870,269.492,140.019
642.060,124.865,269.715,141.061
642.261,119.108,270.910,140.810
648.082,114.773,273.466,140.370
650.357,116.634,277.120,140.185
652.726,116.916,279.488,141.164
656.004,115.804,280.177,141.156
658.668,117.173,281.194,141.267
663.712,118.954,282.885,140.543
671.588,122.123,283.506,139.470
679.229,119.666,284.719,139.899
686.825,121.620,286.573,140.485
697.948,120.407,289.111,139.982
709.012,123.156,290.557,138.123
717.993,127.547,294.079,137.660
724.789,127.712,296.613,137.475
732.699,131.519,300.701,140.052
737.723,130.318,304.404,140.595
745.035,131.124,305.758,138.180
747.081,134.641,306.738,136.956
756.512,138.544,309.186,137.127
764.060,143.736,308.142,135.159
772.501,155.007,306.944,135.197
778.544,154.060,306.577,137.162
782.883,153.356,306.436,138.090
789.698,154.101,304.858,139.200
786.157,158.366,303.458,138.008
787.121,159.070,302.663,138.015
789.320,164.149,301.095,136.713
781.422,166.704,298.672,135.759
779.869,164.540,294.748,135.912
780.671,163.867,292.349,135.145
781.375,163.589,289.609,133.696
785.030,166.815,288.854,132.635
787.418,160.652,285.951,133.625
786.699,170.989,285.888,131.828
786.333,164.638,286.693,132.976
783.402,167.806,289.626,133.122
786.254,167.459,289.627,131.840
783.452,170.635,290.511,131.729
782.597,168.076,290.172,133.271
783.464,165.024,290.255,134.210
783.933,163.041,290.624,135.737
777.143,157.362,294.478,135.981
772.611,157.759,297.857,135.933
772.319,153.752,302.294,136.100
773.912,151.042,305.727,137.470
781.373,150.421,307.193,137.507
779.933,154.056,310.159,138.004
784.667,158.117,310.579,138.952
788.140,160.714,314.321,141.657
781.466,159.964,318.418,143.734
783.185,157.147,320.921,143.951
784.625,158.379,327.739,145.833
788.484,154.110,331.585,147.384
783.957,154.519,334.985,148.247
779.656,150.832,338.069,149.455
786.440,145.850,341.952,150.238
792.215,142.114,337.285,148.972
800.659,140.616,332.869,148.489
805.570,137.759,328.381,147.121
809.609,141.378,324.247,147.741
814.295,133.747,321.434,147.978
810.805,141.109,321.377,146.482
812.752,130.078,319.313,145.076
817.792,132.707,319.164,143.055
820.338,132.284,319.345,142.622
825.045,125.793,319.142,143.538
829.443,128.799,319.946,141.736
837.837,125.713,322.025,142.033
842.635,123.494,321.310,142.270
838.945,115.799,315.852,143.404
836.645,115.608,308.906,142.583
834.251,111.952,299.195,144.075
835.112,115.186,288.789,141.358
838.801,123.369,279.737,141.189
842.636,126.650,273.245,142.655
856.915,120.440,276.209,142.337
835.381,117.233,273.632,144.357
861.595,116.491,290.352,144.130
966.918,125.343,276.547,141.906
976.146,125.048,258.995,139.695
977.236,126.687,249.750,136.284
952.985,126.647,255.218,134.739
947.130,128.957,260.540,131.824
928.592,124.743,273.413,130.448
905.886,128.531,287.932,133.177
881.112,127.390,305.411,138.749
856.739,125.043,319.608,145.424
850.179,121.013,328.037,150.952
846.382,117.574,333.133,154.635
842.394,114.260,338.132,158.990
835.375,109.604,339.198,161.284
836.540,107.552,344.927,165.440
828.440,102.791,345.816,165.565
828.328,101.988,348.433,167.881
822.169,99.393,351.985,169.262
830.208,94.886,354.591,169.154
827.147,99.263,358.749,174.620
830.232,92.089,363.474,174.467
822.514,95.235,364.181,173.342
832.537,93.941,366.365,176.160
839.483,89.560,369.556,174.302
842.933,94.851,373.652,178.737
851.151,89.860,378.817,179.916
848.867,90.724,382.673,179.939
846.184,88.124,386.796,177.671
858.249,90.349,387.288,179.830
859.539,91.985,388.916,180.903
869.581,93.314,392.633,186.011
871.905,90.959,392.461,187.302
871.035,88.944,395.902,189.372
873.964,88.133,396.286,190.044
880.898,88.724,391.083,190.475
885.437,89.118,388.101,186.978
888.526,91.687,382.484,187.589
896.223,89.858,376.001,186.133
895.995,90.964,372.620,184.579
900.819,92.440,368.833,181.397
906.325,95.278,364.576,179.069
900.540,97.903,364.955,179.102
903.069,93.502,364.051,181.047
901.808,94.862,363.642,180.136
906.159,92.045,362.835,178.305
907.083,93.174,362.326,175.293
911.095,96.565,359.374,171.954
917.750,95.898,360.129,173.108
918.242,92.246,358.978,169.203
924.188,96.701,354.935,165.404
933.315,102.358,350.839,166.311
933.887,97.729,349.241,165.664
935.657,103.444,346.712,166.743
934.119,106.687,346.267,167.174
935.610,108.243,345.831,168.151
932.847,113.927,341.680,166.004
937.613,113.126,342.046,167.471
934.188,115.897,345.876,166.782
929.988,119.421,350.318,167.756
930.896,121.815,352.579,168.757
924.742,123.046,359.416,171.350
917.896,125.739,360.519,171.308
914.789,130.082,364.124,173.008
905.248,134.991,366.850,176.076
898.720,131.904,370.699,175.240
891.587,138.444,374.839,176.604
887.032,135.564,378.434,180.673
870.999,138.547,382.253,181.125
862.615,136.573,382.674,182.096
855.377,135.166,381.616,181.800
843.807,136.257,379.432,181.311
833.764,139.840,376.462,181.065
824.142,137.096,372.734,180.068
817.756,136.203,367.328,177.587
808.133,137.133,363.509,176.304
798.592,137.480,357.873,175.253
788.540,137.976,353.167,173.827
778.036,137.502,347.871,170.208
768.094,136.777,341.914,165.862
763.160,139.529,336.906,162.190
757.025,139.625,332.448,159.316
748.857,140.616,328.418,156.817
742.651,139.984,323.929,154.260
737.947,141.179,320.535,152.565
734.593,137.212,316.640,152.671
733.406,135.393,313.977,154.788
730.760,135.424,310.887,155.433
726.304,134.989,307.328,154.963
722.824,134.200,304.557,156.811
720.969,132.051,301.884,158.112
718.708,130.698,299.228,157.284
717.150,133.872,296.011,156.908
717.738,133.007,293.855,156.341
714.311,133.784,290.917,153.161
710.406,135.726,289.080,151.958
708.064,137.445,288.792,151.134
701.020,134.874,287.674,151.137
694.110,136.244,286.853,150.739
689.348,135.551,285.661,150.497
683.830,136.055,284.354,149.746
677.243,138.278,282.886,150.329
675.948,135.449,280.848,149.555
672.873,134.644,280.937,149.951
661.036,133.818,281.807,149.271
662.254,131.007,281.665,147.898
650.598,129.012,284.994,148.969
652.067,125.831,283.805,149.482
643.409,123.115,283.156,147.452
647.622,124.039,279.310,148.616
641.991,122.770,276.420,149.418
644.448,121.439,272.680,151.090
642.603,119.144,272.227,149.526
644.697,119.424,272.380,150.525
642.263,121.369,275.446,150.170
642.106,116.455,278.199,150.019
644.527,117.933,280.101,151.549
646.666,115.625,285.427,151.113
653.878,114.401,285.372,151.354
653.118,118.458,287.012,151.395
650.158,121.466,288.609,150.360
649.093,127.492,292.091,149.629
644.062,126.932,294.330,151.326
641.943,119.219,294.962,151.285
639.769,124.147,296.659,150.850
639.022,123.064,302.145,153.001
630.937,120.947,305.297,155.491
632.717,113.226,307.328,157.235
625.125,110.388,305.750,160.787
622.984,106.829,305.046,161.817
622.695,102.017,305.981,161.726
618.195,100.472,306.811,161.188
616.816,102.464,309.192,161.389
612.816,102.475,309.139,162.770
601.756,101.618,309.169,160.415
596.339,100.734,309.431,159.747
589.744,99.355,313.263,159.547
597.968,95.934,310.972,161.017
598.207,101.964,315.778,160.702
582.870,104.582,321.661,159.599
582.747,104.666,328.535,160.183
593.190,107.236,326.162,160.016
598.802,107.431,324.002,160.603
602.968,108.612,323.139,160.993
605.091,107.243,321.351,162.534
604.632,110.158,321.763,161.808
606.387,114.514,320.659,160.155
606.177,111.374,318.037,160.240
606.492,113.699,316.553,159.957
605.869,108.619,313.199,160.523
609.776,109.062,316.121,160.096
602.926,112.171,311.119,158.741
602.419,111.277,304.860,157.987
600.843,108.553,301.163,157.963
603.358,107.061,298.795,159.076
609.285,105.902,295.442,159.854
608.675,104.395,294.604,159.113
605.837,104.773,294.076,157.952
594.069,103.686,303.619,157.016
574.517,104.296,320.515,156.482
586.385,106.749,321.726,156.345
581.130,106.183,329.551,157.138
584.538,104.416,333.327,155.604
602.937,103.895,326.878,155.318
604.649,106.721,322.574,155.855
610.553,103.739,321.172,156.832
602.886,104.643,324.387,156.827
604.512,103.617,325.339,159.590
607.190,103.826,325.677,161.677
605.660,100.399,325.594,164.880
606.803,98.507,324.917,167.654
604.948,101.108,326.675,168.991
605.568,96.274,330.538,172.455
604.120,93.225,335.052,174.875
597.075,91.126,340.475,175.629
600.166,91.295,341.078,176.551
593.299,90.869,344.662,176.641
594.982,92.526,348.824,176.657
584.009,89.100,355.299,178.989
588.823,86.514,361.193,180.985
581.272,86.337,360.185,181.765
582.338,83.562,360.322,184.802
579.531,81.576,362.559,186.695
583.107,76.873,367.683,189.127
581.624,70.727,372.258,190.792
587.141,70.217,376.284,194.187
582.453,66.881,379.362,196.375
584.292,66.136,384.520,199.702
588.572,63.806,386.483,203.040
593.008,61.927,391.862,206.204
594.227,60.057,399.866,210.191
595.617,58.305,409.740,214.510
594.935,54.488,416.676,218.216
595.200,53.014,425.587,223.602
588.995,51.802,435.969,225.532
588.386,53.348,443.990,226.662
590.516,53.784,446.874,228.118
595.952,55.315,447.463,231.519
586.781,55.508,444.943,233.343
600.371,53.631,445.659,236.278
601.341,52.654,447.104,238.290
604.466,58.149,446.211,240.763
605.378,66.449,449.068,242.703
610.609,66.764,449.293,244.830
611.440,68.625,451.203,245.496
615.302,68.864,451.773,247.516
617.279,76.418,455.306,245.947
618.413,76.748,457.765,245.353
621.540,75.778,459.949,245.578
632.277,69.122,462.393,245.035
641.462,66.627,462.010,243.471
641.034,59.951,465.189,247.305
644.228,61.013,469.137,248.596
654.092,53.052,470.577,251.401
661.219,54.978,471.629,250.496
664.267,58.218,473.580,253.457
674.476,42.302,476.994,251.849
671.863,52.979,481.508,253.073
680.056,46.609,486.165,256.271
678.365,44.383,488.003,256.820
684.878,39.290,489.873,256.385
685.670,33.949,488.240,255.653
684.835,41.592,492.527,256.349
682.728,33.369,484.978,258.591
685.523,38.740,491.691,257.244
683.441,43.660,493.349,256.113
684.853,45.907,493.363,254.752
679.031,49.391,491.423,251.301
681.777,50.921,490.492,249.554
680.224,53.633,489.408,246.142
678.859,53.089,480.073,242.255
673.805,55.590,465.105,239.309
677.907,58.889,463.804,237.083
682.455,60.245,462.280,237.249
674.228,59.608,452.262,239.081
686.275,56.875,446.827,239.098
687.172,59.063,449.739,236.028
699.111,59.889,457.589,234.737
697.109,63.279,461.002,233.624
699.791,66.860,463.729,234.934
702.289,58.459,468.289,235.382
705.517,61.273,477.938,234.987
706.062,57.133,480.539,241.079
705.568,61.123,485.211,246.581
706.575,48.696,489.498,241.698
718.224,61.492,496.158,242.154
710.723,60.542,490.957,246.937
719.777,57.475,489.935,245.108
726.654,57.248,494.022,251.340
736.893,61.065,497.405,253.480
732.867,58.844,495.987,258.343
741.219,56.649,487.113,259.961
745.567,58.727,491.201,259.059
751.507,56.101,496.109,258.781
748.808,61.055,494.609,257.363
748.033,55.700,496.513,255.522
755.494,61.866,500.834,255.324
748.538,57.623,502.331,254.023
750.632,65.499,502.929,253.180
752.021,61.044,495.425,254.175
752.062,57.111,493.801,256.399
754.485,58.126,496.305,254.031
754.985,63.035,496.181,255.449
762.142,54.977,494.134,253.168
764.616,65.024,491.974,253.084
770.824,62.426,489.656,255.952
766.387,57.877,491.798,253.910
771.111,58.169,488.883,256.312
767.668,63.837,489.547,255.816
766.377,60.509,493.078,257.487
769.189,57.776,488.536,259.371
774.371,58.843,487.536,261.494
763.714,53.904,484.176,262.264
768.635,55.547,486.756,262.082
773.603,57.433,489.601,265.338
762.519,50.335,490.740,264.691
757.534,53.954,494.873,259.510
763.616,53.013,495.164,259.657
763.452,54.852,497.562,259.955
769.522,53.999,492.835,260.401
773.753,60.503,492.288,260.053
774.411,59.904,494.661,259.350
768.343,60.419,499.389,261.260
767.239,63.284,502.829,262.832
758.274,61.284,499.405,260.555
763.211,62.886,500.058,261.811
760.913,62.005,502.555,263.850
763.144,63.813,503.458,263.386
764.835,57.673,500.415,262.767
765.747,63.345,498.675,262.418
762.820,63.579,497.284,261.891
769.094,63.656,495.366,263.236
772.517,67.147,496.529,262.686
763.147,68.139,495.605,259.986
768.249,67.848,492.918,257.151
759.456,71.765,493.936,250.532
764.303,77.558,496.050,247.353
762.838,78.069,497.712,245.361
759.739,80.764,497.812,242.186
757.465,84.148,500.526,245.291
754.014,85.025,499.062,243.912
754.448,86.723,496.651,247.771
767.089,86.390,495.647,250.619
763.091,86.267,496.831,251.739
761.187,83.952,497.650,254.992
757.328,83.897,500.083,256.754
761.228,85.997,500.368,257.896
768.818,73.389,497.042,258.876
766.719,85.691,496.399,257.839
768.592,88.313,495.610,258.515
765.272,87.559,495.544,256.540
768.005,87.511,492.518,256.285
772.315,87.721,490.620,253.399
769.108,89.590,489.343,251.350
769.032,92.972,488.660,248.455
763.055,91.426,491.014,246.717
771.096,102.954,489.635,244.253
766.478,95.355,489.931,241.912
768.025,103.848,487.808,236.919
774.504,106.112,487.249,236.713
771.319,102.809,488.727,242.311
765.939,104.352,488.109,241.149
770.138,98.772,487.625,244.702
768.037,95.836,486.281,247.036
773.020,101.233,486.508,245.195
772.619,90.069,485.634,243.860
772.189,103.561,486.298,242.756
773.947,88.923,484.089,244.380
779.514,107.045,483.022,243.189
779.948,95.819,480.992,245.029
777.331,111.234,480.427,244.561
774.384,95.175,482.462,247.806
775.956,110.918,484.167,249.541
770.965,97.509,485.218,248.090
773.870,116.991,488.213,247.858
764.351,96.587,491.090,245.939
772.714,110.835,490.680,246.331
761.163,98.935,494.424,246.359
768.292,109.082,495.258,246.403
765.793,101.326,495.695,251.927
766.774,104.147,492.620,254.247
774.353,94.848,491.225,258.796
768.678,101.105,488.185,258.289
772.678,95.417,488.991,257.693
766.226,106.559,492.169,254.941
779.963,93.863,487.042,259.182
776.813,110.897,488.557,255.390
779.408,100.922,485.995,257.294
774.178,111.426,489.016,258.056
775.865,97.685,486.626,259.488
773.080,103.472,485.533,257.794
788.041,100.274,480.470,259.136
777.386,97.441,481.681,259.425
780.048,95.551,481.760,255.256
785.331,99.955,474.840,253.379
787.240,95.509,471.957,252.118
790.270,97.121,470.006,252.260
794.471,92.867,467.794,251.364
795.227,94.178,463.173,249.733
791.943,91.156,465.897,246.977
781.925,94.685,467.891,244.498
787.427,96.606,469.255,241.290
786.127,94.564,468.406,242.794
785.514,98.270,466.509,242.638
789.294,92.621,468.730,242.722
785.680,98.831,471.168,241.829
792.270,98.129,467.519,242.321
780.506,93.793,472.081,243.273
774.530,92.995,479.587,245.104
778.395,97.905,481.659,245.749
771.643,83.802,479.342,244.833
773.141,97.844,482.714,243.637
766.385,85.142,481.589,241.936
768.776,96.422,481.929,244.058
757.748,84.034,485.270,242.305
766.854,94.709,485.005,243.024
757.490,80.594,487.304,239.525
754.757,93.138,488.733,240.557
750.224,88.308,492.430,245.592
751.195,82.890,491.153,246.180
753.190,79.977,490.976,250.747
749.144,85.361,492.049,251.034
756.864,78.595,490.042,250.722
750.025,80.281,492.513,250.645
749.128,77.436,491.660,250.317
758.357,81.670,490.138,248.373
751.716,76.672,493.376,247.195
754.091,78.420,493.316,245.882
755.190,86.981,493.641,246.566
748.361,82.379,494.058,245.581
752.111,82.261,491.710,245.761
753.313,80.787,491.898,246.975
752.040,79.989,490.960,247.618
749.634,82.357,489.729,247.202
746.482,81.618,489.487,248.031
746.284,81.802,489.225,246.023
743.434,80.854,487.430,240.613
745.932,96.252,483.478,237.818
