94.000,117.000,1183.000,353.000
113.019,109.683,1143.510,359.376
119.365,113.998,1107.421,355.963
140.294,116.718,1081.160,349.945
162.380,123.906,1071.513,346.062
174.440,125.678,1044.196,343.265
198.771,132.981,1023.662,339.144
203.971,133.704,998.460,330.763
227.844,139.069,989.071,332.954
236.385,143.326,964.683,322.756
259.204,148.548,956.206,317.393
267.338,155.325,941.307,313.044
275.625,159.053,929.125,306.998
281.754,163.490,919.196,304.596
276.432,169.464,903.315,300.541
297.991,174.684,888.120,296.518
319.841,174.707,873.088,293.718
320.051,176.273,854.509,290.679
328.796,180.106,837.316,284.766
333.816,179.582,823.788,279.870
316.093,185.531,809.384,274.664
346.827,185.010,793.803,273.564
336.463,190.868,786.336,266.025
339.243,198.123,769.339,259.907
356.890,194.585,764.988,257.198
320.980,197.019,764.727,254.234
302.248,199.282,768.004,250.898
322.934,203.374,753.197,246.850
322.521,203.203,756.475,244.822
274.672,199.886,774.233,242.605
283.748,205.070,774.306,241.276
270.422,201.175,781.005,238.072
262.446,211.516,785.726,231.793
273.328,204.541,779.244,232.069
271.168,209.134,768.055,227.635
280.253,210.055,754.742,227.732
275.855,212.799,749.206,226.258
290.879,208.430,740.186,221.268
258.647,209.326,733.138,218.919
278.451,217.442,729.140,213.652
298.211,214.156,733.306,212.078
278.113,219.784,729.233,208.524
278.957,223.897,715.738,202.454
295.926,229.929,709.703,197.540
228.328,230.058,741.299,197.443
250.634,225.776,780.398,196.951
247.463,232.508,819.890,193.917
224.097,230.274,861.839,190.684
203.290,232.659,907.251,189.471
224.458,232.231,943.492,190.402
161.008,225.800,979.839,189.694
164.036,239.740,1003.854,192.937
178.382,229.962,1026.256,196.210
132.065,225.537,1043.580,197.840
133.687,228.016,1056.406,198.529
136.686,228.578,1060.514,199.837
156.214,232.196,1061.562,202.879
131.248,226.740,1072.560,205.202
137.558,231.962,1073.778,207.014
142.661,230.229,1074.470,207.947
145.261,232.113,1074.268,209.869
144.023,226.218,1066.384,209.872
124.499,235.883,1070.613,209.110
121.017,233.670,1082.214,210.090
121.970,229.559,1079.177,210.864
139.301,239.847,1072.453,213.414
133.541,239.645,1092.131,216.042
123.315,239.158,1097.544,217.522
130.122,234.922,1098.261,217.984
131.206,240.032,1097.915,219.117
109.453,236.962,1109.559,217.993
119.861,242.060,1104.058,218.434
132.820,239.509,1098.396,218.322
131.548,237.323,1097.830,218.496
120.645,236.476,1104.006,217.992
113.421,233.544,1102.243,218.714
136.579,234.402,1103.661,220.673
126.044,232.171,1101.355,221.055
136.557,239.213,1091.881,222.573
127.465,228.915,1099.156,218.046
156.666,230.494,1093.126,220.001
150.069,230.414,1087.990,218.149
145.521,228.539,1085.971,219.954
157.349,224.228,1078.127,221.171
142.894,239.395,1081.384,221.562
148.043,223.152,1081.195,219.929
126.684,225.948,1087.345,219.024
151.699,243.161,1081.595,219.776
115.177,229.119,1093.230,216.571
145.538,245.800,1083.536,220.061
134.142,241.464,1086.380,216.772
136.513,227.386,1087.404,216.500
116.908,239.372,1091.018,218.308
165.854,234.887,1083.286,220.646
118.273,237.332,1087.942,219.454
142.969,233.602,1079.281,218.388
178.926,232.110,1070.501,220.767
158.729,226.621,1070.510,220.772
166.218,231.034,1062.197,220.069
167.625,235.950,1062.852,220.997
171.438,223.817,1061.184,218.534
147.922,233.047,1065.416,218.233
185.877,219.784,1062.179,217.813
140.151,238.013,1067.836,219.516
179.676,242.190,1073.275,218.962
130.920,225.192,1078.334,217.153
180.924,231.319,1070.772,220.140
166.131,225.610,1067.031,219.978
167.383,218.570,1068.027,219.633
165.581,213.423,1067.996,222.548
161.170,217.990,1065.057,224.037
156.370,215.792,1070.589,224.014
164.226,214.573,1069.153,224.898
156.293,203.945,1070.026,226.321
166.500,198.843,1068.531,228.972
151.910,208.264,1065.880,231.965
162.413,209.864,1066.404,233.942
143.632,207.054,1074.178,234.752
149.428,200.947,1076.023,233.459
162.979,201.714,1072.694,234.147
166.218,195.010,1064.233,236.658
139.096,211.410,1068.978,236.890
165.456,213.832,1067.581,233.242
166.218,212.785,1064.555,231.788
146.545,214.139,1065.814,229.782
166.671,211.049,1068.010,230.285
179.569,200.161,1064.099,230.473
171.253,195.808,1062.103,231.268
144.671,206.098,1063.387,230.500
154.432,206.760,1069.659,232.856
154.158,208.383,1074.709,230.219
158.996,194.777,1076.517,231.724
148.846,196.879,1077.902,231.805
162.499,182.779,1079.098,233.365
144.210,210.419,1080.125,232.859
173.840,201.951,1075.904,233.040
166.058,188.457,1069.104,235.088
186.769,187.913,1060.956,235.261
203.090,189.306,1055.638,235.338
181.484,199.967,1053.137,234.153
193.356,188.660,1050.458,233.663
176.766,204.869,1049.978,233.838
166.494,204.023,1052.199,236.407
164.039,197.686,1051.966,237.581
192.696,173.345,1050.969,238.800
147.046,203.023,1055.772,238.798
174.176,191.354,1058.127,241.132
206.562,183.801,1050.186,238.912
170.793,210.697,1055.400,240.394
171.651,184.854,1056.888,241.884
167.666,210.025,1057.278,243.230
175.618,191.871,1055.806,244.216
163.369,196.706,1054.060,249.058
190.396,196.352,1055.219,249.038
182.903,193.143,1057.573,249.837
184.194,189.132,1051.240,252.810
162.364,214.377,1051.358,253.047
180.987,181.143,1051.762,251.368
172.135,200.259,1056.233,252.756
166.689,200.817,1060.386,254.612
161.503,175.764,1063.914,255.134
176.323,222.639,1064.864,255.786
195.068,188.298,1064.971,254.062
179.819,181.078,1069.733,257.743
187.611,201.075,1062.164,259.227
155.692,167.528,1063.271,258.980
139.743,192.307,1068.011,259.639
161.187,168.448,1069.692,260.524
169.348,227.845,1067.294,262.145
158.051,162.450,1066.320,263.587
149.796,197.493,1066.604,266.026
164.396,183.164,1067.016,264.642
180.946,145.342,1065.980,263.383
166.554,174.386,1068.023,262.971
170.074,175.748,1067.757,262.408
181.848,177.808,1062.183,263.200
190.140,150.662,1058.084,261.167
174.716,164.349,1056.411,260.899
154.666,184.713,1059.098,262.383
202.168,158.345,1060.776,263.210
170.305,212.652,1060.683,266.688
178.304,167.683,1065.152,266.673
164.151,167.195,1065.192,264.634
148.558,208.347,1067.339,266.467
166.701,177.817,1070.819,267.229
178.974,163.429,1067.968,266.180
162.172,173.964,1070.188,265.020
163.397,153.174,1073.190,264.318
148.861,149.501,1073.775,262.543
163.811,192.543,1075.487,264.156
162.751,158.110,1073.756,266.932
152.413,140.793,1073.599,265.021
172.777,196.037,1073.832,266.145
170.711,178.160,1072.025,266.620
169.247,172.000,1070.325,267.552
170.912,152.064,1069.444,267.050
184.088,134.137,1067.390,265.372
170.458,206.187,1074.886,265.570
153.177,199.259,1078.708,265.190
169.552,98.200,1075.639,263.629
159.442,190.332,1074.162,263.878
180.013,188.493,1070.186,266.428
187.378,198.245,1070.082,267.318
181.096,128.609,1062.204,269.466
176.149,212.536,1069.546,268.153
155.129,228.721,1076.402,269.029
151.165,210.572,1077.265,267.329
166.448,197.505,1083.295,268.002
130.105,203.991,1081.734,272.581
141.035,196.372,1083.453,274.121
156.493,190.674,1084.868,273.908
105.035,256.072,1086.288,282.258
132.502,235.720,1085.187,287.418
153.817,142.497,1086.419,284.332
148.202,182.161,1087.026,288.048
132.634,203.347,1085.387,288.184
137.617,234.157,1090.980,284.625
124.234,141.036,1087.805,284.501
120.964,215.143,1087.430,291.741
138.932,225.455,1091.448,289.361
118.434,180.149,1090.947,291.179
122.597,205.131,1092.971,290.463
151.426,198.568,1094.771,289.396
142.674,224.018,1100.023,286.833
136.026,194.194,1101.834,285.386
94.919,205.628,1099.851,288.270
132.474,236.930,1102.391,286.427
118.200,243.678,1104.368,289.025
130.713,215.819,1099.023,292.049
147.083,141.452,1097.726,290.833
111.832,184.880,1099.384,291.218
118.111,204.174,1098.850,292.105
124.132,255.787,1102.946,294.987
129.870,216.827,1102.811,297.333
106.829,196.041,1105.710,295.155
125.686,204.137,1106.406,294.078
115.988,211.158,1109.810,292.427
132.474,199.537,1108.107,297.826
116.487,208.140,1110.724,295.630
123.766,211.802,1111.787,297.844
117.611,171.024,1111.555,299.346
111.531,216.377,1110.625,300.228
119.048,180.392,1113.295,300.018
100.926,209.278,1112.321,297.538
130.537,196.828,1114.931,294.938
100.750,221.627,1118.314,294.583
99.979,211.830,1119.493,296.262
111.681,215.147,1119.892,293.501
98.150,240.012,1123.734,293.125
78.951,246.811,1121.949,300.048
120.668,242.090,1124.057,295.632
104.805,222.489,1124.235,293.976
110.569,191.283,1125.587,294.296
100.579,226.229,1124.286,290.957
99.244,226.504,1124.885,291.098
94.112,236.798,1125.898,289.635
93.841,232.014,1126.051,285.839
91.460,243.725,1127.899,288.889
89.792,239.651,1126.097,289.294
89.163,221.724,1123.594,289.652
76.490,250.240,1127.961,289.817
107.808,227.242,1126.627,286.669
113.169,224.736,1123.543,292.159
95.410,239.725,1126.089,293.898
111.795,239.616,1126.752,292.528
101.251,231.615,1125.628,295.715
100.536,237.972,1129.966,292.042
84.751,222.063,1126.948,298.581
115.364,228.197,1128.085,296.288
83.313,246.464,1128.514,296.682
100.179,229.286,1130.815,295.896
96.854,249.811,1131.251,297.124
89.205,207.648,1128.539,297.092
103.754,223.878,1127.825,297.510
98.352,270.835,1128.179,299.664
107.758,244.423,1127.699,299.251
111.428,238.911,1130.127,298.868
69.995,247.915,1130.708,301.526
87.468,229.930,1131.886,301.691
100.030,245.961,1129.787,301.183
72.827,250.626,1130.995,306.777
81.798,211.374,1128.735,309.473
81.639,277.417,1132.416,306.961
102.368,272.250,1133.028,306.564
105.151,234.808,1131.316,303.701
85.034,280.794,1132.749,304.093
95.029,261.491,1132.146,304.928
103.593,221.799,1127.799,302.764
110.573,245.231,1126.226,300.648
109.924,261.359,1127.024,300.740
104.629,254.823,1133.664,295.036
71.074,255.647,1136.619,299.032
91.608,232.320,1133.968,299.016
86.194,286.891,1128.989,307.642
104.452,251.745,1126.739,305.647
78.563,231.164,1126.522,309.470
104.298,257.249,1128.396,306.851
74.412,266.505,1133.163,305.585
99.989,238.450,1129.447,303.633
87.743,282.296,1136.416,303.798
94.910,259.406,1135.984,303.656
90.638,271.492,1137.615,305.932
70.996,263.310,1136.466,308.461
91.995,246.007,1135.860,309.157
64.885,306.170,1134.728,320.840
77.368,274.722,1133.740,325.836
85.335,244.852,1130.454,324.837
86.601,266.934,1131.292,326.553
82.435,255.495,1131.506,325.142
90.162,229.025,1132.701,321.129
97.633,274.290,1133.160,324.731
90.775,233.988,1129.668,323.594
89.270,219.336,1129.164,324.328
108.840,241.010,1131.150,318.579
54.009,231.237,1134.901,324.941
128.896,222.888,1136.422,315.228
61.456,267.393,1140.524,317.546
96.521,248.551,1139.651,311.015
72.894,220.198,1138.108,315.941
77.293,276.685,1137.454,320.048
86.669,254.680,1135.207,319.211
86.037,243.608,1135.154,317.436
109.622,232.254,1132.715,317.102
95.607,258.260,1133.129,311.078
92.344,246.258,1134.720,306.868
81.526,253.995,1133.760,304.961
149.305,216.196,1131.172,302.476
85.788,291.822,1130.673,303.203
71.770,264.859,1128.783,309.537
118.531,218.002,1128.379,306.441
