829.000,57.000,92.000,74.000
825.108,59.292,92.989,74.815
825.566,63.642,93.073,75.644
825.535,64.799,93.125,75.867
826.567,64.987,93.216,76.304
827.766,64.828,93.471,76.848
829.763,61.389,93.228,77.021
830.894,57.593,93.235,76.725
832.365,54.445,93.099,76.973
833.331,53.785,93.363,77.255
834.806,52.749,93.368,77.445
835.360,52.701,93.480,77.273
836.156,52.729,93.509,77.240
836.838,53.324,93.655,76.940
835.800,54.029,93.656,76.725
834.985,54.578,93.401,76.679
833.663,54.958,93.228,76.725
832.462,56.443,93.259,76.295
831.005,58.206,93.144,76.668
829.198,60.799,93.184,76.571
827.700,62.869,93.173,76.109
825.549,64.107,93.375,75.833
823.801,64.843,93.456,75.750
821.793,65.467,93.500,75.404
820.655,65.589,93.342,75.284
819.864,64.795,93.153,75.263
819.264,62.998,93.222,75.409
818.450,60.987,93.638,75.760
817.232,60.336,93.723,75.870
815.683,60.280,93.801,75.985
814.104,60.024,93.787,76.167
812.977,57.945,93.985,76.922
811.382,56.558,94.052,77.321
810.215,56.332,94.019,77.361
809.075,55.559,94.047,77.596
808.089,54.651,94.136,77.778
807.433,53.202,94.313,78.109
806.323,51.369,94.339,78.047
805.088,50.054,94.402,77.683
803.804,48.548,94.407,77.597
802.763,48.566,94.309,77.412
800.955,49.369,94.510,77.571
800.067,50.174,94.397,77.939
798.923,51.097,94.666,78.357
797.328,57.154,94.830,78.381
795.734,66.364,95.212,78.541
794.596,74.691,95.096,78.975
792.746,81.613,95.039,78.598
790.834,89.226,95.138,78.507
790.046,97.112,94.977,78.412
788.586,104.007,94.786,78.005
787.017,110.371,94.356,77.664
785.067,115.839,94.146,77.825
783.905,117.975,93.950,77.550
784.091,118.037,93.677,77.177
784.509,117.235,94.081,77.219
784.248,118.713,94.320,77.028
784.718,118.011,94.618,77.057
785.299,115.491,94.746,77.421
787.182,112.133,94.545,77.410
789.219,108.710,94.189,77.725
791.215,106.196,94.135,78.012
793.056,103.529,93.976,78.074
794.464,99.712,93.603,77.827
794.787,95.753,93.691,77.646
794.038,91.836,93.934,77.418
792.486,87.198,94.123,77.372
789.209,80.939,94.133,77.183
784.500,73.150,94.046,77.260
779.239,64.646,94.440,77.338
776.002,57.436,94.277,77.649
772.960,52.556,93.795,77.734
770.721,51.001,93.715,77.708
767.275,48.933,93.548,77.996
762.625,47.916,93.152,78.261
757.521,48.778,92.766,78.486
753.585,49.144,92.622,78.574
750.828,47.388,92.840,78.916
749.701,43.982,92.700,79.033
748.974,41.118,92.720,79.172
747.934,42.779,93.389,79.555
747.398,47.465,93.312,79.698
745.483,53.569,92.956,79.285
742.591,59.080,92.077,78.505
739.136,63.325,91.358,78.195
736.745,67.568,91.161,78.026
734.422,71.685,91.297,77.932
733.130,73.593,91.547,77.492
733.476,75.325,91.545,77.253
734.495,75.743,91.319,76.952
735.848,75.222,91.451,76.944
737.050,73.912,91.835,76.751
737.861,71.816,91.965,76.682
738.647,70.023,91.972,76.347
740.672,69.075,92.218,76.403
743.017,66.369,92.281,76.987
745.144,62.772,92.546,77.244
747.218,58.829,92.450,77.160
749.008,56.461,92.651,77.254
750.961,53.439,92.705,77.510
751.689,50.288,92.685,77.173
751.515,49.800,92.733,77.331
751.541,50.998,92.546,76.930
750.419,52.423,92.495,77.026
748.861,52.672,92.268,77.057
747.086,52.309,92.188,77.157
745.403,52.329,92.276,76.993
744.551,52.305,92.252,76.854
744.266,51.449,92.535,76.558
744.936,49.181,92.564,76.548
745.141,46.960,92.986,76.399
746.473,44.793,93.233,76.207
748.884,41.228,93.065,75.858
751.984,36.939,93.144,75.228
755.315,32.570,93.617,74.170
758.072,28.463,94.414,73.810
760.493,24.578,95.207,73.542
762.203,21.070,96.288,73.332
763.559,18.111,97.765,73.323
762.874,17.495,100.200,73.740
759.719,16.681,103.389,74.560
754.909,14.459,107.620,76.945
751.139,10.416,111.808,80.243
748.959,5.415,115.945,85.146
749.619,2.655,118.446,89.142
752.005,1.592,119.884,92.953
753.766,1.619,120.970,96.449
755.845,5.389,122.520,99.432
757.397,14.835,125.651,101.927
758.720,25.429,128.416,104.037
758.514,33.843,130.976,105.276
756.892,41.575,132.682,106.247
753.795,47.209,133.622,105.499
750.449,48.559,135.110,105.397
747.897,47.744,137.139,104.935
745.785,50.914,139.388,103.118
745.492,53.368,141.758,102.948
744.867,50.518,145.090,104.654
745.387,47.255,147.947,106.605
744.461,43.257,152.454,109.872
747.282,40.017,155.651,112.956
751.146,35.148,158.178,114.808
753.749,31.752,160.370,119.011
755.612,26.851,162.422,121.975
756.485,23.323,163.390,122.141
755.198,20.072,164.354,120.106
749.856,29.777,164.561,124.579
749.891,21.631,165.367,122.339
748.472,28.058,166.363,120.840
745.994,31.754,169.222,119.458
743.448,31.767,171.577,117.864
740.955,35.843,173.719,118.885
738.298,37.184,175.565,118.948
733.902,39.716,178.060,119.876
730.518,39.292,179.403,120.922
729.142,40.376,179.897,122.122
729.203,41.393,178.293,123.017
728.250,42.397,175.121,122.744
728.192,45.738,171.395,121.749
728.563,49.843,168.240,121.806
729.026,52.972,167.970,121.924
726.875,53.717,165.932,121.467
727.828,57.073,166.337,120.759
729.352,58.732,167.695,118.931
729.756,58.479,169.115,114.897
728.680,63.828,169.721,113.626
729.546,66.744,170.376,112.812
728.984,68.979,171.522,111.217
729.569,70.808,171.992,107.646
729.754,74.631,172.990,106.115
729.481,77.418,174.711,107.842
730.551,78.335,176.122,110.614
730.796,77.169,177.400,115.513
733.045,74.462,176.179,119.971
735.482,72.977,175.360,123.139
736.457,72.985,171.037,125.199
740.505,73.241,168.751,126.922
740.826,74.316,164.403,127.453
741.043,76.694,161.724,127.596
742.950,78.422,160.187,127.073
739.294,80.092,155.271,126.290
740.872,84.012,152.986,124.898
736.904,85.183,150.472,123.536
739.070,87.683,150.267,121.716
737.287,89.957,149.430,120.137
734.760,93.696,148.439,118.437
731.658,99.196,148.481,118.627
726.761,103.624,148.060,122.061
723.818,103.221,147.494,127.273
721.669,103.178,147.323,133.417
722.712,101.963,146.473,137.792
722.235,100.776,145.671,140.167
718.943,100.712,140.948,142.563
712.984,101.694,133.234,143.950
710.242,101.520,125.317,145.408
711.813,102.915,118.660,146.420
715.571,102.821,117.741,145.814
710.698,103.598,114.711,144.665
708.259,106.627,113.045,143.741
706.118,107.493,111.433,142.172
702.446,110.127,108.935,139.804
699.274,111.910,106.874,137.415
695.893,113.372,104.605,135.096
692.592,118.645,103.318,136.616
689.161,124.292,102.655,141.720
687.522,121.689,103.019,145.994
684.039,118.711,102.016,147.834
680.216,119.524,100.065,149.906
678.116,117.664,98.344,150.554
676.287,120.661,98.517,150.679
674.067,122.389,98.310,149.349
671.579,125.342,98.531,150.305
669.503,124.496,99.313,148.888
667.683,130.198,100.002,149.146
665.953,131.888,101.036,146.780
663.959,133.242,102.060,144.866
662.892,136.472,103.200,145.092
661.732,134.066,104.624,142.458
659.894,135.560,106.012,141.228
658.968,134.929,107.106,139.352
657.023,134.575,108.343,138.988
653.868,134.659,110.467,139.089
651.805,133.782,112.693,140.390
649.658,135.100,114.572,143.116
649.343,134.425,115.735,144.215
648.248,134.036,116.496,145.203
647.230,132.657,117.414,145.926
645.873,130.821,118.445,145.873
643.512,130.027,118.446,146.299
641.706,128.583,118.773,145.215
639.063,130.815,119.556,145.865
636.842,131.065,121.111,145.947
635.109,131.454,122.476,145.073
631.064,131.018,123.423,143.828
629.523,130.201,124.808,142.026
627.845,130.922,125.741,139.938
623.367,131.447,128.586,137.357
618.225,134.805,131.458,135.112
615.723,136.448,133.354,131.422
612.622,140.553,136.855,130.890
611.041,142.064,141.679,132.537
608.661,145.664,145.185,136.613
605.543,147.162,148.576,140.226
605.009,147.221,151.979,142.358
602.229,147.460,153.432,144.672
600.660,145.358,155.542,144.918
598.458,145.589,157.194,145.182
596.874,146.228,158.285,145.136
597.813,146.019,159.319,144.512
597.739,145.457,159.950,143.836
597.052,146.092,160.496,143.038
597.862,146.526,162.170,142.175
597.907,147.420,164.263,139.712
597.766,148.189,165.955,136.750
598.933,151.586,167.894,133.230
598.986,152.151,171.788,131.040
596.358,155.774,175.495,129.876
595.357,157.473,178.803,130.441
595.438,158.774,181.442,131.737
596.558,160.071,183.125,132.495
596.499,161.131,183.285,132.387
596.101,161.639,182.424,132.450
598.602,162.246,181.291,133.007
597.778,163.069,179.834,132.957
595.185,163.772,180.528,133.018
592.891,164.108,181.183,131.564
589.768,166.923,179.737,128.998
589.549,169.557,179.677,126.400
587.063,172.351,181.535,124.680
584.374,174.591,184.064,122.638
583.563,176.965,185.602,120.539
584.017,181.889,187.673,121.224
580.149,186.213,189.982,123.665
578.820,190.725,193.086,128.724
578.022,189.302,197.448,133.044
575.205,188.773,201.896,135.726
570.145,189.653,203.640,138.542
567.502,189.823,205.424,142.110
565.697,189.627,204.433,144.826
567.750,188.968,204.928,147.230
570.057,191.188,204.546,147.797
570.755,193.503,203.396,147.947
570.031,197.492,203.377,147.971
570.185,199.817,203.063,148.474
570.639,202.034,203.106,148.350
570.424,204.913,202.531,147.565
571.151,208.513,202.803,146.753
566.231,221.363,202.342,149.605
557.732,225.234,200.422,154.265
548.809,229.232,195.695,159.095
552.410,231.193,192.730,165.018
551.839,234.412,189.066,170.418
557.118,233.707,186.460,174.401
557.760,232.604,183.660,177.098
555.793,233.620,180.582,179.498
556.930,233.162,178.742,180.265
551.880,234.143,175.721,180.133
551.225,236.604,171.637,178.223
549.789,237.166,166.533,176.808
549.719,235.886,160.227,174.614
553.094,236.652,155.852,173.926
550.464,238.094,149.912,174.661
555.844,237.377,147.171,176.944
558.535,234.787,144.717,179.388
560.415,232.589,141.636,181.367
562.911,230.856,139.146,182.434
563.539,231.074,135.544,183.286
563.623,229.415,132.523,183.668
564.021,229.208,128.952,183.668
566.517,228.454,126.569,183.367
568.445,228.453,124.181,182.841
565.420,229.494,119.700,181.770
568.882,231.694,116.960,180.300
569.506,234.330,112.111,178.404
572.437,235.755,109.828,176.423
573.919,238.762,106.389,174.031
575.754,241.418,103.750,172.153
577.420,242.879,101.096,170.252
578.596,245.258,98.633,168.684
580.259,247.665,95.611,166.376
582.165,247.458,92.975,164.848
583.553,247.405,90.251,163.965
585.221,246.172,87.834,163.653
586.714,246.422,85.767,164.262
588.117,247.633,84.152,164.566
588.069,248.111,81.662,165.715
587.555,249.858,80.045,166.545
586.029,243.010,78.478,166.607
585.557,237.234,77.660,166.601
585.723,232.460,78.475,165.263
585.644,233.302,79.260,163.190
585.949,235.972,80.083,160.690
584.864,236.175,80.314,158.317
584.834,237.320,80.810,155.595
584.699,238.196,81.458,153.624
584.098,233.013,81.833,151.970
583.908,233.604,82.790,150.681
583.188,232.939,83.269,149.564
583.295,233.067,83.750,149.341
583.396,232.157,84.178,148.822
583.763,230.367,84.541,148.577
584.303,229.740,84.969,148.822
584.246,229.649,85.157,147.190
585.562,230.684,85.342,146.011
586.347,229.226,85.617,143.977
586.266,230.121,85.944,141.997
586.811,228.452,85.748,140.736
588.003,230.179,86.031,139.759
588.599,226.868,86.138,139.428
589.320,229.421,86.815,138.911
590.006,228.629,87.256,137.441
590.381,230.419,87.627,136.219
590.654,229.519,87.994,135.386
591.060,230.566,88.203,135.177
591.181,230.119,88.209,134.771
591.249,229.761,88.129,134.883
591.426,229.797,88.142,134.749
591.315,228.965,88.235,134.860
591.415,227.603,88.851,134.793
591.430,226.362,88.979,134.891
591.587,224.775,89.151,135.186
591.272,223.138,89.151,135.981
591.602,223.548,89.231,136.701
591.474,222.607,89.598,136.512
591.246,222.963,89.825,136.548
590.120,221.971,89.770,136.013
588.686,222.665,90.021,135.794
587.456,222.186,90.148,135.592
585.846,221.990,90.450,135.864
583.399,222.310,90.761,135.738
580.042,224.633,90.792,134.569
575.404,222.833,90.471,134.170
571.254,223.938,90.044,133.025
566.329,223.733,88.920,131.980
562.776,223.665,88.271,131.120
559.995,223.567,88.012,130.940
558.186,220.906,87.701,131.562
557.735,221.250,87.813,132.441
556.965,220.661,87.970,133.630
556.582,220.493,88.363,134.289
556.857,221.133,88.626,134.533
556.591,221.610,88.891,135.238
557.032,221.314,89.107,135.505
557.164,222.832,89.640,135.726
556.535,221.331,90.133,136.032
557.217,222.979,90.989,136.659
556.886,222.715,91.824,136.708
557.047,225.315,91.992,136.975
555.749,223.787,91.493,136.879
556.527,225.641,91.531,137.000
555.776,227.433,91.443,137.876
556.702,229.534,91.704,136.109
555.895,231.329,91.442,135.255
556.288,231.903,91.982,134.124
556.132,233.058,92.112,134.249
555.691,233.158,92.252,133.919
555.845,233.440,92.879,134.278
554.708,233.098,92.541,134.368
554.882,233.212,92.047,134.429
555.033,233.563,91.439,134.613
555.525,232.834,90.908,135.858
556.498,232.247,90.349,136.742
557.379,232.368,90.025,136.831
557.348,231.484,90.050,136.983
557.715,230.508,89.551,137.522
557.901,230.618,89.207,137.783
558.802,230.659,88.967,138.823
559.703,229.800,88.916,139.083
560.135,230.959,88.751,138.809
560.800,230.916,88.887,138.613
561.181,231.147,88.752,138.066
561.909,231.645,88.201,137.503
562.487,232.885,87.743,136.702
562.947,234.268,87.382,135.855
563.763,234.257,86.949,135.545
564.423,234.763,86.707,134.938
565.328,234.876,86.616,134.495
565.290,235.246,86.284,134.563
566.716,236.072,85.645,134.401
566.796,238.206,85.664,134.005
