739.000,446.000,70.000,178.000
739.375,442.426,69.591,176.704
739.553,441.387,69.273,176.161
740.386,439.730,69.301,175.533
739.857,439.089,69.411,174.876
739.811,438.043,69.136,175.023
740.731,438.840,68.188,175.066
740.529,437.753,69.008,175.875
741.225,438.275,69.113,176.343
741.728,438.526,68.819,175.988
741.386,439.735,68.480,175.830
742.217,440.620,68.683,175.182
742.311,441.229,69.312,175.311
742.408,440.956,69.791,176.011
741.755,441.147,70.472,176.548
741.643,440.674,70.571,176.713
741.693,440.622,70.092,176.707
740.582,440.319,69.647,175.919
739.722,439.725,68.974,175.836
739.237,438.428,67.640,174.751
738.850,437.503,66.887,173.828
738.624,437.623,66.453,173.172
739.083,436.880,66.213,172.978
737.673,436.655,66.463,173.367
737.025,435.983,67.649,175.054
735.890,436.929,68.490,174.924
735.681,437.785,69.118,175.067
735.899,438.125,69.597,174.647
734.518,438.841,69.934,174.245
734.486,438.901,69.529,174.178
734.697,438.716,69.559,175.287
734.612,438.753,69.642,176.718
735.545,439.074,68.930,175.566
736.354,438.602,68.175,174.673
736.869,437.511,68.019,174.263
736.615,436.943,69.101,175.283
736.402,436.925,69.365,173.510
736.157,436.891,69.020,172.153
736.678,436.123,68.456,171.330
736.181,436.057,68.020,171.671
737.707,435.673,67.495,171.433
738.017,435.419,68.016,174.109
738.360,435.440,67.597,174.403
738.076,435.429,67.527,174.543
738.361,434.923,67.800,174.914
736.865,434.676,69.061,176.382
736.624,435.435,69.539,176.970
737.428,435.394,69.374,176.402
736.114,436.178,68.831,175.398
735.514,435.733,68.600,175.239
734.815,434.565,68.171,175.236
733.964,435.043,66.987,174.696
733.186,434.793,65.834,173.705
732.066,435.157,64.623,171.414
731.018,435.028,63.547,171.035
730.058,434.111,63.603,171.418
729.369,434.479,63.036,171.843
728.602,434.282,62.737,173.524
727.323,433.763,62.958,175.419
727.222,434.224,62.783,176.492
727.191,434.328,62.918,178.279
726.559,434.109,63.882,179.479
726.635,434.325,63.954,178.247
726.328,435.833,64.035,177.452
726.034,435.374,64.581,177.926
725.720,435.580,64.697,177.310
725.511,435.591,64.371,176.411
725.545,435.576,63.919,175.231
725.444,436.610,63.319,173.263
725.865,436.680,62.905,173.645
725.734,435.824,63.247,173.075
724.696,434.783,64.092,173.570
723.627,435.436,63.729,171.857
724.102,435.134,63.689,172.521
723.881,435.007,63.985,174.416
723.378,434.210,64.597,175.666
723.041,434.152,64.229,175.856
722.177,433.255,64.600,176.630
721.601,433.726,64.811,177.439
721.220,433.862,64.767,177.708
721.307,434.908,64.598,177.901
720.357,436.134,64.385,177.214
719.347,435.090,64.418,177.397
718.711,435.406,63.283,176.886
717.724,435.769,62.655,175.554
717.586,435.589,62.001,175.298
715.860,434.313,62.193,176.330
714.918,434.237,61.615,174.181
714.585,434.012,61.524,173.865
714.307,433.111,61.190,173.465
713.817,432.858,61.373,174.038
712.539,432.196,61.976,174.858
711.155,431.598,62.328,174.888
710.324,432.106,62.464,176.037
709.695,431.862,62.652,176.812
709.898,430.961,62.531,177.366
709.854,431.214,62.086,177.078
710.019,430.710,61.468,177.059
709.878,430.287,61.238,177.439
710.463,429.832,60.998,178.047
709.540,429.309,61.562,178.228
709.933,429.784,61.899,177.393
711.183,429.765,61.903,177.607
710.714,430.706,62.376,176.967
710.309,431.051,62.946,174.789
710.504,431.184,63.166,173.858
710.711,431.684,63.005,172.602
711.062,432.119,62.737,172.547
712.129,433.001,62.305,171.943
713.496,433.052,61.968,172.175
714.166,431.817,62.682,174.007
713.917,431.629,62.616,175.030
714.070,430.402,62.610,175.740
714.437,430.606,62.841,176.637
714.119,430.769,63.122,176.693
713.551,430.486,63.282,178.006
713.998,429.984,63.049,178.053
713.268,429.706,62.865,178.886
711.976,430.074,62.043,177.348
711.200,429.469,61.868,175.825
711.234,430.289,61.343,173.894
710.198,429.070,61.611,173.388
709.434,429.228,61.391,172.742
709.149,429.467,61.046,172.395
708.980,429.642,60.953,172.222
708.112,429.603,61.594,173.214
707.698,429.434,61.860,174.255
707.079,429.315,62.613,175.584
706.821,430.333,62.314,174.847
707.163,430.633,62.177,174.287
707.117,430.913,62.206,174.252
708.256,430.828,61.960,174.231
709.449,430.915,61.807,174.325
710.896,431.453,61.393,172.738
711.972,431.389,61.256,172.635
713.067,430.516,61.322,173.215
713.531,430.261,61.701,173.953
714.243,430.284,61.995,172.874
715.296,430.069,62.263,171.784
715.566,429.583,62.834,170.827
717.084,429.838,62.793,170.474
717.259,429.138,62.954,170.511
718.623,429.447,62.820,170.152
719.647,429.664,62.948,170.851
720.604,429.586,63.252,172.185
719.745,428.825,64.441,173.382
720.339,428.572,64.722,174.258
720.427,429.630,65.169,174.430
719.752,429.829,65.216,174.691
719.910,429.505,64.716,174.307
719.907,430.045,63.899,173.095
719.906,429.971,62.991,172.500
718.967,429.811,62.411,172.799
718.606,430.016,61.626,172.036
719.027,429.501,60.462,169.926
718.083,429.111,60.873,170.389
718.417,428.989,60.317,169.441
718.573,429.326,59.530,168.790
718.826,429.093,59.385,169.176
719.015,429.027,59.581,170.981
718.763,428.649,60.294,172.591
718.205,429.146,60.934,173.293
717.040,429.641,61.738,173.124
716.585,429.870,61.753,173.324
716.554,430.609,62.148,173.953
717.037,430.841,62.384,174.182
716.697,430.826,62.506,174.094
717.067,431.255,62.607,172.817
716.770,431.760,62.217,171.188
717.207,431.953,62.495,171.109
717.127,431.501,62.817,171.289
717.640,430.782,62.716,169.062
716.976,431.509,62.259,167.837
717.787,430.710,62.300,167.323
718.249,429.714,62.808,167.348
719.047,429.333,62.794,167.448
719.875,429.746,62.920,168.312
721.724,429.205,63.432,169.865
720.675,428.293,64.322,171.072
721.299,428.630,64.353,171.534
721.007,428.628,64.533,172.140
721.476,429.713,64.515,172.122
720.618,429.854,64.962,173.214
721.101,430.159,65.234,171.949
720.291,430.078,65.340,171.670
721.342,430.633,65.022,170.719
721.132,430.775,64.490,169.522
720.873,429.405,64.116,169.130
720.713,429.037,63.609,168.503
720.514,428.505,63.650,168.635
720.388,428.436,63.132,168.119
720.586,427.363,62.560,168.015
720.578,427.407,62.493,168.073
720.272,427.612,62.658,169.444
719.804,428.010,63.327,169.271
719.422,428.005,63.646,168.470
718.174,428.595,64.332,169.421
717.901,428.349,64.825,169.423
717.374,429.337,64.809,169.654
718.685,427.710,65.015,170.521
717.778,428.904,65.407,170.904
719.205,427.132,64.977,171.309
718.559,427.480,65.312,172.597
719.315,426.639,65.361,170.645
720.784,426.393,65.083,169.345
721.198,425.969,64.864,168.742
722.496,426.285,64.171,167.767
722.141,425.843,64.140,168.004
722.586,425.219,64.432,168.626
722.991,425.253,64.275,168.988
723.059,425.901,64.131,168.830
723.524,426.627,64.161,168.794
723.247,427.101,63.707,168.361
724.068,426.784,63.669,167.723
723.773,426.887,63.357,168.833
723.516,426.737,62.882,169.890
724.032,426.625,62.628,170.514
723.945,426.178,62.373,170.511
723.608,426.253,62.390,170.497
723.501,426.277,62.234,169.856
722.841,424.934,62.475,169.030
722.595,423.595,62.621,168.388
722.439,423.529,62.343,167.890
721.932,423.144,62.872,168.592
721.397,423.654,63.155,168.426
721.294,423.275,62.791,168.119
721.056,423.920,62.673,169.072
721.120,424.214,62.430,169.928
720.559,423.616,62.491,170.613
720.512,423.102,62.985,170.873
720.051,425.154,62.999,171.175
720.039,424.336,63.321,171.856
719.956,425.261,63.162,172.557
719.868,424.649,63.205,173.099
720.635,424.344,62.983,172.500
721.470,424.332,62.982,173.060
721.763,423.738,62.987,172.677
722.011,423.521,62.407,169.785
722.633,424.199,61.816,167.859
722.508,424.649,62.421,167.490
722.550,424.423,62.811,167.570
722.905,424.120,62.935,167.401
723.434,423.362,63.301,167.219
724.619,423.413,63.390,168.204
724.314,424.051,63.869,169.187
724.896,423.990,63.510,168.134
725.055,423.987,63.849,169.279
725.602,424.732,63.651,168.694
725.480,424.055,63.340,171.265
725.189,423.076,63.437,172.775
724.866,421.252,63.196,173.597
725.177,422.059,63.213,173.068
724.425,420.569,62.779,173.895
723.968,420.907,62.347,172.214
723.744,420.431,61.637,168.403
723.546,419.749,61.647,168.700
723.808,419.458,61.062,167.613
724.047,419.966,60.832,167.489
723.310,420.643,60.307,166.980
723.810,420.514,60.090,166.773
722.738,420.908,59.724,167.080
722.794,420.046,59.848,167.745
722.033,421.966,59.971,169.589
722.753,421.830,59.990,169.356
721.201,423.638,60.111,168.372
722.742,422.758,60.497,168.628
722.133,423.873,60.679,169.238
721.600,422.048,60.504,170.073
722.526,422.742,60.853,169.839
722.100,421.036,61.020,170.345
722.154,421.701,61.323,169.206
722.446,420.363,61.973,168.060
722.320,420.448,62.229,167.939
722.123,419.795,62.964,167.934
721.793,419.161,63.120,167.886
722.156,418.471,63.162,168.507
722.614,418.023,63.651,169.609
722.824,417.553,63.867,169.891
722.809,418.357,63.313,169.710
723.543,418.103,62.920,170.691
721.496,419.293,62.510,170.719
722.041,419.777,61.588,170.460
720.922,419.594,61.141,171.473
720.288,419.515,60.604,171.082
720.126,419.666,59.985,170.130
719.883,418.717,59.473,170.857
719.018,417.860,59.071,170.324
718.784,417.091,58.714,169.460
718.405,415.920,58.811,169.308
717.910,416.276,58.600,169.037
717.419,416.261,59.238,169.423
716.106,415.063,59.543,170.354
714.781,415.529,59.830,171.042
714.172,415.933,60.229,172.475
713.524,414.554,60.279,174.115
712.512,415.326,60.489,174.227
711.794,415.459,60.729,174.581
711.678,416.049,60.465,174.439
710.073,416.668,60.806,175.595
710.868,416.260,60.643,176.104
710.045,416.445,60.903,176.171
710.008,415.910,60.573,175.590
709.477,415.642,60.262,176.481
710.285,415.492,60.032,176.713
710.022,414.481,59.905,176.132
710.360,413.963,59.235,173.978
709.619,412.971,59.429,174.652
709.951,414.171,59.872,174.055
709.328,416.349,60.402,171.952
709.696,415.484,60.490,172.397
709.418,417.104,61.405,171.242
709.090,417.104,61.874,170.286
708.917,415.734,62.469,171.816
708.528,414.896,62.709,173.238
708.541,414.611,62.187,173.923
708.135,413.473,62.051,175.659
707.372,414.194,61.758,176.868
707.792,414.149,61.523,176.908
706.669,415.499,61.077,175.919
707.182,416.867,60.415,175.087
707.074,416.204,59.268,174.269
707.436,415.891,58.894,172.541
707.200,417.651,58.672,170.490
706.502,417.023,58.954,170.303
706.282,418.124,58.841,169.014
705.489,417.983,59.595,170.027
705.693,419.145,59.704,169.446
705.056,420.227,60.226,170.366
704.561,420.547,60.521,171.383
704.936,420.125,60.491,171.767
704.761,419.842,60.477,172.443
704.879,418.926,60.817,173.913
705.332,421.595,60.495,173.269
705.035,420.483,60.312,173.910
706.929,416.641,60.622,176.293
706.322,416.775,60.468,176.507
707.721,417.017,60.067,176.162
708.131,416.783,59.914,174.500
709.429,417.804,59.423,172.935
709.923,419.282,59.437,170.699
710.234,418.471,59.707,169.523
711.392,419.550,59.224,168.392
710.712,419.942,59.294,169.180
711.661,419.964,59.546,167.806
711.357,421.071,59.602,169.018
712.605,421.227,59.156,168.858
711.513,424.642,59.639,172.349
710.918,423.509,61.049,172.324
711.622,422.889,60.812,173.200
710.578,422.905,60.110,173.164
710.532,422.457,60.086,171.716
710.317,422.724,59.982,171.000
708.997,421.522,60.432,171.820
709.358,422.596,60.657,169.747
708.928,421.547,61.287,170.098
709.316,420.910,61.042,168.309
710.000,422.079,61.019,168.258
709.141,422.816,61.518,168.796
709.621,423.105,62.168,169.382
709.375,422.949,63.009,170.622
709.233,423.351,63.373,170.965
709.556,424.015,63.267,170.153
710.745,424.913,62.522,170.267
711.840,424.419,61.281,169.620
712.524,426.254,60.717,169.922
713.499,426.544,60.197,169.660
715.195,426.443,59.831,170.361
715.705,426.407,59.783,171.924
718.102,425.558,59.688,171.921
717.972,423.439,59.991,171.130
719.801,424.244,60.090,169.685
721.529,423.479,60.060,168.627
722.832,423.631,61.170,168.716
724.479,422.709,61.243,167.797
725.715,421.487,61.542,167.863
729.040,423.513,61.489,168.546
728.996,423.880,61.749,170.025
730.244,423.266,62.115,169.526
730.748,423.845,61.952,169.589
732.744,423.963,61.925,169.655
733.967,424.093,62.082,169.992
734.396,425.136,61.638,169.473
736.156,424.358,61.703,170.340
736.895,426.043,61.951,169.843
736.524,425.816,61.889,168.681
737.427,426.474,62.131,167.836
737.559,425.483,62.313,167.301
738.242,424.744,62.103,167.874
739.189,425.434,61.553,166.716
740.571,425.742,61.117,166.232
742.227,425.055,60.949,166.453
742.698,425.966,60.189,166.466
743.955,425.688,60.480,167.386
744.291,426.055,60.327,167.465
744.895,427.953,60.065,167.212
745.500,429.625,59.672,166.185
745.844,428.751,59.537,166.920
746.256,428.744,59.862,167.745
747.362,429.369,59.641,167.348
747.991,430.871,59.358,166.028
751.587,428.016,59.434,166.784
751.839,427.995,58.799,167.259
752.123,427.577,58.657,166.980
753.202,425.990,59.130,167.052
753.227,425.522,59.800,167.337
753.806,425.235,59.583,166.570
755.013,425.301,59.257,166.640
755.794,426.018,59.403,165.910
756.733,426.367,60.049,166.474
757.002,427.010,59.994,166.710
757.740,427.594,60.384,167.441
757.113,428.902,60.686,168.204
759.139,429.948,60.606,167.875
758.351,432.098,61.119,166.878
758.273,431.315,61.101,167.182
759.043,431.431,60.768,167.033
758.728,432.039,60.418,166.214
760.027,432.231,60.247,165.264
759.618,430.484,60.190,164.007
760.290,430.854,60.207,163.784
760.552,429.596,60.434,163.644
760.657,429.495,60.931,162.779
761.121,429.809,61.101,162.964
761.960,429.263,61.203,163.112
762.016,428.596,61.277,164.370
762.353,428.034,61.488,165.501
764.034,428.795,61.155,165.440
763.984,430.097,60.431,164.888
764.242,431.741,59.879,164.407
764.485,433.035,59.641,164.373
764.818,431.793,59.769,165.305
766.238,432.268,59.854,166.033
766.815,430.553,60.046,167.089
767.372,429.983,60.498,166.560
767.970,429.185,61.140,165.215
769.518,428.270,61.173,164.750
769.657,429.929,60.836,163.218
769.424,428.178,61.308,163.359
769.737,428.456,61.532,163.166
770.686,429.519,61.005,163.447
770.932,430.030,61.898,163.258
771.419,430.302,62.062,162.120
772.419,431.373,62.741,161.296
772.936,432.046,62.900,160.138
773.673,433.084,63.264,159.810
773.228,434.877,63.071,160.197
772.673,435.467,63.020,160.070
772.516,435.509,62.441,159.584
771.935,435.852,61.926,160.006
771.978,435.018,61.255,158.876
771.896,434.411,60.740,158.032
771.230,433.790,60.703,157.973
771.341,433.187,60.570,158.346
771.866,432.814,60.296,158.813
772.223,432.477,60.208,159.799
772.103,432.131,60.562,160.885
771.727,431.818,61.016,161.965
771.410,431.719,61.176,162.813
771.702,430.536,60.832,163.386
771.923,430.710,60.570,164.469
772.011,431.721,60.466,165.314
772.006,431.302,60.201,164.942
771.674,432.279,60.392,165.552
772.346,432.212,60.239,165.936
772.107,432.928,60.464,165.610
771.547,432.240,61.120,164.673
771.186,432.074,61.067,162.819
771.036,431.339,61.347,162.277
771.156,431.209,61.450,162.507
770.896,431.425,61.551,161.984
770.976,431.451,61.678,161.867
771.060,431.505,62.031,162.250
770.893,431.191,62.263,162.447
770.311,430.859,62.486,163.091
770.174,430.932,62.266,163.553
770.301,431.166,61.842,163.189
770.042,431.342,61.808,164.106
769.880,432.834,61.590,164.035
768.923,432.844,61.372,163.334
767.963,433.730,61.024,163.693
766.112,435.147,60.844,162.493
765.709,434.850,60.618,160.972
764.213,434.430,60.821,160.327
762.808,433.218,60.681,160.484
761.739,432.640,60.651,161.051
760.808,432.306,60.382,161.828
760.453,431.327,59.891,161.986
760.023,431.163,59.976,162.792
759.750,430.808,59.956,163.464
759.734,430.930,59.611,163.592
759.784,430.585,59.300,163.943
759.078,429.354,59.475,164.077
758.589,430.104,59.087,162.733
758.786,430.189,59.555,162.622
758.637,431.013,59.661,163.176
758.603,431.020,59.333,163.865
758.727,431.623,59.007,164.092
757.976,431.643,59.207,164.160
757.194,431.527,59.448,161.957
757.505,431.547,60.119,161.055
757.245,431.931,60.511,160.133
757.646,432.050,60.706,160.341
757.261,432.180,61.220,160.104
757.239,431.815,61.552,160.237
757.798,430.684,61.302,159.405
758.370,431.234,61.066,158.700
758.873,430.828,61.431,158.606
759.810,430.578,61.442,159.462
760.722,430.497,61.938,160.581
761.307,431.447,62.418,161.620
761.283,431.998,62.701,162.127
761.960,431.798,62.532,162.283
761.910,432.071,62.077,162.491
762.163,432.143,62.220,162.593
762.561,431.828,62.043,161.376
762.784,432.293,61.785,160.339
763.081,432.073,61.635,160.238
763.389,431.552,61.602,160.525
763.974,431.621,61.629,160.373
764.555,432.414,61.288,160.359
765.275,432.454,61.323,161.116
765.514,431.637,61.654,160.599
765.451,431.697,62.109,160.888
765.611,431.577,62.124,160.406
765.634,431.636,62.207,159.933
765.845,432.235,62.185,159.510
766.189,432.076,62.079,160.137
767.008,431.776,61.929,160.430
769.433,432.239,60.541,161.140
769.739,430.955,59.915,163.081
770.478,429.034,59.543,161.832
771.935,430.907,59.653,160.750
771.688,431.054,59.919,160.263
771.252,431.310,60.175,160.221
771.392,431.114,60.235,159.769
771.210,431.646,60.350,159.824
770.782,431.119,60.780,159.749
769.704,431.525,61.365,159.722
769.475,430.378,61.835,158.944
769.225,431.555,62.075,158.863
