245.000,150.000,257.000,84.000
241.895,146.367,252.579,85.817
242.776,146.347,254.047,86.587
244.697,146.169,254.537,86.860
246.720,145.087,254.073,87.398
246.781,144.946,253.432,87.692
245.203,144.577,252.112,88.167
244.374,144.569,251.278,88.245
245.916,144.708,251.106,88.006
247.190,144.406,250.751,88.037
248.533,144.231,250.760,87.730
249.453,143.434,252.135,88.195
249.048,142.875,253.169,88.667
248.801,143.102,253.769,88.510
247.906,143.394,253.433,88.327
248.083,144.988,251.325,87.356
248.878,147.235,251.213,87.109
247.102,149.292,251.793,86.927
248.485,150.571,252.434,87.219
247.701,152.448,252.740,86.809
249.486,153.181,252.500,86.388
250.851,153.152,251.361,85.944
251.112,152.382,250.748,86.033
250.393,152.045,251.011,86.441
247.044,151.071,250.472,87.020
245.619,150.342,250.503,87.441
244.619,149.828,250.908,87.496
243.300,149.371,250.798,87.566
242.496,149.095,252.246,87.520
241.112,148.538,252.190,87.729
241.770,148.737,251.754,87.342
242.514,148.067,251.747,87.319
244.643,146.032,253.099,87.960
244.597,144.476,253.834,88.521
246.582,142.229,253.869,88.742
247.626,139.631,254.425,89.264
248.977,136.179,253.735,89.770
251.390,133.859,254.130,89.875
254.232,132.481,252.992,89.527
256.659,132.348,250.495,88.473
256.974,132.717,247.687,87.846
257.487,133.283,247.512,87.557
257.249,134.557,249.201,88.124
255.720,137.376,249.169,88.609
253.749,139.953,249.529,88.586
253.427,142.251,250.068,88.796
252.217,144.901,250.726,88.073
252.362,146.497,251.607,87.553
251.642,148.055,252.233,87.049
252.478,149.122,251.886,86.573
251.444,150.094,252.060,86.156
250.130,150.842,252.433,86.016
249.451,151.586,253.208,85.677
249.726,152.350,253.672,85.854
247.828,153.416,253.679,86.086
244.077,153.806,252.871,86.147
241.695,154.905,253.595,86.106
240.135,155.985,254.572,86.016
237.794,156.615,254.137,86.142
237.800,157.025,254.751,86.067
235.142,156.839,254.737,85.948
235.456,156.949,255.607,85.908
233.173,157.218,255.081,85.612
233.860,156.969,255.448,85.694
230.781,157.021,254.451,85.491
230.675,156.932,254.513,85.331
231.552,156.501,254.654,85.294
232.318,156.505,254.697,85.462
233.053,156.260,254.502,85.607
233.388,155.739,255.232,85.834
232.551,153.692,254.037,86.189
233.609,150.040,252.814,87.109
233.603,145.574,252.297,88.081
233.509,142.480,252.291,88.117
232.929,142.229,252.791,87.394
233.681,141.682,254.373,87.265
234.139,141.787,254.720,87.237
232.717,142.067,254.127,87.022
232.090,141.326,254.528,87.215
231.425,140.844,255.006,87.269
231.754,140.843,255.348,86.978
231.723,140.321,255.008,86.714
230.791,140.061,255.335,87.014
230.861,140.091,255.538,86.852
231.220,140.152,255.627,86.444
230.720,140.024,255.700,86.109
230.425,140.211,256.234,86.344
229.718,140.393,256.002,86.264
229.573,140.424,255.480,85.976
229.031,139.817,255.438,85.945
229.946,137.964,254.183,86.270
230.057,136.316,253.648,86.537
228.331,135.115,253.877,86.322
228.574,135.357,254.476,86.258
228.674,136.088,254.967,86.642
226.642,137.771,256.018,86.779
223.745,139.678,256.086,86.585
221.264,141.195,255.632,86.424
221.327,141.980,256.636,86.885
221.418,142.617,256.283,87.129
220.488,142.761,255.916,87.042
220.166,142.917,256.417,87.040
219.889,143.390,256.444,87.206
219.036,143.553,255.990,87.084
219.752,143.623,255.395,87.083
219.889,143.944,256.205,87.017
219.706,144.228,256.345,86.937
220.500,144.081,255.566,86.943
222.611,144.416,255.067,86.934
223.978,144.356,255.221,86.907
224.371,144.685,256.067,87.179
225.519,144.797,255.702,87.248
226.296,145.427,256.215,87.554
226.515,145.897,256.229,87.798
227.095,146.701,256.164,87.751
227.534,147.081,254.924,87.627
227.324,146.961,254.646,87.513
227.939,147.370,254.607,87.328
227.426,146.975,255.440,87.242
227.751,146.726,255.233,87.104
227.218,146.535,255.253,86.991
226.705,146.328,255.222,86.760
226.642,146.318,254.668,86.344
226.720,145.837,254.307,86.468
226.196,145.215,253.490,86.824
225.783,145.115,253.780,87.090
224.302,144.854,253.118,87.115
223.690,145.146,254.098,87.341
222.343,144.895,254.528,87.274
220.358,144.958,254.357,87.316
219.077,145.237,254.165,87.014
218.137,145.327,253.333,86.808
216.996,144.722,253.001,86.922
215.530,143.457,252.448,87.158
215.769,142.741,252.932,86.543
215.416,142.598,253.938,86.301
214.306,142.578,254.324,86.476
212.527,142.898,254.768,86.729
211.470,142.980,255.266,86.721
210.967,143.044,255.590,87.014
212.006,143.331,255.895,86.852
211.422,143.232,256.731,87.068
212.087,143.252,256.575,87.330
215.264,143.176,255.906,87.139
215.629,143.372,255.997,87.122
216.904,143.496,255.662,87.008
218.860,143.598,255.738,87.243
220.425,144.089,255.267,87.409
223.155,144.305,255.387,86.948
223.323,144.539,255.170,87.088
224.898,144.644,255.172,86.778
225.457,144.649,254.903,86.958
229.106,144.663,254.692,87.006
230.304,144.659,255.400,87.132
232.209,145.004,255.537,87.224
233.942,145.302,255.350,86.955
236.262,145.347,255.605,86.852
238.043,145.342,255.486,86.812
239.456,145.464,255.720,86.777
241.219,144.970,255.401,86.812
243.605,144.560,255.080,86.820
245.143,144.284,254.919,86.803
246.285,144.034,255.511,87.066
246.362,144.282,255.275,87.380
246.545,144.003,255.348,87.772
246.739,143.983,255.243,87.641
246.938,143.919,255.490,87.634
247.129,143.820,255.713,87.930
246.405,143.881,255.741,88.107
245.000,144.089,255.320,87.738
244.353,144.150,254.971,87.301
243.154,143.339,253.910,87.270
242.899,141.977,252.856,87.244
245.195,142.551,253.251,86.466
245.245,142.705,252.493,86.185
245.948,142.365,253.108,86.073
246.716,142.082,253.814,86.145
246.773,142.026,253.398,86.097
247.839,140.670,253.597,86.118
250.164,139.193,253.126,86.269
251.688,139.483,250.050,85.748
258.215,139.941,249.941,85.192
260.190,140.282,250.340,85.634
261.892,140.588,249.497,85.654
265.740,140.916,249.705,84.973
269.387,141.190,250.215,84.838
273.233,141.660,249.952,84.731
277.296,141.739,249.339,84.461
280.862,141.560,248.790,84.409
281.758,140.869,247.839,84.820
281.392,139.835,247.592,85.207
282.188,139.627,247.001,85.308
283.365,139.364,246.430,85.074
286.723,137.470,245.244,85.267
288.550,135.015,244.560,86.064
289.845,133.458,244.187,86.177
290.798,132.883,243.436,85.779
293.575,132.843,242.598,85.264
294.541,132.527,241.379,85.122
294.093,131.896,240.931,85.292
294.428,131.099,240.802,85.389
294.956,130.377,240.689,85.375
295.876,129.667,239.964,85.385
294.925,129.536,239.307,84.994
294.699,128.797,239.578,85.106
294.803,127.893,239.738,85.423
295.666,126.606,240.533,85.876
294.828,125.509,240.246,86.117
294.445,125.390,240.006,85.790
294.120,124.709,240.440,85.876
294.406,125.415,241.308,85.898
292.774,129.068,240.756,86.346
293.732,132.471,240.866,86.267
291.498,132.575,241.226,85.383
290.705,130.723,241.948,85.917
290.162,129.652,243.100,86.103
289.103,129.282,242.835,85.829
290.291,128.893,243.621,85.337
291.148,128.600,243.558,85.203
292.096,127.574,243.439,85.343
292.263,127.055,243.229,85.559
291.461,126.951,242.470,85.211
291.475,127.219,242.063,84.914
291.449,126.968,242.431,85.011
291.907,127.566,242.802,84.737
291.976,127.604,242.716,85.045
290.430,127.440,242.988,85.019
290.302,126.414,243.440,85.566
290.171,126.341,243.673,85.710
289.529,126.397,244.440,85.615
290.023,126.470,245.148,85.582
290.165,127.110,245.014,85.381
290.748,127.523,245.224,85.320
290.737,128.313,244.315,85.441
291.318,129.539,243.726,85.347
291.520,129.983,244.074,85.368
291.950,130.792,243.849,85.152
292.109,131.229,243.966,85.063
292.064,131.737,244.025,85.021
291.948,132.418,243.956,84.973
292.038,133.094,244.035,85.043
291.940,133.921,243.837,84.801
292.515,133.988,243.943,84.805
292.548,133.855,243.289,85.036
292.215,133.758,243.115,85.015
292.536,133.496,243.175,84.930
293.387,133.302,242.853,84.879
293.356,133.276,242.070,85.024
294.217,132.862,242.280,85.258
293.602,133.621,241.623,85.074
293.917,132.920,242.255,85.695
294.717,133.035,241.771,85.322
295.761,132.587,241.306,85.070
297.266,132.185,241.022,84.923
297.356,131.630,240.673,85.048
297.999,132.337,239.769,84.456
299.339,132.656,240.029,84.326
299.051,132.819,240.266,84.723
298.484,132.504,240.316,85.269
298.642,131.436,239.564,85.684
299.849,129.356,238.466,86.075
302.578,129.163,236.792,85.583
304.300,128.240,236.060,85.851
305.840,128.871,234.937,85.670
308.657,128.619,233.524,85.972
310.034,128.897,231.857,86.212
311.412,129.060,230.963,86.578
313.084,129.195,230.057,86.829
316.540,128.627,228.340,87.737
318.827,128.703,226.858,88.146
321.218,128.300,225.628,88.431
322.522,127.665,222.605,88.835
326.164,127.031,220.549,89.079
326.211,126.018,217.616,89.297
328.868,124.707,215.669,88.972
331.102,123.235,213.761,88.442
332.408,122.828,210.429,88.290
337.225,122.592,209.069,88.004
336.384,121.264,205.730,88.503
340.817,120.719,204.954,88.039
339.549,119.525,202.004,88.371
342.642,120.160,201.191,88.031
343.689,119.872,199.251,87.892
344.846,120.393,197.046,87.844
345.753,121.594,195.853,87.505
347.302,122.117,194.583,87.155
348.528,123.775,193.433,86.981
348.921,127.133,192.546,87.605
349.010,130.012,191.735,88.378
349.989,130.641,191.366,88.603
349.469,133.146,192.150,88.305
349.385,133.058,192.339,88.960
349.767,133.873,191.914,89.005
350.423,134.715,191.476,88.910
350.749,134.843,190.936,89.168
350.998,134.615,190.402,89.616
351.231,135.004,190.221,89.745
351.203,135.992,190.126,89.417
349.733,135.803,190.999,89.560
346.122,138.056,193.813,88.395
343.986,139.693,197.980,88.222
340.772,141.358,199.722,88.402
339.656,143.197,202.820,88.067
336.395,142.704,205.091,88.597
332.290,144.308,208.426,87.720
327.046,144.570,213.980,88.405
315.698,146.599,220.828,89.661
303.057,150.740,229.349,90.089
293.460,150.897,236.360,90.056
288.948,149.838,240.614,89.706
288.176,145.025,242.964,90.091
288.041,141.130,243.836,89.471
286.444,138.612,244.650,88.865
283.570,137.001,246.580,88.447
279.671,136.460,248.709,88.174
275.097,136.374,248.469,87.879
272.438,136.278,248.273,87.206
270.634,136.044,247.978,86.813
269.377,135.008,247.375,86.943
270.513,133.366,248.416,87.099
270.976,132.611,248.468,86.684
272.804,131.804,249.599,87.205
271.505,132.878,249.560,87.116
271.361,133.835,249.954,86.937
272.801,133.338,250.545,87.233
274.106,134.271,250.106,87.151
276.142,134.456,250.562,87.038
278.213,134.615,250.654,87.337
280.533,135.174,250.859,87.593
282.710,135.692,250.064,87.505
284.561,135.250,249.135,87.858
286.634,134.758,248.220,87.697
288.368,134.412,247.635,87.390
289.310,134.136,246.208,87.244
291.270,133.971,245.327,87.084
291.997,134.218,245.331,86.917
291.957,134.172,245.408,86.966
291.926,134.342,245.623,86.728
292.388,135.176,245.386,86.256
292.346,136.444,245.274,86.129
292.655,137.649,244.949,85.811
293.088,138.390,244.853,85.632
292.106,138.320,245.484,85.792
291.056,138.398,245.556,85.676
289.914,137.721,245.581,85.944
288.727,136.304,246.606,86.398
288.059,134.522,247.432,86.517
287.139,132.973,247.787,86.497
285.637,132.562,248.596,86.409
284.099,132.498,248.597,86.250
283.379,133.259,249.595,85.919
282.142,133.818,250.099,85.730
281.434,134.162,250.536,85.887
280.800,134.523,250.753,85.899
280.418,135.262,251.056,85.839
279.876,136.254,251.302,85.639
280.055,137.770,251.908,85.241
280.440,138.535,251.965,84.998
281.050,139.444,252.099,84.857
281.703,140.256,251.527,84.677
282.566,140.869,250.441,84.502
284.018,139.370,250.014,85.320
285.716,136.552,249.453,85.876
286.529,134.347,248.965,86.025
286.852,131.817,248.272,85.897
287.716,129.192,247.839,86.038
287.935,126.758,247.713,86.106
287.975,125.601,247.914,86.083
288.022,124.879,247.969,85.756
288.339,124.543,247.739,85.427
288.596,123.994,247.531,85.478
288.696,123.345,247.601,85.427
288.221,122.682,246.854,85.626
285.860,122.845,247.562,85.425
283.730,122.994,248.815,85.546
280.764,123.631,249.942,85.361
278.373,124.025,250.340,85.292
276.452,124.692,250.657,85.205
274.852,124.853,250.521,85.406
273.393,124.594,251.156,85.705
271.978,124.443,251.763,85.872
270.706,124.274,252.020,85.747
268.696,124.803,252.346,85.152
267.148,125.804,252.793,85.026
266.112,126.755,252.889,84.908
265.874,128.392,253.690,84.733
265.104,129.717,253.850,84.682
264.564,130.762,254.471,84.862
262.809,132.182,254.603,84.983
262.094,133.633,254.654,84.898
261.218,134.759,255.251,85.078
260.339,135.801,256.261,85.416
259.232,136.820,257.113,85.754
256.978,137.492,259.734,85.912
254.651,138.196,260.606,86.056
253.110,138.818,261.370,86.425
251.439,139.633,261.278,86.309
250.735,139.856,261.476,86.176
249.768,140.400,261.620,86.005
249.049,140.377,262.759,86.338
248.417,140.297,262.854,86.624
247.594,139.971,262.591,86.817
246.756,139.777,262.625,86.727
247.252,139.934,262.619,86.516
249.017,140.209,262.232,86.126
250.450,139.473,263.532,86.115
249.614,139.301,262.880,86.380
251.684,137.848,263.077,86.671
252.206,136.454,262.704,86.676
252.391,135.546,262.706,86.684
252.861,134.680,262.209,86.493
253.670,133.360,261.755,86.535
253.712,132.719,262.365,86.626
254.665,132.114,262.829,86.971
255.548,131.781,262.219,87.172
256.880,131.946,261.817,87.277
258.632,131.528,261.540,87.141
260.519,132.142,259.080,86.689
263.698,132.620,256.630,86.046
265.666,133.249,255.422,86.050
265.576,133.398,254.738,85.982
266.983,134.141,254.487,85.893
269.332,134.207,254.795,85.943
271.264,133.918,254.534,86.099
272.307,133.882,254.159,85.594
274.221,133.584,254.496,85.592
276.983,134.254,254.626,85.392
278.753,135.240,255.270,85.507
278.171,135.742,255.620,85.851
277.511,136.332,255.074,85.829
278.124,136.740,254.540,85.910
276.973,136.946,254.441,85.720
275.944,137.268,254.288,85.872
275.577,137.598,254.295,85.862
275.054,137.714,254.008,85.966
275.396,137.772,253.791,86.048
274.696,137.628,253.706,85.882
274.088,137.515,253.450,85.552
273.718,136.618,253.472,85.756
273.935,135.545,253.839,86.237
274.401,134.328,254.413,86.425
274.395,132.824,254.835,86.940
273.645,132.654,254.883,86.669
273.950,132.865,254.626,86.169
274.395,132.983,254.226,85.918
274.449,133.023,253.692,85.870
274.772,132.847,253.580,85.980
274.380,132.552,253.264,86.016
275.637,132.316,253.977,86.399
275.051,132.129,254.094,86.438
274.655,131.857,253.708,86.463
274.882,131.720,252.811,86.175
274.907,131.115,252.847,86.144
274.094,130.147,252.765,86.422
273.041,129.759,253.220,86.164
272.433,129.994,253.334,85.772
271.156,130.422,253.483,85.418
270.633,131.338,253.957,85.057
269.450,131.164,254.321,85.280
268.225,131.138,254.505,85.217
268.606,131.266,254.913,85.355
268.288,130.717,255.672,85.271
267.969,130.260,255.961,85.344
268.303,129.827,256.264,85.091
268.204,128.840,255.911,85.154
268.767,127.560,255.601,85.743
268.861,126.859,255.019,85.634
268.326,124.305,255.157,86.616
268.375,122.343,255.821,86.957
267.057,119.692,254.554,87.192
267.361,117.557,255.331,87.400
266.199,115.119,255.473,87.605
264.329,113.695,255.647,87.398
263.226,113.368,256.102,87.170
262.624,113.013,255.960,86.938
262.296,112.371,255.771,86.802
262.097,111.817,255.670,86.753
261.501,111.859,255.691,86.550
261.729,111.632,256.674,86.452
261.515,111.074,256.633,86.531
261.159,110.724,256.714,86.499
261.342,109.782,256.675,86.632
261.892,108.761,256.709,86.777
262.976,108.212,257.255,86.872
262.788,108.185,256.937,86.428
264.153,108.406,256.705,86.381
263.514,108.305,256.504,86.392
263.732,108.572,255.630,86.119
264.237,109.142,255.713,85.946
264.595,109.639,255.676,85.766
264.182,109.980,255.740,85.783
263.979,110.628,255.474,85.467
263.924,110.738,255.644,85.591
263.858,110.726,255.650,85.690
262.511,111.053,255.136,85.443
263.192,111.592,255.962,85.187
262.462,111.691,256.643,85.479
261.597,111.815,257.050,85.553
260.538,111.961,257.578,85.556
260.188,112.013,257.958,85.474
259.748,111.854,258.311,85.563
259.377,111.953,258.769,85.490
259.065,112.428,258.401,85.198
258.829,112.828,258.343,85.074
259.300,112.874,258.448,85.139
258.792,112.693,257.662,85.351
259.551,112.884,258.046,85.312
259.218,112.653,258.048,85.305
259.122,112.624,258.056,85.372
259.621,112.691,258.306,85.350
259.550,112.610,258.614,85.685
259.266,112.902,259.358,85.975
259.667,113.362,260.292,86.446
258.481,113.771,260.479,86.771
258.256,114.317,260.236,86.790
258.609,115.160,260.381,86.717
258.554,115.114,259.937,86.741
258.970,115.017,260.020,86.834
259.290,114.991,260.854,86.624
259.457,114.909,261.048,86.297
259.980,113.646,261.246,86.370
259.944,113.337,260.779,86.559
260.631,112.818,259.830,86.161
261.525,112.716,258.749,85.833
263.453,112.692,257.960,85.529
264.327,112.704,257.459,85.567
265.040,112.791,257.877,85.640
266.871,113.427,257.636,85.586
270.210,113.467,258.239,85.867
271.367,113.853,257.900,86.227
271.833,112.950,257.652,86.683
273.276,113.018,257.804,86.863
274.308,112.805,257.402,87.032
275.506,112.039,257.597,87.037
276.901,111.644,257.701,87.695
277.603,111.353,256.969,88.108
278.364,111.393,256.570,88.511
279.754,110.748,256.419,89.068
280.992,110.712,255.743,89.063
281.466,110.834,255.548,88.995
281.305,111.659,255.352,88.685
281.138,112.450,255.308,88.355
281.360,112.973,255.310,88.557
282.129,113.875,255.254,89.006
282.905,113.381,254.780,89.416
284.001,113.233,254.042,89.990
283.995,113.336,253.335,90.204
285.064,112.302,253.352,90.567
285.908,112.973,252.051,90.579
287.256,113.399,250.495,90.945
287.884,114.282,249.078,90.918
288.384,115.338,248.358,91.138
288.746,116.229,248.122,91.354
289.027,117.014,247.459,91.487
290.398,117.911,247.038,91.372
290.604,117.979,247.209,91.486
290.439,118.676,247.485,91.297
290.324,119.277,247.771,90.935
290.363,120.088,248.047,90.706
289.435,121.461,248.736,89.806
288.436,123.072,249.161,89.029
287.142,123.883,249.784,88.760
285.811,125.112,250.751,88.512
284.504,125.919,251.097,88.657
284.427,126.990,251.310,88.542
282.732,127.924,251.975,88.606
283.689,129.552,252.225,88.527
281.822,132.280,251.890,88.140
281.755,132.657,252.496,88.048
281.511,134.076,252.414,87.718
