1.43373513
0.01489449
0.01449704
0.01457787
0.01453447
0.01491761
0.01480317
0.01450515
0.01449108
0.01457071
0.01449823
0.01454258
0.01447129
0.01449442
0.01450920
0.01452088
0.01452827
0.01455712
0.01469731
0.01476359
0.01466870
0.01468611
0.01475215
0.01475263
0.01462674
0.01465583
0.01472807
0.01483679
0.01487184
0.01485157
0.01502681
0.01498985
0.01514339
0.01523280
0.01473141
0.01480913
0.01471353
0.01467943
0.01468086
0.01487827
0.01504207
0.01485324
0.01535559
0.01510048
0.01501322
0.01490021
0.01486015
0.01489282
0.01492691
0.01499581
0.01492262
0.01493454
0.01504636
0.01511860
0.01507926
0.01502991
0.01517320
0.01501966
0.01517773
0.01528144
0.01565075
0.01541495
0.01505995
0.01495051
0.01493669
0.01493120
0.01513124
0.01530576
0.01518655
0.01529598
0.01530600
0.01529694
0.01536107
0.01533031
0.01530623
0.01526070
0.01532364
0.01541233
0.01558566
0.01541495
0.01546359
0.01555204
0.01553845
0.01583433
0.01599526
0.01586509
0.01605272
0.01591706
0.01552939
0.01558042
0.01547241
0.01541781
0.01543665
0.01547241
0.01546288
0.01547074
0.01556921
0.01556134
0.01568651
0.01558042
0.01575732
0.01587319
0.01582336
0.01589203
0.01589060
0.01599526
0.01619315
0.01603770
0.01635170
0.01625276
0.01570630
0.01554108
0.01561356
0.01544642
0.01543236
0.01567626
0.01550412
0.01547432
0.01548052
0.01556158
0.01551962
0.01568174
0.01558042
0.01564074
0.01569176
0.01571918
0.01572967
0.01571488
0.01564670
0.01560283
0.01567149
0.01558447
0.01564670
0.01568484
0.01571059
0.01560998
0.01559305
0.01564097
0.01606870
0.01648474
0.01680088
0.01642776
0.01600528
0.01613975
0.01601267
0.01605248
0.01603127
0.01597404
0.01598525
0.01604486
0.01607442
0.01595378
0.01602888
0.01602149
0.01576138
0.01555371
0.01565909
0.01559043
0.01588988
0.01600099
0.01583219
0.01577497
0.01601171
0.01591969
0.01564026
0.01553726
0.01562858
0.01572323
0.01562262
0.01586008
0.01566458
0.01602888
0.01573634
0.01561642
0.01553655
0.01544547
0.01549172
0.01551175
0.01554489
0.01545858
0.01546860
0.01538253
0.01537156
0.01539969
0.01548529
0.01554775
0.01556492
0.01556611
0.01569009
0.01560259
0.01565003
0.01596546
0.01578903
0.01621985
0.01657248
0.01629663
0.01630688
0.01580358
0.01615572
0.01610899
0.01589155
0.01574779
0.01575661
0.01585150
0.01589370
0.01594687
0.01608753
0.01606083
0.01596141
0.01605463
0.01617742
0.01623702
0.01639223
0.01635504
0.01633048
0.01613092
0.01635718
0.01607776
0.01604009
0.01601553
0.01607108
0.01602483
0.01608658
0.01610351
0.01624775
0.01635122
0.01638913
0.01631546
0.01605296
0.01612902
0.01605749
0.01594639
0.01593161
0.01594281
0.01625443
0.01623011
0.01593637
0.01585317
0.01583648
0.01585364
0.01576400
0.01570106
0.01569867
0.01572013
0.01568270
0.01566434
0.01602268
0.01618624
0.01653910
0.01603460
0.01602602
0.01578474
0.01580715
0.01581407
0.01579881
0.01585937
0.01579404
0.01584506
0.01577425
0.01535463
0.01530313
0.01561737
0.01554275
0.01526046
0.01531720
0.01532745
0.01533747
0.01530313
0.01558232
0.01553893
0.01584840
0.01569033
0.01545596
0.01545906
0.01535225
0.01537538
0.01550579
0.01544857
0.01549864
0.01544714
0.01553154
0.01572704
0.01560688
0.01570392
0.01559830
0.01561761
0.01568007
0.01565051
0.01577258
0.01573157
0.01578045
0.01571035
0.01594877
0.01584244
0.01570487
0.01560259
0.01572371
0.01560760
0.01575136
0.01567435
0.01593351
0.01667309
0.01664329
0.01624608
0.01616716
0.01605177
0.01634669
0.01622725
0.01597214
0.01585889
0.01592445
0.01595211
0.01587081
0.01591063
0.01584983
0.01595569
0.01587939
0.01606941
0.01587176
0.01589513
0.01588058
0.01601148
0.01598740
0.01600313
0.01626515
0.01617289
0.01590276
0.01587200
0.01552415
0.01555347
0.01557207
0.01564717
0.01567435
0.01558042
0.01558352
0.01561332
0.01565409
0.01577163
0.01566982
0.01560330
0.01563573
0.01566553
0.01560998
0.01562190
0.01561356
0.01563239
0.01535273
0.01543927
0.01553369
0.01554179
0.01549721
0.01549196
0.01557207
0.01556945
0.01555347
0.01580882
0.01613164
0.01607418
0.01569462
0.01561999
0.01553345
0.01553226
0.01548719
0.01530719
0.01496720
0.01502800
0.01514554
0.01498008
0.01499724
0.01499534
0.01504993
0.01506186
0.01501846
0.01505923
0.01505184
0.01503801
0.01503539
0.01504874
0.01502943
0.01506090
0.01503205
0.01531696
0.01517177
0.01546288
0.01540160
0.01524520
0.01513577
0.01514912
0.01500440
0.01509857
0.01510382
0.01510119
0.01514602
0.01550293
0.01529574
0.01510835
0.01501226
0.01500201
0.01499724
0.01500988
0.01492572
0.01496720
0.01498437
0.01502299
0.01522136
0.01519990
0.01545000
0.01556373
0.01533341
0.01525044
0.01531386
0.01567721
0.01590323
0.01601362
0.01541138
0.01526117
0.01521540
0.01523614
0.01501679
0.01522183
0.01522183
0.01575994
0.01545811
0.01541877
0.01534915
0.01541352
0.01540422
0.01535010
0.01547623
0.01543665
0.01577950
0.01556778
0.01528192
0.01539493
0.01529551
0.01522923
0.01532745
0.01536012
0.01530433
0.01524711
0.01526451
0.01542640
0.01540279
0.01544905
0.01557755
0.01533985
0.01535630
0.01523590
0.01546168
0.01538754
0.01543808
0.01546884
0.01544595
0.01578617
0.01560450
0.01567602
0.01558995
0.01580095
0.01563811
0.01572680
0.01569247
0.01562786
0.01562405
0.01566601
0.01568723
0.01575422
0.01584029
0.01574278
0.01571822
0.01581883
0.01582575
0.01603818
0.01591063
0.01597476
0.01594019
0.01594186
0.01598287
0.01612568
0.01607919
0.01594710
0.01595569
0.01596785
0.01601338
0.01608849
0.01600170
0.01605201
0.01606703
0.01599956
0.01591992
0.01568580
0.01582384
0.01572776
0.01571941
0.01564574
0.01561379
0.01566052
0.01569533
0.01601887
0.01604772
0.01581144
0.01589632
0.01581359
0.01578593
0.01577663
0.01576114
0.01591539
0.01543355
0.01535869
0.01543832
0.01539612
0.01596212
0.01559186
0.01547956
0.01547074
0.01536322
0.01543236
0.01543736
0.01892471
0.01552582
0.01549101
0.01546669
0.01549959
0.01553106
0.01561618
0.01569462
0.01605153
0.01581049
0.01563478
0.01577759
0.01579189
0.01551986
0.01560426
0.01551628
0.01544714
0.01544785
0.01552153
0.01547790
0.01556373
0.01559734
0.01556253
0.01557708
0.01565862
0.01552534
0.01559448
0.01555657
0.01556516
0.01555943
0.01556873
0.01574302
0.01566744
0.01559806
0.01551890
0.01544857
0.01559901
0.01577544
0.01576900
0.01596475
0.01583433
0.01590014
0.01584101
0.01611328
0.01598978
0.01581979
0.01579452
0.01600528
0.01607990
0.01578069
0.01545882
0.01535439
0.01524830
0.01523900
0.01535249
0.01534843
0.01552105
0.01570892
0.01553273
0.01559138
0.01535487
0.01566672
0.01584339
0.01585627
0.01555729
0.01556420
0.01559448
0.01579404
0.01558471
0.01552081
0.01589680
0.01577330
0.01545238
0.01539826
0.01536608
0.01544452
0.01542377
0.01549554
0.01551175
0.01548862
0.01544428
0.01554012
0.01552987
0.01549196
0.01557517
0.01556921
0.01538301
0.01529598
0.01522827
0.01520801
0.01535487
0.01527977
0.01537490
0.01538181
0.01536608
0.01546240
0.01549482
0.01583815
0.01587844
0.01558805
0.01559901
0.01554775
0.01556516
0.01550460
0.01531959
0.01530814
0.01534390
0.01534343
0.01561546
0.01534700
0.01551604
0.01528907
0.01539636
0.01554346
0.01591730
0.01595402
0.01563096
0.01562500
0.01547647
0.01534843
0.01542163
0.01530814
0.01516962
0.01530814
0.01510835
0.01524806
0.01547575
0.01531935
0.01559162
0.01579547
0.01567650
0.01548147
0.01559687
0.01559925
0.01550436
0.01580286
0.01561832
0.01566052
0.01545286
0.01565409
0.01572561
0.01592040
0.01602840
0.01603866
0.01581120
0.01590443
0.01600027
0.01590896
0.01584721
0.01618052
0.01601481
0.01621509
0.01609111
0.01606131
0.01596284
0.01602268
0.01597571
0.01564693
0.01564002
0.01587319
0.01580048
0.01607299
0.01594281
0.01574636
0.01571774
0.01571345
0.01572585
0.01565242
0.01599884
0.01593494
0.01597476
0.01615882
0.01592159
0.01582193
0.01574945
0.01565361
0.01563001
0.01569319
0.01570153
0.01565218
0.01568389
0.01568723
0.01561761
0.01518679
0.01513481
0.01522946
0.01523471
0.01526856
0.01561904
0.01551223
0.01514816
0.01549554
0.01531816
0.01546502
0.01536179
0.01543283
0.01529980
0.01528597
0.01525688
0.01518369
0.01522899
0.01522779
0.01527500
0.01538301
0.01539087
0.01544452
0.01543617
0.01553416
0.01541233
0.01536489
0.01529455
0.01522827
0.01524448
0.01521778
0.01529145
0.01521611
0.01522899
0.01532412
0.01536751
0.01544476
0.01537180
0.01535606
0.01537204
0.01587701
0.01565027
0.01591992
0.01602507
0.01538277
0.01530409
0.01510787
0.01515651
0.01524782
0.01530886
0.01523471
0.01527071
0.01529336
0.01541662
0.01552105
0.01553178
0.01590896
0.01571822
0.01572943
0.01541567
0.01539922
0.01537299
0.01540160
0.01537943
0.01542640
0.01549172
0.01556611
0.01570916
0.01564574
0.01563978
0.01570463
0.01568198
0.01578498
0.01578593
0.01568174
0.01571751
0.01565647
0.01558232
0.01560831
0.01565027
0.01552844
0.01546454
0.01543617
0.01547742
0.01549172
0.01569295
0.01558971
0.01557493
0.01561785
0.01555181
0.01528144
0.01532173
0.01526189
0.01534891
0.01549888
0.01561642
0.01551747
0.01551580
0.01550007
0.01546574
0.01545262
0.01556158
0.01549029
0.01545691
0.01547122
0.01564097
0.01550961
0.01554632
0.01569772
0.01574230
0.01565623
0.01584220
0.01610231
0.01614857
0.01579905
0.01596403
0.01606870
0.01597643
0.01584148
0.01585889
0.01586175
0.01598620
0.01613927
0.01599836
0.01598406
0.01597333
0.01602459
0.01597834
0.01593757
0.01593637
0.01597452
0.01600385
0.01596379
0.01545644
0.01544905
0.01557398
0.01557279
0.01550055
0.01554847
0.01556921
0.01548243
0.01539969
0.01533818
0.01541615
0.01535630
0.01533437
0.01540470
0.01538301
0.01548219
0.01544428
0.01577544
0.01541209
0.01560593
0.01568341
0.01544309
0.01533127
0.01534462
0.01534176
0.01539683
0.01535821
0.01536322
0.01541185
0.01538992
0.01541615
0.01552391
0.01537967
0.01536870
0.01534390
0.01543689
0.01535130
0.01564121
0.01578307
0.01551342
0.01540327
0.01561189
0.01538157
0.01538301
0.01539540
0.01538062
0.01535535
0.01540780
0.01544762
0.01554680
0.01560402
0.01588130
0.01575375
0.01564550
0.01575875
0.01572394
0.01566911
0.01568246
0.01566792
0.01569963
0.01562405
0.01568151
0.01563001
0.01552963
0.01556873
0.01541948
0.01548648
0.01570940
0.01567650
0.01589704
0.01592493
0.01556492
0.01559496
0.01570082
0.01553392
0.01549077
0.01570582
0.01563025
0.01552153
0.01544523
0.01529717
0.01532888
0.01540852
0.01541162
0.01538777
0.01530266
0.01550221
0.01563525
0.01552415
0.01544714
0.01579905
0.01547265
0.01582956
0.01592135
0.01572371
0.01555777
0.01544881
0.01540589
0.01527691
0.01546884
0.01538777
0.01562452
0.01566768
0.01567554
0.01555729
0.01570082
0.01564479
0.01543880
0.01548743
0.01554585
0.01544166
0.01543045
0.01562095
0.01570535
0.01592064
0.01568174
0.01543212
0.01544166
0.01529217
0.01547766
0.01533771
0.01547050
0.01532006
0.01535201
0.01527929
0.01548672
0.01566958
0.01587367
0.01589179
0.01590157
0.01563168
0.01550007
0.01561522
0.01547313
0.01568532
0.01548147
0.01551676
0.01554084
0.01542950
0.01546431
0.01572013
0.01588678
0.01588178
0.01557732
0.01541114
0.01551080
0.01568413
0.01564360
0.01573539
0.01558065
0.01563072
0.01555753
0.01579404
0.01573420
0.01574636
0.01563406
0.01560783
0.01556945
0.01574516
0.01552749
0.01548457
0.01547718
0.01549196
0.01551747
0.01564980
0.01557517
0.01557302
0.01558089
0.01565480
0.01562643
0.01573277
0.01556277
0.01568818
0.01606107
0.01601076
0.01566863
0.01559830
0.01513886
0.01509213
0.01508570
0.01515770
0.01525044
0.01525021
0.01522112
0.01534081
0.01533628
0.01533008
0.01538038
0.01528668
0.01526237
0.01525855
0.01526380
0.01522326
0.01523328
0.01540780
0.01502728
0.01553917
0.01558352
0.01531935
0.01522994
0.01510429
0.01514888
0.01526856
0.01526523
0.01522779
0.01525092
0.01519418
0.01529264
0.01525450
0.01527715
0.01529455
0.01521492
0.01536798
0.01543188
0.01534033
0.01542521
0.01542568
0.01537085
0.01538539
0.01536512
0.01545048
0.01567388
0.01549315
0.01563263
0.01561356
0.01574636
0.01577377
0.01563621
0.01571178
0.01581645
0.01581073
0.01582336
0.01597190
0.01593041
0.01591229
0.01599956
0.01595616
0.01592541
0.01594710
0.01599836
0.01595163
0.01598454
0.01608419
0.01593232
0.01596308
0.01595283
0.01593566
0.01595426
0.01594472
0.01594305
0.01600480
0.01587296
0.01594996
0.01595640
0.01589918
0.01591110
0.01593924
0.01619387
0.01604247
0.01634192
0.01646090
0.01617217
0.01600671
0.01595640
0.01590395
0.01557446
0.01519966
0.01532650
0.01518011
0.01522017
0.01533008
0.01515579
0.01522446
0.01522779
0.01524401
0.01522589
0.01522565
0.01524615
0.01523399
0.01517940
0.01535296
0.01536465
0.01519036
0.01499414
0.01495266
0.01503444
0.01503873
0.01511621
0.01510739
0.01535702
0.01514339
0.01523232
0.01570654
0.01557183
0.01555347
0.01546025
0.01541114
0.01542592
0.01532197
0.01533890
0.01521206
0.01559973
0.01548338
0.01567268
0.01541042
0.01584792
0.01564598
0.01580715
0.01558566
0.01546049
0.01496553
0.01511097
0.01548553
0.01557469
0.01549864
0.01531029
0.01549697
0.01518440
0.01503706
0.01515079
0.01506162
0.01503825
0.01521325
0.01542616
0.01527882
0.01572895
0.01550722
0.01515269
