1.41580725
0.01510167
0.01512051
0.01490688
0.01451659
0.01455736
0.01454854
0.01451564
0.01465273
0.01456881
0.01455927
0.01458693
0.01461959
0.01468658
0.01481795
0.01474094
0.01469183
0.01467896
0.01459646
0.01513958
0.01474357
0.01525712
0.01529455
0.01500702
0.01485705
0.01483202
0.01495910
0.01488566
0.01472569
0.01503158
0.01541615
0.01510310
0.01525927
0.01513147
0.01491594
0.01482296
0.01493025
0.01476669
0.01494837
0.01488686
0.01508069
0.01511693
0.01494527
0.01546454
0.01524186
0.01504397
0.01501226
0.01499248
0.01511145
0.01494050
0.01492548
0.01500630
0.01499701
0.01526093
0.01540613
0.01517820
0.01500583
0.01487517
0.01502728
0.01489115
0.01492620
0.01510930
0.01505589
0.01525354
0.01537180
0.01543689
0.01513314
0.01495671
0.01502180
0.01500106
0.01492834
0.01495099
0.01495266
0.01502490
0.01506233
0.01509285
0.01512098
0.01511955
0.01532245
0.01534796
0.01528525
0.01576519
0.01541162
0.01514339
0.01522064
0.01510167
0.01512694
0.01507092
0.01511216
0.01515651
0.01508975
0.01514840
0.01527548
0.01529789
0.01533818
0.01560783
0.01566911
0.01542926
0.01544142
0.01555181
0.01571035
0.01529813
0.01538420
0.01535368
0.01539731
0.01541543
0.01531076
0.01539969
0.01551533
0.01544356
0.01556826
0.01549602
0.01544046
0.01549268
0.01559281
0.01559877
0.01569176
0.01586556
0.01586246
0.01562810
0.01561451
0.01557779
0.01552320
0.01537156
0.01560521
0.01559401
0.01561928
0.01573181
0.01572394
0.01562285
0.01573157
0.01561165
0.01567936
0.01578808
0.01562214
0.01576257
0.01575875
0.01569843
0.01567650
0.01578450
