1.40863395
0.01507854
0.01446009
0.01437783
0.01424384
0.01411319
0.01449299
0.01451540
0.01453400
0.01474142
0.01522040
0.01529360
0.01505113
0.01494241
0.01476121
0.01508427
0.01507974
0.01510310
0.01480031
0.01465154
0.01475954
0.01475978
0.01469588
0.01460767
0.01464558
0.01476097
0.01477194
0.01463366
0.01474380
0.01488948
0.01487207
0.01481771
0.01516747
0.01507545
0.01480675
0.01480675
0.01477742
0.01493478
0.01469970
0.01476288
0.01471615
0.01485348
0.01482296
0.01492214
0.01486778
0.01498222
0.01510620
0.01507306
0.01543427
0.01527834
0.01509452
0.01490092
0.01483846
0.01490736
0.01493692
0.01486969
0.01485658
0.01495314
0.01490331
0.01508021
0.01488566
0.01515102
0.01495910
0.01510572
0.01514769
0.01505876
0.01510262
0.01500964
0.01521206
0.01511621
0.01518464
0.01510000
0.01509857
0.01529026
0.01510048
0.01508594
0.01515841
0.01524210
0.01547050
0.01542068
0.01568460
0.01564026
0.01565027
0.01541805
0.01536918
0.01581025
0.01562452
0.01567650
0.01535416
0.01532674
0.01525402
0.01528430
0.01524115
0.01516509
0.01526165
0.01526713
0.01522779
0.01522613
0.01550722
0.01553321
0.01543880
0.01546860
0.01543856
0.01535010
0.01551151
0.01544213
0.01540780
0.01551485
0.01552391
0.01582766
0.01562786
0.01552916
0.01558256
0.01558423
0.01542068
0.01578307
0.01552248
0.01566482
0.01598549
0.01589179
0.01571488
0.01549029
0.01545715
0.01555133
0.01538324
0.01543617
0.01555157
0.01565051
0.01547909
0.01554823
0.01582289
0.01558661
0.01572394
0.01582265
0.01560426
0.01566386
0.01561928
0.01560140
0.01558399
0.01562905
0.01570559
0.01585078
0.01578569
0.01595259
0.01590109
0.01603413
0.01620388
0.01623821
0.01585174
0.01636577
0.01626968
0.01600623
0.01603961
0.01592731
0.01597166
0.01603198
0.01599193
0.01617718
0.01628852
0.01607490
0.01647234
0.01629567
0.01595950
0.01592422
0.01599288
0.01593328
0.01591086
0.01587296
0.01602840
0.01602173
0.01639223
0.01624155
0.01615882
0.01591635
0.01593423
0.01608944
0.01606560
0.01585150
0.01592350
0.01607943
0.01619935
0.01648879
0.01639509
0.01605940
0.01616287
0.01609731
0.01600766
0.01586008
0.01598525
0.01598573
0.01591778
0.01593351
0.01591921
0.01602221
0.01588559
0.01606417
0.01613665
0.01649022
0.01627183
0.01622629
0.01605082
0.01607752
0.01615095
0.01595187
0.01600480
0.01602125
0.01602507
0.01598549
0.01605606
0.01589012
0.01586914
0.01599598
0.01587176
0.01592040
0.01600695
0.01592731
0.01602888
0.01585865
0.01593304
0.01607299
0.01592875
0.01602674
0.01593637
0.01590037
0.01596189
0.01611543
0.01608014
0.01598167
0.01600623
0.01587820
0.01599860
0.01664519
0.01627946
0.01596808
0.01591706
0.01584911
0.01594996
0.01595998
0.01591635
0.01587725
0.01592827
0.01588130
0.01599383
0.01583409
0.01590967
0.01597977
0.01591730
0.01618743
0.01607132
0.01633453
0.01637006
0.01631498
0.01595640
0.01596045
0.01597881
0.01602960
0.01595831
0.01589441
0.01597738
0.01595902
0.01611805
0.01586008
0.01603556
0.01586509
0.01586032
0.01599050
0.01667547
0.01624250
0.01607680
0.01600289
0.01611066
0.01599765
0.01593733
0.01582980
0.01598501
0.01587605
0.01584363
0.01589417
0.01581550
0.01585412
0.01596546
0.01593018
0.01595736
0.01610780
0.01597381
0.01633573
0.01623416
0.01593018
0.01603270
0.01598024
0.01581764
0.01595998
0.01589298
0.01588035
0.01607513
0.01588631
0.01590872
0.01626897
0.01598310
0.01600790
0.01595783
0.01600862
0.01592493
0.01613021
0.01588917
0.01592970
0.01591063
0.01586294
0.01590753
0.01597619
0.01596451
0.01592159
0.01593375
0.01599360
0.01626539
0.01596642
0.01641703
0.01654911
0.01606631
0.01594329
0.01603961
0.01590157
0.01594877
0.01612449
0.01594162
0.01606846
