1.43548083
0.01543927
0.01488972
0.01465511
0.01470804
0.01455736
0.01454735
0.01451659
0.01452303
0.01459432
0.01465130
0.01459384
0.01465201
0.01473522
0.01463580
0.01462507
0.01473522
0.01472521
0.01496625
0.01479650
0.01511765
0.01501465
0.01482272
0.01481628
0.01477671
0.01474190
0.01502967
0.01518106
0.01466227
0.01474857
0.01454973
0.01468682
0.01453376
0.01458931
0.01471877
0.01473045
0.01469612
0.01487017
0.01500845
0.01539660
0.01515484
0.01480222
0.01498842
0.01495337
0.01539636
0.01534748
0.01528335
0.01500583
0.01525235
0.01529455
0.01524830
0.01496744
0.01505423
0.01510715
0.01565599
0.01521230
0.01521492
0.01531959
0.01516294
0.01504922
0.01527834
0.01552749
0.01538396
0.01559782
0.01570535
0.01573133
0.01533222
0.01506829
0.01520395
0.01523495
0.01522422
0.01518369
0.01522851
0.01553226
0.01556849
0.01524830
0.01510644
0.01525402
0.01515484
0.01503086
0.01500654
0.01515555
0.01512265
0.01505899
0.01519895
0.01531219
0.01531076
0.01521373
0.01518226
0.01518369
0.01530147
0.01543570
0.01548386
0.01540279
0.01532149
0.01519775
0.01508021
0.01510859
0.01520586
0.01511431
0.01504350
0.01507521
0.01519132
0.01525998
0.01515841
0.01515985
0.01519203
0.01511121
0.01499295
0.01509213
0.01517057
0.01578689
0.01576519
0.01579523
0.01542473
0.01547956
0.01540327
0.01519775
0.01527977
0.01553154
0.01572752
0.01523232
0.01511002
0.01507640
0.01512837
0.01503348
0.01494527
0.01522064
0.01515365
0.01532602
0.01522493
0.01498961
0.01495481
0.01493883
0.01488018
0.01503873
0.01526117
0.01507735
0.01541376
0.01542258
0.01525831
0.01495934
0.01504040
0.01502204
0.01486611
0.01487327
0.01489401
0.01491094
0.01497841
0.01503301
0.01522875
0.01508498
0.01542354
0.01522112
0.01499581
0.01520371
0.01514626
0.01533175
0.01541233
0.01534581
0.01515365
0.01538253
0.01538348
0.01495194
0.01501274
0.01499057
0.01483941
0.01481557
0.01503682
0.01561785
0.01564837
0.01550555
0.01532459
0.01529121
0.01492786
0.01498294
0.01503873
0.01494265
0.01492739
0.01511192
0.01507807
0.01510954
0.01534438
0.01518655
0.01511121
0.01514435
0.01504016
0.01514649
0.01526856
0.01539230
0.01585150
0.01562047
0.01543999
0.01538157
0.01543951
0.01551747
0.01550007
0.01547194
0.01534939
0.01540971
0.01549745
0.01551223
0.01561451
0.01571107
0.01561165
0.01553154
0.01561785
0.01563334
0.01568055
0.01576352
0.01559377
0.01568699
0.01553917
0.01581454
0.01583385
0.01550293
0.01546836
0.01552343
0.01542687
0.01542282
0.01538086
0.01547313
0.01536989
0.01550484
0.01538038
0.01556420
0.01561522
0.01600623
0.01549459
0.01532483
0.01551700
0.01575136
0.01573968
0.01548934
0.01525211
0.01497030
0.01490831
0.01493502
0.01499557
0.01509428
0.01485395
0.01541114
0.01547074
0.01530552
0.01504517
0.01503158
0.01531291
0.01531649
0.01501131
0.01487088
0.01492262
0.01499295
0.01500893
0.01490927
0.01478982
0.01492739
0.01498199
0.01489234
0.01497698
0.01500678
0.01492333
0.01489949
0.01492167
0.01501727
0.01498723
0.01491404
0.01487184
0.01500845
0.01503921
0.01499295
0.01504350
0.01515794
0.01527381
0.01521873
0.01509428
0.01510477
0.01519918
0.01518893
0.01517391
0.01511502
0.01525569
0.01529551
0.01530600
0.01604867
0.01561022
0.01523852
0.01560926
0.01544809
0.01538253
0.01518679
0.01509953
0.01530099
0.01523232
0.01529479
0.01507807
0.01511574
0.01526117
0.01514935
0.01511693
0.01520705
0.01519680
0.01527810
0.01529884
0.01524591
0.01511574
0.01554084
0.01536918
0.01527095
0.01513767
0.01523948
0.01539779
0.01517320
0.01530743
0.01516819
0.01509309
0.01519156
0.01529241
0.01526403
0.01523733
0.01503658
0.01505685
0.01509285
0.01512456
0.01516032
0.01503086
0.01512170
0.01512885
0.01507592
0.01497746
0.01496100
0.01496315
0.01501083
0.01512289
0.01497960
0.01499557
0.01523495
0.01513910
0.01536393
0.01526332
0.01519489
0.01497769
0.01490569
0.01494265
0.01499295
0.01492691
0.01503015
0.01479268
0.01477718
0.01482439
0.01494908
0.01488900
0.01485658
0.01492167
0.01510143
0.01528931
0.01737332
0.01532722
0.01547194
0.01555276
0.01522398
0.01542425
0.01518154
0.01490164
0.01493692
0.01497102
