1.42564964
0.01492333
0.01448679
0.01437664
0.01434517
0.01424527
0.01423764
0.01442790
0.01435494
0.01423001
0.01434207
0.01437497
0.01433396
0.01444745
0.01450801
0.01470137
0.01445842
0.01520038
0.01496029
0.01481199
0.01444554
0.01467776
0.01483989
0.01458597
0.01452923
0.01477766
0.01468492
0.01448846
0.01457858
0.01481199
0.01514912
0.01511884
0.01491523
0.01473641
0.01497149
0.01463771
0.01458716
0.01466942
0.01498699
0.01467443
0.01458240
0.01470160
0.01473713
0.01453900
0.01466870
0.01478481
0.01446271
0.01454210
0.01473570
0.01475048
0.01493883
0.01483083
0.01520109
0.01515269
0.01481557
0.01501131
0.01519656
0.01497769
0.01452112
0.01446319
0.01484513
0.01496077
0.01449633
0.01439238
0.01463604
0.01447296
0.01442719
0.01460314
0.01464963
0.01449251
0.01459551
0.01467562
0.01457524
0.01468825
0.01464796
0.01469135
0.01458192
0.01468015
0.01475430
0.01489449
0.01471949
0.01516414
0.01520085
0.01491499
0.01462865
0.01464009
0.01471090
0.01464033
0.01457500
0.01486039
0.01502824
0.01516604
0.01510048
0.01489925
0.01486039
0.01468301
0.01465869
0.01497698
0.01510048
0.01508093
0.01507616
0.01521397
0.01505685
0.01498079
0.01506662
0.01510429
0.01516557
0.01486111
0.01473379
0.01467633
0.01478171
0.01486897
0.01471829
0.01492882
0.01494241
0.01497841
0.01470566
0.01471710
0.01476359
0.01483226
0.01475358
0.01473761
0.01484752
0.01488328
0.01474333
0.01476407
0.01483488
0.01486468
0.01473236
0.01473594
0.01483226
0.01494360
0.01481295
0.01482725
0.01491117
0.01487136
0.01489782
0.01484013
0.01490355
0.01493573
0.01483202
0.01514602
0.01500416
0.01534867
0.01536822
0.01514125
0.01492286
0.01498175
0.01516390
0.01537180
0.01507115
0.01504970
0.01516867
0.01511312
0.01507068
0.01505399
0.01522875
0.01520181
0.01524138
0.01508236
0.01510787
0.01531482
0.01525879
0.01519394
0.01514626
0.01531982
0.01536274
0.01536274
0.01520729
0.01521087
0.01554680
0.01551270
0.01545048
0.01528335
0.01538873
0.01537061
0.01545191
0.01549745
0.01534033
0.01544619
0.01536822
0.01551795
0.01549459
0.01559472
0.01551843
0.01537919
0.01544499
0.01608086
0.01589131
0.01556039
0.01564169
0.01561069
0.01548409
0.01564121
0.01578069
0.01579046
0.01624942
0.01607656
0.01564527
0.01571774
0.01578426
0.01569319
0.01568675
0.01579905
0.01563430
0.01567674
0.01620197
0.01650333
0.01630712
0.01642418
0.01618910
0.01603127
0.01593184
0.01594090
0.01592922
0.01605988
0.01584482
0.01582408
0.01591730
0.01582384
0.01578021
0.01608968
0.01614141
0.01597500
0.01590633
0.01597953
0.01590133
0.01591277
0.01599073
0.01611423
0.01603341
0.01612163
0.01599693
0.01573896
0.01621723
0.01621413
0.01611161
0.01607561
0.01636195
0.01615810
0.01583028
0.01571083
0.01567769
0.01572132
0.01572251
0.01573300
0.01566792
0.01562810
0.01566696
0.01587319
0.01577234
0.01572609
0.01555109
0.01592731
0.01575398
0.01559877
0.01564574
0.01558232
0.01545191
0.01541257
0.01564407
0.01615787
0.01619792
0.01629710
0.01605296
0.01622391
0.01610613
0.01578808
0.01566935
0.01596808
0.01584220
0.01594830
0.01618552
0.01614237
0.01583433
0.01599479
0.01604915
0.01573586
0.01575398
0.01582408
0.01562905
0.01570320
0.01589227
0.01588845
0.01586699
0.01589656
0.01584244
0.01579857
0.01602173
0.01599431
0.01635313
0.01632142
0.01612353
0.01606846
0.01595378
0.01589227
0.01591945
0.01620436
0.01608467
0.01643515
0.01651716
0.01652455
0.01602769
0.01610279
0.01601839
0.01560020
0.01572728
0.01572895
0.01573658
0.01594663
0.01604486
0.01587915
0.01623440
0.01634908
0.01633883
0.01616573
0.01950979
0.01664686
0.01638556
0.01628375
0.01642871
0.01641369
0.01657510
0.01624346
0.01613164
0.01607132
0.01598167
0.01604009
0.01591492
0.01620865
0.01605940
0.01599383
0.01599360
0.01564217
0.01552510
0.01551151
0.01554465
0.01600432
0.01601315
0.01581717
0.01553488
0.01541424
0.01541424
0.01558542
0.01548934
0.01547194
0.01533031
0.01536703
0.01546335
0.01527286
0.01521516
0.01515436
0.01543188
0.01526690
0.01529837
0.01533413
0.01523685
0.01515651
0.01515436
0.01533222
0.01538038
0.01523948
0.01518703
0.01531339
0.01533532
0.01512790
0.01523829
0.01523662
0.01540017
0.01537633
0.01539326
0.01538730
0.01560307
0.01617098
0.01630068
0.01593900
0.01619196
0.01566958
0.01564407
0.01576710
0.01574087
0.01588178
0.01610518
0.01583910
0.01627421
0.01597095
0.01595354
0.01588345
0.01613307
0.01636434
0.01620698
0.01604319
0.01625347
0.01609945
0.01610065
0.01624012
0.01668668
0.01633334
0.01644349
0.01637650
0.01619887
0.01615524
0.01605082
0.01610613
0.01618123
0.01623654
0.01615167
0.01609015
0.01648664
0.01627731
0.01610327
0.01616931
0.01612115
0.01609182
0.01591682
0.01598239
0.01607537
0.01612687
0.01619101
0.01644874
0.01616931
0.01597238
0.01601052
0.01564336
0.01545882
0.01558471
0.01561356
0.01551437
0.01660752
0.01601315
0.01588488
0.01588416
0.01595211
0.01560831
0.01566625
0.01552677
0.01561642
0.01552868
0.01556635
0.01537514
0.01522017
0.01522827
0.01527715
0.01527452
0.01536298
0.01509118
0.01525664
0.01521111
0.01536894
0.01537204
0.01555181
0.01554489
0.01528788
0.01525331
0.01523829
0.01513886
0.01515460
0.01520848
0.01520157
0.01523161
0.01512790
0.01543260
0.01531315
0.01529574
0.01514173
0.01518893
0.01524639
0.01531410
0.01539683
0.01547742
0.01546645
0.01532698
0.01524949
