228.000,236.000,80.000,64.000
229.295,233.492,84.399,62.478
230.927,234.246,88.507,63.578
231.182,241.923,90.442,63.563
229.886,250.677,92.007,63.562
224.035,255.417,91.580,62.995
223.940,244.614,91.613,64.513
223.656,229.340,92.159,65.622
222.236,224.452,92.651,64.264
220.572,239.773,91.641,66.067
217.706,258.578,91.395,66.388
218.346,263.696,92.554,64.678
221.393,249.636,91.097,66.024
226.625,224.346,90.716,66.993
228.889,214.875,92.304,65.296
229.962,232.082,91.824,65.151
239.353,240.269,92.035,63.788
248.165,230.684,91.441,65.588
246.827,211.718,92.685,67.816
229.469,208.275,91.874,66.304
205.375,209.973,94.834,67.592
179.814,227.072,95.046,67.188
194.330,235.149,96.774,67.088
225.481,243.739,95.342,66.208
231.868,250.023,94.133,64.785
210.374,246.802,94.450,64.090
185.306,240.971,95.351,63.981
165.765,236.938,94.640,63.409
161.019,237.652,95.167,64.873
176.486,241.320,95.442,65.417
197.641,231.585,96.463,67.337
198.810,219.651,96.235,67.395
189.941,217.273,95.989,65.633
190.347,225.086,95.468,64.956
201.323,224.491,94.850,65.595
211.902,219.210,95.978,64.818
208.815,215.747,95.046,63.642
200.955,222.047,94.472,64.291
202.966,244.602,94.110,66.272
210.717,268.942,96.425,66.244
213.177,271.495,96.376,65.761
203.703,261.192,97.536,65.555
187.509,260.068,97.006,66.196
178.250,268.560,96.881,65.453
177.609,276.163,95.489,64.064
192.267,275.114,95.687,64.998
206.175,280.609,95.589,64.218
212.284,284.451,95.225,63.762
213.072,280.028,95.568,63.887
214.310,258.377,95.196,66.524
227.080,239.715,97.193,67.646
241.141,237.567,97.368,67.426
256.481,251.521,96.995,66.920
253.990,257.093,95.637,65.361
227.604,246.749,97.446,66.902
202.650,236.405,98.346,68.440
193.880,234.575,98.018,65.809
201.675,237.351,97.243,65.312
211.101,245.280,97.573,64.447
222.419,251.505,96.702,63.363
232.203,237.518,96.528,64.270
231.269,223.511,98.104,63.355
226.732,222.842,97.547,63.703
234.717,221.619,97.477,63.848
253.589,216.328,98.298,64.557
271.734,213.593,97.883,63.912
278.930,220.270,97.488,64.883
273.955,237.270,97.217,66.853
257.049,246.337,97.560,67.093
248.322,245.197,97.455,66.271
256.910,231.277,97.425,66.709
266.344,221.533,97.234,65.991
269.131,220.811,97.314,65.926
273.563,208.661,96.739,67.047
257.196,185.005,100.146,68.122
231.430,170.534,101.723,66.865
206.164,168.065,101.614,66.477
197.100,167.984,99.886,65.681
203.693,167.534,98.073,65.684
214.582,162.929,97.678,66.250
220.050,153.545,97.731,66.719
223.729,167.190,99.103,67.984
223.944,184.857,98.770,68.025
217.115,197.727,98.329,68.472
214.653,205.775,97.826,66.545
197.865,201.826,102.500,67.008
178.060,191.894,105.675,69.163
176.298,181.157,102.650,69.344
187.959,160.366,105.102,70.589
207.897,166.408,107.439,72.814
234.924,199.013,107.807,74.134
242.123,229.791,104.429,73.204
236.523,244.000,101.545,70.180
230.804,240.662,100.167,69.316
222.362,222.540,100.439,69.536
219.294,209.058,98.949,67.642
221.408,208.100,99.243,67.149
225.737,211.422,97.810,66.769
235.952,205.056,98.770,68.637
237.326,193.031,101.039,69.031
221.588,189.213,102.267,68.977
211.808,203.587,101.550,70.747
215.038,219.920,102.244,70.594
248.019,217.710,103.962,71.626
279.191,210.721,103.129,73.567
272.121,203.209,102.055,71.501
248.953,202.329,108.247,71.458
222.378,214.318,106.810,71.244
211.226,217.957,103.336,69.239
210.825,204.870,101.160,70.678
209.546,191.751,99.661,69.402
213.715,196.432,100.920,69.725
214.352,208.749,99.839,70.050
240.785,220.151,106.443,66.306
278.621,221.336,101.787,68.506
288.183,215.567,99.194,68.501
260.263,198.188,103.558,65.046
202.742,186.830,107.370,63.335
144.504,180.052,111.535,63.516
124.850,186.203,105.080,64.759
136.238,184.849,102.059,68.293
158.004,186.012,99.282,69.661
163.156,183.052,97.484,68.639
172.911,180.649,97.286,69.812
191.655,172.508,96.958,71.699
205.735,174.650,95.726,71.659
215.710,188.416,96.364,70.897
217.406,198.215,96.250,69.518
223.362,199.080,95.885,69.251
226.785,192.159,95.858,69.096
233.730,190.285,95.242,67.982
232.152,199.775,95.152,68.869
231.891,206.410,94.664,68.239
251.247,206.405,95.378,69.566
270.837,216.458,97.151,73.041
280.132,241.773,95.673,73.658
278.764,261.900,96.026,74.297
276.139,276.020,97.754,74.130
276.437,285.403,97.164,70.441
275.982,274.449,97.903,70.699
277.312,266.549,97.214,69.957
279.131,252.218,97.361,72.157
277.365,218.573,97.149,75.218
279.925,193.538,96.533,73.904
276.046,191.230,96.487,74.937
261.530,220.567,96.570,77.326
255.134,262.363,95.910,78.617
250.532,293.535,95.992,77.387
249.200,291.020,96.785,76.923
235.926,258.285,95.696,76.295
224.979,253.031,96.143,72.930
217.177,260.800,96.272,69.801
219.437,249.798,97.702,71.276
217.730,233.345,98.000,71.441
218.489,230.016,97.652,68.793
230.529,230.173,96.555,69.304
236.304,218.968,96.518,72.036
233.545,193.802,96.260,74.063
223.252,164.887,96.246,74.214
223.239,163.225,97.527,71.955
228.197,174.112,98.459,73.366
238.802,185.154,98.020,70.613
241.998,185.197,98.736,69.040
231.757,185.125,98.563,69.739
209.231,188.251,97.688,69.916
187.415,180.919,97.467,70.962
183.939,171.762,97.087,71.955
200.349,154.771,99.592,74.948
214.441,134.050,96.977,75.541
210.223,119.804,97.540,73.017
205.926,119.039,98.008,73.863
206.465,137.876,98.292,74.571
211.056,145.744,97.585,71.855
224.933,142.598,96.469,69.392
232.465,143.075,95.763,67.679
231.950,146.707,97.302,69.505
230.940,166.526,94.679,72.547
223.661,190.570,95.482,74.832
211.531,211.206,94.867,72.195
208.423,210.234,95.567,71.032
207.743,189.537,95.799,72.387
195.327,153.498,94.740,73.209
183.095,109.666,93.308,74.153
183.000,99.901,93.821,71.346
193.599,117.969,94.562,73.403
208.015,143.753,95.439,73.226
229.037,156.125,95.348,70.064
244.747,157.033,93.474,69.084
244.446,148.799,93.383,69.473
240.044,142.136,92.824,67.704
245.701,150.573,93.973,68.344
244.536,161.409,92.696,67.599
234.970,165.288,93.002,66.595
229.700,173.575,93.648,67.664
230.767,184.185,93.513,66.607
233.599,183.683,92.974,66.592
241.657,181.554,92.630,65.074
248.247,174.495,93.320,67.325
247.677,159.990,92.611,66.617
240.801,167.506,92.973,71.650
235.129,211.999,92.540,74.573
242.979,253.429,92.556,74.430
253.228,268.446,91.781,71.053
263.707,275.308,91.184,68.044
256.231,255.061,93.562,70.696
241.823,242.889,92.036,67.384
244.162,249.462,92.736,68.786
258.236,266.890,92.214,68.428
265.965,269.251,92.245,66.616
263.116,255.618,92.092,67.540
252.715,243.768,91.844,67.107
243.991,240.681,91.809,65.242
250.573,232.725,91.443,65.716
263.595,212.828,92.242,68.660
265.204,189.391,91.791,69.046
258.120,186.155,91.632,67.348
259.628,202.746,91.076,69.767
262.901,228.901,92.808,68.720
257.527,229.220,92.161,67.922
245.259,214.817,92.234,68.962
229.668,207.413,91.523,66.819
222.857,219.757,91.187,69.759
229.352,250.306,91.084,72.060
239.141,270.709,90.000,69.145
245.506,246.931,91.336,72.695
229.257,213.387,93.008,73.169
223.953,206.320,91.582,69.351
247.778,213.447,94.570,68.807
278.971,221.207,94.138,66.092
292.724,202.703,94.168,68.327
268.367,175.723,97.490,68.711
228.233,166.588,99.208,67.859
191.830,180.219,98.392,69.639
173.703,190.985,94.928,67.931
175.086,177.876,93.667,69.981
177.980,164.858,93.131,67.906
196.008,159.970,93.675,66.814
231.112,157.177,96.639,66.579
254.296,154.887,94.575,65.181
255.405,153.581,93.147,65.229
238.348,160.011,92.695,65.207
214.883,159.489,91.767,65.837
195.473,168.260,92.404,68.332
187.509,187.526,91.506,69.368
180.626,202.145,91.008,68.831
160.073,204.609,93.808,69.081
138.847,188.727,93.580,70.660
139.293,170.450,92.509,68.563
163.682,173.679,97.409,68.714
190.187,200.850,95.710,70.629
197.655,225.859,92.664,70.879
194.102,237.349,90.226,67.500
182.299,224.975,91.169,69.089
173.273,218.029,89.795,65.750
174.399,224.353,89.310,64.491
190.293,228.845,90.858,63.871
224.453,224.312,93.893,63.355
266.304,212.496,96.866,63.288
292.242,198.723,93.104,64.318
289.029,197.801,92.200,66.976
266.749,218.795,91.451,68.107
253.852,228.924,88.949,66.004
247.566,215.531,88.848,67.406
232.492,191.414,91.692,69.216
210.658,178.267,90.392,67.625
188.963,180.572,89.600,67.448
190.925,199.191,90.659,71.535
222.407,231.139,94.280,74.390
248.739,251.276,91.142,70.263
240.043,238.887,91.410,71.847
217.765,221.157,91.382,71.709
198.531,214.936,89.560,68.449
206.440,222.641,91.902,69.995
237.442,238.408,96.294,67.771
273.521,253.459,93.653,67.105
279.196,238.927,92.501,68.362
262.851,220.797,92.841,69.858
240.451,205.935,92.110,70.616
235.388,197.174,89.788,68.115
260.205,206.119,92.737,66.121
283.191,220.300,90.587,65.209
264.410,206.248,92.716,67.485
239.218,189.558,91.080,68.211
239.063,188.000,89.972,66.106
260.150,184.763,90.481,65.024
277.929,184.012,88.403,64.491
270.025,171.458,89.432,68.137
250.365,162.438,88.797,66.758
249.587,169.088,88.452,66.538
254.570,181.278,88.339,65.329
260.156,179.555,88.305,64.305
271.471,166.983,89.320,64.472
285.522,166.729,90.044,66.687
297.535,186.058,89.681,69.268
303.451,208.767,88.316,67.649
294.790,208.322,88.685,67.058
291.373,200.133,88.723,65.845
277.585,194.515,90.419,66.172
228.783,191.752,94.754,67.355
189.064,209.092,92.566,67.038
201.788,204.248,93.855,68.806
227.694,185.406,93.140,69.386
242.603,181.211,90.743,67.403
237.135,180.563,89.759,66.060
220.788,188.898,89.776,66.081
229.073,203.387,90.760,67.866
261.151,209.528,92.863,66.941
286.034,194.774,91.591,69.849
303.213,176.079,90.109,70.109
303.233,164.395,89.539,67.740
283.734,167.482,90.428,70.595
276.207,196.539,89.889,73.045
302.757,221.001,90.684,70.269
326.700,201.230,90.889,72.940
334.929,180.814,89.738,70.733
324.403,176.107,91.163,67.927
304.694,187.845,92.919,68.185
291.642,199.950,90.660,65.959
292.572,203.186,89.986,64.366
293.618,197.035,90.389,64.673
286.788,193.045,89.093,63.324
286.254,185.847,89.536,63.796
285.053,184.386,89.082,63.254
278.129,184.267,89.391,65.006
269.389,185.295,88.399,66.135
263.987,188.583,88.671,66.228
265.012,195.390,88.691,64.702
265.197,200.370,88.292,64.484
265.463,200.349,88.357,64.890
276.868,207.122,92.177,65.701
292.868,217.809,91.840,66.029
287.687,225.935,90.361,64.011
271.800,222.874,91.286,63.612
262.955,211.853,91.053,63.038
266.086,211.503,92.431,64.825
283.757,219.747,93.124,64.004
274.637,217.949,95.398,61.390
231.087,215.041,98.047,58.986
214.742,211.556,95.999,62.315
229.340,198.777,95.385,63.838
237.109,198.133,92.117,62.782
243.955,198.065,90.471,64.449
248.941,199.528,89.367,65.106
243.433,204.569,90.509,65.441
238.816,208.192,90.743,65.310
251.957,202.090,91.870,66.495
253.148,201.144,92.893,66.780
240.708,201.489,93.292,66.250
246.770,190.903,94.487,68.485
256.755,184.935,94.067,68.190
246.681,175.573,95.343,67.474
241.999,174.269,94.703,65.431
249.111,185.291,95.743,67.359
254.574,194.656,94.472,64.981
249.477,193.838,94.138,66.753
229.779,183.937,95.304,69.094
219.055,168.107,94.712,68.453
