99.000,237.000,27.000,82.000
101.400,237.680,27.959,81.617
102.880,239.287,28.319,81.610
103.643,239.252,30.163,81.663
104.749,239.461,33.059,81.372
106.453,240.390,36.165,80.509
104.943,241.359,40.608,80.137
104.440,241.340,43.846,79.958
103.586,241.423,45.192,79.776
103.327,240.621,46.318,78.909
104.236,241.354,45.790,78.041
105.522,241.408,44.058,76.488
108.552,240.909,42.289,74.201
111.871,237.683,40.296,74.118
113.838,233.653,38.216,75.606
115.832,229.585,36.221,77.782
117.650,228.777,34.583,78.780
119.240,225.922,34.007,80.941
119.522,225.407,34.940,81.183
119.461,225.491,38.296,80.102
120.308,225.645,41.576,79.233
120.889,224.310,43.694,79.088
120.937,224.118,45.620,78.587
119.996,223.078,46.561,79.239
120.684,224.256,45.820,80.552
122.209,224.729,44.048,80.293
126.402,226.225,41.100,79.695
130.510,226.078,36.947,79.282
133.745,226.514,33.757,78.521
135.681,223.509,32.334,79.850
138.856,223.800,31.200,80.448
141.874,222.473,30.295,80.243
142.820,220.960,30.533,81.600
143.155,221.179,31.754,81.212
144.017,221.584,34.521,80.314
141.257,222.746,36.887,79.177
134.885,223.394,40.282,78.319
130.316,223.413,41.881,79.046
128.594,222.860,42.327,80.142
126.002,221.775,42.186,81.044
127.318,223.381,39.801,80.743
126.480,225.023,37.354,79.042
126.483,225.269,35.288,77.941
126.575,225.305,33.680,76.789
123.709,223.510,32.207,78.068
123.338,224.556,30.721,78.965
124.151,224.730,31.531,78.999
124.418,223.736,33.172,79.500
126.645,225.965,36.874,78.340
122.474,225.977,39.775,78.314
118.507,224.912,42.268,78.932
114.965,226.984,44.655,78.722
114.378,223.067,46.655,80.425
114.236,223.429,46.789,82.085
113.599,227.389,45.593,81.824
116.942,226.005,42.639,81.757
122.475,227.522,39.189,79.754
126.415,227.947,35.064,79.141
128.937,227.753,32.131,79.144
131.863,229.499,30.071,79.217
134.060,228.917,29.160,79.492
133.060,228.668,29.636,78.695
134.559,229.097,30.630,77.492
134.962,227.588,32.854,77.802
134.818,226.189,34.825,78.359
136.250,226.794,36.513,77.866
136.653,225.667,37.029,77.936
136.427,226.849,38.002,78.473
139.246,225.542,38.578,78.638
143.237,226.248,37.448,77.152
146.040,227.972,35.573,75.890
147.562,229.098,34.066,75.275
148.550,231.867,32.943,74.892
151.937,232.945,32.745,74.757
153.004,232.043,32.803,74.866
153.323,230.453,32.942,75.026
152.291,227.975,34.166,75.898
149.649,226.258,36.260,77.362
148.441,224.326,38.146,78.137
149.331,224.394,39.379,78.145
149.274,223.369,39.752,78.290
152.618,225.038,39.139,78.129
157.920,225.904,36.658,78.078
158.891,227.307,35.725,78.406
160.844,228.807,34.665,78.099
162.282,228.560,33.752,77.728
166.162,228.519,33.136,77.924
166.499,227.580,33.765,78.852
162.757,226.006,34.859,79.169
162.832,225.240,35.300,79.485
162.939,225.232,36.971,79.422
164.229,225.967,38.253,78.876
166.097,225.892,38.608,78.315
171.242,228.053,36.862,76.441
175.383,230.068,34.663,74.981
179.349,232.283,32.453,72.729
181.190,231.381,30.697,72.608
184.521,229.025,30.209,73.806
185.933,229.250,31.296,73.617
186.701,228.040,32.526,74.058
187.164,226.697,34.665,74.837
186.096,225.562,36.862,74.892
185.359,226.292,39.522,75.008
182.936,226.699,40.857,74.790
185.161,226.350,40.390,74.856
188.255,227.356,38.516,74.497
186.559,228.329,36.413,73.856
188.282,227.272,34.907,73.923
191.314,227.469,33.889,74.057
189.937,227.226,33.462,75.022
188.002,227.379,33.357,75.503
187.069,227.891,34.024,76.490
186.081,228.269,34.661,76.562
184.286,229.823,35.494,76.601
184.214,232.049,35.470,76.164
184.885,234.228,33.966,74.952
185.155,235.038,32.559,74.476
185.176,236.699,31.196,73.807
187.795,237.273,29.994,73.677
188.078,238.499,29.742,73.826
188.519,237.756,30.006,74.423
187.187,237.759,31.216,75.170
186.339,236.589,32.810,75.708
185.160,237.444,35.221,75.430
186.541,238.757,36.766,74.269
188.535,239.531,37.225,73.309
191.893,240.575,37.606,72.336
196.159,240.171,36.903,71.910
196.744,239.652,35.554,70.823
196.771,239.216,34.284,69.966
198.585,236.630,33.552,69.740
199.374,235.842,32.537,69.120
198.742,234.227,31.805,69.109
197.579,233.494,32.108,69.007
200.423,232.889,32.124,68.978
203.309,233.943,31.455,69.239
209.051,232.903,29.726,68.754
209.868,233.448,27.637,69.237
211.789,233.076,25.787,69.021
212.271,232.682,25.458,69.953
212.803,232.199,25.952,70.850
213.707,230.537,26.773,70.848
216.014,228.773,27.707,71.072
214.695,228.239,28.757,71.335
218.278,229.916,29.750,71.090
225.202,231.315,29.746,70.358
190.393,239.474,31.444,73.525
191.004,249.248,33.741,72.305
195.318,240.980,35.516,74.243
196.872,244.472,37.064,75.119
196.732,244.810,38.517,75.165
201.169,246.029,38.710,75.073
206.115,248.206,39.012,74.853
213.307,247.265,38.005,74.949
214.324,245.794,35.947,75.012
215.888,243.844,34.441,75.096
217.442,242.947,34.347,75.794
219.216,240.895,34.658,77.113
219.892,243.066,35.079,77.195
221.465,242.208,35.436,76.975
223.925,241.851,36.493,76.687
225.208,240.600,36.139,75.590
228.572,241.114,35.278,74.641
230.170,241.473,34.641,73.830
235.856,244.386,33.986,72.529
235.515,240.935,33.391,72.695
234.944,239.023,33.051,73.239
233.978,238.640,32.915,73.041
231.485,237.291,34.011,73.590
231.293,236.981,35.277,73.284
231.829,238.326,36.453,72.315
233.238,237.326,37.508,71.512
233.070,238.759,37.248,70.719
234.396,239.300,36.277,70.089
238.340,241.491,35.865,69.395
239.093,240.813,35.150,69.097
240.743,239.907,34.077,68.957
242.416,238.788,33.250,69.558
244.636,237.878,32.498,70.111
245.604,237.016,32.611,71.055
244.709,236.785,32.258,71.522
244.593,236.795,32.362,72.560
244.363,238.008,32.628,73.288
242.984,240.479,32.768,73.347
242.979,242.564,32.627,72.178
242.445,242.910,32.196,71.247
246.027,245.312,31.188,70.744
246.710,245.389,30.556,70.732
246.068,244.605,30.032,70.912
244.872,241.781,29.817,71.704
242.365,240.314,30.755,72.281
238.439,239.616,31.460,72.355
236.469,238.517,32.592,72.348
234.983,238.526,33.595,71.916
233.062,239.125,33.731,71.631
230.988,238.428,33.840,71.531
229.703,238.913,34.295,71.456
231.525,240.813,33.558,71.462
233.565,240.516,32.579,71.248
232.000,240.765,32.174,70.979
231.426,240.338,31.702,71.321
231.077,240.357,31.325,71.801
230.155,238.533,31.418,72.091
229.769,239.358,31.710,72.863
230.365,238.726,32.014,72.944
229.576,237.993,32.284,72.687
230.405,238.933,32.071,72.216
231.907,239.424,31.435,71.793
231.532,239.728,30.691,71.058
231.505,239.466,30.043,70.435
230.942,239.896,29.438,69.921
229.847,239.807,29.301,69.778
229.293,237.971,29.579,70.262
226.855,238.737,30.388,70.612
225.786,237.710,31.211,70.818
226.041,238.404,32.072,70.004
226.032,238.267,32.877,69.953
224.814,243.519,33.708,68.761
225.145,237.893,34.515,69.004
228.498,234.166,34.307,70.193
230.255,233.738,33.248,71.865
229.850,228.490,31.889,74.441
230.053,230.599,30.584,75.901
231.292,226.909,29.954,77.425
228.621,228.239,29.986,78.441
226.023,223.138,29.865,80.515
224.042,229.870,30.191,80.393
221.165,232.793,30.922,79.708
221.827,227.006,30.852,80.268
233.727,234.286,31.174,78.765
232.009,238.316,30.728,76.554
229.903,241.500,30.335,74.618
228.150,242.564,29.572,72.560
226.696,243.326,29.269,71.388
224.934,243.083,29.217,70.820
223.632,240.913,29.713,70.320
221.217,240.606,30.230,69.101
218.976,239.652,31.010,68.448
216.099,239.217,32.072,67.719
214.980,238.742,33.017,67.607
217.320,239.558,33.688,66.904
217.028,239.362,33.211,66.573
218.393,239.900,33.042,66.110
218.517,237.755,32.372,65.888
220.553,238.482,31.407,65.929
224.639,238.961,29.949,65.855
228.998,239.540,28.325,65.703
230.140,238.373,27.416,65.862
227.990,237.481,27.209,65.937
226.384,237.270,27.518,66.501
227.739,237.405,27.960,66.882
227.871,236.800,28.457,67.171
227.448,237.445,28.582,67.251
230.693,237.832,28.452,66.939
230.820,239.284,28.015,66.528
233.695,238.503,27.187,66.579
233.163,238.360,26.155,66.695
232.388,239.168,25.682,66.938
231.189,238.031,25.833,67.212
230.973,236.289,25.988,67.578
231.387,236.775,26.393,67.209
229.851,235.857,27.435,67.203
227.443,236.324,28.408,67.119
228.352,238.231,29.219,66.651
230.135,237.570,29.672,66.683
233.567,236.985,29.889,66.851
237.279,238.123,30.055,66.482
238.349,236.205,29.001,66.597
239.739,235.888,27.909,66.570
240.578,236.848,27.212,66.873
239.904,236.384,26.873,67.467
239.370,234.778,27.299,68.011
237.873,234.956,28.387,68.588
235.590,234.881,29.246,69.165
234.375,233.351,29.799,69.478
234.423,231.966,29.639,70.330
233.280,233.501,29.424,70.374
234.460,228.295,28.888,71.016
236.102,230.733,28.302,71.175
236.167,234.856,27.627,70.359
234.548,236.122,27.394,69.438
233.575,237.196,27.497,68.692
229.895,237.913,28.169,68.210
227.711,237.666,28.904,67.865
225.904,238.121,29.769,67.667
224.970,238.248,30.769,67.830
223.894,237.735,31.343,68.117
223.214,237.758,31.456,68.103
223.249,238.264,31.260,67.863
223.977,237.922,30.800,68.027
225.723,235.059,29.985,68.821
225.598,235.775,29.243,69.212
225.019,237.026,28.103,69.250
226.471,239.688,27.265,68.511
227.103,239.480,27.405,68.316
227.685,239.473,28.237,68.083
227.119,239.395,29.272,68.083
227.344,239.510,30.126,67.949
227.332,239.594,30.437,67.867
226.810,239.494,30.186,67.568
228.204,239.791,29.615,67.215
229.279,238.034,28.783,67.265
229.917,237.957,27.766,68.256
231.070,236.010,27.108,69.483
232.175,235.090,27.105,70.496
233.088,235.521,27.748,70.890
232.884,235.445,28.523,70.784
232.992,233.167,29.603,71.202
232.824,232.553,30.443,71.497
234.163,232.374,31.153,71.736
238.326,233.421,31.112,71.184
237.576,234.421,30.741,70.740
239.097,234.552,29.739,69.901
241.112,232.706,28.790,69.696
243.281,231.228,27.981,70.340
244.696,231.454,27.608,70.298
243.548,230.071,27.550,70.265
242.961,227.934,27.569,70.691
242.681,229.319,27.860,71.232
241.437,228.783,28.665,71.391
240.753,229.825,29.142,70.944
240.730,231.936,29.298,69.938
240.929,234.005,28.690,68.742
240.594,234.385,28.174,67.639
238.397,232.746,27.277,67.802
238.315,235.118,26.804,67.711
237.783,236.426,26.758,66.893
235.062,233.650,27.462,67.587
230.999,232.633,28.538,68.485
229.474,233.907,29.191,68.394
229.313,235.092,29.793,68.182
228.793,236.709,30.191,67.153
229.225,238.599,30.078,66.049
232.087,240.353,28.111,65.841
234.584,238.828,26.786,65.061
233.696,238.250,26.207,65.162
235.597,232.019,26.155,67.341
238.343,233.185,25.985,68.727
237.241,233.995,25.628,68.273
236.244,232.747,25.486,68.742
236.734,229.429,26.010,70.764
237.829,229.074,26.369,72.487
238.506,230.117,26.648,73.549
240.946,230.991,26.373,73.287
243.661,233.524,25.796,72.202
245.671,233.359,25.157,71.377
249.248,236.321,24.367,69.942
251.216,237.454,24.084,68.474
254.277,237.011,24.380,68.337
255.650,237.722,24.749,68.381
256.696,238.721,25.377,68.010
256.718,238.509,26.136,67.727
257.814,239.749,27.041,67.381
259.127,239.635,27.501,67.142
259.025,239.348,27.975,66.486
261.530,239.346,28.195,65.922
262.135,239.387,27.713,65.545
263.863,238.993,27.147,64.947
268.536,237.893,26.532,64.913
269.228,236.808,26.001,65.089
269.334,235.585,25.621,65.150
271.728,233.891,25.480,65.069
272.797,233.965,25.594,64.936
272.759,234.208,25.767,65.654
274.108,233.551,25.687,65.572
277.630,233.199,25.325,65.096
278.494,233.002,24.696,64.448
278.499,235.073,23.872,63.489
279.461,235.178,23.349,63.315
279.428,235.322,22.906,63.332
280.340,235.111,23.076,64.179
281.439,235.279,23.356,64.783
280.912,234.780,23.848,65.439
280.908,233.527,24.153,66.498
279.238,231.214,24.375,67.701
283.876,226.478,24.690,68.431
283.581,229.489,25.072,69.088
284.331,230.635,25.348,69.448
284.736,229.071,25.761,70.791
284.901,227.418,25.854,72.747
285.200,221.083,25.810,75.439
285.172,217.817,25.520,77.999
283.753,214.061,25.357,80.031
282.944,214.124,25.232,82.124
282.939,208.861,24.999,84.284
282.394,204.163,24.885,86.286
282.826,204.521,24.829,88.383
283.588,204.175,24.929,90.896
283.718,199.980,24.792,93.729
282.834,198.350,24.811,96.102
283.833,201.350,24.603,99.177
283.411,194.794,24.602,102.175
280.351,198.384,24.694,103.838
280.866,187.515,24.614,105.838
279.537,185.898,24.567,108.643
279.567,182.560,24.647,111.118
280.504,191.301,24.628,113.341
280.882,193.750,24.556,115.048
281.495,189.303,24.699,117.421
281.989,191.819,24.841,119.446
281.080,188.210,25.038,120.842
280.359,189.919,25.194,122.741
279.082,190.468,25.120,123.791
278.582,195.643,25.236,123.183
277.809,183.935,25.172,123.399
277.040,186.100,25.357,123.149
273.663,191.557,25.417,122.530
273.446,194.168,25.369,122.710
273.810,197.427,25.403,121.677
273.182,201.854,25.201,121.231
272.646,200.529,25.010,121.417
271.961,204.591,25.003,120.977
270.804,205.537,25.249,120.391
269.342,207.556,25.728,118.745
264.119,210.142,25.944,117.300
261.253,213.029,26.626,114.374
262.405,213.157,26.739,113.500
259.133,211.217,26.799,112.675
258.322,198.326,26.665,114.228
255.888,193.062,26.950,117.304
251.870,186.512,27.558,119.692
247.491,185.262,28.028,120.714
242.279,175.712,28.368,122.708
238.379,170.366,28.467,124.893
236.360,173.001,28.506,125.966
234.011,171.273,28.520,128.006
231.564,180.607,28.537,128.990
231.169,178.602,28.442,129.900
230.803,180.574,28.698,130.410
230.540,182.517,28.511,130.923
229.107,186.559,28.277,131.290
227.690,177.518,28.056,132.658
226.915,180.401,28.003,133.365
225.856,174.302,27.944,134.348
225.162,177.138,28.033,135.319
225.181,181.735,28.024,136.046
223.558,176.210,27.896,136.872
220.556,180.547,27.952,137.700
220.662,181.895,27.726,138.561
221.502,189.089,27.588,138.428
216.585,184.446,27.597,139.502
216.649,182.493,27.473,140.585
215.705,186.394,27.541,140.901
212.597,179.036,27.808,141.505
213.540,189.331,27.653,140.740
215.153,195.301,27.697,139.334
211.732,187.230,27.496,139.501
209.344,184.068,27.569,140.039
210.540,189.456,27.504,140.054
206.287,181.387,27.640,140.434
207.718,191.113,27.578,140.007
208.209,189.740,27.348,139.785
206.261,182.314,27.368,140.259
206.083,190.403,27.451,139.883
203.853,189.018,27.583,139.861
201.828,192.991,27.658,139.316
201.531,195.843,27.604,138.975
201.757,196.658,27.368,139.607
196.731,201.474,27.499,139.078
194.884,191.313,27.292,139.466
192.704,190.561,27.531,139.681
191.564,190.337,27.526,140.314
186.192,198.217,27.765,140.020
181.791,185.500,27.957,140.785
181.922,193.948,27.924,140.888
178.623,191.587,27.916,141.446
173.417,194.173,27.981,141.770
169.640,192.610,28.167,142.228
168.680,193.431,28.094,142.222
165.050,186.593,28.101,142.553
161.930,184.275,28.089,143.224
161.044,190.607,28.118,142.941
157.933,188.135,28.192,143.218
156.944,190.875,28.176,142.931
155.374,189.249,28.180,143.281
155.544,193.672,28.080,143.480
155.496,196.479,28.033,143.292
156.740,197.251,28.006,142.970
156.901,194.465,27.882,143.262
157.083,202.136,27.850,143.074
155.064,193.650,27.943,143.581
155.990,198.072,27.900,143.688
156.810,201.326,27.860,143.083
158.251,202.478,27.820,142.388
158.414,202.573,27.837,142.258
159.960,202.040,27.758,142.365
158.607,199.776,27.794,142.396
155.065,199.775,27.849,142.571
153.312,195.331,27.977,143.097
150.704,198.507,28.008,143.067
144.721,202.181,28.252,142.533
140.492,194.906,28.600,142.768
135.981,204.270,29.067,141.503
128.392,201.364,28.875,140.839
126.536,188.359,28.728,142.118
123.901,191.114,28.587,142.617
117.809,195.675,28.688,142.918
113.232,192.006,28.727,143.655
109.283,193.394,28.775,144.908
106.309,193.436,28.761,144.837
103.512,196.992,28.679,145.235
99.065,200.440,28.712,145.576
95.672,201.052,28.657,146.140
91.544,199.570,28.823,146.508
90.583,206.638,28.561,146.481
88.772,201.467,28.483,147.050
87.880,209.225,28.266,146.767
85.537,208.150,28.241,146.330
84.649,211.327,28.119,145.117
81.836,204.133,28.143,145.542
81.728,212.163,28.023,144.696
76.552,204.572,28.146,145.382
77.854,212.007,28.037,145.262
75.468,209.846,27.960,145.290
71.583,210.586,27.807,145.475
72.393,209.745,27.632,144.968
72.385,211.182,27.476,145.642
72.582,215.616,27.454,145.214
72.672,212.729,27.375,145.524
73.490,212.676,27.253,146.346
73.367,219.461,27.192,145.964
71.038,211.269,27.234,146.397
69.806,212.812,27.083,146.850
69.067,211.914,26.910,147.304
69.156,212.049,26.753,147.781
65.832,208.340,27.098,147.615
64.128,210.592,27.146,147.471
62.815,204.088,27.226,147.696
61.272,209.257,27.313,147.533
58.298,201.717,27.490,147.826
56.560,205.496,27.689,147.266
51.175,199.716,27.679,147.455
51.040,205.376,27.601,147.344
50.825,203.267,27.466,146.980
48.683,204.025,27.481,146.808
43.029,199.357,27.677,147.374
40.405,201.699,27.873,147.051
37.641,211.023,28.655,145.887
29.332,221.201,28.636,144.429
26.554,212.124,28.661,144.982
19.684,212.099,28.871,145.531
13.899,206.893,29.038,146.936
7.860,202.320,29.924,148.420
4.780,204.776,29.879,149.554
3.536,206.465,29.710,150.135
3.248,205.189,29.611,150.907
1.641,205.889,29.262,151.829
0.792,208.595,28.966,152.086
1.907,209.310,28.804,152.182
1.511,206.991,28.537,152.538
1.911,205.058,28.301,153.048
0.970,206.793,28.221,153.247
0.851,205.835,28.014,154.232
2.105,207.894,27.801,154.916
2.821,204.880,27.797,155.965
3.597,205.108,28.079,156.528
5.632,201.599,28.441,157.141
8.676,199.212,28.805,157.570
9.483,204.743,28.975,157.345
10.778,205.293,29.187,157.218
15.179,206.592,29.348,156.943
14.346,201.318,29.214,157.896
14.340,201.174,29.201,158.975
16.803,206.319,29.577,158.632
18.359,206.816,29.387,158.371
17.985,208.541,29.338,158.091
17.793,209.713,29.290,157.787
21.028,208.386,29.334,157.341
22.199,210.064,29.433,156.254
22.090,209.836,29.287,155.571
22.667,209.345,29.365,154.960
24.383,215.045,29.416,154.059
26.058,212.968,29.388,153.502
26.198,206.753,29.295,153.625
25.812,209.181,29.174,153.330
26.856,207.793,29.191,152.566
28.038,208.308,29.153,151.813
28.917,211.163,29.107,151.059
29.454,207.149,29.031,150.923
31.068,211.748,29.019,150.376
33.231,213.778,29.160,149.645
34.709,210.905,29.114,149.276
36.513,213.888,29.051,148.653
38.729,213.291,29.023,148.280
41.407,211.330,28.958,147.981
43.279,210.090,28.958,147.607
44.380,214.404,28.859,146.975
46.085,213.477,28.827,146.897
47.322,214.907,28.645,146.659
47.457,214.279,28.474,146.641
48.755,212.336,28.304,147.052
49.822,216.098,28.049,146.504
49.612,215.481,27.949,146.128
48.973,214.926,27.810,145.767
50.209,212.108,27.674,145.821
51.227,214.995,27.445,145.656
50.975,215.772,27.398,145.452
50.192,213.464,27.342,144.998
51.237,212.436,27.257,144.813
52.419,211.547,27.184,144.583
52.576,207.997,27.132,144.984
52.734,211.911,27.017,145.521
52.892,211.291,26.995,145.293
52.773,212.480,26.902,144.745
53.957,208.815,26.712,145.063
54.792,210.093,26.553,144.787
55.655,210.976,26.395,144.845
56.873,212.178,26.347,144.662
57.891,210.560,26.348,144.492
58.150,206.381,26.212,144.200
58.785,211.504,26.173,144.455
57.390,209.765,26.305,144.281
57.082,209.842,26.488,145.256
56.660,211.435,26.683,145.824
55.980,211.091,26.717,145.441
54.962,207.569,26.858,145.083
54.324,209.494,26.768,145.592
54.189,214.920,26.793,145.652
52.554,210.618,26.847,145.333
51.715,211.006,26.887,145.507
51.876,213.968,26.920,145.727
51.661,220.362,26.872,144.481
50.912,218.279,26.974,144.316
50.851,214.213,26.863,144.008
52.075,219.235,26.799,144.152
51.177,216.303,26.923,144.283
52.148,220.014,26.873,143.714
53.181,218.522,26.802,143.146
54.240,216.780,26.725,143.272
54.521,217.539,26.658,143.308
55.344,221.880,26.594,142.711
56.329,218.362,26.445,143.297
57.392,221.302,26.458,142.904
59.396,220.931,26.342,142.647
60.510,223.048,26.325,142.583
58.386,217.909,26.282,143.170
58.704,223.804,26.192,142.853
56.810,219.037,26.185,143.101
57.686,219.763,26.254,143.895
57.671,218.335,26.240,145.094
56.684,221.054,26.372,144.200
54.950,221.949,26.503,143.545
54.944,219.521,26.400,143.308
55.425,224.039,26.182,142.944
56.247,228.451,25.985,142.099
55.365,228.301,25.984,141.916
56.507,226.076,25.873,141.797
55.902,228.582,26.002,141.743
57.088,224.554,25.950,141.989
57.953,229.794,25.846,142.187
59.144,229.957,25.835,142.424
59.565,229.919,25.699,142.467
60.323,226.992,25.551,142.722
60.378,231.167,25.643,141.944
59.657,228.565,25.688,141.975
60.884,223.208,25.768,142.360
61.116,224.367,25.716,142.540
61.245,225.178,25.834,142.201
60.917,221.813,25.982,142.824
60.017,226.330,26.223,143.131
60.447,223.914,26.194,142.889
60.566,223.586,26.264,142.607
59.907,218.578,26.421,142.528
61.124,223.499,26.469,142.367
59.450,216.100,26.612,142.905
60.038,223.175,26.567,142.741
59.590,218.246,26.519,142.798
