276.000,161.000,73.000,74.000
277.718,160.914,74.698,76.077
279.761,159.739,75.510,77.298
282.446,158.794,76.477,78.045
285.191,158.364,76.802,78.280
287.876,158.039,77.379,78.581
291.507,158.098,77.867,79.012
294.733,158.006,78.324,78.938
298.123,157.792,78.976,79.150
301.422,158.064,79.120,79.351
304.124,158.825,78.829,79.381
306.634,158.424,78.731,79.536
308.640,154.374,78.682,79.248
309.430,150.198,79.528,79.481
309.727,145.133,79.693,80.227
310.818,144.005,78.903,81.587
310.850,142.160,77.491,81.857
311.766,143.010,77.022,82.795
311.908,145.100,76.925,83.554
311.781,148.098,76.817,84.146
310.348,150.613,76.108,83.767
310.875,152.135,76.216,83.497
309.987,152.706,75.546,82.505
310.960,152.803,75.128,81.505
310.350,153.842,75.251,80.430
309.476,154.431,75.259,79.492
308.844,155.646,75.587,78.764
307.924,157.341,75.672,78.110
307.716,158.240,75.449,77.265
307.208,160.055,75.344,77.276
307.405,160.777,75.277,76.494
307.063,162.214,74.911,76.063
306.588,162.922,74.847,76.168
306.087,163.106,74.771,75.864
305.761,163.082,74.868,76.282
305.390,162.846,74.929,76.495
304.394,162.130,75.014,76.277
303.295,162.432,75.303,76.563
302.128,163.717,75.904,76.785
301.516,165.096,76.911,77.339
300.168,167.396,77.362,78.337
299.326,168.978,77.469,79.131
299.335,169.764,77.413,80.199
300.258,170.942,77.584,80.525
299.575,172.468,77.851,80.650
300.340,173.054,78.669,80.725
300.706,173.166,79.198,80.786
300.707,173.081,79.770,80.783
301.075,173.231,79.786,81.169
300.904,173.935,79.277,81.448
300.473,173.760,78.948,81.264
300.062,174.197,79.118,80.520
299.781,174.686,79.184,79.833
299.030,175.848,79.272,80.806
299.018,175.777,79.018,80.942
298.549,176.332,79.300,81.266
298.488,176.107,79.262,81.615
298.330,177.125,79.826,81.183
298.554,177.725,79.316,80.535
298.392,178.734,78.825,80.485
298.449,179.612,78.645,80.188
298.918,180.638,78.027,79.569
300.081,180.192,77.679,79.211
301.260,179.003,77.437,78.808
302.653,175.735,77.760,78.450
304.287,173.593,76.966,78.119
304.510,172.683,76.662,77.797
304.632,172.199,76.041,77.683
304.522,172.414,76.321,78.025
304.466,173.390,77.632,79.066
304.426,177.191,78.861,80.627
304.343,183.687,80.162,82.069
304.214,189.245,81.158,82.985
303.899,194.429,80.809,82.105
302.646,196.110,80.598,81.402
302.322,195.299,80.557,81.024
300.975,194.566,80.519,80.685
298.684,195.060,80.765,80.548
297.367,196.843,81.257,80.999
295.848,199.856,81.310,80.699
293.877,202.018,82.172,80.900
292.255,204.289,83.232,81.812
290.345,206.635,84.345,82.658
289.149,208.023,85.067,83.433
288.198,209.796,85.508,84.384
287.303,210.541,86.055,85.360
286.705,209.845,86.025,86.061
285.847,206.440,87.138,86.709
285.075,203.330,87.270,86.503
284.703,201.129,86.995,86.515
284.528,199.875,86.633,86.207
284.181,198.154,86.567,86.545
284.154,197.209,86.144,86.266
283.693,196.366,85.820,86.156
283.714,195.542,85.357,86.046
283.615,194.558,84.999,86.005
284.334,193.373,84.514,86.010
285.001,192.578,84.891,86.096
285.490,191.523,85.318,86.469
286.167,191.435,85.099,86.481
287.344,192.007,84.949,86.333
288.089,192.607,84.972,85.957
288.340,192.904,85.262,86.020
289.025,192.799,85.356,86.170
289.758,192.031,85.131,86.229
290.536,191.004,84.937,86.524
291.305,190.715,84.813,86.555
291.684,190.208,84.596,86.451
292.181,189.415,84.383,86.622
292.220,189.026,84.490,86.741
292.433,188.959,84.061,86.432
292.763,188.466,84.122,86.698
293.086,188.047,83.495,86.618
293.034,187.546,83.389,86.679
292.628,186.716,83.907,86.614
292.699,185.905,84.004,87.062
292.783,186.075,83.888,86.885
293.144,186.303,84.171,86.959
292.812,186.045,84.480,87.171
292.887,186.605,84.430,86.852
293.049,187.061,84.505,86.347
293.675,186.458,84.830,86.370
293.640,186.466,84.978,86.387
293.625,185.885,84.991,86.958
292.844,185.022,85.134,87.685
292.373,184.848,84.879,88.222
292.355,184.879,84.953,88.108
292.172,185.687,85.009,87.481
292.080,185.950,84.596,87.441
292.475,185.981,84.585,87.127
292.696,185.720,84.501,87.036
292.584,185.315,84.259,86.849
292.849,184.713,84.519,86.799
292.404,184.251,84.686,86.664
292.794,183.623,84.680,86.597
292.967,182.745,84.656,86.332
292.624,181.683,84.747,86.671
292.923,181.124,84.466,86.679
292.719,180.399,84.567,86.272
292.865,180.096,84.177,86.272
293.105,179.843,83.881,86.398
292.851,179.150,84.368,86.438
292.298,178.461,84.644,86.589
291.043,177.561,85.059,86.109
289.964,176.540,85.340,86.084
289.934,175.964,85.067,85.577
289.885,174.620,85.126,85.847
290.706,173.221,84.789,86.103
290.989,172.016,84.905,86.604
290.711,171.575,85.529,87.075
291.263,171.317,85.704,87.322
290.693,170.879,85.945,87.468
290.885,170.306,86.188,88.177
290.261,169.628,86.536,89.004
290.739,169.809,86.795,89.797
290.361,168.998,86.706,90.591
290.507,168.386,86.445,91.276
290.608,169.000,86.044,91.680
290.551,168.723,86.299,92.776
290.392,168.572,86.173,93.757
290.924,169.130,86.167,93.836
290.887,168.007,85.800,94.650
290.699,167.242,86.148,95.452
290.719,166.376,86.313,96.544
290.517,165.746,86.383,96.964
290.095,163.876,86.481,97.923
289.780,161.706,86.904,99.125
289.140,158.819,87.404,100.389
288.622,158.051,87.892,100.596
287.869,155.083,88.264,101.759
286.768,154.669,88.793,101.938
286.030,153.330,89.600,102.202
284.790,152.462,90.223,102.355
284.106,151.477,90.530,102.624
283.621,152.161,90.995,102.973
283.211,152.386,91.035,103.317
282.567,153.071,91.165,103.579
282.180,153.993,91.566,103.769
281.681,154.348,92.008,104.019
281.476,155.198,91.893,104.412
281.453,156.015,92.290,104.367
281.205,156.504,92.507,104.492
281.401,157.069,92.418,104.539
281.398,158.107,92.302,104.493
281.318,158.410,92.667,104.867
281.038,158.814,92.889,105.274
280.638,158.715,93.024,105.556
280.348,158.664,93.355,105.508
280.942,157.803,93.257,105.568
280.836,157.782,92.990,105.734
281.104,157.401,93.360,105.532
281.131,156.520,93.745,105.373
281.758,155.907,93.307,105.329
282.443,154.736,92.711,104.579
283.168,154.609,91.986,103.838
284.042,153.402,91.509,103.894
286.102,153.560,91.001,104.561
286.568,153.811,90.552,105.172
287.356,154.563,90.854,105.722
287.642,155.595,91.116,106.357
287.443,156.189,92.029,107.534
289.019,156.007,93.079,108.238
289.144,157.636,93.274,108.919
290.962,157.685,93.116,108.818
290.253,158.827,93.768,108.968
288.582,158.788,95.432,108.348
290.914,159.217,94.952,107.459
291.069,159.627,94.281,107.326
291.748,160.380,93.076,106.529
292.073,160.087,92.524,106.366
291.008,160.120,92.899,106.141
290.373,159.874,93.102,105.803
288.779,158.966,92.664,106.699
288.377,158.103,93.238,106.589
287.387,157.694,93.350,106.823
286.220,156.223,93.278,107.536
285.349,155.101,93.794,107.772
284.981,153.267,93.836,108.442
284.652,150.498,94.557,109.326
283.410,147.768,95.195,109.372
282.984,145.226,96.060,109.081
281.387,142.292,96.415,109.606
280.184,140.324,97.458,110.707
279.363,138.397,98.232,111.093
278.283,136.143,99.166,111.906
277.361,134.232,99.960,113.640
277.148,132.943,101.052,115.085
276.670,132.078,101.810,116.301
276.715,131.303,102.788,117.181
276.383,130.669,104.386,117.712
277.238,129.283,105.648,117.560
276.509,128.693,106.318,119.020
276.360,126.709,105.624,119.159
276.468,125.451,106.525,119.624
275.599,123.260,106.240,119.751
275.532,121.192,107.212,121.222
274.464,117.265,107.865,122.447
273.266,114.947,108.904,122.694
272.824,114.506,109.263,123.545
272.515,111.795,109.371,124.755
271.586,110.675,109.400,124.232
271.334,110.443,109.426,124.283
270.551,110.062,109.792,124.188
268.631,109.453,110.256,123.282
268.326,111.284,110.086,123.252
267.557,110.632,110.303,122.287
268.379,110.550,109.574,121.488
268.420,110.654,108.967,120.976
268.630,110.645,109.153,120.199
268.156,111.798,109.546,119.390
268.727,112.687,110.193,118.568
269.260,112.864,110.055,118.232
269.548,114.433,109.737,117.345
271.108,114.814,109.687,116.602
271.212,117.410,109.223,115.013
271.538,117.960,108.572,113.181
271.876,119.963,108.112,111.750
272.040,121.391,107.946,110.251
272.479,123.230,107.264,108.820
273.162,126.126,106.865,107.892
273.697,128.540,105.895,106.625
275.356,130.976,105.369,104.468
276.590,133.572,104.057,102.498
278.053,137.233,103.105,99.335
279.088,140.134,102.784,97.520
280.389,143.273,101.788,96.063
281.147,145.938,100.993,94.637
282.541,148.856,100.529,94.164
283.938,151.975,99.394,94.092
285.739,154.628,99.385,93.599
286.016,158.550,98.098,93.143
287.455,160.273,96.487,92.892
288.081,160.362,94.751,92.793
288.380,160.556,93.331,93.831
288.561,160.363,91.877,94.104
287.855,161.899,91.977,94.507
287.068,163.005,91.322,94.974
286.524,164.319,90.807,95.536
286.113,164.920,90.589,96.571
285.639,165.743,89.890,98.080
284.939,166.811,88.858,98.853
284.846,167.126,88.667,99.974
285.130,167.569,88.536,100.715
285.602,168.369,88.955,101.465
285.537,168.087,87.986,101.486
286.255,168.026,88.151,101.128
287.243,168.040,87.735,101.457
288.200,167.607,88.179,102.088
288.075,167.530,88.807,101.940
288.112,167.692,89.015,102.867
288.653,166.890,88.452,103.621
288.879,165.885,88.714,104.660
288.970,164.956,88.916,105.279
288.744,163.760,88.194,105.697
289.013,162.610,88.482,106.272
288.982,160.975,88.843,107.057
289.018,159.157,89.674,107.994
288.167,157.761,89.911,108.687
287.272,155.173,91.058,109.759
284.884,154.999,92.584,109.963
281.831,153.977,93.816,110.499
280.349,152.336,95.549,111.084
278.946,151.273,97.102,111.576
278.052,150.138,98.261,112.366
276.149,148.623,99.569,113.354
274.453,147.686,100.817,113.768
273.611,146.748,102.171,114.158
272.836,144.950,103.500,114.587
272.172,143.692,104.115,114.443
271.195,142.771,104.717,114.209
270.466,141.696,105.500,113.912
268.449,140.724,106.296,113.523
267.917,139.256,107.791,113.807
267.316,137.104,107.999,113.041
265.985,135.379,108.514,113.140
263.363,132.958,109.743,113.097
262.018,130.808,110.374,112.984
261.435,128.806,110.099,112.790
259.990,126.070,110.255,112.128
260.739,125.029,110.151,111.329
260.065,123.125,109.882,110.762
260.343,121.347,109.301,109.671
260.109,120.705,109.163,108.623
259.067,120.667,108.784,107.892
261.086,118.904,107.561,106.260
262.110,119.083,107.000,105.586
262.810,118.222,106.381,104.344
265.314,117.722,105.721,102.638
266.915,117.583,104.658,101.420
268.118,118.402,102.973,100.534
268.007,119.367,101.780,99.584
268.843,119.934,100.461,98.255
269.237,120.829,99.055,97.656
271.118,121.907,97.552,96.685
272.476,123.709,95.891,95.020
273.833,126.463,95.483,94.796
273.803,128.711,94.960,94.097
274.283,130.500,95.036,93.440
275.055,132.590,94.960,92.947
275.603,135.372,94.680,92.355
275.280,137.777,94.763,91.651
275.069,139.068,94.919,90.506
274.603,139.028,95.601,91.231
274.619,139.727,95.808,92.161
274.579,139.496,95.877,93.677
274.849,140.067,96.378,94.568
274.868,140.247,96.681,96.106
275.085,139.658,96.504,97.923
274.602,139.861,96.489,99.041
274.153,138.667,97.798,100.563
274.815,139.137,98.205,101.725
274.414,139.396,99.286,102.722
274.880,140.000,100.243,103.837
275.360,139.957,100.381,104.375
276.359,139.974,100.226,104.543
276.038,140.656,100.696,105.336
275.802,139.779,100.549,105.484
276.767,139.340,101.184,105.784
277.147,139.509,100.368,106.395
277.998,138.366,99.836,106.720
277.380,137.516,99.421,107.355
277.668,136.947,99.593,107.524
278.296,138.143,98.537,107.042
278.571,137.771,98.031,106.738
278.484,137.078,97.875,107.270
279.820,138.144,97.039,107.690
279.677,138.557,96.639,107.816
280.665,139.390,96.160,108.111
280.433,140.927,96.081,107.953
279.344,142.957,96.300,107.404
280.118,144.224,97.673,107.867
279.614,145.376,99.452,108.282
278.944,145.449,99.285,108.653
278.897,148.411,98.148,108.521
279.229,149.917,98.034,108.634
278.498,151.961,97.398,108.725
280.023,153.802,97.439,109.137
279.713,156.189,97.267,109.249
279.544,157.743,97.417,109.385
279.423,159.888,97.672,109.203
278.376,162.239,97.623,108.636
278.725,163.786,98.251,109.044
278.291,165.467,98.543,109.446
278.383,166.600,98.764,109.717
278.146,167.517,98.672,109.442
277.872,168.065,99.050,109.583
277.645,168.101,98.899,109.142
276.998,168.525,99.154,109.143
277.013,168.026,99.283,109.504
277.795,167.480,100.144,109.625
277.613,166.955,99.495,109.306
277.693,167.315,99.758,108.658
278.721,167.160,100.402,109.363
279.103,167.030,99.527,110.184
279.079,166.944,99.408,111.224
279.858,167.181,99.787,111.521
280.437,167.669,99.243,111.060
280.257,168.179,98.616,110.994
280.744,168.687,97.559,111.064
280.565,168.716,97.491,111.206
280.857,168.762,97.214,111.243
280.543,168.642,97.234,110.718
279.865,167.936,97.611,110.850
279.352,164.583,99.313,111.820
276.763,161.255,101.143,114.204
272.955,160.563,103.130,115.868
270.134,159.699,104.012,117.338
268.884,158.190,106.007,118.181
267.245,157.239,108.041,118.892
265.156,155.773,108.486,118.799
264.324,156.552,108.561,119.609
263.859,154.739,110.399,119.454
263.025,153.256,110.789,119.500
261.345,152.585,110.712,119.171
260.577,150.846,110.612,118.613
260.519,149.810,110.166,117.863
259.260,148.084,110.131,117.351
258.679,144.939,110.059,117.536
259.009,141.560,110.371,117.490
257.569,140.471,110.846,117.287
257.274,137.782,111.152,116.047
256.809,134.568,111.718,115.896
256.754,131.793,113.255,116.329
255.681,129.353,115.096,115.785
254.428,126.338,113.644,114.606
254.889,124.212,112.394,113.621
254.835,122.103,112.516,112.986
254.526,121.105,111.415,111.679
254.858,119.830,111.533,109.918
254.784,117.795,112.328,109.256
255.125,115.778,113.408,108.389
254.172,113.977,112.806,105.709
252.627,113.842,110.606,104.338
252.869,114.256,108.328,102.668
252.979,115.876,106.194,101.809
253.922,118.030,104.411,100.706
255.517,120.800,104.528,100.077
254.306,122.459,103.718,98.873
257.301,125.710,104.526,98.926
256.436,129.103,103.526,98.113
258.748,131.501,102.960,97.734
258.692,134.686,102.342,96.906
260.911,137.649,102.609,96.943
262.946,139.711,103.402,96.643
263.162,142.610,103.613,95.423
263.905,145.923,102.483,94.214
264.540,148.046,99.871,92.779
266.453,151.398,98.804,92.183
266.999,154.593,96.204,91.715
270.822,157.786,95.392,91.605
271.509,161.687,93.775,91.187
272.861,165.773,92.710,90.946
273.782,169.749,91.919,90.270
276.876,173.608,91.789,90.146
277.599,177.520,92.020,90.700
278.332,180.682,92.107,91.108
279.337,182.659,91.855,91.773
280.161,184.866,91.392,93.131
281.450,186.489,91.552,94.385
281.774,186.897,91.647,95.267
282.765,187.862,92.439,97.423
281.989,187.809,92.409,98.141
282.767,187.773,92.545,99.135
282.845,188.237,92.842,100.273
282.401,188.071,93.544,102.145
282.811,186.983,94.160,103.040
282.723,186.512,94.998,104.076
282.833,185.844,95.422,104.815
283.852,185.653,96.238,106.009
284.473,186.376,96.925,107.614
284.608,186.088,97.727,108.385
285.340,186.466,97.945,109.598
286.160,185.946,99.121,110.739
285.784,185.242,100.076,111.596
286.079,184.836,101.162,112.932
285.635,184.463,101.248,114.061
285.175,183.403,102.260,115.080
284.666,182.626,102.851,116.548
284.520,181.951,104.249,117.879
283.965,180.871,105.299,118.553
281.763,179.762,107.018,118.154
281.937,180.428,107.206,119.103
280.215,180.541,108.248,119.688
279.600,180.175,109.738,119.175
280.719,181.522,111.861,119.792
279.782,182.378,110.529,120.841
282.556,180.627,113.333,121.090
280.230,180.316,112.778,121.151
281.540,180.288,115.262,122.306
280.697,178.752,116.507,123.331
280.005,176.258,116.359,123.634
280.690,173.086,117.489,123.737
280.668,172.084,118.982,125.231
279.156,173.093,118.733,125.037
277.601,173.733,119.487,125.223
276.825,173.857,120.625,125.040
275.158,173.650,121.472,124.666
272.509,173.082,122.426,125.814
270.343,170.331,123.471,127.126
269.957,166.046,124.183,127.207
269.249,167.396,123.281,126.636
270.903,164.625,122.668,126.583
270.745,163.272,121.690,124.928
271.150,163.205,120.123,123.244
272.239,162.192,118.839,122.070
272.481,162.579,117.807,120.545
272.617,162.568,116.186,119.355
273.697,163.718,114.907,117.720
273.880,164.508,113.928,116.521
274.228,166.097,113.126,114.883
275.738,167.164,112.689,114.658
276.350,167.645,112.231,113.794
275.784,166.992,112.854,114.375
276.368,165.605,113.296,116.255
276.297,163.187,112.155,117.133
276.623,159.771,111.558,118.307
277.304,158.092,111.396,120.234
277.957,156.242,110.594,121.329
276.312,154.749,110.226,122.398
275.151,153.745,110.302,123.441
275.059,152.433,110.847,124.465
273.456,151.775,110.815,124.430
272.061,150.591,110.207,123.598
271.176,149.256,111.082,124.358
270.277,146.759,110.812,123.362
268.855,146.655,110.024,124.186
267.749,144.476,109.439,122.859
267.727,144.381,109.516,121.980
266.835,143.592,109.484,121.284
266.840,142.021,109.868,120.987
266.065,139.769,110.242,121.446
265.782,137.254,109.640,120.819
265.602,135.470,109.225,120.800
265.122,134.233,109.761,121.564
265.322,132.488,109.930,121.550
263.842,131.633,110.758,121.589
265.177,131.271,110.279,121.344
265.623,130.574,110.043,121.592
265.697,130.588,110.245,121.250
265.532,130.011,110.911,120.887
264.414,129.443,112.103,120.623
264.384,128.039,112.796,120.514
264.079,126.659,113.532,120.740
264.235,126.722,114.096,120.466
264.205,125.560,114.453,119.611
265.542,125.325,114.788,119.453
266.506,124.411,113.933,118.359
267.805,123.735,113.194,118.282
268.578,124.152,111.939,117.456
268.821,126.249,110.591,115.535
268.448,127.278,110.039,113.611
267.296,129.507,109.805,112.106
267.326,130.740,108.963,111.465
267.936,132.293,108.598,111.098
268.492,133.850,108.403,111.082
268.056,135.062,108.006,111.161
268.250,135.776,107.557,111.065
269.210,135.958,107.229,111.276
268.932,135.734,107.333,111.535
267.205,135.304,107.905,112.394
266.898,134.590,107.798,112.468
265.351,134.230,108.652,112.585
264.501,133.810,108.873,112.584
263.592,132.835,109.515,112.946
262.748,132.803,110.154,113.381
261.307,132.531,111.308,113.625
259.429,132.508,112.593,113.949
259.054,131.868,113.182,114.472
258.262,131.749,113.776,115.131
257.726,131.133,113.959,115.246
258.151,130.949,114.027,116.014
258.579,131.127,113.676,115.890
258.612,131.030,113.294,115.714
259.284,129.973,112.861,116.047
260.037,129.061,112.494,116.772
262.673,129.052,111.737,116.899
265.103,129.952,111.226,117.493
267.746,129.580,110.788,117.387
271.075,130.239,110.325,117.179
275.152,131.588,109.195,116.301
278.166,130.804,108.836,116.449
281.161,131.795,107.823,115.227
283.665,131.874,106.922,114.393
285.357,133.219,107.579,113.752
289.017,133.963,107.430,111.987
291.486,134.648,106.122,110.637
294.002,135.480,105.365,109.114
295.458,136.536,104.835,108.106
297.587,136.709,104.329,108.048
299.246,136.106,103.393,107.379
299.742,135.913,103.972,106.786
300.393,135.645,104.960,106.579
299.921,135.178,106.125,106.043
299.772,134.732,108.309,106.187
299.627,134.180,109.248,106.127
300.158,133.131,112.324,106.770
299.117,132.541,115.287,108.799
298.035,131.566,117.521,109.083
298.658,130.688,119.806,109.636
297.542,131.461,121.449,109.469
297.938,130.344,123.528,109.700
298.156,130.004,125.232,109.988
298.006,128.977,124.918,109.942
297.625,128.344,126.083,110.229
297.598,128.577,125.891,110.790
297.691,128.174,125.911,110.521
296.977,127.474,127.005,110.876
297.374,126.135,128.197,111.400
295.926,125.368,130.195,111.797
294.905,124.372,129.977,112.250
293.698,123.683,130.020,112.453
292.232,123.600,130.593,112.890
290.734,123.409,129.891,113.213
289.421,122.496,130.387,113.535
288.293,122.054,130.309,113.555
285.852,122.442,129.837,113.647
284.769,122.841,129.550,113.693
282.292,124.294,129.049,113.299
280.667,124.831,128.494,112.899
278.667,125.905,128.383,113.023
276.177,127.299,127.796,112.759
273.713,128.529,127.305,112.552
271.176,129.857,126.536,112.236
269.194,130.653,125.727,112.148
266.418,132.116,124.702,112.131
263.600,133.820,123.969,112.027
260.916,135.735,122.548,111.068
259.125,136.855,121.045,111.433
257.036,138.192,119.722,111.825
255.726,138.583,118.386,112.262
254.754,138.777,116.551,112.373
253.391,139.150,114.636,112.671
253.253,139.363,112.137,112.539
253.283,140.814,107.763,111.750
254.377,141.014,104.544,110.807
254.749,140.949,102.265,110.711
254.489,140.889,100.942,110.738
254.205,139.685,100.540,111.300
253.444,139.230,100.163,112.102
252.834,138.351,100.144,112.971
252.480,138.329,100.416,113.913
252.397,137.696,101.132,114.867
250.354,137.484,102.435,115.793
249.832,136.259,103.068,116.819
249.489,135.767,103.839,117.026
248.800,135.396,104.745,117.523
248.850,134.887,105.725,118.042
249.101,133.717,106.481,118.465
250.499,133.209,106.742,118.910
251.127,131.224,107.408,119.006
252.195,130.864,108.077,119.787
254.797,130.803,108.389,120.491
256.820,131.438,109.462,121.005
259.148,131.814,110.385,121.959
263.145,132.884,110.652,122.799
266.439,134.844,110.607,123.360
268.741,137.172,111.041,123.122
272.852,138.911,111.969,123.843
275.903,141.680,111.632,122.725
278.740,143.815,111.242,121.663
281.198,145.733,111.252,120.405
282.463,146.930,111.843,118.071
285.322,148.378,112.282,117.273
287.599,149.358,111.900,115.361
288.131,149.794,113.393,113.914
288.479,149.426,113.706,113.517
288.744,149.719,114.426,113.545
288.270,149.040,114.764,112.256
287.100,149.602,115.675,112.039
285.914,148.184,117.269,111.385
284.498,147.123,118.081,111.025
286.632,146.371,118.155,110.940
284.598,145.853,118.127,111.004
284.632,144.894,118.728,110.538
284.097,144.911,119.166,111.023
285.693,144.956,119.534,111.752
285.850,145.212,119.282,112.547
286.804,144.074,118.830,113.739
286.583,143.283,118.553,114.819
283.908,142.052,118.238,114.816
283.564,140.794,117.911,114.670
281.850,139.676,116.841,113.928
279.189,138.344,115.960,112.938
278.738,136.095,115.180,111.906
278.946,134.309,113.931,110.923
278.641,132.723,113.876,109.772
279.053,130.462,111.577,107.543
280.219,128.032,111.462,105.354
280.195,127.748,110.334,103.962
281.844,126.767,108.621,102.580
282.295,126.656,106.920,100.445
283.836,127.784,105.416,99.488
285.302,128.353,104.822,98.577
286.470,128.222,104.003,98.356
287.538,127.126,104.146,97.058
288.367,126.665,104.240,96.724
288.200,127.137,104.239,97.826
287.188,126.300,103.981,97.684
287.075,125.549,104.957,97.785
286.022,125.279,105.219,97.906
285.868,125.659,105.515,98.441
285.821,125.386,105.852,99.030
285.595,124.850,105.826,100.252
285.792,125.224,105.788,100.522
286.128,124.909,105.268,99.903
286.666,125.956,105.447,100.940
287.692,125.542,105.612,100.427
288.852,126.062,105.582,100.153
289.491,128.282,106.148,100.733
291.078,129.670,107.751,101.183
291.613,132.156,108.532,102.583
293.157,132.778,108.024,102.716
294.060,134.239,107.753,102.555
294.783,135.906,107.621,103.232
294.657,137.292,108.104,103.734
294.342,138.331,108.501,104.478
293.688,138.682,108.651,104.948
292.980,137.714,109.046,105.530
293.149,136.057,108.227,105.430
293.121,136.360,106.682,104.708
293.039,135.669,105.531,104.614
292.288,135.712,105.000,105.063
291.933,135.644,104.553,105.594
290.697,135.439,104.537,106.995
291.368,134.724,105.005,108.447
291.399,135.069,105.710,109.598
291.847,135.273,105.508,110.707
290.956,136.566,106.564,111.812
291.504,135.818,107.182,113.696
290.125,134.426,108.813,115.655
287.995,134.540,110.107,116.889
287.034,133.247,111.259,119.040
285.935,131.358,112.208,120.711
284.624,131.115,111.980,121.237
283.317,131.644,111.717,121.524
281.566,131.778,111.838,122.060
279.860,131.936,112.553,122.237
279.958,132.271,112.421,121.733
278.715,132.366,112.669,121.343
277.847,132.127,112.802,121.062
278.026,130.144,113.631,121.460
276.568,129.080,114.018,121.538
275.983,125.947,116.124,122.946
274.149,123.888,115.786,123.180
273.020,123.482,115.614,123.313
272.111,122.547,114.513,123.278
270.960,122.567,114.898,122.377
270.695,122.127,114.278,121.446
270.541,121.207,113.273,120.175
270.673,121.860,112.286,119.717
271.283,121.575,111.314,119.215
270.546,122.475,110.693,119.463
271.360,121.501,110.229,118.704
272.537,121.308,109.202,118.658
273.076,121.308,107.880,117.954
274.204,120.409,107.240,117.093
273.848,119.933,107.379,117.075
274.722,118.054,108.135,117.378
273.900,118.197,108.105,116.464
274.457,117.147,109.434,116.561
273.335,116.611,110.737,116.568
274.625,115.441,112.183,116.782
275.055,115.498,113.438,117.271
274.993,114.318,115.180,117.893
275.396,115.476,116.198,118.049
275.090,116.982,116.086,117.466
275.299,119.163,115.867,117.074
275.513,120.332,116.021,115.978
276.317,122.418,116.022,115.302
276.020,124.011,116.202,114.288
275.646,125.801,115.703,113.316
276.089,127.393,114.903,111.461
275.207,128.953,114.716,109.789
275.060,130.591,113.485,108.230
274.308,132.526,112.100,107.122
272.121,134.317,111.654,106.277
271.567,135.261,110.780,105.498
269.807,137.180,110.298,104.855
269.569,138.260,110.188,104.268
270.271,139.619,109.871,103.156
269.803,140.062,109.382,103.044
269.814,141.826,108.164,102.810
269.222,142.565,107.363,102.844
269.678,144.332,107.072,101.471
269.273,146.972,106.598,100.201
269.604,148.928,106.017,99.172
269.194,151.342,105.467,99.028
269.077,153.880,104.181,98.678
269.685,155.685,104.023,99.511
269.176,156.614,102.690,100.111
269.783,158.409,102.433,102.275
269.852,158.380,101.794,103.915
270.320,158.001,100.951,104.909
270.059,157.368,101.566,106.028
269.092,157.695,101.966,106.911
269.320,156.324,102.403,107.635
269.006,155.555,102.165,109.162
269.043,153.378,102.459,110.749
269.102,151.725,102.950,111.584
268.992,150.758,102.383,111.450
269.746,147.989,102.328,111.757
269.955,147.605,102.503,113.490
270.206,145.973,102.735,114.819
271.290,143.266,103.015,116.386
271.186,141.422,102.511,117.332
270.639,139.922,102.663,117.822
271.948,137.956,103.882,119.391
271.548,134.473,105.274,118.791
269.829,134.444,106.660,119.090
270.288,132.755,108.189,120.781
269.939,131.635,110.451,122.299
269.303,131.014,111.477,122.602
268.271,130.142,112.945,122.809
268.220,129.524,114.637,122.581
267.130,130.490,115.213,123.452
265.663,129.341,115.394,122.847
265.541,128.134,115.850,122.734
265.649,126.951,115.447,123.011
266.581,126.823,115.606,124.269
266.009,126.766,115.809,125.439
264.793,124.560,115.434,124.504
264.636,123.079,115.008,123.894
264.913,122.175,116.118,123.993
264.201,120.232,115.061,122.932
264.404,118.709,115.642,122.146
263.994,117.104,117.152,121.863
262.504,115.309,117.675,121.185
262.575,114.040,117.629,120.926
261.566,113.827,117.443,120.482
260.019,112.800,116.946,119.667
259.051,112.665,116.705,119.212
258.769,112.845,116.660,119.140
258.290,114.216,116.175,119.069
259.363,114.677,117.262,119.439
259.542,114.948,117.083,120.408
258.736,114.728,117.851,121.200
259.970,114.916,118.729,121.186
260.220,113.374,117.808,120.801
260.438,114.208,118.267,121.113
261.180,113.504,117.665,121.081
261.414,113.719,117.668,121.053
262.107,113.468,116.967,120.470
262.603,113.829,117.496,121.259
261.811,112.834,117.066,120.949
261.124,113.084,117.293,121.178
261.546,112.836,117.820,120.786
261.188,111.491,117.500,120.736
260.191,109.827,117.637,121.260
260.137,108.037,117.326,121.588
259.519,105.520,116.792,121.678
258.968,103.713,116.787,122.607
258.464,100.446,117.232,123.252
257.386,96.445,117.573,124.915
257.351,93.624,116.698,126.032
256.733,91.667,115.687,126.237
257.478,89.800,115.368,125.973
256.985,89.147,115.336,124.546
258.545,88.531,113.835,122.967
259.071,88.938,113.399,122.906
259.380,88.293,113.524,123.051
260.808,88.433,113.512,122.870
262.073,89.015,112.559,122.272
262.990,89.638,111.312,121.484
263.688,90.832,110.599,120.313
264.644,91.698,109.787,118.322
265.633,93.113,108.486,117.103
265.603,94.626,107.374,115.251
264.778,96.306,107.027,113.468
263.403,97.503,106.694,112.490
263.544,99.679,105.498,110.898
263.097,101.763,104.873,109.472
262.983,102.755,104.645,108.633
262.973,104.683,104.384,107.584
261.740,106.705,105.554,106.951
261.061,108.870,106.481,106.193
259.728,109.486,107.796,106.997
259.146,110.354,109.341,109.242
259.445,114.862,110.848,109.176
258.259,115.396,112.898,112.358
256.798,116.385,115.845,115.668
255.417,116.106,117.931,118.529
252.944,112.134,119.857,122.787
252.785,110.598,121.478,126.424
252.464,108.986,121.924,129.326
251.510,107.731,123.355,130.975
251.047,108.386,124.054,132.984
251.421,108.374,124.227,134.015
251.531,106.701,123.590,134.797
251.722,109.505,123.455,133.489
250.030,107.720,123.943,133.963
249.706,108.101,123.885,133.855
249.452,108.906,123.433,132.902
250.685,109.233,123.029,133.187
250.129,107.167,123.337,133.652
250.050,104.690,124.027,136.146
250.043,103.904,123.683,138.090
249.619,104.203,122.743,139.456
251.583,105.441,121.165,139.167
253.329,107.530,117.496,137.475
257.260,109.506,114.905,135.091
256.309,105.463,113.699,136.602
260.299,111.458,111.538,132.364
260.804,114.990,108.421,128.939
263.453,114.047,106.506,128.214
264.516,119.556,105.703,124.887
265.837,127.938,103.418,118.693
267.106,132.372,101.544,115.067
267.548,136.784,100.376,111.712
268.454,139.947,99.271,109.369
268.140,142.240,98.081,108.177
268.038,145.930,97.593,106.774
267.817,146.341,97.004,106.793
268.054,148.808,96.179,105.266
267.922,150.503,96.371,105.332
268.008,151.717,95.911,105.115
268.026,153.348,95.150,104.738
268.622,155.005,94.736,104.371
268.237,156.850,94.159,104.018
269.002,158.362,94.183,104.248
268.833,160.127,94.403,104.048
268.885,160.818,94.265,104.210
268.642,161.137,93.921,104.025
269.003,160.965,94.222,104.214
268.728,160.419,93.779,104.323
269.393,160.399,94.051,104.560
269.750,161.200,94.376,104.235
270.687,160.216,94.747,104.832
271.953,161.535,95.063,105.119
272.916,161.124,94.957,106.032
273.648,160.993,95.017,106.433
274.387,161.522,95.720,106.597
275.418,161.680,96.911,107.486
275.607,161.431,98.059,108.105
276.366,162.642,98.424,108.211
277.840,163.945,99.527,108.020
278.396,165.636,101.062,108.130
278.670,167.350,102.552,108.147
279.459,169.199,103.014,107.864
279.816,171.582,102.683,107.329
281.266,172.957,103.010,106.854
281.856,174.535,103.847,106.615
282.986,175.841,104.253,106.253
284.424,176.744,104.804,105.590
285.088,176.501,105.530,103.998
284.987,176.639,105.508,103.344
286.336,176.275,105.893,102.882
285.925,175.817,106.875,103.506
286.208,173.955,108.279,104.147
286.914,172.039,109.411,104.662
286.772,169.359,109.803,104.892
287.033,167.483,111.121,106.427
285.626,163.533,111.773,106.674
280.719,162.509,115.844,108.297
279.974,158.246,118.715,109.210
277.832,155.213,118.503,109.865
280.033,154.010,118.185,111.432
278.803,150.055,117.328,111.748
279.830,149.065,115.527,111.126
280.652,145.886,115.178,110.996
280.379,147.254,113.503,112.053
281.707,145.127,112.199,112.155
281.094,144.520,111.404,112.557
280.805,141.548,112.857,111.795
279.176,142.105,112.332,111.904
279.640,140.595,112.457,111.361
280.039,141.006,112.757,112.621
280.375,140.734,112.972,113.654
279.853,138.127,113.258,114.321
279.243,138.598,112.724,115.433
278.232,137.760,111.334,115.634
279.154,137.784,110.849,116.546
277.357,136.476,109.914,115.354
278.090,137.205,110.472,115.118
277.167,137.195,109.365,114.803
277.502,137.306,110.017,115.058
277.453,137.018,109.894,115.585
277.698,137.305,109.740,114.787
277.951,138.975,109.006,115.786
278.059,139.446,108.965,116.342
277.664,140.370,108.439,116.533
278.099,140.439,107.536,116.773
277.907,141.875,107.294,117.379
276.979,142.343,107.774,117.830
276.807,141.878,108.419,118.349
275.604,141.186,107.306,118.533
274.680,140.340,106.743,119.704
274.230,139.550,106.408,121.167
274.595,138.378,106.122,122.104
274.321,137.162,105.091,122.657
273.886,135.586,103.581,122.181
274.558,136.360,103.343,121.837
272.591,137.453,102.457,120.911
272.871,139.651,101.394,120.180
272.702,142.386,99.909,119.089
272.031,143.966,98.399,117.875
271.422,145.264,96.730,116.385
270.926,146.568,95.454,115.152
270.107,146.671,95.116,114.624
269.541,145.836,95.440,114.373
268.135,145.013,96.549,115.255
267.588,144.842,97.992,115.206
268.375,143.281,99.672,114.551
269.522,140.513,101.810,113.493
269.662,139.281,103.571,114.038
270.159,136.907,105.289,115.643
269.425,133.317,106.753,116.902
269.038,131.383,108.487,117.739
268.387,129.256,109.080,118.605
268.893,126.051,110.393,118.922
269.368,123.323,112.486,118.806
268.835,121.137,113.349,119.023
268.308,119.757,113.608,120.057
269.175,116.980,115.124,119.967
270.201,115.208,116.616,120.546
270.394,113.748,117.889,121.551
270.321,111.303,119.475,122.099
269.758,108.701,119.902,122.654
270.162,105.895,121.349,122.831
270.738,104.318,121.613,123.515
272.249,101.279,122.038,123.100
272.744,99.979,122.034,122.681
274.152,99.727,122.521,121.237
275.441,98.621,123.128,119.880
274.651,98.727,122.103,119.445
275.475,97.619,122.279,118.112
274.333,96.981,121.302,117.054
275.316,96.287,122.339,115.830
275.182,95.394,122.636,115.650
275.024,96.094,122.046,114.986
276.045,95.278,122.391,114.765
276.295,94.742,122.086,114.839
275.669,95.192,122.284,114.321
276.341,95.175,120.715,113.449
275.982,98.310,118.910,112.505
276.530,99.850,116.730,112.337
276.049,100.918,115.738,111.458
275.364,101.562,114.551,112.360
275.030,101.246,113.303,113.740
274.618,100.236,111.613,114.921
275.161,99.880,110.602,115.838
274.758,100.280,109.884,116.628
273.941,100.030,109.164,117.172
274.206,99.741,108.708,117.653
273.823,99.659,108.648,118.676
273.076,99.561,107.624,119.381
272.677,99.923,107.202,120.315
272.229,99.114,106.754,120.153
270.835,100.375,107.317,120.890
269.831,100.312,107.596,121.923
269.399,101.134,108.590,123.134
268.222,101.856,109.206,123.574
267.673,103.286,109.413,124.634
266.804,103.765,110.107,125.479
265.796,104.567,111.116,126.209
264.555,105.035,111.274,127.106
263.890,104.802,112.488,128.445
262.158,105.058,113.906,128.499
260.890,105.542,114.556,129.096
258.903,105.509,115.357,128.829
258.932,105.220,115.571,129.913
257.915,106.848,115.808,130.065
257.625,108.009,116.460,130.264
257.009,108.316,117.304,130.190
256.326,108.407,117.441,130.646
255.862,108.371,117.932,130.271
255.689,106.883,118.507,129.661
255.959,106.514,118.070,130.900
255.880,105.968,118.231,131.236
256.126,106.050,117.804,131.050
257.010,105.849,117.923,131.756
257.403,106.805,118.861,132.285
258.043,107.591,119.155,131.759
259.682,108.446,118.338,131.271
260.329,109.548,118.297,131.005
261.990,110.988,118.167,130.917
263.810,112.624,118.580,130.392
264.867,113.916,118.377,129.745
266.222,114.264,118.014,129.395
267.773,114.648,117.477,128.343
269.409,114.923,117.851,128.709
270.601,115.374,118.092,129.115
272.159,114.380,118.460,129.017
273.704,114.692,117.598,129.130
275.655,115.161,117.674,129.918
278.111,116.459,115.952,129.962
279.542,117.894,113.253,129.141
281.877,119.070,111.270,128.513
284.886,120.593,109.256,127.702
288.250,122.546,107.797,126.690
288.970,124.512,106.773,125.683
292.025,126.714,105.827,124.393
293.198,129.757,103.976,121.965
293.705,131.196,102.943,120.225
294.364,133.188,101.033,117.957
294.752,134.637,99.637,115.906
294.994,137.307,97.959,112.367
296.485,138.560,97.744,109.923
296.237,139.596,98.893,107.912
295.978,140.435,99.562,106.559
296.296,141.148,100.595,105.888
296.016,141.729,101.654,105.743
295.791,142.020,103.613,106.253
295.128,143.596,104.624,106.323
295.124,144.029,105.713,107.290
294.322,144.750,105.582,107.299
295.430,144.913,105.938,108.612
294.820,145.800,105.890,109.255
295.299,145.152,106.796,110.963
295.189,145.443,107.064,111.954
295.344,144.823,107.228,112.970
295.240,143.960,107.315,114.018
295.699,144.074,107.373,114.864
294.862,142.890,107.901,114.987
294.101,142.752,108.974,116.244
293.139,143.357,109.337,116.312
293.275,143.720,109.686,116.948
293.227,144.112,110.251,117.228
292.980,143.297,111.100,118.734
292.516,142.786,111.155,120.070
292.442,142.990,110.688,121.204
292.581,142.154,111.180,122.573
290.913,140.579,112.301,123.643
289.275,140.253,112.598,125.130
287.851,139.106,112.977,126.371
286.988,137.802,113.278,126.310
287.384,137.712,114.069,126.922
286.787,136.708,115.201,127.385
286.872,135.874,115.623,127.555
286.161,135.456,116.018,128.152
286.031,134.450,116.989,128.614
285.485,133.448,117.374,128.061
284.379,131.767,117.122,127.941
284.033,129.987,117.232,127.519
283.613,128.874,117.330,127.432
282.736,127.408,116.604,127.175
282.099,126.039,117.258,127.757
281.073,123.849,116.957,127.198
280.205,121.979,116.442,126.329
280.287,119.624,116.271,125.267
279.795,116.980,116.410,124.174
280.265,115.495,116.988,123.698
279.562,113.435,116.723,123.417
279.614,112.184,116.670,123.553
278.926,111.634,117.032,123.338
279.092,110.605,117.347,122.966
278.823,110.304,117.680,122.968
277.871,109.176,117.592,122.311
277.318,108.681,116.842,121.942
277.118,108.147,116.536,121.114
276.522,108.483,116.650,121.268
275.090,107.695,116.585,120.117
273.696,106.974,116.951,119.841
272.654,105.575,117.044,118.614
271.830,104.441,117.318,118.098
270.937,101.741,117.324,117.086
269.649,98.603,118.186,116.635
267.908,95.718,119.181,116.631
266.394,92.777,119.947,116.113
263.912,90.477,120.874,115.684
263.511,89.928,121.019,115.854
262.904,89.496,121.304,116.176
263.568,89.442,122.489,116.899
264.454,89.433,122.619,117.307
264.009,88.249,123.191,115.943
263.592,88.773,123.736,116.098
265.432,88.943,122.453,115.405
264.845,88.317,122.522,114.774
264.277,87.218,122.096,114.263
264.360,86.389,121.725,112.809
264.199,86.791,121.562,112.093
265.258,86.454,121.255,111.061
268.387,86.359,120.263,109.942
269.206,85.546,118.752,109.519
269.581,85.106,120.085,108.714
270.456,85.135,120.717,107.941
270.595,85.473,120.640,107.919
271.422,85.489,120.131,107.379
272.001,85.379,119.546,107.886
272.401,85.264,119.162,107.658
271.946,85.158,119.563,107.039
271.718,83.895,119.965,107.704
271.966,83.267,119.431,108.252
273.974,83.069,118.251,107.924
274.426,82.146,117.445,107.979
273.996,82.349,117.586,108.472
274.409,81.972,117.539,109.105
274.549,82.760,116.933,108.752
274.174,83.406,117.606,109.272
275.465,84.330,117.150,108.909
276.772,84.606,116.043,107.668
276.924,85.099,115.495,107.743
278.331,84.026,113.446,106.701
279.731,83.724,111.576,107.391
278.203,80.943,111.161,106.568
279.335,80.368,111.187,106.913
279.685,79.024,110.300,106.965
278.841,76.665,110.201,106.752
281.554,77.144,108.779,108.256
280.186,76.977,108.808,108.233
281.669,78.296,107.941,108.613
280.122,79.833,108.112,109.050
278.680,79.592,109.541,108.742
280.731,79.576,109.639,109.632
281.770,80.086,108.762,109.886
281.915,80.113,107.951,109.368
281.443,80.650,108.333,109.561
283.000,78.883,108.362,109.849
284.362,77.737,108.266,109.131
286.221,77.121,107.533,108.687
288.317,75.280,106.945,108.433
290.038,73.315,106.576,108.132
291.761,72.517,106.517,108.722
293.260,72.606,106.093,109.212
295.926,71.845,105.269,109.413
297.753,71.177,104.185,109.490
300.005,71.245,102.730,109.474
301.153,70.751,102.488,109.979
301.575,69.978,102.351,110.000
301.739,70.319,101.867,110.198
302.055,69.530,101.263,109.738
301.433,69.698,101.139,110.279
301.115,69.923,101.340,110.511
300.648,69.874,101.326,111.229
301.140,70.814,101.124,110.788
300.995,71.490,101.005,110.410
300.339,72.174,101.367,110.211
300.028,73.191,101.576,109.676
300.001,73.415,101.620,109.801
300.778,74.360,101.805,110.184
302.679,75.197,100.860,110.354
303.507,75.117,100.835,110.682
304.187,74.216,101.237,110.340
304.930,75.023,101.259,109.601
305.487,74.580,101.831,109.150
307.353,74.344,102.259,109.056
307.724,73.277,102.703,108.827
308.419,72.197,103.784,108.861
308.258,71.385,104.704,109.406
308.347,70.519,105.845,109.917
307.957,69.826,106.357,110.090
308.749,70.070,106.892,110.668
308.296,69.236,107.494,110.337
307.974,69.574,108.115,109.662
307.849,69.377,108.485,108.885
308.390,68.977,109.090,108.762
308.039,67.995,109.048,108.452
307.515,67.831,109.036,107.299
306.974,67.184,109.606,107.089
305.414,66.790,108.842,106.536
303.822,66.312,108.213,105.526
303.844,67.269,108.650,104.918
302.252,68.591,109.069,104.310
301.383,70.201,109.432,103.641
300.602,71.422,110.723,103.880
300.152,72.776,111.471,103.317
299.490,73.682,113.342,103.607
298.517,74.765,114.768,103.637
297.457,76.159,116.347,104.327
296.240,76.779,117.691,104.919
295.496,77.131,118.892,104.772
294.338,78.170,118.907,105.373
294.247,79.588,119.654,105.616
293.570,80.408,119.204,105.883
294.235,81.291,118.840,106.435
294.523,82.050,119.549,107.334
294.560,82.447,119.683,108.056
294.753,82.989,119.425,108.619
294.807,83.068,119.266,108.525
295.555,83.899,119.932,108.965
295.854,83.920,121.012,109.019
295.898,84.886,121.046,110.075
294.804,84.761,120.191,109.751
294.996,85.691,121.176,110.890
293.758,85.918,120.109,110.888
294.330,86.724,121.517,111.173
293.564,87.375,121.764,111.831
293.437,88.003,122.076,111.877
293.389,88.705,122.549,111.889
293.151,89.054,122.765,111.885
292.513,89.222,122.334,111.685
292.493,89.799,122.880,112.202
291.741,90.120,123.408,112.781
291.108,88.141,123.624,114.373
289.303,89.586,122.759,115.855
287.799,91.400,121.125,115.288
287.466,94.878,120.309,114.111
286.823,96.612,119.983,112.995
286.174,96.809,118.895,114.287
285.555,97.502,117.623,116.106
284.327,98.704,116.628,116.889
283.425,99.668,116.556,117.938
282.365,99.920,116.766,118.271
281.544,101.305,115.827,118.578
281.119,100.574,115.525,118.918
281.267,100.771,115.126,119.321
280.127,101.063,115.077,119.175
280.178,100.306,115.449,119.351
279.189,99.385,114.683,118.259
278.550,98.921,113.455,117.752
279.892,98.961,113.769,117.772
279.326,97.343,113.698,117.099
280.200,97.270,113.141,116.398
280.401,97.557,113.069,116.512
280.093,95.833,112.737,115.899
281.508,96.128,112.477,115.874
280.743,96.197,111.714,116.454
281.486,96.615,111.495,116.299
280.732,97.936,112.855,115.954
280.228,98.632,113.818,115.467
279.155,99.641,113.241,116.015
278.441,100.782,112.500,116.066
278.102,101.527,112.592,115.178
277.700,101.577,113.527,115.356
277.184,100.134,114.365,115.000
275.590,98.271,113.996,115.106
274.799,97.365,114.150,114.627
273.101,96.203,114.523,114.251
271.645,94.965,114.905,114.598
270.936,94.313,115.282,114.852
270.700,93.760,115.869,115.218
270.340,93.219,116.023,115.650
270.187,92.930,115.959,115.401
269.744,92.390,116.290,115.155
269.537,92.984,116.189,115.001
268.912,92.857,114.914,114.525
269.032,91.963,115.226,114.727
268.593,91.562,114.648,114.182
268.435,91.909,114.433,114.658
268.657,90.371,113.616,113.703
269.136,89.266,112.941,113.836
269.510,88.882,112.665,114.324
269.709,88.278,112.411,114.518
269.885,87.201,111.372,114.107
270.468,85.641,110.399,113.881
270.480,86.394,109.819,114.531
270.130,84.989,109.742,115.340
270.654,84.956,109.533,117.420
270.514,85.698,108.828,117.810
270.368,86.649,108.748,118.630
270.593,86.758,108.884,119.509
270.706,87.196,108.741,120.109
271.376,86.966,108.716,121.273
270.900,86.609,109.155,121.556
271.179,86.010,109.789,122.702
271.070,84.660,110.711,124.089
270.826,83.632,111.017,124.527
270.789,83.117,111.370,124.378
270.811,81.616,112.268,125.133
271.103,80.059,112.583,125.022
270.033,78.533,112.781,124.767
270.120,78.496,113.262,125.239
268.855,78.097,113.903,125.075
267.795,77.453,114.676,125.088
266.624,77.374,114.752,124.572
265.188,76.164,115.350,123.261
264.677,76.593,116.095,123.666
264.768,75.782,116.463,122.715
264.003,74.817,117.246,122.384
263.460,73.880,117.418,121.789
262.935,72.845,117.752,121.501
262.556,72.003,118.201,121.081
263.462,70.480,118.128,120.394
262.960,69.747,118.395,121.104
262.747,68.728,119.157,121.259
262.204,67.948,119.199,120.849
262.937,66.772,119.099,120.909
263.010,66.199,118.912,120.803
263.809,66.037,118.463,121.078
264.323,65.571,118.109,120.869
264.907,65.700,117.540,120.833
266.393,66.354,116.255,119.852
268.446,67.002,115.420,118.774
268.507,67.709,115.143,117.531
269.974,68.437,114.203,116.072
271.481,68.590,113.551,114.608
273.191,69.243,112.792,113.221
274.864,70.356,112.145,111.836
275.944,70.307,111.763,110.700
277.111,72.028,111.877,109.852
278.191,71.873,111.736,108.425
279.166,73.087,110.831,107.751
280.125,73.353,109.933,106.403
281.814,74.071,109.100,105.458
281.869,74.673,108.315,103.747
283.057,76.680,107.495,101.103
284.604,79.263,106.950,99.869
286.859,81.543,105.351,97.793
288.433,84.903,104.707,96.797
289.536,85.945,104.389,95.600
290.341,88.606,104.650,95.335
290.449,89.617,105.544,94.899
290.660,90.877,106.087,94.204
290.933,92.277,106.559,94.340
290.891,94.102,106.883,94.721
290.803,95.192,106.960,95.394
291.290,95.860,106.946,95.988
290.783,96.092,107.289,96.465
290.898,96.209,107.491,96.874
290.595,96.560,107.399,97.250
290.612,96.383,108.119,97.260
289.924,95.312,108.849,96.940
286.014,95.526,110.412,97.931
284.550,94.789,110.811,98.504
282.639,94.326,111.704,99.650
281.188,93.573,112.322,100.631
280.243,92.902,112.560,101.108
279.384,92.745,112.201,101.834
278.435,92.165,111.876,102.274
277.583,91.042,112.653,102.988
276.138,89.672,113.289,104.225
275.411,88.385,112.658,105.410
275.056,87.781,112.299,106.280
274.085,86.285,112.470,107.956
273.933,85.980,112.084,108.744
273.805,84.009,111.962,109.936
273.230,83.894,111.937,110.935
273.109,84.037,112.097,111.487
273.027,84.091,112.418,112.470
273.267,84.465,112.354,113.014
273.035,84.873,112.314,113.370
273.319,86.102,112.539,113.590
273.377,86.294,112.285,113.891
272.348,86.822,112.532,114.674
271.981,87.610,112.316,115.389
271.196,89.030,113.229,115.569
270.572,88.648,113.194,114.433
271.463,89.911,113.110,114.330
272.652,89.670,112.641,113.539
273.030,90.851,111.960,113.147
274.570,91.475,111.700,112.887
275.495,92.405,111.507,112.886
274.742,93.939,110.829,112.715
275.615,94.370,110.440,112.389
276.017,95.368,110.139,112.426
276.162,96.248,109.504,111.947
275.116,96.995,109.439,110.739
275.138,96.613,108.746,109.809
275.320,96.888,108.390,109.367
276.027,96.984,107.475,109.712
276.979,96.704,107.717,110.243
277.138,96.696,108.087,110.687
277.668,97.095,107.739,110.864
278.023,97.549,108.119,111.167
278.111,97.240,108.363,111.890
278.416,97.307,108.412,112.358
278.407,97.490,108.568,112.411
278.925,97.709,108.402,112.793
278.674,98.110,108.288,113.097
279.171,98.303,108.182,113.566
278.832,97.996,108.536,112.939
278.813,99.113,108.196,112.513
278.774,99.719,107.701,112.220
278.980,100.102,107.388,111.816
279.071,100.494,107.726,112.043
278.559,100.018,108.109,111.922
279.338,100.913,107.847,111.913
278.781,100.703,107.900,111.685
279.140,101.132,107.979,111.776
278.868,100.985,107.946,112.093
279.013,101.216,107.969,112.102
279.008,100.748,108.148,112.706
279.317,100.515,108.548,112.682
279.499,100.462,108.746,113.238
279.986,100.828,108.671,113.646
280.608,100.091,108.908,114.242
279.514,100.886,109.386,114.507
278.721,100.153,110.840,115.973
278.969,99.577,111.169,116.102
277.314,100.740,112.492,116.650
276.497,100.234,113.311,117.084
275.748,100.929,113.367,117.134
275.343,101.146,113.585,117.825
273.749,101.106,114.630,117.674
274.151,101.431,115.929,118.250
273.461,101.079,117.128,118.061
273.555,102.168,118.471,118.166
272.236,102.237,119.083,118.114
272.413,102.515,120.737,118.372
271.376,102.617,120.578,118.375
270.923,103.347,120.773,118.465
270.708,103.527,120.522,118.570
270.086,103.600,120.941,118.431
268.032,103.515,121.779,118.425
267.885,103.461,121.757,117.661
268.728,104.079,121.522,118.753
268.401,104.086,121.349,118.555
269.477,103.912,121.202,118.483
270.663,103.621,121.530,118.483
268.937,105.665,122.043,118.474
271.196,105.469,122.098,118.264
271.348,108.266,119.599,119.125
273.436,108.941,118.621,118.134
274.674,110.828,116.974,118.284
274.629,112.646,116.912,118.238
276.375,114.471,115.503,117.918
278.630,116.435,113.781,117.531
280.982,117.151,112.202,116.622
281.905,118.210,111.482,115.955
282.563,118.545,111.055,115.017
283.097,120.538,110.926,114.455
284.454,121.094,110.208,113.071
287.131,122.565,108.436,111.644
288.114,124.657,107.407,109.520
286.987,124.793,107.781,108.371
287.078,125.755,107.620,108.207
286.664,126.416,106.813,107.803
287.519,126.753,105.860,107.148
286.063,127.610,105.440,106.336
285.012,128.464,104.782,105.896
285.738,129.151,104.244,105.909
284.741,130.491,103.569,105.197
284.405,135.089,103.366,105.763
284.559,137.160,103.692,106.254
285.068,139.198,103.760,106.590
286.705,141.499,103.435,106.003
286.939,143.087,103.069,105.916
288.206,143.481,102.965,106.217
288.047,144.113,103.250,105.988
288.118,144.825,103.996,106.056
287.929,144.794,103.842,105.731
288.051,144.235,104.610,106.488
287.217,144.634,103.306,105.753
287.977,144.013,103.963,105.709
287.310,143.399,103.009,105.103
287.975,141.783,103.742,105.177
288.891,141.487,104.075,105.242
288.103,139.860,103.851,105.253
289.295,139.030,104.302,105.325
289.516,136.643,105.269,105.932
289.540,134.149,105.602,106.265
290.131,130.533,106.083,106.747
289.893,128.642,106.728,107.389
289.775,123.350,107.531,108.518
290.005,121.842,108.992,109.059
290.091,118.402,110.352,108.885
288.221,115.855,111.491,109.430
288.153,113.533,112.345,109.812
286.393,109.535,113.831,110.809
284.740,106.896,115.043,111.187
281.483,104.294,114.862,111.935
279.384,102.450,115.138,112.417
277.175,101.955,114.789,113.079
274.543,100.795,114.871,113.666
272.421,101.242,114.606,113.834
271.179,100.937,115.249,114.709
268.853,99.748,115.965,114.862
267.638,100.784,115.688,115.883
267.815,100.852,115.518,115.444
266.157,101.666,115.656,115.851
266.167,102.121,115.953,115.657
265.440,102.887,115.688,115.931
264.887,103.023,114.807,115.200
264.679,103.859,115.113,115.203
264.336,103.990,115.083,115.137
263.705,104.215,115.673,115.125
263.684,104.267,115.996,115.329
263.932,103.435,115.415,114.570
263.465,104.542,115.681,114.673
264.270,103.696,115.319,114.936
264.426,103.592,115.858,114.833
264.299,103.185,115.417,114.650
265.209,103.184,115.976,115.040
265.847,102.567,116.415,115.417
265.565,101.964,116.292,114.763
266.020,101.808,116.531,115.130
266.714,100.988,116.767,114.821
266.870,100.334,117.403,114.214
268.154,100.188,117.598,113.851
268.451,99.878,118.059,114.367
267.631,100.027,117.910,114.543
266.867,99.991,117.871,113.971
267.148,99.598,118.741,114.260
266.888,99.868,118.566,114.027
267.101,100.842,118.501,114.284
268.023,100.088,118.506,114.088
267.587,100.133,118.372,113.987
268.326,99.321,118.872,113.706
267.887,99.149,119.430,113.276
268.533,97.980,119.556,113.640
269.156,97.413,119.539,113.912
269.488,97.369,119.208,114.274
269.674,97.823,118.899,114.306
269.807,97.932,120.052,114.353
269.244,98.652,119.522,114.512
268.294,99.686,119.574,114.687
268.837,100.155,119.777,114.680
267.702,101.463,119.780,114.615
268.127,102.498,119.614,115.042
267.939,103.495,118.971,115.001
267.675,104.928,118.645,114.747
267.516,106.540,118.266,114.582
267.013,107.673,118.456,114.765
266.826,109.344,118.412,114.921
266.574,110.899,118.324,114.722
266.223,110.552,118.824,115.140
267.418,111.160,119.619,115.574
267.175,111.309,119.297,115.088
266.936,111.640,119.457,114.907
267.863,111.148,119.441,115.178
268.402,111.012,119.622,115.278
268.522,110.510,119.513,114.845
270.535,110.221,120.367,114.746
270.428,110.230,119.623,113.720
273.790,109.670,119.073,113.233
274.071,108.318,118.445,112.176
273.122,108.587,122.285,115.378
264.484,105.236,126.066,117.091
270.012,97.471,128.977,122.567
271.521,99.288,127.985,124.051
274.840,112.998,126.136,117.104
276.214,113.867,123.203,111.389
277.431,111.800,122.339,109.812
276.093,111.516,121.207,109.614
278.209,110.946,120.868,110.238
277.902,110.033,121.679,110.988
278.506,107.902,122.199,112.350
278.518,108.368,122.936,113.662
279.712,108.622,122.671,114.217
281.380,108.594,122.940,115.325
282.819,109.086,123.712,116.212
284.037,110.266,123.800,116.841
285.754,110.374,124.357,117.623
287.711,110.478,125.522,118.066
289.231,110.571,125.594,118.204
291.122,110.659,126.244,118.568
292.383,111.160,126.149,118.850
293.732,111.113,125.948,119.016
295.266,110.738,126.230,119.497
296.333,109.992,125.728,119.081
296.151,108.892,125.545,118.658
296.457,108.607,125.677,118.761
296.591,106.939,125.102,117.816
295.926,106.641,124.137,116.834
294.928,105.887,124.387,116.619
294.103,104.431,124.480,116.769
292.422,103.480,124.182,117.102
291.133,101.861,124.459,117.189
289.954,99.431,124.372,117.737
288.154,97.833,123.511,117.549
287.283,95.873,122.571,117.102
285.119,95.099,122.021,116.985
283.801,92.883,121.771,116.230
282.553,92.319,120.989,116.193
282.001,92.053,120.482,115.492
281.167,91.891,119.890,114.842
279.785,93.116,119.283,114.600
278.400,93.590,118.644,114.158
276.507,94.810,118.577,113.460
275.921,96.088,117.287,113.606
275.810,97.142,117.321,113.766
274.491,98.333,116.839,112.874
273.483,99.858,116.684,112.975
272.895,100.990,116.003,112.355
272.356,101.687,115.506,111.978
271.752,102.459,114.920,111.543
271.763,103.268,114.722,110.851
271.446,104.212,114.426,110.516
271.375,105.889,114.525,111.097
272.229,103.985,115.480,108.338
272.571,104.898,115.489,109.163
274.094,106.056,112.692,110.512
277.029,106.862,112.133,111.843
278.474,109.966,111.652,111.956
279.772,113.416,113.858,109.078
280.843,111.044,116.162,109.852
280.591,112.516,116.567,110.787
282.574,112.647,117.377,111.553
282.811,112.861,117.732,112.325
284.208,113.101,118.175,112.994
283.826,113.701,118.368,113.047
284.392,114.301,119.005,113.419
284.422,113.826,119.262,113.810
283.664,114.081,119.006,113.783
284.116,113.597,118.531,113.778
284.601,112.810,118.635,114.234
284.812,112.873,118.883,114.410
286.053,112.540,119.618,114.315
285.615,112.435,119.306,114.857
286.670,112.202,119.564,114.478
286.936,112.365,119.880,114.605
286.151,113.300,119.678,114.765
285.968,113.959,119.030,114.937
285.498,113.916,118.489,114.644
284.577,114.616,118.392,114.432
283.662,115.187,118.724,114.537
282.309,115.211,117.954,114.232
280.884,115.539,117.681,113.856
280.201,114.512,118.077,113.839
279.237,114.376,117.675,113.852
278.089,113.936,117.591,113.721
278.514,112.502,118.186,114.636
277.903,112.959,118.586,114.623
278.720,111.592,118.499,115.179
279.431,113.717,119.172,115.318
279.951,113.249,120.015,114.870
280.459,113.594,120.306,115.657
281.206,113.410,120.276,115.737
281.315,113.887,120.395,115.799
281.191,114.798,120.148,115.729
281.850,115.047,119.720,114.828
281.514,115.652,119.709,114.935
282.126,115.785,120.292,114.167
280.736,116.684,120.622,114.589
281.166,116.638,121.222,114.552
279.893,117.620,121.309,114.926
280.501,117.522,121.586,115.185
279.466,117.115,122.274,115.374
280.398,116.398,122.132,114.982
280.262,116.560,122.662,115.314
279.759,115.902,123.213,115.164
279.372,116.073,123.551,115.773
279.754,115.927,123.804,115.673
278.998,116.249,123.775,116.330
279.523,115.619,124.093,116.370
279.034,116.500,123.204,115.821
279.441,116.088,123.625,115.869
278.755,116.543,123.730,116.006
278.558,116.067,123.519,115.482
278.687,115.940,123.923,115.519
277.608,115.708,124.344,115.892
277.470,115.113,123.951,116.178
276.825,116.927,123.031,116.410
276.233,117.334,123.182,116.269
274.938,119.773,122.736,116.286
273.683,120.677,122.497,115.671
271.900,123.188,121.605,115.475
270.747,125.211,121.739,115.449
270.192,126.454,122.045,115.028
269.233,129.077,122.311,114.979
267.311,130.449,122.599,115.029
268.970,130.810,121.299,114.769
267.842,133.265,121.296,115.491
269.804,133.130,120.757,115.319
270.869,133.629,119.002,114.933
272.248,134.023,118.845,114.537
272.469,134.678,118.863,114.264
272.592,132.808,119.585,115.119
272.879,133.351,119.669,115.921
273.783,134.758,118.734,115.135
272.973,136.409,117.957,114.534
273.100,133.948,118.189,114.765
271.347,134.129,117.494,113.850
270.175,135.232,116.684,114.264
270.161,133.744,116.483,115.867
269.743,131.223,115.135,116.678
268.312,132.605,114.791,116.568
267.414,131.885,114.068,116.929
266.785,132.581,113.384,116.391
266.478,132.990,112.532,116.104
266.378,134.467,112.050,115.350
265.889,136.340,111.190,114.580
266.221,136.089,111.230,114.533
266.449,136.479,111.098,113.834
266.691,136.469,110.335,113.310
266.930,136.999,109.583,113.115
267.728,139.191,108.943,111.865
268.879,141.093,107.667,110.103
269.630,141.103,107.341,107.927
271.132,140.962,106.397,106.404
272.281,140.718,105.036,104.613
272.961,141.019,104.112,103.083
273.618,140.491,103.297,102.248
275.559,140.242,101.913,101.522
276.018,141.361,100.151,100.486
277.631,142.433,98.598,99.295
278.711,142.892,98.214,99.737
277.528,142.766,98.989,101.083
277.637,140.825,99.301,101.942
277.158,139.078,101.125,104.028
276.438,138.004,102.820,107.034
275.483,135.368,104.136,107.905
275.045,133.134,105.734,109.700
273.719,130.711,107.472,110.926
272.118,129.140,109.000,111.987
270.772,126.511,110.514,113.382
269.383,125.232,111.789,114.372
267.773,124.155,113.261,115.688
267.717,120.903,114.301,116.210
268.453,119.871,114.261,116.132
267.734,120.109,113.693,116.498
268.138,119.456,114.321,117.383
267.766,118.039,114.716,118.763
267.832,116.188,114.793,119.338
267.816,115.152,114.690,119.732
268.431,113.661,114.749,119.678
268.431,113.504,114.404,119.447
268.180,114.087,114.861,119.305
268.580,115.800,114.429,119.782
268.125,117.533,114.808,120.919
268.973,117.326,115.612,121.685
270.774,118.461,115.113,121.996
272.835,119.680,114.695,121.967
274.100,121.216,114.387,121.888
274.765,122.260,114.906,122.355
275.298,123.296,115.228,123.078
275.049,121.335,115.961,122.708
275.731,120.947,115.916,123.150
274.862,120.501,116.722,123.059
274.721,118.677,117.806,123.534
273.838,116.480,118.960,123.769
273.270,114.603,120.534,123.397
273.087,112.781,121.128,123.962
272.322,110.459,121.381,124.040
272.549,108.275,121.405,124.248
272.644,106.078,121.080,124.905
271.584,108.170,121.559,124.476
271.141,106.591,121.474,124.984
270.101,109.398,121.745,124.575
267.289,107.353,123.445,125.412
266.656,108.155,123.864,126.002
266.982,107.377,124.254,125.967
266.591,109.060,123.367,125.742
265.447,106.984,123.540,126.258
266.130,109.137,123.749,125.163
266.957,108.050,124.553,124.663
266.402,111.028,125.390,123.040
266.452,111.538,125.366,122.601
265.997,114.026,125.781,122.031
266.708,114.873,125.758,122.029
265.689,116.834,123.201,121.446
264.176,116.206,121.458,122.560
262.869,115.325,119.819,123.408
259.695,115.734,118.633,124.100
258.718,115.589,116.980,123.258
257.870,114.497,115.828,123.556
256.673,114.556,116.219,124.068
255.108,115.135,117.459,123.449
254.208,114.315,118.851,123.177
254.348,115.055,119.709,123.282
255.410,116.705,119.985,122.768
255.478,116.731,121.337,122.203
257.246,116.341,121.435,122.454
259.622,116.817,121.401,122.777
262.322,117.963,121.749,123.503
262.571,119.558,122.040,123.693
265.342,119.319,122.697,123.287
268.031,121.601,122.169,122.156
269.603,122.003,121.732,121.876
270.787,122.025,122.347,121.382
273.393,120.707,122.354,121.460
275.884,122.041,120.778,120.138
278.896,121.319,119.219,120.344
281.211,122.928,117.657,120.462
283.441,123.341,116.313,119.710
286.750,126.944,114.359,118.455
288.411,126.468,113.425,118.390
291.022,128.080,111.966,117.510
292.099,128.680,111.120,117.073
293.411,129.583,110.008,116.241
294.499,130.582,108.750,115.105
295.314,131.600,107.595,114.536
295.207,132.015,106.673,114.226
294.983,132.797,106.194,113.850
295.006,133.347,105.599,113.002
294.610,134.504,105.249,111.720
293.977,134.532,104.666,110.779
293.577,135.170,103.601,109.648
292.183,135.914,103.520,108.353
291.552,136.795,103.499,107.392
291.253,138.339,103.007,105.998
291.156,138.847,102.617,105.436
290.256,139.506,102.937,104.887
290.211,140.544,102.528,104.476
290.044,141.339,102.683,104.323
291.402,142.520,101.734,103.778
292.336,144.021,100.358,102.619
291.575,145.663,99.701,101.225
293.471,146.058,99.072,100.365
291.879,146.741,99.424,99.373
290.285,146.240,100.131,98.829
290.136,145.026,102.009,99.059
290.134,143.127,103.725,98.619
287.616,141.950,105.239,98.731
288.218,139.805,106.571,98.915
286.642,138.515,107.354,99.285
286.300,136.843,108.457,99.260
285.888,136.096,109.397,99.986
285.660,134.295,109.861,99.797
284.961,132.701,110.469,99.681
283.991,131.418,110.296,99.642
284.173,130.472,110.053,100.057
282.316,128.601,110.095,100.929
282.256,126.913,111.485,100.912
280.843,125.022,112.408,101.086
280.080,122.263,112.947,101.338
279.470,119.605,112.130,101.514
279.088,117.335,112.070,101.399
277.702,115.899,112.298,102.068
277.230,114.039,112.655,102.742
276.257,113.454,112.714,103.760
275.006,112.775,112.882,104.480
274.202,112.088,112.459,105.399
273.845,111.897,112.245,105.580
272.812,111.398,112.350,106.057
272.189,110.294,111.797,106.816
271.843,108.915,111.756,107.233
270.937,106.552,112.571,108.904
270.536,105.575,112.665,110.225
269.394,103.875,112.926,112.155
268.412,102.296,114.079,114.192
267.798,100.332,115.529,115.630
267.001,99.631,115.845,117.155
266.285,98.468,116.183,118.696
265.413,97.519,115.830,119.516
266.061,97.763,117.020,121.076
265.692,96.685,116.903,120.452
265.715,97.735,117.016,121.669
265.681,97.626,117.655,122.418
265.997,99.034,118.438,122.568
266.920,101.009,118.238,122.772
268.249,102.987,118.102,123.531
268.859,105.243,118.052,123.826
269.314,105.836,118.045,122.800
269.767,108.848,117.181,123.073
270.784,111.325,115.864,122.373
271.816,112.356,114.762,120.016
273.654,113.783,114.610,118.672
273.923,114.737,113.165,116.945
274.673,116.334,111.836,115.697
274.904,116.632,109.407,113.255
275.941,118.025,106.942,110.809
277.680,119.563,105.790,108.559
279.299,119.961,104.664,107.496
279.419,120.609,103.425,105.713
279.615,120.464,102.014,103.179
281.770,121.839,102.005,102.367
282.530,123.810,101.855,101.844
283.970,125.433,101.884,102.015
284.489,126.206,103.171,102.517
283.682,127.267,103.438,102.561
281.886,126.515,104.829,103.421
281.656,125.304,105.028,104.223
280.851,123.704,105.280,105.046
278.583,121.970,106.270,106.101
276.498,118.639,107.110,106.520
273.878,116.335,108.470,107.741
271.999,113.688,109.353,109.239
269.822,112.170,111.036,110.363
267.636,109.553,112.840,112.490
267.112,108.739,113.628,113.420
265.662,107.402,114.852,114.417
264.318,106.282,116.149,115.589
262.624,104.218,117.886,117.453
258.235,102.895,120.097,118.868
253.274,101.179,122.139,121.179
247.430,99.654,124.492,123.216
240.371,97.742,127.310,125.526
233.759,95.413,129.967,128.303
225.634,93.951,132.151,130.933
218.590,90.733,134.783,133.337
212.916,86.343,136.252,134.380
208.414,82.833,137.530,135.536
203.698,78.483,138.608,136.975
200.651,72.398,139.033,138.324
198.327,67.335,139.433,139.160
197.245,61.149,140.342,139.791
198.494,56.842,141.046,140.070
200.331,53.859,141.823,140.733
202.774,51.022,142.633,141.103
204.217,47.137,143.186,140.677
205.298,44.865,144.172,140.478
206.854,42.189,143.484,139.472
208.956,40.855,143.068,138.408
207.795,42.741,143.565,138.249
205.788,45.534,144.005,137.815
205.425,51.568,144.796,136.654
206.721,58.763,146.044,136.193
210.484,66.589,145.373,135.196
213.587,71.691,144.481,134.209
214.813,75.171,144.372,134.294
213.122,74.106,144.925,135.439
212.691,70.776,145.563,137.473
208.743,66.770,148.041,138.235
210.201,59.700,148.157,140.530
212.421,51.176,148.252,142.336
216.630,42.885,147.862,144.840
221.091,38.217,147.730,147.130
225.435,32.779,148.136,147.402
228.089,28.650,149.006,149.337
233.805,24.943,149.873,150.009
236.963,22.162,150.358,149.883
241.324,18.826,151.004,150.057
244.728,16.125,151.753,151.154
246.978,14.746,153.498,152.370
246.354,14.354,156.913,153.495
244.248,14.410,160.583,155.015
246.936,13.595,161.449,157.032
247.839,13.356,163.057,158.412
247.213,12.463,164.448,159.915
249.455,11.354,164.606,161.231
251.695,9.536,164.209,162.554
252.353,8.189,163.450,162.679
252.684,7.323,164.465,163.393
253.958,5.272,164.326,164.323
253.846,3.873,165.068,165.123
254.697,2.625,165.494,166.528
257.593,4.407,165.619,167.593
