51.000,53.000,87.000,290.000
49.850,56.853,96.911,286.404
51.021,58.552,101.074,286.159
51.358,57.867,103.624,285.710
54.477,58.442,104.752,285.962
58.171,59.754,103.895,283.259
60.394,62.238,104.181,279.188
63.575,62.580,105.749,278.683
66.318,62.993,106.812,278.151
68.592,64.876,106.018,278.732
71.199,62.172,105.381,277.501
76.201,62.629,105.656,277.587
78.429,63.548,105.554,276.612
81.447,63.551,105.676,275.135
84.617,63.711,106.148,274.552
87.193,65.301,104.882,275.801
89.755,64.567,103.505,273.859
94.305,64.919,101.179,272.528
98.024,65.115,101.447,272.296
99.960,67.992,101.609,270.258
102.689,66.054,101.565,270.314
105.625,67.772,101.540,270.174
107.726,66.664,101.888,269.678
110.496,66.414,100.318,268.513
114.418,67.714,99.902,267.265
115.245,68.512,99.475,266.146
116.677,68.647,101.143,264.687
117.435,68.324,102.448,263.907
118.934,68.801,103.787,263.251
119.711,69.333,106.674,261.984
122.223,71.211,107.151,259.255
124.576,70.246,106.588,259.845
127.142,71.012,105.761,260.217
128.584,69.991,106.011,261.578
128.115,69.281,110.158,262.949
129.235,66.336,113.098,265.982
129.861,63.399,112.843,269.669
133.370,64.577,110.605,267.864
136.157,67.015,110.030,265.091
141.493,69.389,106.528,262.090
143.387,71.476,107.646,259.655
146.931,74.293,105.977,258.115
150.263,73.472,103.566,258.259
157.274,73.236,98.584,257.139
161.650,76.509,93.806,252.198
165.150,74.640,91.179,249.968
165.692,76.477,89.386,246.701
168.127,78.436,88.445,243.312
168.984,78.291,89.858,240.379
170.574,78.664,90.181,239.471
174.155,77.243,90.616,239.447
175.603,77.458,89.077,238.991
178.141,80.448,89.480,236.444
178.146,78.968,91.259,237.382
179.963,77.314,93.655,239.124
180.325,76.422,94.225,239.036
182.154,77.863,92.889,239.660
184.335,79.422,92.485,237.805
186.633,80.289,91.583,235.160
188.465,80.878,91.664,233.845
189.208,83.967,92.172,231.047
191.319,84.303,90.891,228.827
193.500,87.602,90.426,226.757
195.231,91.435,89.814,223.186
196.641,92.991,87.276,220.656
200.855,88.580,86.043,222.113
201.016,90.540,85.948,220.992
204.039,90.825,83.302,220.498
205.932,91.544,80.109,219.404
209.119,92.093,77.780,218.758
210.662,91.568,76.358,217.653
213.288,91.071,74.843,217.058
213.632,92.899,75.178,216.543
215.971,94.559,74.296,215.711
217.040,94.880,75.210,212.396
217.430,89.666,75.353,215.004
217.253,89.486,76.666,214.324
218.950,91.266,76.572,214.512
221.903,92.043,74.197,214.959
223.009,94.962,72.101,213.175
225.399,101.351,71.553,211.038
227.258,102.495,71.199,207.596
229.449,101.957,71.335,204.028
228.639,102.725,69.514,201.325
231.525,99.667,70.412,200.418
232.938,98.157,69.616,201.032
234.615,97.710,68.591,201.735
236.144,94.588,68.065,203.440
237.606,93.578,69.218,204.372
238.220,94.601,70.310,201.111
238.156,95.813,70.994,198.797
239.290,93.872,71.084,199.742
239.468,90.493,69.940,201.620
240.932,91.495,70.975,203.390
242.260,93.106,72.047,206.310
243.154,96.641,71.460,202.714
241.662,94.312,73.818,201.833
243.676,90.040,74.195,205.453
246.520,90.978,74.632,206.490
246.954,93.118,74.689,204.648
248.023,92.331,74.340,204.795
249.411,95.518,74.898,202.734
250.040,95.419,74.023,199.957
250.862,94.713,73.115,200.104
253.387,97.730,72.720,199.032
253.458,97.149,72.100,199.863
256.102,99.519,72.068,197.534
257.399,100.158,71.554,197.420
258.435,95.572,70.980,202.512
259.428,100.552,68.371,201.911
260.625,102.382,67.585,200.279
263.387,103.460,66.698,197.034
263.043,105.654,65.394,193.557
264.431,99.033,65.234,194.446
263.500,102.176,64.336,191.759
266.086,102.124,64.310,188.254
266.049,104.299,64.704,185.178
266.485,105.340,65.662,182.383
265.093,104.190,65.436,180.912
266.451,107.465,65.285,178.778
266.749,104.811,63.919,176.703
267.398,100.899,64.774,177.920
268.226,98.616,65.973,179.572
267.460,100.510,66.146,178.678
267.142,96.239,66.053,180.431
268.488,95.576,66.205,179.389
267.836,96.276,65.918,178.395
267.468,95.957,66.268,177.544
267.376,100.111,66.251,176.537
267.164,97.268,66.638,176.888
267.370,100.613,66.677,177.379
268.152,100.359,65.267,176.109
268.865,98.228,64.826,179.374
268.810,92.114,64.365,181.100
269.334,94.555,64.187,184.333
268.923,92.540,64.519,182.294
270.042,94.500,63.072,181.634
271.752,93.268,61.763,181.632
272.511,94.569,62.196,181.530
273.551,95.263,60.862,180.957
275.169,91.538,61.527,182.226
276.372,92.582,61.295,183.135
276.490,90.834,62.923,182.727
277.284,89.597,61.842,181.928
278.867,91.192,62.491,179.730
280.344,89.417,64.450,179.718
279.963,90.824,65.214,179.810
280.467,90.179,65.103,178.114
282.873,91.289,65.088,176.412
284.274,92.926,65.138,174.469
284.913,94.285,65.722,172.321
285.710,94.258,66.601,170.883
288.454,95.287,65.852,169.392
289.558,95.806,65.438,168.047
290.950,95.187,65.040,167.670
291.099,91.844,66.700,168.972
291.344,97.242,67.190,166.051
292.544,98.407,66.669,165.082
293.275,95.093,66.321,167.615
293.026,95.352,67.695,167.671
293.226,96.616,67.346,166.947
293.682,95.841,69.360,167.283
293.238,92.010,71.509,169.245
291.921,92.121,71.435,168.941
293.028,96.037,67.545,166.094
293.993,97.288,66.640,164.044
295.446,95.902,66.164,164.995
295.138,93.858,68.694,165.380
296.494,96.445,67.721,164.361
297.887,95.384,64.562,164.143
298.514,95.131,61.867,163.449
301.961,95.680,59.135,162.420
303.522,93.154,56.808,162.366
304.195,92.693,55.458,161.649
306.540,96.310,54.584,158.912
306.501,94.004,54.327,158.675
308.334,94.793,52.929,158.686
309.321,93.981,51.846,158.575
311.027,93.988,52.396,158.411
310.948,94.139,52.236,157.701
311.759,95.677,51.822,156.005
311.260,96.788,51.812,153.773
312.741,97.509,52.808,152.983
313.454,96.675,51.792,152.679
314.644,98.455,50.808,151.777
315.005,97.051,51.111,152.402
315.464,97.675,51.161,152.331
316.284,96.423,52.026,152.171
316.528,96.445,51.389,152.695
317.210,95.873,51.325,151.697
317.725,96.931,52.827,151.828
318.245,98.588,51.274,150.150
320.402,98.203,50.874,149.463
320.242,97.872,50.619,148.559
321.848,99.958,49.711,145.975
322.277,99.156,49.932,144.768
322.656,100.094,50.156,143.628
323.284,102.082,49.093,141.561
323.889,101.787,47.729,140.913
324.795,103.587,47.054,138.970
325.421,102.390,47.092,138.805
325.585,102.627,47.382,138.868
326.668,103.025,47.569,138.939
326.472,101.345,49.041,140.091
327.262,104.290,48.650,138.794
328.396,104.203,48.863,138.519
328.038,103.388,50.883,138.917
327.298,104.134,50.777,139.068
328.088,103.596,50.667,138.865
327.735,102.473,50.806,139.597
328.034,104.375,50.126,138.297
328.025,102.700,49.442,137.370
328.828,103.361,49.926,137.901
329.162,103.489,47.405,135.835
329.866,103.431,44.751,135.990
331.719,103.649,44.412,135.273
331.085,102.091,43.672,134.917
331.376,102.290,44.822,134.755
331.404,102.557,44.922,133.036
331.531,101.835,46.463,132.933
331.365,102.757,47.945,132.460
330.687,102.011,48.398,132.723
331.674,102.474,48.443,132.548
332.248,103.146,45.999,131.539
332.103,105.178,43.952,129.106
334.042,103.678,44.047,129.024
333.994,104.914,42.663,128.053
334.619,103.497,43.522,128.708
334.628,103.632,44.261,128.657
334.278,101.888,46.003,129.927
333.650,102.882,46.100,130.334
333.618,102.371,45.665,129.493
334.348,103.028,43.702,128.520
336.076,105.014,41.651,126.200
335.908,105.846,40.761,124.316
336.736,105.462,40.594,123.533
337.609,105.600,40.820,122.564
337.008,104.363,40.807,123.071
335.622,103.371,42.113,124.167
335.305,102.839,42.251,125.050
335.958,103.139,43.526,124.649
334.908,102.897,44.416,124.935
336.368,104.893,41.896,123.697
337.544,105.724,40.032,121.849
338.110,105.757,39.659,120.777
337.748,106.302,39.579,120.501
337.658,107.407,39.314,119.485
337.681,107.234,39.570,118.957
337.056,107.415,41.021,119.137
337.360,107.787,40.981,118.851
337.876,108.647,40.505,117.785
336.999,108.915,41.546,117.334
336.744,108.667,41.715,116.621
337.503,110.804,41.150,115.412
337.700,109.907,40.660,114.649
337.646,111.028,41.454,114.146
337.218,110.574,42.511,113.970
336.132,110.661,43.227,113.885
335.576,111.471,43.174,113.357
335.664,110.850,42.891,113.145
336.232,111.919,41.969,111.539
336.695,112.022,41.381,110.809
336.592,111.816,41.494,110.104
336.185,112.359,42.118,109.537
336.394,112.480,42.555,109.270
336.686,112.385,41.462,108.775
337.641,113.396,39.839,107.797
337.869,113.123,39.896,107.476
337.555,113.177,40.487,107.570
337.462,112.523,40.097,107.354
338.094,113.034,39.708,106.676
338.012,112.618,39.312,106.598
337.973,112.816,39.478,105.799
338.629,113.255,38.113,104.582
339.340,112.833,37.962,104.381
339.861,114.094,37.762,103.864
340.433,113.486,37.514,104.273
340.587,113.540,37.538,104.655
340.033,113.459,37.760,104.119
339.688,112.947,38.252,104.168
339.987,113.135,37.592,103.229
340.663,113.621,37.195,101.538
340.506,113.220,37.997,101.910
339.752,113.711,38.263,101.712
340.899,114.115,37.146,100.308
340.978,114.170,36.765,100.329
341.066,113.495,36.970,100.005
340.598,113.897,37.343,99.712
340.699,114.343,37.255,98.743
340.936,114.810,37.277,98.026
341.591,115.296,37.100,97.507
341.172,115.035,37.385,97.424
341.999,115.803,37.296,97.077
341.366,114.450,38.129,97.404
340.995,114.733,38.522,97.731
340.777,114.811,39.102,97.071
340.308,114.834,39.413,96.750
341.057,115.461,38.916,96.186
341.442,114.877,38.506,96.250
341.839,115.239,37.981,96.009
342.831,115.311,36.795,95.807
343.517,115.265,36.099,96.642
344.545,115.474,35.184,95.872
343.594,115.686,35.823,94.986
344.139,115.787,35.503,95.749
344.757,115.346,34.487,94.922
344.856,115.442,33.954,95.112
345.370,114.552,33.664,95.523
345.160,115.106,33.363,95.706
345.222,114.732,33.245,94.585
344.308,114.690,34.180,94.812
344.501,115.016,34.387,94.718
344.125,114.922,34.504,93.762
343.663,114.582,35.203,94.081
343.357,114.748,34.839,93.213
343.379,115.351,34.758,92.782
343.206,114.448,34.730,92.732
342.736,114.381,35.509,92.686
343.026,114.291,35.229,92.293
342.466,114.153,35.557,92.387
342.319,114.577,35.403,91.534
342.420,113.918,34.921,91.687
342.130,113.827,35.413,92.438
342.219,114.428,35.193,91.262
342.199,114.363,35.116,91.067
342.320,114.670,34.905,90.634
342.433,114.722,34.748,90.483
342.138,114.586,34.520,90.146
342.887,115.211,34.175,89.640
342.540,114.202,34.050,90.026
341.835,114.262,34.246,90.192
342.021,115.507,34.369,89.312
341.931,115.226,34.518,88.415
341.812,115.713,34.795,87.998
342.197,116.098,34.437,87.475
342.453,115.374,33.986,87.479
341.515,116.335,34.254,86.947
341.950,116.823,34.057,86.360
341.593,116.842,34.325,86.117
342.163,117.187,34.273,85.577
342.109,117.334,34.325,85.284
341.522,117.991,34.527,84.752
342.146,118.748,33.908,84.108
342.183,118.234,33.678,84.342
342.355,119.009,33.392,83.389
342.620,118.639,33.173,83.323
342.601,118.710,33.172,83.340
342.727,118.718,33.299,83.162
342.726,119.121,33.288,82.575
342.926,119.349,33.248,82.116
343.309,119.768,32.963,81.369
