275.000,137.000,23.000,26.000
276.011,133.973,22.453,25.206
278.023,133.253,21.980,24.905
278.362,133.234,21.840,24.457
279.446,133.931,21.777,24.483
276.402,136.439,21.228,24.019
271.162,141.919,20.908,23.408
268.667,150.424,20.872,22.999
268.619,150.371,20.745,22.642
269.295,154.258,20.700,22.668
272.669,153.343,20.632,22.693
276.598,150.784,20.546,22.763
278.774,143.468,20.504,22.980
278.800,143.427,20.489,22.952
278.682,131.450,20.214,22.853
277.527,117.579,20.337,23.227
276.339,102.254,20.402,23.483
274.444,86.483,20.488,24.075
274.599,86.325,20.916,24.673
274.666,74.007,21.068,24.680
277.786,65.870,21.523,24.710
279.666,58.147,21.576,25.057
280.906,52.434,21.533,25.224
281.039,52.079,21.667,25.197
281.216,52.629,21.924,25.529
282.627,57.850,21.666,25.492
285.577,64.624,22.005,25.929
285.501,71.049,22.349,26.137
285.392,70.803,22.430,26.045
282.060,72.737,22.317,25.970
278.795,69.625,22.608,26.265
277.555,61.182,22.584,26.342
278.019,55.638,22.920,26.598
277.864,55.626,23.052,26.772
277.031,53.880,22.931,26.925
275.073,50.711,22.915,26.822
275.920,47.358,23.184,26.764
277.604,45.937,23.186,26.549
278.017,46.100,23.554,26.497
276.256,43.993,23.674,26.912
271.578,39.372,23.207,26.822
266.129,31.980,23.242,26.744
262.100,25.592,23.121,26.482
262.272,25.630,23.304,26.461
260.335,27.940,23.347,26.397
255.622,31.819,23.033,26.396
249.956,32.398,23.265,26.459
249.598,34.077,23.416,26.866
249.642,33.691,23.426,26.443
257.081,44.222,23.495,26.706
266.718,55.013,23.333,26.691
274.785,61.243,23.164,26.466
283.962,65.715,23.270,26.719
283.952,65.734,23.391,26.732
293.363,73.701,23.320,26.884
297.323,86.577,23.616,26.770
292.905,97.772,23.468,26.837
282.071,102.373,23.196,26.666
282.395,102.232,23.128,26.108
271.089,98.648,23.148,26.091
261.085,88.857,23.257,25.784
252.887,79.833,23.696,25.988
246.931,74.404,23.952,26.179
246.964,74.442,24.179,26.179
243.733,72.798,24.474,26.327
242.328,72.664,25.051,26.528
241.587,71.178,25.086,26.935
241.397,69.037,25.350,27.590
241.158,68.628,25.465,27.518
240.932,66.301,25.356,27.809
240.798,65.258,25.276,27.789
240.546,64.135,25.196,27.655
239.073,64.473,24.964,27.804
239.220,64.199,25.101,27.789
239.972,68.928,25.457,28.197
241.704,74.493,25.150,28.148
239.814,80.033,24.825,27.975
234.243,89.189,24.693,27.406
234.647,89.248,24.972,27.023
229.143,99.751,24.952,27.246
223.603,104.319,24.758,27.419
217.210,104.169,25.199,27.485
208.227,102.488,24.963,27.529
208.599,102.356,25.274,27.528
198.187,103.241,25.183,27.818
190.211,104.225,25.170,28.109
188.074,101.267,25.513,28.250
188.077,95.551,25.889,28.307
187.495,95.220,25.867,27.847
188.455,94.896,25.920,27.323
189.780,98.476,25.682,27.379
191.908,99.304,25.688,27.575
195.985,95.624,25.867,27.676
196.066,95.650,25.673,27.559
198.784,91.933,25.713,27.592
195.334,94.009,25.734,27.545
188.501,97.831,25.960,27.938
181.479,99.070,25.980,28.406
181.360,99.013,26.214,28.521
178.681,99.195,26.561,29.063
177.775,99.658,27.250,29.963
173.989,101.241,27.894,31.468
167.428,103.334,28.004,32.206
167.582,103.185,28.324,32.239
163.941,107.314,28.608,32.498
164.792,108.508,28.679,32.752
165.044,104.362,28.790,32.871
161.125,94.534,28.724,33.275
161.454,95.124,28.985,33.621
156.651,86.236,29.170,34.074
151.839,77.932,29.220,34.131
148.285,69.509,29.145,33.946
142.059,59.117,29.295,35.036
142.490,57.927,29.371,35.245
134.551,45.365,29.546,35.107
127.904,38.589,30.119,35.712
128.138,38.062,30.705,36.878
133.185,37.986,31.290,37.953
132.969,37.541,31.554,38.671
135.254,36.247,31.812,39.442
136.612,38.985,31.977,40.140
140.491,45.991,32.306,39.908
147.741,56.737,32.342,39.691
148.060,56.793,32.459,39.539
153.866,65.061,32.306,39.322
155.213,75.106,32.836,39.333
154.833,85.227,33.010,39.278
158.125,94.483,33.071,39.576
158.378,94.391,33.371,39.828
168.033,99.834,33.603,40.247
180.061,101.269,33.447,40.260
189.555,96.388,32.949,40.144
196.670,90.160,33.071,41.064
197.291,90.099,33.344,41.349
204.153,82.613,33.315,41.730
209.358,73.317,33.603,42.106
208.447,58.711,33.724,42.540
202.307,42.862,33.756,43.032
202.660,42.731,34.137,43.015
194.979,32.566,34.297,43.131
190.941,23.982,35.288,43.591
188.153,15.901,35.340,43.362
185.529,6.773,35.161,43.109
186.032,6.781,35.339,43.379
183.191,-1.496,35.551,42.921
183.779,-0.875,35.668,42.689
185.308,4.478,35.947,42.588
181.873,9.738,35.999,42.101
182.013,9.788,35.835,41.852
173.498,15.843,35.059,40.237
163.731,29.284,34.252,39.891
156.431,48.487,33.794,39.737
151.415,65.297,34.396,41.257
150.892,64.440,34.659,41.262
142.679,74.195,34.936,40.516
135.247,78.427,35.621,40.682
133.643,77.476,36.304,41.291
132.412,69.986,36.822,42.193
131.884,70.161,37.006,42.716
127.488,57.343,37.363,42.573
121.877,46.742,37.390,42.666
115.870,36.953,37.417,43.287
110.799,33.514,37.618,43.413
110.672,33.554,37.425,43.587
110.434,39.140,37.701,43.984
113.430,45.283,37.338,42.901
120.779,48.024,36.913,42.003
131.998,50.329,36.769,41.664
132.053,50.637,36.707,41.364
142.986,51.498,36.884,41.258
151.440,50.810,36.119,40.880
158.839,45.214,35.312,40.015
161.749,36.322,34.190,39.112
162.380,36.539,33.765,38.467
160.079,28.815,33.465,38.259
158.325,26.594,32.900,38.066
159.930,30.951,32.402,37.443
162.764,37.625,31.988,37.257
163.033,37.799,31.911,37.096
167.677,48.554,31.815,37.070
172.218,62.474,31.734,37.119
175.744,75.006,31.468,37.376
180.989,81.362,31.621,37.299
180.760,81.605,31.554,37.408
183.076,83.131,31.459,37.131
183.387,83.871,31.619,37.089
182.319,84.801,31.526,36.968
182.731,84.655,31.834,37.151
182.629,84.683,32.147,37.399
182.612,85.787,32.572,37.602
184.571,91.804,32.580,37.184
188.198,101.168,32.965,36.977
192.479,110.270,33.105,36.383
192.400,110.661,33.361,36.044
197.637,116.903,33.995,36.349
201.019,120.100,34.305,35.912
203.221,124.677,34.280,35.393
203.356,128.382,34.228,34.623
203.272,128.749,34.271,33.994
200.313,131.703,33.628,33.451
198.074,135.943,33.540,33.188
196.054,138.473,33.588,32.871
192.917,137.485,33.278,32.950
193.435,136.419,33.019,33.225
191.620,134.660,32.891,33.849
191.807,134.266,32.877,34.607
194.209,134.506,32.777,35.197
193.785,131.683,32.725,35.828
195.878,129.586,32.956,36.495
198.454,124.265,33.413,37.357
199.121,117.668,33.480,38.130
201.078,109.800,33.587,38.709
201.890,106.387,33.835,39.356
202.694,105.028,34.048,40.151
206.101,105.619,34.492,40.577
208.276,107.073,35.126,41.103
212.066,107.993,36.025,41.595
218.925,105.567,37.387,42.010
216.375,105.319,38.330,42.634
221.904,100.392,40.049,43.044
227.584,96.033,42.214,43.532
228.265,91.579,43.401,43.860
232.741,85.054,45.024,43.581
233.174,84.899,46.673,43.349
237.697,76.680,49.646,43.176
237.946,72.483,53.218,42.761
236.203,74.097,56.706,42.514
233.624,77.679,59.280,42.103
232.911,78.372,61.967,41.927
228.687,84.078,63.135,42.722
224.264,92.179,63.811,43.220
219.609,96.098,63.638,43.659
214.819,96.809,60.830,44.062
213.920,95.924,58.068,44.320
216.906,97.055,55.732,44.496
219.031,94.471,53.135,44.606
223.633,83.057,50.384,44.184
230.971,72.296,48.107,43.643
231.570,71.561,45.790,42.905
237.192,62.258,43.447,41.810
240.277,55.395,40.329,40.534
244.817,52.019,37.411,38.783
250.019,50.042,34.976,37.176
250.782,49.829,32.965,35.650
256.145,45.352,31.279,34.476
260.878,40.135,29.852,33.447
265.844,36.419,28.949,33.194
270.498,33.679,28.531,33.330
270.601,33.973,28.255,33.473
273.963,31.378,28.151,34.237
274.938,31.879,28.278,34.396
275.388,33.430,28.269,34.577
274.886,39.453,28.125,34.751
274.723,39.689,28.017,34.450
273.986,47.813,27.595,34.616
272.171,56.982,27.456,34.324
271.458,66.274,27.626,34.450
271.236,72.596,27.704,34.344
271.249,73.072,27.940,34.351
270.227,74.948,28.051,34.706
269.694,73.478,27.835,34.718
270.293,71.085,28.191,34.658
271.225,66.728,28.347,34.084
271.297,67.089,28.254,33.934
272.357,60.760,28.341,34.007
272.616,56.608,28.345,33.891
272.643,53.687,28.200,33.988
272.969,51.317,28.219,34.191
272.727,51.271,28.023,33.951
273.576,49.205,28.236,34.004
274.939,45.845,28.447,34.050
276.895,44.782,27.943,34.221
278.595,45.472,27.964,34.169
278.736,45.463,28.227,34.033
278.049,47.121,28.008,34.228
275.927,48.910,27.697,34.429
275.153,51.299,27.979,34.412
273.356,56.002,28.283,34.992
273.398,55.503,28.621,35.004
270.300,60.543,28.982,35.195
267.106,64.361,29.246,35.235
262.710,66.127,29.690,35.830
254.126,65.637,29.634,35.403
254.234,65.660,29.746,35.216
244.261,65.970,29.824,36.065
236.376,67.191,30.601,36.232
229.154,67.279,30.821,36.464
223.048,66.437,31.108,36.590
223.312,66.460,31.652,36.856
216.135,67.890,31.628,37.040
209.200,73.358,31.716,36.928
204.127,83.256,32.084,37.354
201.442,92.124,32.606,37.304
201.158,91.931,32.709,37.413
200.139,98.433,32.863,37.611
199.889,102.540,33.304,37.320
200.384,106.705,33.513,36.231
203.800,112.690,34.163,35.671
203.455,113.102,34.561,35.054
208.245,119.174,34.833,34.756
210.422,125.651,34.826,34.166
210.027,130.844,34.498,33.782
210.301,134.308,34.113,33.267
210.534,134.737,33.956,32.860
210.076,135.152,34.238,32.639
212.239,135.729,35.058,32.413
211.472,137.362,35.326,32.458
210.033,140.247,34.840,32.290
212.595,138.975,35.214,32.218
211.713,140.494,35.168,32.490
210.689,141.379,35.171,32.680
209.926,141.293,34.998,32.927
208.433,143.796,34.569,32.902
208.463,144.237,34.164,33.004
209.924,144.712,34.041,33.143
209.127,149.058,33.638,33.161
210.870,155.281,33.296,33.033
213.082,162.036,33.122,32.974
211.634,162.921,32.890,32.916
214.416,166.203,33.033,32.796
217.061,167.010,33.642,32.871
218.450,167.697,33.910,32.744
223.481,163.731,34.210,32.827
223.301,163.544,34.433,32.731
229.019,154.774,35.318,32.516
228.291,145.275,35.680,32.046
229.801,136.024,35.452,31.878
232.986,126.386,35.027,31.953
232.777,126.265,34.794,32.147
237.036,119.309,34.600,32.788
240.213,111.930,34.880,34.243
242.164,103.081,34.910,35.596
244.487,94.389,34.735,36.540
244.322,93.703,34.687,37.204
248.548,86.105,34.235,37.828
254.675,81.424,34.168,38.138
259.500,76.091,33.774,38.314
262.979,70.708,33.523,38.439
262.797,70.677,33.391,38.586
264.970,64.569,33.193,38.470
267.594,58.719,33.071,38.385
269.271,55.168,33.382,38.615
269.668,53.948,33.318,38.426
269.733,54.044,33.215,38.530
269.169,55.857,33.304,38.668
268.376,59.096,33.144,38.234
271.067,62.386,32.965,37.890
275.222,65.592,32.880,37.241
275.260,65.709,32.838,36.896
280.374,67.808,33.087,36.874
286.771,68.481,33.367,36.902
292.306,68.432,33.666,36.855
297.292,68.843,33.671,37.100
297.313,68.715,33.510,37.055
302.506,70.191,33.542,36.844
309.643,74.773,33.412,36.389
319.002,79.187,33.592,36.226
328.264,79.912,33.649,36.263
328.256,79.907,33.543,36.117
337.995,79.217,33.521,36.007
346.097,79.756,33.853,36.269
351.372,81.205,34.829,36.333
354.084,81.200,35.196,36.875
353.730,80.521,35.609,37.224
354.762,76.491,36.275,37.637
354.476,74.032,36.637,37.449
352.249,75.459,37.177,36.908
349.561,77.748,37.763,36.303
348.731,77.865,38.434,35.937
350.315,81.131,38.356,35.749
352.510,87.849,38.109,35.624
356.647,95.320,38.137,35.050
361.008,104.500,38.279,35.216
361.378,103.649,38.425,35.494
364.937,121.655,39.415,35.175
371.577,133.389,40.261,35.212
