205.000,151.000,17.000,50.000
203.177,150.840,18.942,48.785
201.162,150.441,20.644,48.187
199.176,150.428,21.061,48.406
198.118,150.244,21.024,48.506
196.377,149.663,21.835,47.528
194.480,149.397,22.072,46.490
192.115,149.910,22.126,46.422
191.752,149.184,22.084,46.977
190.690,148.574,22.517,46.646
187.464,147.253,22.207,45.794
186.813,147.058,21.475,46.612
185.728,146.327,20.858,46.246
185.376,145.332,20.359,47.205
184.062,144.456,19.808,47.616
182.263,144.334,19.547,47.746
181.814,144.128,19.501,48.087
180.835,143.681,19.514,48.238
180.268,143.358,19.460,47.735
179.155,142.067,19.093,46.266
178.320,141.878,19.008,44.944
177.083,140.847,19.426,45.345
175.848,138.473,20.420,43.792
175.564,140.568,20.452,43.508
174.031,140.047,20.525,44.033
172.993,140.542,20.380,44.032
172.911,139.978,20.095,44.559
171.673,138.616,19.767,45.936
170.916,136.865,20.071,47.328
169.380,136.201,20.216,47.606
167.696,136.721,20.074,45.398
167.241,136.590,19.485,43.793
166.459,136.651,19.091,42.860
166.251,134.054,18.604,43.756
165.625,134.325,18.633,43.505
164.673,133.688,18.577,44.039
164.766,133.443,18.624,43.960
164.494,133.080,18.307,44.050
163.908,131.408,18.207,44.692
163.519,129.924,18.177,45.236
163.466,128.055,18.547,45.637
162.925,125.838,19.336,46.110
160.550,124.722,19.395,45.470
160.311,124.722,19.938,45.638
159.845,124.945,20.165,45.383
159.201,124.264,19.461,44.997
159.051,126.404,18.817,43.797
158.051,126.797,18.717,42.784
156.941,126.293,18.299,42.577
155.882,125.920,18.236,42.359
154.547,124.715,17.792,41.779
153.328,123.489,17.270,41.351
151.303,122.366,16.725,41.731
150.533,121.536,16.631,41.997
149.535,121.283,16.590,41.813
148.833,121.195,16.469,40.632
147.580,121.575,16.530,40.794
145.873,122.106,16.841,40.464
144.932,122.199,16.964,40.272
142.901,122.446,17.193,40.042
141.324,121.553,16.898,40.395
138.429,120.061,16.295,40.700
137.618,118.865,15.519,40.966
136.772,118.364,15.338,41.274
135.728,117.982,15.663,42.142
134.598,117.571,16.131,42.370
132.675,117.008,16.300,42.482
131.645,117.174,16.781,42.486
128.380,116.207,16.884,41.572
126.599,115.329,16.562,41.245
125.155,114.035,16.269,40.311
124.586,113.965,15.641,39.871
123.941,113.156,15.457,39.453
122.980,112.670,15.417,39.057
121.464,112.346,15.951,38.153
120.493,112.563,16.809,37.808
117.616,111.779,16.877,38.281
117.451,111.355,16.404,38.555
115.742,110.225,15.921,37.984
114.853,109.189,15.474,36.943
113.725,108.983,14.996,37.124
112.540,108.082,14.668,37.183
111.727,107.381,14.480,36.180
109.409,107.718,15.085,35.998
108.055,107.632,15.274,36.118
105.412,107.648,15.107,34.961
104.532,107.219,14.740,34.430
102.174,107.378,14.761,34.052
101.830,106.953,14.517,34.713
99.747,105.626,14.707,35.546
98.650,104.740,14.526,36.159
97.775,104.316,14.349,36.415
94.688,103.614,14.615,36.387
92.767,103.220,14.713,36.030
92.372,103.346,14.886,36.243
91.116,103.588,15.123,36.130
87.744,102.742,15.126,35.307
87.090,102.266,15.065,35.279
84.249,100.501,14.582,34.995
83.737,100.269,14.060,35.733
82.271,98.744,13.826,34.595
80.983,100.098,14.009,35.056
79.804,99.918,14.090,35.130
78.330,100.397,13.992,34.322
77.478,100.656,13.906,34.522
75.997,99.808,13.925,34.342
73.435,99.033,13.886,34.155
72.148,98.460,13.893,34.860
70.738,97.505,14.164,34.830
68.291,96.843,14.415,34.904
67.498,97.188,14.452,34.609
66.470,97.685,14.729,34.768
63.860,97.421,15.373,34.810
62.723,97.245,15.640,34.646
61.047,96.729,15.716,33.762
59.983,96.239,15.322,34.249
59.128,95.023,14.701,33.539
58.253,94.700,13.875,34.173
57.544,93.885,13.511,33.781
56.666,93.188,13.312,32.927
