125.000,86.000,15.000,16.000
126.372,85.088,14.945,16.023
128.413,84.139,14.641,16.031
130.335,83.357,14.488,16.010
131.697,82.529,14.383,15.679
132.938,82.040,14.099,15.807
133.528,81.616,14.330,15.989
135.548,81.762,14.106,15.774
137.484,82.279,13.863,16.001
139.482,82.752,13.769,16.172
141.544,82.961,13.768,16.355
143.658,82.898,13.621,16.233
145.647,83.090,13.584,16.254
147.344,82.962,13.390,16.194
148.160,82.818,13.415,16.348
149.288,82.400,13.355,16.280
150.588,81.928,13.240,16.228
152.033,80.965,13.349,16.428
153.357,79.840,13.243,16.483
154.213,78.729,13.337,16.570
154.998,77.494,13.451,16.615
155.948,76.553,13.357,16.676
157.045,75.715,13.248,16.552
158.741,74.576,12.917,16.171
160.337,73.736,13.099,16.006
160.958,73.485,13.055,16.029
160.738,73.926,13.258,16.076
161.518,73.824,13.207,16.350
162.682,73.744,13.263,16.452
163.884,73.678,13.197,16.088
165.245,73.319,12.933,15.751
166.514,73.286,12.868,15.706
167.188,72.689,13.233,15.692
166.939,72.102,13.505,15.877
167.298,72.292,13.416,15.856
167.816,72.409,13.332,15.749
167.679,72.310,12.947,15.682
169.459,72.222,12.972,15.192
169.407,73.039,12.979,15.169
169.896,74.807,13.081,15.529
170.163,75.291,13.168,15.370
170.579,73.964,13.600,14.483
170.793,79.670,13.320,14.328
171.321,77.999,14.097,15.659
170.629,78.947,13.910,15.750
173.069,83.213,14.225,15.359
172.290,78.369,13.967,15.456
173.239,79.007,13.907,15.529
170.211,75.161,14.064,15.426
164.685,72.701,14.786,15.137
165.257,72.038,15.166,15.258
175.581,77.776,14.473,15.376
176.597,78.122,13.987,16.099
177.679,78.043,13.724,16.438
178.866,78.754,13.649,16.792
179.559,78.904,13.662,16.915
180.232,79.800,13.660,16.710
180.853,80.915,13.891,17.112
181.321,81.595,14.147,16.734
181.805,82.749,14.298,16.585
180.884,79.881,14.663,16.858
179.463,81.713,14.948,17.303
183.646,84.459,14.555,16.779
184.973,85.189,14.722,16.326
185.655,85.579,15.003,16.263
186.781,85.193,15.073,15.630
188.130,85.926,15.436,15.721
189.360,82.107,15.895,15.865
189.429,80.075,16.390,15.739
190.821,84.893,16.326,15.885
190.186,85.391,15.689,15.996
190.294,84.306,15.051,16.001
190.805,83.139,14.922,16.302
190.774,80.774,14.781,16.492
191.471,78.457,15.232,17.559
191.338,76.391,15.301,18.524
191.272,74.835,15.196,18.623
191.379,73.077,15.187,18.455
190.856,71.692,15.421,18.749
190.401,70.457,15.757,18.682
190.089,69.598,15.842,19.004
189.397,68.338,16.097,17.885
189.148,69.806,16.340,18.798
188.491,70.247,16.656,19.369
187.483,70.912,16.743,19.790
186.422,71.530,17.041,20.418
184.899,72.364,17.353,20.831
182.666,73.238,17.594,21.268
179.878,74.362,17.614,21.149
177.449,75.386,17.825,20.934
175.377,76.682,18.506,21.043
172.360,76.796,18.478,21.326
169.802,77.508,18.462,21.044
167.570,77.833,18.598,20.757
165.290,77.598,18.762,20.875
163.968,76.861,18.774,21.161
162.573,76.145,18.478,20.958
161.819,75.550,18.072,21.195
161.163,74.696,17.702,21.035
160.489,74.045,17.712,20.884
159.961,73.659,17.680,20.891
159.147,72.837,17.609,20.629
158.365,72.208,17.337,19.651
158.040,73.070,17.537,20.472
157.457,72.338,17.600,21.002
156.691,71.686,17.913,21.502
155.960,71.678,17.629,21.554
155.295,71.368,17.559,21.655
154.429,71.901,17.568,21.355
153.133,73.017,17.538,21.317
151.767,73.620,17.497,21.318
150.383,74.708,17.452,21.526
148.908,75.757,17.508,21.476
147.139,76.781,17.726,21.486
145.196,77.781,17.746,21.596
143.254,78.820,17.962,20.902
141.283,81.249,17.802,21.232
139.564,83.154,17.973,21.353
137.661,85.945,17.998,21.592
135.547,88.665,18.272,21.823
133.745,92.078,18.540,22.136
131.953,95.973,18.890,22.645
130.387,100.120,19.230,22.832
128.824,104.104,19.407,23.309
127.357,108.097,19.524,23.579
126.223,110.938,19.439,23.712
124.941,114.024,19.137,24.038
124.093,115.959,18.939,24.011
123.225,117.986,18.903,24.201
122.079,120.057,18.867,24.382
121.022,121.305,19.315,24.303
119.919,122.144,19.342,24.139
119.733,121.786,19.423,24.115
118.446,120.224,19.610,24.039
117.944,118.091,19.896,24.339
117.320,113.590,20.052,24.520
115.285,109.165,20.063,24.345
112.933,103.669,20.615,25.097
112.860,97.658,20.403,24.712
111.787,92.683,20.046,24.105
110.537,87.414,19.627,23.737
112.531,82.477,20.376,23.478
115.179,80.958,21.264,23.382
115.056,80.178,21.863,23.248
113.195,77.565,22.234,23.092
111.420,74.095,22.583,23.117
105.712,70.117,21.368,22.757
105.282,68.674,20.244,22.458
104.681,68.046,19.478,22.249
104.225,67.926,19.461,22.007
102.735,67.526,19.356,21.867
101.624,67.701,19.557,21.981
99.763,67.121,19.491,22.017
98.211,66.871,19.566,22.192
96.774,66.955,19.717,22.875
95.066,66.497,19.361,23.287
94.117,66.562,19.210,23.386
91.488,60.618,19.158,23.842
82.966,64.698,19.252,24.039
88.750,72.394,19.488,24.025
96.082,64.557,18.491,24.039
93.757,64.136,19.236,23.584
93.630,65.099,19.994,23.858
94.056,65.306,20.601,23.798
94.800,64.793,21.076,23.087
95.507,64.820,21.464,22.420
97.481,65.661,21.635,22.476
99.356,67.567,21.712,24.465
101.661,66.379,21.461,24.757
103.968,66.731,21.416,25.548
106.251,66.111,21.467,26.386
107.887,65.402,21.844,27.626
109.538,63.927,21.774,27.578
111.303,63.632,21.710,27.794
113.099,63.398,21.943,28.097
115.341,63.177,22.158,28.138
118.253,64.189,22.055,28.030
121.228,65.342,22.093,28.015
124.310,67.025,22.523,27.865
127.509,69.578,22.704,28.031
130.532,72.687,23.272,27.437
133.564,76.885,23.425,27.302
136.834,81.413,23.583,27.994
139.257,84.768,24.056,26.925
141.422,89.396,24.341,27.686
142.838,94.774,24.532,27.708
149.343,95.712,26.681,26.562
141.995,101.787,26.841,26.722
150.929,108.194,28.402,28.496
152.444,109.222,29.513,30.025
152.601,112.113,30.020,30.680
152.884,115.362,30.370,30.586
152.383,118.374,30.637,30.710
152.306,117.245,30.959,31.158
152.081,114.155,31.172,31.976
151.060,113.082,31.408,32.358
148.867,116.832,30.791,31.762
148.093,111.838,30.775,31.645
147.526,107.121,31.720,32.292
143.615,102.434,31.902,32.453
137.738,96.164,29.849,31.907
134.309,90.439,28.019,31.411
131.097,85.013,26.766,30.788
127.332,80.054,26.024,31.395
123.601,75.241,25.944,32.059
120.276,66.466,26.720,30.954
116.368,68.469,26.278,30.865
114.690,66.180,25.948,30.504
112.762,64.345,25.523,30.676
111.390,63.367,25.830,31.190
109.525,62.036,25.470,31.320
108.184,61.435,25.727,31.919
107.019,60.790,26.170,32.315
105.418,60.039,26.105,32.328
104.970,59.815,26.494,32.563
103.869,58.863,26.800,32.382
103.164,58.539,26.964,32.610
102.022,57.546,26.667,32.219
101.320,57.609,26.623,32.449
99.999,56.782,26.839,32.275
98.407,57.028,26.937,31.991
96.587,56.944,27.058,31.976
94.758,57.892,27.351,31.675
92.826,59.640,27.562,31.308
90.834,61.660,27.847,31.340
88.951,64.210,28.538,31.396
86.871,67.293,28.264,31.337
84.247,71.008,28.218,30.956
81.598,74.957,28.410,30.808
79.351,78.728,29.006,30.918
75.547,81.688,28.977,31.080
72.361,85.348,29.549,31.603
68.119,88.195,30.048,32.156
66.249,90.613,29.761,32.265
64.104,93.321,29.590,32.805
60.911,95.680,30.251,33.120
58.693,97.507,30.881,33.875
57.900,99.307,30.501,34.596
56.177,110.105,30.288,34.661
59.629,112.411,30.768,35.024
58.227,97.242,31.076,35.158
55.099,100.908,31.623,34.973
52.856,98.730,31.966,34.508
51.567,96.488,31.835,33.516
50.926,93.411,31.982,33.360
50.892,87.638,33.253,35.391
51.618,81.888,33.442,35.636
52.624,77.569,33.318,35.990
53.765,72.314,33.744,36.491
54.920,68.205,33.661,37.395
56.333,62.606,33.206,37.241
58.326,58.943,32.834,37.566
61.108,55.531,32.159,37.862
63.827,52.842,32.100,38.309
65.682,50.311,32.083,38.495
67.559,49.128,32.541,39.400
68.186,48.972,32.916,40.426
67.423,48.612,33.036,40.550
65.723,49.510,33.797,41.428
64.484,48.822,33.790,41.068
61.520,50.085,34.007,40.458
58.155,51.615,34.500,40.678
54.244,52.077,34.282,40.240
48.258,53.989,34.331,40.263
42.131,55.732,34.703,39.576
34.314,57.136,34.974,39.696
27.244,59.843,35.630,40.475
19.894,59.515,35.390,39.609
12.064,60.496,35.379,38.544
1.383,61.451,35.598,37.330
-1.676,61.472,33.718,36.024
-3.500,62.059,30.581,35.436
-4.213,57.613,27.324,37.924
-3.995,53.173,25.106,41.141
-3.682,51.886,23.042,41.516
-3.244,49.337,21.372,40.979
-2.724,46.341,19.991,40.094
-2.177,44.472,18.726,39.755
-1.414,42.568,17.872,38.748
-1.036,42.540,17.383,38.187
-0.610,41.778,17.435,36.465
-1.098,41.874,17.396,35.457
-0.814,42.573,17.414,33.983
