340.000,358.000,18.000,55.000
338.615,356.630,18.000,54.719
336.868,356.515,18.658,54.620
333.904,358.935,20.923,55.086
329.455,358.994,23.928,55.297
327.072,358.680,26.050,55.212
325.690,358.738,27.586,55.140
322.654,358.299,29.464,55.068
320.492,357.268,30.327,54.708
317.378,356.444,30.057,54.635
316.315,358.033,29.423,54.379
314.325,358.573,27.449,54.357
313.679,358.608,25.123,54.224
310.997,358.804,22.596,54.674
310.236,360.030,20.557,54.452
310.314,362.152,18.955,54.495
309.311,362.332,18.025,53.889
306.834,363.439,17.659,54.138
303.553,365.601,18.445,55.088
300.886,364.849,20.324,55.242
299.655,364.363,22.442,55.590
298.480,366.232,24.516,55.661
297.181,366.837,27.128,55.489
296.834,367.922,29.377,55.377
296.551,368.805,30.545,55.124
295.719,368.646,30.648,55.810
295.048,369.402,29.936,55.946
294.228,370.447,28.661,56.305
293.242,371.490,26.727,56.219
293.660,374.100,24.063,55.438
294.004,374.658,21.265,55.404
294.470,375.711,19.423,55.069
294.027,378.021,18.078,54.978
295.245,377.107,16.957,54.923
295.974,377.012,17.101,54.777
294.805,377.754,18.156,54.188
292.658,377.374,20.471,54.537
291.246,378.030,22.395,54.736
291.689,377.663,24.118,54.673
290.692,378.833,25.632,54.508
289.637,377.645,26.518,54.306
289.315,376.957,26.758,54.107
289.882,377.063,26.302,54.054
290.682,376.348,25.084,53.726
290.591,375.792,23.177,53.803
289.764,375.275,21.494,53.752
289.912,375.987,19.497,53.722
290.175,375.543,18.127,53.477
289.850,374.799,17.168,53.233
290.914,374.878,16.632,53.905
290.512,374.357,16.838,53.453
289.925,374.404,17.585,53.486
288.061,375.767,19.818,53.734
284.926,376.542,22.540,53.862
282.960,376.121,24.975,54.155
282.025,376.888,27.084,53.827
281.547,378.136,28.918,53.456
280.920,378.939,30.201,53.149
281.099,380.458,30.060,53.050
280.044,381.098,29.349,53.463
278.937,382.054,28.211,53.770
278.950,384.071,26.080,53.689
277.510,384.908,23.664,53.614
276.865,385.294,21.282,53.756
275.618,387.197,19.441,53.757
274.556,387.325,17.817,53.644
274.380,385.452,16.874,53.603
272.958,384.486,16.357,53.493
271.437,382.922,17.367,53.776
268.189,382.091,19.955,54.321
263.974,380.449,22.658,54.394
263.314,379.024,25.165,54.378
265.478,378.564,26.793,54.218
264.991,375.261,27.313,54.280
264.880,372.703,27.298,54.429
263.663,372.251,26.441,54.583
263.891,371.073,25.035,55.074
263.243,370.109,23.566,54.940
262.635,369.661,21.866,54.582
263.044,369.267,19.950,54.486
263.851,368.515,18.218,54.437
264.763,371.343,16.991,53.997
264.041,372.489,16.381,54.116
264.086,373.220,16.291,54.112
262.638,372.893,16.593,53.837
260.623,371.850,17.361,54.131
257.679,370.263,19.019,54.705
256.231,369.238,20.775,54.639
252.544,367.564,23.455,54.498
251.344,367.034,25.414,54.191
250.033,368.451,26.943,53.645
247.005,367.404,28.325,53.872
248.104,368.955,27.945,53.696
247.815,367.923,27.337,53.982
247.557,366.542,26.052,54.462
245.385,364.743,24.766,54.514
245.535,365.687,22.567,53.919
245.853,364.630,20.549,53.373
247.015,363.309,18.631,53.403
246.607,362.863,17.509,53.413
247.472,364.213,16.496,53.620
246.621,363.805,16.158,53.470
246.147,363.238,16.195,53.164
243.849,361.886,16.960,53.472
242.151,360.325,18.015,53.596
240.423,361.755,19.579,54.434
238.896,362.618,20.698,54.366
237.737,361.748,21.521,54.382
236.872,361.693,21.506,54.364
236.478,363.706,21.155,54.135
236.538,364.008,20.249,54.048
236.837,361.964,19.421,54.345
238.649,360.559,18.406,53.772
240.758,359.764,17.563,53.364
245.428,357.163,16.964,53.548
248.331,351.903,16.429,52.967
251.139,348.640,15.712,52.518
250.208,347.344,15.525,52.239
249.397,349.926,15.287,52.360
248.900,349.453,15.478,52.395
249.072,347.800,16.100,52.314
250.413,348.014,16.879,52.350
251.254,350.031,17.754,52.552
251.951,350.459,19.177,52.307
253.074,350.898,20.938,52.232
254.657,350.559,21.602,51.989
256.636,350.812,22.135,51.633
257.206,350.578,22.683,51.448
258.506,350.337,22.662,51.488
258.009,350.991,22.269,51.486
257.653,351.720,21.741,51.828
258.862,352.187,21.162,52.073
259.615,351.740,20.259,51.882
260.595,353.099,19.202,51.452
261.509,352.795,18.415,51.836
261.806,351.014,17.708,51.861
261.517,349.325,17.085,51.934
261.129,349.150,16.676,52.009
261.143,347.727,16.670,51.856
262.392,346.647,16.517,52.010
261.807,346.060,16.725,51.168
261.291,346.756,17.244,50.475
258.912,347.652,17.953,50.581
257.479,348.057,18.565,50.572
256.625,347.993,19.342,51.052
256.811,347.188,19.713,51.198
257.907,347.271,19.877,51.687
258.270,349.293,19.414,51.985
257.265,353.109,18.829,52.018
255.768,356.121,18.344,52.160
254.203,356.198,17.904,52.291
250.745,356.312,17.249,51.701
247.104,357.480,16.836,51.789
244.647,358.459,16.093,51.581
243.033,357.844,15.609,51.280
242.327,356.882,15.381,51.506
242.183,355.957,15.451,51.987
241.741,356.157,15.598,52.544
240.744,355.694,15.965,52.948
238.996,356.486,16.595,53.653
237.248,357.680,17.693,54.214
234.892,359.096,19.521,54.599
231.928,360.423,21.356,55.404
230.762,359.600,23.137,55.620
229.147,358.369,25.000,56.064
228.281,359.144,26.281,56.448
227.262,361.072,27.235,57.290
225.646,359.132,27.858,58.043
225.150,357.061,27.650,59.172
222.705,354.770,27.571,60.538
222.241,354.634,26.805,61.067
219.991,352.031,25.989,62.372
220.019,348.898,24.433,63.827
218.051,344.411,23.092,64.569
217.438,342.854,21.788,65.551
216.704,343.701,21.076,66.288
215.034,344.310,20.359,66.988
212.682,342.409,20.465,68.287
213.770,341.590,21.780,69.498
210.806,340.217,23.565,70.207
207.922,341.752,26.354,71.335
204.521,344.501,29.273,72.848
203.311,344.482,32.435,73.207
202.662,344.945,34.704,74.173
201.616,344.204,35.442,75.585
199.869,344.653,34.846,76.516
199.483,346.607,33.200,78.048
197.766,347.840,31.223,79.935
196.024,347.499,29.628,80.909
193.901,345.155,28.285,81.339
191.496,346.024,26.932,82.502
189.274,347.850,26.001,83.533
186.192,348.351,25.554,85.037
184.656,346.184,25.771,86.565
182.635,346.696,26.380,88.260
180.180,350.371,27.250,90.426
177.491,352.886,29.398,92.256
174.582,350.748,31.632,92.839
172.807,351.115,33.182,93.322
166.977,348.514,34.993,94.829
167.272,348.401,37.258,96.430
163.255,346.203,38.667,99.923
162.387,351.032,39.359,102.281
157.874,349.139,39.405,105.349
161.627,352.752,42.356,106.422
159.483,356.288,42.466,106.761
158.691,361.169,41.374,107.563
156.612,362.353,39.824,107.587
153.961,360.788,38.475,109.240
151.710,361.755,38.318,111.664
148.534,365.799,38.328,113.568
146.271,367.293,39.105,112.571
145.312,367.044,40.560,111.698
141.747,368.095,43.430,112.426
136.172,364.111,46.025,115.501
130.055,356.419,49.720,119.047
124.919,353.951,55.059,120.369
118.944,353.874,62.161,121.520
120.429,345.926,67.973,124.387
119.432,337.400,72.734,125.731
125.931,338.019,74.636,126.898
127.182,343.006,71.307,126.540
136.840,341.057,65.653,129.066
148.806,337.021,60.480,131.323
161.226,330.462,55.891,134.348
174.862,325.399,50.693,135.675
184.139,327.088,47.753,140.762
192.578,330.352,46.466,144.073
198.449,333.847,47.733,148.253
193.889,335.912,54.336,151.604
191.362,337.297,62.494,153.534
190.112,339.251,71.563,155.503
188.741,339.509,78.346,158.465
189.518,343.231,85.246,159.740
195.934,348.325,91.350,161.030
197.623,354.088,96.913,163.042
201.325,354.949,98.239,166.038
210.528,358.157,95.592,168.666
217.430,360.310,89.562,170.100
221.885,361.259,81.645,173.520
228.269,364.094,74.910,176.060
237.345,356.572,67.486,181.574
238.371,348.454,62.181,184.445
238.031,342.866,59.403,189.403
232.343,331.316,57.302,192.547
226.021,319.666,59.434,196.239
218.193,310.428,64.536,199.255
209.518,295.201,72.960,201.163
212.523,286.133,80.493,201.168
206.533,278.071,86.968,201.182
215.433,284.742,91.691,199.951
215.666,282.823,93.387,199.893
222.861,271.382,93.289,200.721
230.705,281.086,89.784,199.981
238.115,287.370,85.011,197.671
241.368,284.649,78.429,197.150
249.839,275.299,71.643,197.480
260.502,277.532,66.137,196.044
264.001,286.647,61.445,197.274
268.722,286.224,58.715,196.961
271.031,291.507,58.591,195.879
267.729,292.154,62.888,197.289
257.957,299.235,71.424,197.680
247.866,299.351,81.842,198.478
237.296,292.544,91.265,198.022
234.081,289.112,98.952,198.409
231.330,290.257,104.294,197.492
230.443,284.666,106.227,197.379
230.188,279.637,106.368,198.653
229.301,280.002,105.347,199.267
234.428,279.300,101.452,199.573
238.717,277.388,94.884,198.222
250.772,281.256,85.150,197.782
258.784,272.626,74.899,199.680
266.884,264.953,66.536,197.910
271.641,261.730,59.980,199.081
278.548,254.281,57.271,197.637
287.918,247.941,56.687,196.940
284.220,239.697,60.174,197.811
279.637,248.753,66.421,199.636
272.800,254.193,73.973,200.047
273.315,256.458,82.346,199.878
283.494,258.213,86.849,199.241
285.424,263.494,88.632,199.119
287.541,267.509,88.714,198.938
290.757,265.368,86.745,199.457
294.522,263.662,82.321,198.607
295.241,258.770,76.712,197.952
291.228,260.419,70.477,196.524
284.873,261.406,64.825,193.572
280.297,266.540,60.736,192.651
276.194,266.343,57.801,193.755
274.644,261.654,57.241,194.038
269.773,254.508,58.310,193.385
264.859,255.423,62.854,192.676
243.918,255.043,72.234,193.066
232.794,265.535,81.934,192.404
228.540,263.699,90.301,190.927
228.060,263.701,98.316,190.101
226.513,270.127,103.195,188.882
230.318,270.376,103.711,188.488
237.038,270.450,101.613,189.202
239.471,274.453,97.828,188.989
239.990,274.776,91.831,187.851
236.365,264.940,84.619,187.602
231.949,265.514,76.045,187.284
227.652,257.750,68.164,185.924
236.771,263.605,61.408,185.116
246.029,267.131,59.004,186.622
256.444,275.347,56.625,184.346
257.610,275.804,58.572,185.562
258.918,279.206,61.851,188.521
263.540,286.434,65.553,190.091
269.415,295.664,70.136,193.302
277.580,318.345,73.269,193.826
281.416,321.012,74.549,194.640
287.334,326.628,75.132,194.716
289.841,332.042,73.994,195.855
292.182,343.387,72.916,194.526
290.948,338.613,70.352,191.957
293.598,342.405,66.949,189.239
295.148,345.250,63.219,186.490
299.163,346.965,59.486,185.531
299.714,352.595,57.902,185.991
299.522,360.658,58.255,186.781
297.689,366.825,59.021,186.762
291.939,366.269,62.309,187.502
278.798,367.986,71.221,188.906
271.144,371.715,77.035,186.840
268.202,374.050,83.555,186.218
268.435,385.422,87.987,184.841
261.890,392.452,94.466,184.280
259.335,393.315,97.965,183.763
261.781,390.730,98.888,182.688
261.734,385.743,96.479,182.334
262.060,383.920,92.449,180.536
260.949,379.551,85.849,179.268
260.432,373.292,79.153,178.403
260.024,369.991,73.431,178.160
259.314,357.718,69.902,179.260
266.390,353.717,66.179,181.543
268.412,344.181,63.819,183.873
268.715,340.978,64.236,185.564
270.078,341.543,64.906,187.568
271.301,345.780,65.996,186.970
269.311,351.889,68.273,186.046
269.739,353.764,71.106,185.850
269.280,357.393,73.243,184.622
268.178,358.726,75.109,184.763
263.823,353.772,77.785,188.807
264.767,362.936,79.189,189.870
257.111,361.494,81.068,192.650
250.715,352.503,81.989,195.947
248.468,351.512,78.609,198.439
246.181,346.481,75.345,202.017
247.859,338.787,71.779,204.923
250.102,336.913,69.316,208.623
250.624,333.407,67.943,210.472
257.706,325.936,67.060,212.504
265.412,322.225,66.756,212.802
262.771,323.373,69.709,212.676
269.087,320.606,73.316,213.723
281.613,316.858,76.042,212.521
282.551,319.148,81.043,212.717
297.793,316.946,84.231,210.989
316.030,322.622,85.459,210.499
328.277,327.128,86.409,209.630
331.871,333.940,86.190,207.191
348.483,331.801,85.412,204.699
361.399,336.792,78.262,203.816
377.132,343.632,71.047,200.302
389.107,344.273,65.439,197.481
400.677,343.961,61.414,194.701
414.682,341.551,57.936,192.069
430.915,334.943,52.956,191.725
439.612,328.150,47.885,189.212
443.105,334.437,42.809,185.721
444.912,341.400,39.682,183.581
447.886,351.019,37.403,181.350
447.987,355.816,35.958,179.475
447.574,356.639,34.709,176.923
446.404,362.001,34.552,173.426
449.159,352.837,32.847,175.099
444.118,346.486,35.759,178.132
438.458,348.385,39.892,182.628
428.473,348.233,44.882,184.324
408.068,350.487,47.449,185.011
393.305,354.871,48.117,183.718
380.564,351.994,48.107,184.811
364.382,352.563,49.541,185.397
350.087,355.976,52.146,185.944
336.710,352.822,56.631,185.964
323.742,355.377,61.251,187.205
308.941,359.983,68.324,186.162
299.063,358.990,77.525,186.079
291.539,356.278,85.167,186.492
285.756,360.941,90.795,185.212
281.289,362.629,95.422,184.294
279.701,361.727,97.714,184.640
277.751,359.477,97.238,185.654
271.345,362.767,93.093,185.988
271.238,363.382,87.808,187.368
270.457,364.918,81.829,186.401
266.453,364.964,75.040,186.074
271.504,367.041,66.649,185.968
273.131,373.797,59.952,186.204
275.250,374.519,55.236,187.283
279.470,376.899,52.273,187.252
279.798,375.481,52.140,186.571
277.569,373.781,54.159,185.790
276.640,377.994,58.093,186.111
280.936,380.177,60.361,187.251
280.431,374.849,63.962,188.106
279.156,366.589,67.885,188.418
275.235,361.328,71.122,188.621
277.867,361.959,71.898,189.220
279.293,359.330,71.312,190.126
279.795,358.174,69.251,190.704
281.118,350.382,65.263,188.543
280.273,347.966,61.113,184.963
279.769,345.866,56.647,184.839
277.184,350.369,53.247,183.496
279.202,350.558,50.775,182.567
279.083,345.774,49.669,181.783
274.409,354.515,51.120,187.381
271.427,357.803,52.478,190.794
263.234,359.421,53.241,192.645
258.736,373.076,55.288,191.259
257.060,365.589,57.505,191.899
256.748,365.352,59.865,191.443
252.625,363.071,63.151,190.534
253.047,355.986,64.567,193.327
258.673,349.016,65.389,196.351
257.408,339.691,66.175,196.053
256.016,343.693,66.427,195.569
250.231,345.446,64.191,195.933
245.213,344.209,61.474,196.516
240.485,340.698,59.300,192.700
236.263,343.642,58.216,189.571
233.298,345.238,57.568,188.478
233.745,344.916,56.003,187.390
230.177,348.305,56.928,186.575
223.994,339.800,60.453,183.943
216.145,327.920,66.766,182.637
213.473,317.077,71.723,181.926
222.328,306.035,73.343,181.668
232.016,294.880,74.132,181.213
246.319,283.500,72.435,180.248
257.622,268.708,70.618,180.239
273.646,256.390,68.511,179.767
286.734,244.762,65.443,177.926
295.610,247.581,62.479,177.718
300.249,250.124,58.456,178.038
305.294,250.354,55.467,176.034
307.824,256.998,53.533,177.475
310.170,260.706,54.058,179.793
306.964,262.110,56.045,179.302
303.051,270.462,57.175,178.769
296.979,281.653,61.216,178.285
288.213,289.035,69.036,177.486
283.521,284.584,75.338,176.513
283.801,285.567,80.022,175.437
288.706,285.883,83.582,175.879
295.319,281.419,84.331,176.599
298.594,279.815,84.704,176.945
300.011,278.601,84.933,178.299
301.395,279.144,82.599,179.063
301.749,278.074,78.762,178.453
308.605,282.166,72.848,177.662
314.217,286.612,67.016,177.147
324.704,285.675,63.336,176.093
336.845,284.963,60.628,174.543
347.460,284.828,58.706,173.209
357.684,284.082,58.214,170.447
364.149,284.294,59.289,169.724
365.069,287.209,62.600,168.361
369.067,285.604,67.006,167.925
374.950,286.843,70.343,167.898
379.433,295.043,73.716,168.912
378.213,300.603,76.179,167.742
369.433,298.438,75.473,169.219
369.194,306.403,72.103,168.803
371.582,306.355,67.851,168.915
375.763,309.037,62.767,169.929
383.419,317.542,57.026,170.428
394.291,317.794,52.621,171.454
399.823,317.845,50.518,171.188
402.768,319.092,49.419,174.614
407.879,327.956,49.316,174.287
409.157,326.692,51.903,173.610
407.780,320.388,56.199,173.789
402.807,317.367,62.169,173.448
386.170,317.537,69.197,172.071
364.955,310.020,74.041,173.304
346.836,304.988,77.634,178.550
333.193,302.169,80.232,184.822
311.610,291.055,82.666,192.081
302.753,288.355,82.527,195.936
287.239,294.177,79.566,198.232
272.808,300.219,75.983,200.021
266.860,307.273,72.397,201.262
262.181,315.912,68.626,200.596
258.045,319.197,66.526,199.959
261.651,328.151,67.046,201.048
252.302,329.082,69.038,200.808
253.945,338.443,70.941,198.721
253.409,350.627,71.531,194.475
250.152,352.085,72.498,189.516
261.824,345.438,75.561,186.364
260.019,331.739,75.826,182.434
252.644,332.301,76.892,174.256
242.078,328.158,76.713,167.773
225.228,322.263,75.505,164.175
209.189,320.157,73.344,163.299
209.758,316.127,70.645,163.337
209.132,302.814,67.309,161.667
215.228,292.457,63.502,163.048
223.466,288.488,59.790,163.730
227.717,282.348,57.413,165.903
236.843,274.313,56.970,166.586
252.574,264.630,56.699,167.761
265.659,256.332,57.675,168.447
271.726,250.514,59.956,169.369
280.436,247.604,62.642,169.689
291.439,255.198,66.449,169.041
296.847,255.119,69.614,169.066
304.358,259.952,73.507,168.689
311.444,269.803,76.341,168.605
306.686,274.333,78.243,168.732
306.684,286.367,79.035,168.733
310.696,291.509,78.365,168.509
310.994,290.723,76.930,167.383
310.814,291.238,75.271,166.263
311.793,296.514,74.049,164.688
318.385,289.099,71.848,164.233
336.448,278.160,72.326,163.526
340.874,273.389,72.280,163.277
351.587,278.004,71.827,163.420
360.576,270.771,70.220,163.706
369.543,276.235,69.009,164.063
375.944,280.435,69.884,165.398
389.308,281.948,69.919,164.956
404.233,279.417,71.043,163.689
413.372,268.760,70.165,164.716
418.659,260.986,68.321,166.252
415.972,258.715,67.789,166.830
419.588,261.459,66.757,167.689
420.591,272.077,65.993,167.891
422.892,272.718,64.589,167.946
424.412,278.313,62.743,167.521
426.326,280.485,60.083,165.649
429.192,289.863,56.488,163.083
427.113,298.972,55.509,161.943
423.961,296.485,55.916,162.923
420.000,302.816,56.937,165.196
408.046,300.107,59.235,165.551
392.598,308.662,61.129,165.986
376.011,316.701,63.625,166.886
359.279,316.674,67.195,167.122
348.946,322.099,68.322,166.233
337.815,322.742,69.421,165.814
327.824,321.352,70.367,165.048
324.983,322.354,70.263,165.966
317.301,323.882,70.537,166.424
315.767,328.784,68.810,166.749
311.453,331.544,65.319,166.683
305.273,334.060,61.352,165.492
305.581,338.179,57.652,164.409
305.813,334.783,54.643,164.691
305.556,328.331,53.531,163.743
302.976,324.892,52.872,163.605
307.540,324.727,53.286,163.914
306.481,318.319,53.456,163.203
307.812,310.825,54.915,163.456
305.198,309.359,55.774,163.193
298.936,310.127,56.281,162.434
295.371,314.963,56.891,162.793
286.047,309.572,58.034,163.469
281.754,308.370,56.913,162.293
272.219,311.368,55.380,161.666
259.083,314.663,53.370,160.369
250.254,316.753,51.907,159.005
240.692,318.768,49.718,157.783
227.251,312.533,48.502,157.982
219.100,311.053,48.129,159.697
206.894,316.367,47.439,162.054
191.175,310.167,47.457,161.355
183.910,302.969,48.187,161.020
176.974,303.245,49.251,157.969
161.020,307.559,52.286,158.176
150.443,308.825,55.071,157.681
139.563,308.416,58.172,157.479
134.688,312.742,61.393,156.239
128.505,313.667,64.406,152.543
123.268,310.009,65.784,151.232
113.539,308.214,66.714,150.902
109.326,307.710,67.021,149.822
103.862,308.592,67.938,148.307
104.148,306.006,69.338,146.346
101.433,310.411,69.309,144.656
100.039,311.635,68.950,145.297
100.412,318.810,67.188,145.356
99.209,322.183,62.690,145.141
104.699,323.557,58.771,145.176
105.663,328.415,58.839,143.006
110.211,326.977,58.978,142.844
115.963,329.862,58.092,143.937
123.179,334.129,59.363,142.101
131.558,329.106,61.029,143.163
133.472,324.266,59.084,147.671
144.429,326.302,58.865,148.452
148.268,325.787,58.903,147.649
151.378,323.506,58.175,148.405
156.767,321.230,55.099,149.755
161.848,316.101,52.531,149.125
160.966,310.338,51.102,151.924
163.889,301.565,50.333,155.904
165.134,302.638,49.961,155.348
166.094,304.674,51.239,155.390
165.197,297.913,51.938,156.717
170.419,296.621,54.261,157.282
171.263,300.173,56.074,156.129
171.555,299.293,57.955,155.152
168.480,305.179,61.551,154.872
167.706,302.775,63.663,154.903
170.154,304.224,69.407,154.763
171.652,308.299,73.789,153.386
176.048,308.850,74.868,152.590
182.075,308.462,73.960,151.951
189.845,308.170,73.128,152.426
191.907,312.793,68.884,151.194
194.774,314.542,64.806,150.044
198.519,314.256,60.075,149.460
204.087,315.600,56.626,149.097
205.652,323.422,54.865,150.275
205.798,326.758,53.942,149.807
207.124,324.698,53.490,150.170
208.959,324.447,54.375,148.740
209.372,327.812,55.816,147.490
209.048,331.789,57.243,148.009
206.857,329.822,58.184,148.790
206.910,332.517,59.077,147.513
209.090,342.225,59.799,146.405
211.582,340.950,60.148,146.202
213.387,335.959,60.493,145.025
216.024,336.340,59.689,144.718
219.890,335.379,57.886,143.412
222.745,332.722,55.702,143.454
228.445,323.711,53.114,144.316
229.836,314.091,52.171,147.313
237.441,311.656,51.122,149.698
240.589,313.073,50.792,151.742
239.154,313.630,51.908,153.029
236.645,309.048,56.360,154.308
235.170,307.745,61.794,153.674
230.494,308.591,67.351,155.401
227.607,311.723,72.725,155.503
226.888,313.045,76.604,154.992
225.700,311.961,79.155,154.485
230.111,315.822,79.025,151.618
229.594,318.378,77.947,150.230
230.169,316.422,75.659,146.686
229.511,307.587,71.550,145.537
226.440,311.392,67.586,144.450
223.045,308.850,64.648,146.187
223.289,293.040,61.513,153.990
222.535,278.198,58.571,164.189
231.900,283.316,56.075,169.408
240.766,277.430,54.809,174.813
248.947,271.831,53.939,180.219
254.169,298.774,53.683,175.243
263.715,306.037,53.232,168.905
274.626,300.777,54.722,166.558
284.997,303.607,56.106,161.159
294.147,302.630,58.527,157.767
303.995,301.515,59.934,156.457
308.344,299.576,61.125,155.087
318.962,292.820,60.540,154.339
319.253,294.914,57.342,152.943
323.332,297.455,53.109,150.142
327.105,298.236,48.451,147.478
329.764,298.316,46.021,145.424
330.290,296.091,44.574,143.841
327.520,299.142,44.632,142.928
320.241,289.142,44.226,146.025
314.443,283.672,44.746,148.661
305.170,278.732,47.160,151.251
296.971,287.315,49.712,150.387
286.544,272.345,53.980,151.339
279.030,266.323,59.020,152.720
269.111,271.737,63.275,153.980
263.082,275.907,67.939,153.963
260.059,260.842,70.918,156.119
258.779,260.311,72.916,158.623
256.188,265.646,73.597,160.107
256.042,264.823,72.810,161.195
257.159,269.002,71.832,161.504
255.790,278.120,69.538,159.433
258.774,276.583,68.411,157.702
261.025,279.270,65.140,155.820
262.846,284.780,63.559,155.150
260.545,296.847,62.834,154.195
257.742,298.687,60.637,154.196
252.634,302.824,58.864,154.370
251.986,302.387,59.310,154.336
250.925,316.169,60.333,151.823
248.219,315.611,61.441,149.617
246.082,308.658,62.423,148.301
247.598,309.074,63.177,146.423
244.408,310.997,64.965,145.373
245.291,302.351,65.027,145.803
248.371,297.352,63.586,147.071
247.866,287.967,63.164,150.698
251.539,273.664,60.861,154.927
255.027,269.663,57.508,157.813
255.904,267.299,55.080,159.788
259.292,265.113,53.156,161.828
263.721,265.793,52.168,163.215
266.496,259.195,51.435,163.483
268.633,258.228,52.504,164.046
265.596,261.169,56.258,163.406
258.780,265.005,60.698,163.588
257.089,266.170,66.613,161.046
260.085,262.156,71.256,158.264
262.680,253.243,73.914,157.878
267.108,254.756,76.590,157.463
271.081,261.239,77.468,155.643
270.240,257.882,77.140,155.308
272.676,254.327,75.708,153.925
272.935,250.944,73.482,153.105
273.239,249.851,71.514,152.483
274.370,253.538,69.189,151.686
281.548,260.395,64.183,150.838
282.490,261.899,61.275,151.581
283.744,264.052,59.833,151.250
267.631,255.027,61.453,151.698
261.560,259.732,58.625,151.357
243.383,271.328,57.855,151.772
234.905,277.002,56.204,151.953
232.507,270.216,55.449,152.111
217.260,269.942,54.846,152.196
205.499,271.271,54.747,152.606
193.569,266.425,55.151,152.674
189.391,275.250,54.996,153.842
178.648,276.828,54.951,154.726
168.688,277.168,54.864,154.959
156.682,275.452,54.521,156.050
152.621,282.879,53.831,155.925
145.352,279.004,53.196,154.848
146.524,269.842,53.163,154.453
151.086,264.606,53.004,152.808
153.577,263.392,52.094,151.783
152.364,257.598,52.212,150.416
153.422,255.076,51.497,151.041
157.402,254.338,51.276,150.846
158.134,248.699,50.636,151.366
160.305,249.878,50.996,151.153
161.235,247.578,51.922,151.853
156.508,244.108,53.702,151.975
159.918,245.237,55.014,151.942
160.201,242.712,55.932,153.185
163.306,249.904,57.106,151.926
166.419,257.810,59.205,149.579
168.743,264.081,60.151,147.830
168.944,264.426,61.206,146.854
167.961,268.174,61.503,145.693
164.863,262.984,60.603,146.801
162.117,265.422,60.632,147.226
155.414,267.555,60.199,148.678
158.045,277.151,60.345,148.721
158.372,278.568,60.419,148.386
157.671,284.890,60.313,147.883
156.460,297.444,59.874,147.230
152.385,305.772,58.950,145.937
153.899,305.247,58.395,146.175
155.484,303.745,57.777,146.408
158.751,305.459,57.490,147.306
158.016,306.654,57.105,147.211
158.628,302.627,57.766,148.404
161.807,303.828,57.265,148.532
164.573,298.693,57.035,149.127
169.702,292.540,57.100,149.731
173.611,289.424,57.693,150.436
179.116,288.382,58.341,150.802
181.964,283.484,57.894,151.727
183.154,280.985,57.562,152.317
189.457,279.143,59.921,152.815
186.721,276.835,59.032,153.499
190.040,272.301,58.841,154.207
190.279,265.128,57.496,155.005
189.644,257.041,56.648,156.319
194.833,248.085,55.801,157.910
