692.000,439.000,24.000,79.000
689.024,438.590,25.334,78.474
684.607,437.341,27.191,78.962
679.201,436.945,30.193,78.914
673.404,436.960,33.330,79.305
669.185,436.655,35.556,79.390
666.496,436.553,36.808,79.385
664.103,435.383,37.073,78.755
662.548,435.074,36.269,78.234
660.789,434.308,34.326,77.022
659.953,433.588,31.941,76.009
658.602,432.525,29.699,74.923
656.136,432.370,28.016,73.112
654.346,434.151,26.926,72.440
651.610,432.342,27.088,72.632
647.481,430.152,28.548,73.824
640.662,428.363,32.132,75.930
631.315,426.356,37.072,78.037
630.076,425.668,39.631,78.506
627.632,425.221,41.104,78.366
626.280,425.276,41.278,77.785
625.039,426.853,40.508,76.953
623.624,427.759,38.239,75.323
622.058,426.798,35.407,73.760
621.433,426.092,32.375,73.279
620.191,426.708,29.712,71.829
617.423,426.433,27.950,71.836
615.580,425.316,26.702,72.061
612.812,425.181,26.709,71.831
607.895,423.414,28.770,72.226
601.821,422.963,32.232,72.772
598.691,422.760,33.969,73.289
596.390,422.573,34.784,73.564
594.138,422.434,35.211,73.738
592.262,421.082,33.986,73.020
591.283,420.651,32.417,72.471
590.970,419.745,30.260,71.698
589.955,418.658,28.250,71.309
588.463,418.249,26.955,69.872
586.543,418.283,26.056,69.778
583.888,417.907,26.049,69.745
580.901,416.787,26.858,70.284
576.649,415.577,28.932,71.024
570.835,414.943,31.782,71.846
564.753,415.593,35.067,71.756
564.078,415.404,35.912,71.276
563.350,414.579,35.618,71.327
562.084,414.676,34.337,70.707
560.130,414.323,32.592,70.080
558.688,413.166,30.504,69.863
557.771,412.272,28.346,69.746
555.647,411.310,25.697,69.481
554.743,411.067,25.059,69.438
551.988,410.676,24.046,69.320
548.684,409.990,24.611,69.642
545.426,409.634,26.521,69.992
541.430,409.933,28.619,69.839
538.675,409.930,29.801,69.624
535.665,409.783,30.848,69.598
533.976,408.528,31.150,68.908
532.153,408.931,30.550,69.491
530.954,407.682,28.599,68.627
529.780,406.344,26.948,68.367
528.278,405.562,25.127,67.555
526.495,404.970,23.730,67.808
524.287,404.578,23.143,67.553
522.120,404.169,23.145,67.621
519.863,403.358,23.953,67.796
514.728,402.057,26.573,68.295
509.167,402.664,29.848,68.541
504.761,402.284,33.208,68.755
504.415,402.008,34.417,68.199
504.017,401.893,34.189,67.850
502.689,402.318,33.151,67.521
500.977,401.464,31.595,66.861
499.192,400.999,29.502,66.374
497.625,399.849,27.616,66.472
495.490,398.651,25.622,66.397
494.359,398.974,24.040,66.551
493.149,398.562,22.504,66.537
491.125,398.306,22.921,66.681
489.029,397.875,23.335,67.202
486.706,398.677,24.010,66.644
484.463,397.823,24.460,66.732
482.994,397.361,24.531,65.321
479.785,399.995,25.891,65.584
477.004,397.234,26.306,65.072
474.089,394.181,24.717,64.711
472.664,393.891,22.572,64.838
471.570,393.239,20.871,65.060
470.057,392.984,19.853,64.745
468.563,393.287,19.688,64.601
466.563,392.535,19.777,64.286
464.840,392.742,20.473,64.135
462.048,391.677,22.619,64.503
457.947,391.445,25.339,64.266
453.287,391.856,28.028,63.969
451.358,391.916,30.113,63.576
451.211,391.569,30.342,63.178
449.649,391.489,30.150,62.906
447.605,391.528,29.177,62.212
446.385,390.306,27.395,61.839
445.419,389.180,25.426,61.822
444.088,388.853,23.786,62.162
442.779,388.173,22.387,62.444
441.547,387.977,21.855,62.851
439.787,387.618,21.306,62.502
436.986,387.401,22.097,62.009
433.797,387.195,23.236,61.743
431.961,387.114,24.318,61.622
429.783,386.947,24.895,61.907
428.093,386.361,24.637,61.880
426.824,385.201,24.085,62.443
425.845,385.184,23.411,62.524
424.355,384.527,22.648,61.813
423.158,384.593,21.624,61.283
421.865,383.540,20.919,60.856
420.054,383.441,20.361,61.086
418.448,382.699,20.542,60.916
415.773,382.412,21.200,60.882
413.275,381.070,22.854,61.909
409.678,380.848,24.917,62.158
406.310,381.540,26.671,61.707
404.969,381.483,27.706,61.270
403.802,381.570,28.198,61.023
401.841,381.356,28.526,60.588
400.226,381.392,27.883,59.762
398.828,380.750,26.595,59.013
397.861,379.997,24.871,58.891
396.352,379.264,23.088,59.220
394.946,378.473,21.846,59.369
393.546,378.281,20.805,60.061
392.211,377.672,20.326,60.200
390.147,377.236,20.720,59.951
387.222,377.362,21.685,59.464
384.362,377.420,22.874,59.704
383.426,377.976,23.485,59.447
381.416,377.708,23.802,59.043
380.066,376.872,23.541,59.384
378.457,376.243,23.554,59.622
377.363,375.772,22.610,59.297
376.188,375.058,21.618,58.527
374.865,375.230,20.706,57.987
373.469,375.255,20.445,57.846
371.820,375.712,19.935,57.546
369.787,375.380,20.050,57.427
367.747,374.248,20.667,58.262
364.423,373.302,22.478,58.961
360.632,372.865,24.733,59.430
358.996,372.596,26.327,59.187
357.973,373.265,26.782,58.293
356.808,373.395,26.846,58.068
355.609,373.457,26.399,57.475
354.024,373.225,25.713,56.658
352.874,372.919,24.130,56.180
351.530,371.678,22.515,56.012
350.479,371.535,20.793,55.573
349.056,371.629,19.868,55.349
347.433,371.087,19.172,55.641
346.025,371.265,19.356,55.406
343.082,371.000,20.566,55.203
340.632,370.609,21.663,55.223
339.351,370.651,22.294,55.164
337.748,370.937,22.480,55.051
336.366,370.303,22.249,55.157
334.991,370.115,21.666,54.852
333.849,369.034,20.829,54.543
333.241,368.904,20.038,54.207
332.015,369.184,19.167,53.616
330.947,368.698,18.507,53.121
329.450,369.298,18.030,52.575
328.179,369.809,17.799,52.078
326.591,368.558,17.885,52.292
324.252,368.335,19.459,52.509
321.146,367.393,20.647,52.710
318.437,368.214,21.880,52.720
318.681,368.982,22.678,52.316
317.285,368.545,23.253,51.980
315.004,368.545,23.714,51.219
313.354,368.548,23.577,50.677
312.616,369.317,23.176,49.918
310.161,367.703,21.647,49.675
309.049,366.084,20.461,49.887
307.736,365.656,19.194,50.354
306.340,365.371,18.555,50.636
305.176,365.506,18.228,50.288
302.850,364.550,18.758,50.569
300.903,364.924,19.329,50.536
298.919,365.205,20.099,50.370
297.461,363.954,20.694,50.229
296.037,365.056,21.005,49.781
294.810,363.465,20.809,49.566
293.486,362.677,20.110,49.950
292.245,361.120,19.582,50.304
290.795,361.620,18.789,49.977
289.755,361.014,18.155,49.617
288.773,361.539,17.598,49.358
287.402,361.563,17.431,49.028
285.714,361.166,17.664,48.969
283.733,361.585,18.504,48.721
280.554,361.062,19.997,48.942
277.500,361.792,21.820,49.145
276.786,361.104,23.052,48.817
275.898,361.312,23.631,48.679
274.101,360.590,24.263,48.088
272.264,360.392,24.288,47.969
270.731,361.411,23.601,47.355
268.780,359.363,22.123,47.550
267.708,358.313,20.442,48.272
266.510,358.132,19.205,48.237
265.157,357.716,18.638,48.707
264.121,356.882,18.001,48.944
262.734,357.024,18.135,48.923
260.828,357.194,18.387,48.943
259.721,356.939,18.769,49.215
257.898,356.169,19.202,48.867
256.034,356.310,19.591,48.794
254.474,355.542,19.751,49.063
252.336,354.996,19.384,47.858
251.439,354.668,18.879,47.111
250.070,353.513,18.200,45.159
248.549,353.122,17.403,43.384
247.480,353.327,16.744,41.706
245.731,355.957,16.586,41.877
244.577,355.662,16.782,43.323
242.419,355.358,17.695,43.979
239.175,354.818,19.042,44.219
236.906,354.306,20.387,44.585
235.790,354.215,20.946,44.501
234.395,354.129,21.440,44.191
232.874,355.023,21.379,43.587
231.565,355.407,21.263,43.371
230.278,354.508,20.531,43.468
227.963,353.852,19.881,43.733
226.965,352.777,18.817,44.237
225.531,352.663,18.098,44.981
224.460,351.952,17.548,45.840
223.083,350.628,17.387,46.474
221.153,350.104,17.705,46.816
219.556,350.328,18.035,46.495
217.846,350.016,18.637,46.533
216.050,350.338,19.113,46.532
214.887,349.698,19.356,46.666
213.129,349.126,19.668,46.480
212.077,349.405,19.049,46.529
211.243,348.609,18.307,46.403
209.640,348.386,17.398,46.055
208.802,347.816,16.909,46.192
207.950,348.106,16.555,45.705
206.882,347.966,16.276,45.916
205.748,348.348,16.463,45.938
203.438,348.472,17.027,46.640
200.584,348.242,18.370,47.328
199.959,348.944,19.285,47.508
198.833,348.003,19.721,47.651
197.970,349.354,20.227,47.349
195.730,349.039,20.337,46.710
194.682,348.894,20.046,46.246
192.852,348.386,19.414,46.335
191.472,348.359,18.756,46.507
190.032,346.802,17.977,46.810
189.039,346.131,17.512,47.357
188.032,345.651,17.227,47.311
186.893,345.846,17.128,47.047
185.092,344.628,16.778,45.966
184.026,346.042,17.199,45.273
182.789,347.162,17.798,44.761
181.738,345.873,18.444,44.479
178.744,344.894,18.111,43.739
178.017,344.648,17.692,43.126
177.334,344.516,17.072,42.478
176.045,344.517,16.455,42.512
175.080,343.488,16.274,43.073
173.794,342.196,16.035,43.775
172.814,342.523,15.812,43.375
171.048,340.842,15.847,44.857
169.651,341.452,16.194,45.247
167.871,340.876,17.009,45.649
165.164,341.653,18.226,45.929
163.302,341.820,19.640,45.664
162.862,341.692,20.203,45.462
161.915,342.162,20.958,44.970
160.034,342.139,21.238,44.462
158.258,341.782,20.836,43.939
156.920,342.811,20.048,43.438
155.887,342.428,18.938,42.839
154.685,341.517,17.924,42.846
153.371,341.039,17.126,42.982
152.420,341.329,16.367,42.685
151.527,341.382,15.948,42.622
150.163,340.894,16.062,42.641
147.591,341.150,16.947,42.372
146.064,341.288,17.740,42.302
144.731,341.282,18.502,42.444
143.627,341.314,18.798,42.465
143.040,340.979,18.360,42.482
142.120,339.455,17.914,43.176
141.055,340.019,17.101,42.835
139.912,339.844,16.592,42.543
138.721,339.440,15.976,42.224
137.598,337.639,15.443,43.457
136.549,338.182,15.171,43.398
135.260,337.363,15.166,43.729
134.355,336.866,15.615,44.367
132.413,336.293,16.395,45.116
129.419,336.444,18.030,45.080
128.425,336.919,19.112,44.811
127.772,336.413,19.492,44.709
126.723,336.906,19.861,44.527
125.082,337.000,19.997,44.129
124.329,336.799,19.607,43.832
122.833,336.516,19.055,43.612
121.788,336.440,18.267,43.219
120.857,336.318,17.352,42.829
120.235,335.753,16.504,42.604
119.542,336.057,15.968,42.314
118.829,335.841,15.646,42.191
117.710,336.155,15.567,41.962
116.686,336.524,15.532,41.572
114.971,336.563,16.000,41.295
113.808,336.361,16.420,41.487
113.119,337.211,16.264,40.888
111.738,335.709,16.154,41.007
111.183,335.270,15.669,41.089
110.548,334.544,15.296,41.157
109.547,332.962,15.066,41.388
108.697,332.917,14.824,41.536
107.950,332.446,14.400,41.801
107.045,331.115,14.493,42.725
106.180,331.675,14.531,42.945
104.925,331.602,14.873,42.926
103.545,331.625,15.676,42.681
102.181,331.086,16.431,42.754
100.951,331.296,17.074,42.658
100.220,331.041,17.575,42.821
99.132,331.249,17.810,42.898
97.879,330.913,17.996,42.851
95.750,330.648,17.985,42.278
94.818,329.641,17.736,42.479
93.922,329.589,17.162,42.532
93.018,329.167,16.767,42.623
92.319,328.717,16.121,42.907
91.525,328.157,15.783,43.321
90.628,328.294,15.635,43.151
89.769,328.682,15.593,42.762
88.777,329.057,15.638,42.552
88.036,329.564,15.582,42.081
87.489,329.615,15.463,41.972
86.576,328.241,15.501,42.567
85.960,327.621,15.395,42.922
85.175,327.840,14.967,42.461
84.157,327.177,14.649,42.244
83.192,326.963,14.448,41.514
82.248,326.905,14.166,41.658
81.394,326.609,14.198,41.881
80.774,327.055,14.222,42.068
79.924,326.755,14.170,41.885
79.001,326.660,14.255,41.648
77.672,325.937,14.801,42.021
76.773,327.256,15.292,41.540
76.012,326.884,15.484,41.371
75.357,326.479,15.675,41.157
74.401,326.425,15.621,41.206
72.681,325.523,15.503,41.590
71.734,325.539,15.312,41.082
70.728,326.173,15.226,40.428
69.571,325.550,15.162,40.381
68.778,326.204,14.752,39.887
68.004,325.543,14.477,40.150
67.408,325.328,14.277,40.013
66.760,325.911,14.119,39.579
65.751,325.460,14.176,39.798
64.777,326.036,14.447,39.455
63.658,326.296,14.651,39.076
62.963,326.351,14.850,38.860
62.513,326.369,14.722,38.784
61.736,325.620,14.670,38.882
60.639,325.822,14.577,38.493
59.737,324.980,14.341,38.353
58.732,323.606,14.104,38.397
58.007,324.146,13.933,38.575
57.149,322.682,13.723,39.082
56.313,322.032,13.910,39.739
55.479,321.911,14.035,40.237
54.445,321.953,14.267,40.620
53.229,322.447,14.874,40.247
52.343,322.910,15.363,40.009
51.542,321.970,15.770,39.989
50.717,321.537,15.652,40.159
49.691,322.066,15.965,40.259
48.816,321.614,15.950,39.828
47.988,321.367,15.864,39.767
46.592,320.944,15.615,39.745
45.742,320.628,15.096,39.588
44.970,320.637,14.631,39.075
44.338,320.811,14.345,38.725
43.500,320.682,14.059,38.815
43.018,320.812,13.820,38.619
42.451,321.680,13.710,37.952
41.329,321.072,14.168,38.050
40.644,321.090,14.198,38.100
40.148,321.391,14.190,37.955
39.592,321.422,14.095,37.730
38.923,320.926,13.795,37.500
37.896,320.092,13.418,37.509
36.995,318.974,13.407,37.777
36.242,319.016,13.137,37.799
35.621,318.948,13.115,37.863
34.675,318.385,13.247,37.722
34.202,318.430,13.387,38.083
33.494,318.704,13.652,37.999
32.392,318.220,14.074,38.180
