2.88900208
0.01508093
0.01459599
0.01443934
0.01457834
0.01453757
0.01460314
0.01445079
0.01443434
0.01450181
0.01452017
0.01474357
0.01454234
0.01477170
0.01440978
0.01450586
0.01442218
0.01441264
0.01444888
0.01449609
0.01443124
0.01456928
0.01463938
0.01455283
0.01469421
0.01472402
0.01451325
0.01449728
0.01461458
0.01454687
0.01454067
0.01461911
0.01457691
0.01454115
0.01447463
0.01440310
0.01448941
0.01440024
0.01478362
0.01518250
0.01467490
0.01471853
0.01464629
0.01454878
0.01459336
0.01447392
0.01448274
0.01453042
0.01454568
0.01466250
0.01453209
0.01452446
0.01447034
0.01445794
0.01451278
0.01450491
0.01447439
0.01459908
0.01452279
0.01451588
0.01460218
0.01454401
0.01455808
0.01457691
0.01490784
0.01483965
0.01471996
0.01461768
0.01484847
0.01480985
0.01488781
0.01482487
0.01473141
0.01461458
0.01477218
0.01483655
0.01487851
0.01486802
0.01453590
0.01451731
0.01462817
0.01454687
0.01472282
0.01488590
0.01460600
0.01463246
0.01461363
0.01485562
0.01490688
0.01460242
0.01466966
0.01459026
0.01483631
0.01483965
0.01483512
0.01472688
0.01492071
0.01477432
0.01494789
0.01492572
0.01474190
0.01473236
0.01486921
0.01490045
0.01464891
0.01608777
0.01482129
0.01479936
0.01498246
0.01482534
0.01477003
0.01473737
0.01483893
0.01463151
0.01481414
0.01477575
0.01465344
0.01465821
0.01472163
0.01477194
0.01483130
0.01483536
0.01475239
0.01483297
0.01492310
0.01484847
0.01493979
0.01490355
0.01486063
0.01486468
0.01472545
0.01473236
0.01475763
0.01480818
0.01473165
0.01476955
0.01489663
0.01482010
0.01485658
0.01463938
0.01460600
0.01473069
0.01475620
0.01480174
0.01475930
0.01482749
0.01517582
0.01504517
0.01494431
0.01496387
0.01498508
0.01501894
0.01499367
0.01515579
0.01519108
0.01500225
0.01499581
0.01503634
0.01492119
0.01492500
0.01512790
0.01504588
0.01507235
0.01519513
0.01524162
0.01496339
0.01490211
0.01488662
0.01514816
0.01528025
0.01512623
0.01519775
0.01520514
0.01518774
0.01524162
0.01507354
0.01507688
0.01507258
0.01519513
0.01512742
0.01514482
0.01516652
0.01517010
0.01516557
0.01518583
0.01515937
0.01547384
0.01536870
0.01518655
0.01510620
0.01528049
0.01527214
0.01525187
0.01525593
0.01533365
0.01543570
0.01552463
0.01650572
0.01565552
0.01578450
0.01592588
0.01566029
0.01581860
0.01562309
0.01556492
0.01543069
0.01527166
0.01514316
0.01520944
0.01521039
0.01513886
0.01525402
0.01524472
0.01545119
0.01563954
0.01570868
0.01569605
0.01552081
0.01559234
0.01561141
0.01573586
0.01564789
0.01564431
0.01557422
0.01575041
0.01556277
0.01558018
0.01556849
0.01557541
0.01563382
0.01563096
0.01566100
0.01568484
0.01565814
0.01572752
0.01566243
0.01581597
0.01585841
0.01580477
0.01580739
0.01579452
0.01595259
0.01601028
0.01593232
0.01600385
0.01604390
0.01625180
0.01605797
0.01607203
0.01600313
0.01672268
0.01646137
0.01616144
0.01629162
0.01613116
0.01613641
0.01604366
0.01594281
0.01592422
0.01593542
0.01594901
0.01594782
0.01595068
0.01594090
0.01594090
0.01606679
0.01596236
0.01616263
0.01624060
0.01615095
0.01601720
0.01598954
0.01573491
0.01574183
0.01585531
0.01584697
0.01564121
0.01565409
0.01563501
0.01561689
0.01547837
0.01554275
0.01547098
0.01544046
0.01545930
0.01573300
0.01571918
0.01543665
0.01537514
0.01520324
0.01513076
0.01513577
0.01519275
0.01514602
0.01534581
0.01524091
0.01530600
0.01519680
0.01530218
0.01544976
0.01543450
0.01521587
0.01526952
0.01528168
0.01515222
0.01513243
0.01524711
0.01516652
0.01521134
0.01520348
0.01513362
0.01546526
0.01533556
0.01536798
0.01545668
0.01543808
0.01542497
0.01560760
0.01579928
0.01545119
0.01562071
0.01547408
0.01542759
0.01544619
0.01554704
0.01567602
0.01587772
0.01566839
0.01557899
0.01558924
0.01557827
0.01558661
0.01556516
0.01559281
0.01567769
0.01559949
0.01567936
0.01561141
0.01563907
0.01550341
0.01549983
0.01561809
0.01568055
0.01546288
0.01540732
0.01543999
0.01548791
0.01520395
0.01514173
0.01515031
0.01515269
0.01517344
0.01511598
0.01534224
0.01534557
0.01554513
0.01514935
0.01511312
0.01515889
0.01551223
0.01538587
0.01518893
0.01515698
0.01514435
0.01512289
0.01512384
0.01510191
0.01528764
0.01536345
0.01536846
0.01512432
0.01516438
0.01527905
0.01841235
0.01545453
0.01522160
0.01511049
0.01518989
0.01516700
0.01515460
0.01515937
0.01511383
0.01512837
0.01510477
0.01513076
0.01519942
0.01516747
0.01548553
0.01534390
0.01532769
0.01535130
0.01549888
0.01543927
0.01540327
0.01532269
0.01527882
0.01540852
0.01536083
0.01543331
0.01544857
0.01531792
0.01517463
0.01515794
0.01513648
0.01521969
0.01532555
0.01516771
0.01509380
0.01500821
0.01488161
0.01483870
0.01489186
