1
111.8275,49.3250,112.6219,94.1447
104.1761,45.7948,117.6197,87.8476
100.1708,39.2282,120.9452,85.0265
97.6679,33.5424,122.7034,86.2407
96.6439,25.3623,122.0866,87.6144
99.9088,20.0458,121.5622,90.2669
104.5883,14.2454,120.7752,92.8280
111.4222,11.8058,121.0940,94.6020
116.6565,9.4163,119.7556,96.8973
123.3913,8.2248,116.9110,98.6745
131.6994,10.8116,114.8976,102.0204
140.6870,11.8845,112.8744,103.6486
148.8138,15.2509,111.4565,104.7782
157.8789,21.3281,110.2702,104.1030
166.9566,26.2342,109.1538,104.9660
176.0457,28.6717,107.5686,100.3915
179.8748,40.6585,106.0554,101.0846
186.2249,40.2718,105.1420,95.5771
194.3508,47.8080,106.1861,88.6334
195.2166,55.5294,103.4754,83.9657
194.3264,64.0311,99.5587,81.2530
195.8050,69.0629,96.7084,79.6117
198.0014,75.3557,96.5140,76.8449
198.1065,82.7562,96.1257,77.2033
196.1460,93.6364,96.2212,78.8231
189.9681,98.7057,92.7181,80.3950
194.1644,97.8978,97.6404,81.9496
186.8940,100.5993,95.9308,81.3804
182.4236,105.3111,93.2253,82.8464
181.3256,115.1933,89.6328,84.5369
181.5817,115.6468,87.3257,82.4152
182.0894,113.4716,85.5254,82.7071
187.2939,116.4884,81.6219,87.8878
185.5954,119.0350,78.9368,91.6857
189.5263,116.0363,74.3180,96.1538
187.4745,122.4318,73.4562,95.7238
187.3387,123.6123,73.0479,94.7299
190.4355,124.7993,73.1376,94.0688
187.4598,127.5791,73.7068,91.8149
185.3176,135.0335,73.5043,90.7676
185.2142,131.7465,72.5757,86.3553
186.1425,131.9282,71.8250,82.1591
187.5054,132.5019,71.6874,79.1546
187.0662,137.4605,71.3169,78.4209
187.4117,138.5544,70.7140,77.1432
188.9688,142.8129,70.3104,75.1381
190.5011,152.8254,69.8163,73.1275
192.4672,163.5608,69.2461,72.8523
197.2557,174.4402,70.7144,73.6621
198.8265,180.1098,71.9584,73.6623
201.9091,188.9534,73.6736,74.0876
209.3610,191.9229,78.6257,76.3094
211.1237,196.8803,79.9645,76.9264
219.5253,200.2816,84.6243,79.3337
222.6853,205.5627,87.6480,80.6972
227.4234,209.3766,89.7648,82.3226
230.7035,217.7939,90.1314,82.8199
235.6396,222.6749,90.4550,82.9495
244.7773,225.8236,89.9693,84.0976
251.2146,222.6204,89.8705,87.0434
261.1980,221.5744,89.6101,90.3275
271.2089,221.2320,88.5378,91.4894
280.7974,220.7295,85.4570,89.2675
291.4330,213.5552,83.4250,86.8738
298.8666,204.3239,82.9624,83.4809
306.9778,193.8218,84.1275,80.4765
311.2625,182.7906,86.9230,77.6536
314.4761,168.2820,92.0999,74.3061
322.2098,144.5744,96.6200,75.9138
328.7884,129.7931,93.8731,77.7784
332.6007,113.0380,92.1161,80.9522
354.3321,91.9733,87.6405,85.5657
355.5316,65.0237,86.5417,87.0562
358.1965,56.3574,87.5885,88.8429
358.2004,43.7581,88.5426,89.7506
359.9382,47.4599,91.2928,88.7260
365.0566,25.2001,91.6115,91.5804
384.9494,8.9928,89.0640,94.9912
404.8918,0.0838,94.1611,95.5327
407.8163,-7.5839,104.5954,90.6562
403.1691,-4.5444,115.1993,84.0194
394.3365,-4.0085,119.3584,79.4717
387.1809,-2.8302,121.2137,75.8052
374.0516,-2.9431,125.5853,73.5207
364.9250,-2.5549,126.4299,71.8143
355.1836,-0.9692,127.7017,72.2544
342.4485,2.7559,128.4150,73.9985
330.3390,4.4272,128.2269,75.4755
319.8122,7.8387,127.2673,79.1243
308.1397,12.0707,125.7815,84.2510
296.5213,15.8762,123.9456,87.8177
281.4940,21.2424,123.0583,91.6078
265.4664,27.8549,120.6504,94.2191
254.0375,31.0841,118.2110,95.2058
246.0260,38.5683,116.6730,98.2167
238.8333,42.1535,116.2412,100.6451
233.1620,41.6825,116.6859,102.3745
225.6718,40.6150,117.9163,103.3391
221.9128,41.2864,119.5956,104.0106
217.1312,41.1384,121.9474,103.2500
211.7254,40.8656,124.2060,103.1839
206.7431,39.9131,124.7239,102.4017
202.2962,39.5440,125.3597,102.1946
199.6576,37.4902,124.2503,98.9853
195.1334,37.9532,123.7093,97.2676
189.4933,37.7904,122.5885,95.2700
181.8364,39.1730,121.9633,95.0101
173.4396,43.1753,122.4337,95.8124
164.2985,43.9202,123.0652,92.8187
151.6748,48.5958,124.4425,90.1119
140.4604,53.9603,127.2276,86.1462
128.8532,59.5423,130.6137,82.2159
114.2594,66.2477,132.4654,81.2600
88.8640,77.1878,138.5979,82.7325
108.4154,98.0057,133.3371,86.3114
91.2881,100.0522,131.7321,91.2733
77.6650,95.9933,130.5084,97.6449
67.6774,102.7026,130.3028,100.0335
60.7929,114.6600,128.4091,98.8620
57.4115,115.7725,125.4184,99.8024
59.0482,132.0846,119.6927,101.8965
62.2589,137.0279,113.9172,106.3271
59.6372,146.2793,111.2676,107.6437
59.8777,148.9427,108.7491,107.2399
66.2093,143.5392,103.6539,104.2144
71.2916,128.8061,100.2884,105.1108
74.6147,119.5989,98.7113,103.4195
83.5304,109.1913,96.5623,102.7174
88.1690,101.1201,96.3805,100.3904
98.1279,90.2582,97.1117,98.5115
108.5134,77.8118,96.9578,96.8057
113.9066,70.9819,98.5757,94.8059
124.2273,66.2247,97.5633,94.9158
133.7376,56.1667,97.0193,97.8407
144.1339,52.4473,96.4865,99.2697
152.4037,47.2303,97.0330,101.9336
156.6325,39.2952,98.0659,102.6777
153.6920,20.8561,97.9629,97.2355
151.0738,20.0145,97.5982,92.2784
2
0
0
0
0
1
217.3790,150.5108,43.4833,50.6903
216.6936,151.9551,41.4263,55.0882
217.7761,155.2595,40.9989,57.8044
219.6169,161.2923,40.9674,58.3725
219.5557,164.7965,42.3177,59.6824
221.4491,170.7842,43.0093,59.9585
220.5080,175.8717,44.3648,59.7687
220.7518,177.4771,44.6174,59.6497
220.0492,179.5464,44.3151,59.9893
220.6546,181.1997,44.7108,60.6287
222.5185,183.4739,45.0402,60.6694
225.5294,186.2230,45.9673,60.9002
229.5009,188.6684,47.4468,60.5934
231.2024,187.8405,47.8163,60.3546
231.2297,187.2982,48.3975,60.2479
228.8588,185.6270,50.0941,59.1656
229.1347,184.8214,51.9660,58.5668
231.3728,185.0595,53.8507,57.0134
