1
292.9390,149.3948,48.5007,147.9170
292.7549,149.7991,51.5630,150.6061
293.3506,149.6285,52.6015,150.6882
294.0184,148.5628,52.4565,152.0123
294.5451,147.9413,52.2135,152.8281
294.9037,147.7034,51.8554,152.5234
295.2288,147.9527,50.9431,151.7314
295.8401,148.6675,50.8188,151.3355
296.0616,149.2028,51.0072,151.7800
294.6441,147.3263,49.7087,151.3835
293.4178,148.1928,48.9476,151.2818
291.6914,148.0805,48.6701,151.6933
289.9089,148.1197,48.0361,151.1888
287.3025,148.6393,47.3346,149.9006
284.8829,150.1351,47.1751,149.1270
282.3943,149.7972,47.6239,148.0452
279.8854,150.2309,48.2319,148.6758
278.9476,150.8390,48.3129,148.6698
276.5512,151.5826,48.2668,148.1065
274.6360,151.5802,48.7905,147.6702
272.2869,155.3181,49.7431,144.8309
270.2182,152.7878,51.7577,145.0312
269.0253,156.2706,52.2499,143.0053
268.5981,158.2105,52.4611,140.4847
268.4390,157.3961,52.8689,141.8355
268.1747,158.5771,52.4634,142.5802
266.7981,159.7026,52.7560,141.3860
266.2332,160.6806,52.2435,140.0971
266.2379,162.8324,51.5849,139.4128
265.6737,163.7403,49.9251,139.3320
265.0443,164.3236,48.6230,139.2262
264.2337,164.1039,48.1529,138.3220
263.1433,165.3187,47.9842,137.9466
261.1893,165.7085,47.5374,138.4678
259.9803,166.0627,47.7887,137.9261
258.2341,166.6545,48.3051,136.6049
256.5233,166.9619,48.7078,135.2384
255.2593,169.2646,49.3367,133.4805
251.6415,167.3462,48.3060,133.8276
250.2840,171.6174,47.3217,133.4106
249.8566,170.4826,46.8166,131.9211
250.1550,170.8321,46.3185,130.4833
249.3824,169.8352,46.6156,132.9380
251.9318,166.1562,45.6894,134.6296
251.7018,169.6998,46.2671,134.8815
254.1909,168.7418,45.5743,135.6326
255.4229,169.6597,45.2211,136.0267
254.9066,167.9051,45.6882,137.3200
255.8763,169.3369,45.3985,136.3954
254.2281,169.7442,45.0399,134.1027
252.2944,166.7371,45.8085,135.7488
251.6894,161.0106,45.3288,138.6280
246.8442,158.9441,46.4312,140.4586
250.7986,161.6172,45.9736,140.9495
248.9885,153.6848,45.8395,142.0022
245.8633,161.5286,46.4905,142.5280
245.8705,157.4096,47.3658,142.0796
247.1401,153.6374,48.1458,143.0818
236.8902,155.0413,50.4935,145.5643
240.3754,149.7654,52.3734,146.5301
238.1319,150.2056,54.6419,146.7282
239.0856,145.2179,55.3222,147.4052
238.1748,150.3503,55.8161,147.3776
240.3936,143.0595,57.6281,147.4817
238.5372,144.4206,58.0470,148.5653
239.6568,141.8065,57.2583,146.9478
239.0190,144.5529,57.8063,145.5116
242.1099,143.2069,55.6879,144.2139
241.9482,147.0540,54.3886,142.0280
246.8632,145.9676,52.5110,140.8210
246.0094,149.8958,50.3653,140.3589
249.5498,148.5585,48.4268,138.7124
249.6216,150.0618,47.4896,137.2197
250.9082,149.8017,46.8377,134.9470
249.5883,150.6639,46.7849,132.9707
247.9353,150.4833,47.1449,135.1442
248.7794,147.9761,47.8600,136.3008
250.5220,147.4210,45.9601,137.7262
251.4424,145.9174,45.2910,138.8765
247.9317,146.0485,46.4683,141.3335
249.5383,144.4252,47.0285,143.1474
251.9931,147.3177,46.1279,143.4485
253.4937,148.0479,45.8202,142.6676
249.7773,144.9334,47.1009,143.0839
246.7796,144.7013,49.5469,143.5476
250.4369,141.2866,49.8293,143.2157
248.1649,144.3911,51.1417,142.2090
244.7978,142.1440,53.6509,141.2140
244.0458,143.5970,55.9920,142.4790
245.0742,142.8624,57.2398,142.3010
243.1154,140.7933,59.1076,142.0534
241.4907,140.3669,61.0488,142.4896
241.4904,140.2913,62.5763,142.9106
242.7237,140.5793,63.4492,143.8028
244.9702,139.0541,63.0786,145.0794
243.8769,137.0654,63.6046,145.4872
244.4871,135.8336,63.9492,144.7174
248.8736,137.7620,63.4515,143.5451
252.7318,136.3359,62.3653,142.0887
252.8723,139.6677,61.8507,141.8488
258.2136,139.4452,60.7538,139.9949
263.1582,140.7825,58.8192,138.3233
265.6024,143.3367,57.5973,137.6909
269.7488,143.6151,56.2796,137.6778
260.8803,170.0142,56.6480,138.2445
248.4229,214.1957,58.9130,135.9996
224.6667,217.9212,64.2121,133.9255
217.5970,229.6187,70.6005,131.3425
225.5160,230.3686,76.6936,129.0746
228.6915,226.3054,83.5497,127.1141
231.8527,230.9897,90.0412,124.9769
236.9238,225.9773,95.7173,123.7896
240.7501,226.1536,101.1581,123.2104
246.4880,224.9675,106.3535,122.9711
246.9549,223.4451,110.6073,123.2001
253.7867,223.8090,114.9105,123.1686
263.1003,224.7188,119.0802,123.1013
268.8542,219.3639,122.5492,124.0788
274.3879,211.2552,125.6267,126.3757
278.5771,210.7874,127.6864,127.8952
282.3527,211.1508,129.5801,129.4533
289.6074,215.8451,132.2088,130.0464
296.6418,218.1693,134.6613,130.0040
299.1772,223.0116,137.2031,129.3648
303.9429,223.3003,139.5276,129.0150
308.7626,219.8753,141.0298,128.8844
311.2441,225.2719,142.9819,127.9165
314.0413,222.5002,144.4926,127.6399
321.3287,211.6313,145.7066,129.2619
324.1895,203.3929,145.4178,131.3749
331.4927,195.2873,144.8311,134.3480
326.8577,200.2719,145.2554,135.9224
2
0
0
0
0
1
273.3722,151.0916,45.1529,154.1998
271.3306,151.5982,48.2203,154.0133
269.8957,152.3086,49.1102,152.2661
269.4670,150.3997,50.7374,153.6868
268.5606,148.9320,52.1239,154.7387
268.3359,148.8824,51.9021,155.6093
269.6324,146.6055,52.5064,155.0162
269.3670,148.8431,51.9970,154.3941
270.8575,146.2129,51.6952,153.2337
271.1977,148.3281,50.9991,153.7993
271.7711,148.5809,51.8786,154.1957
272.7573,150.3708,52.8657,153.7129
273.4466,149.6863,52.9898,151.2388
274.2642,151.1659,53.1635,149.9819
275.6674,151.0642,53.4147,151.6402
277.1546,149.0522,53.7832,153.8383
278.4067,149.5991,54.0262,154.0342
278.3569,150.0730,54.8931,155.6566
277.1321,150.9211,54.4521,154.1645
276.8268,151.2374,54.5734,155.4321
276.7559,149.7801,55.6208,157.5197
273.3206,153.1029,54.6982,156.0506
272.8822,154.2801,55.5982,156.7399
271.2273,152.7053,56.0134,156.2957
269.8770,155.7596,57.5974,157.3582
269.7265,155.0948,57.9678,158.2349
271.5774,155.3985,60.2411,160.2951
269.7638,157.1594,62.6272,161.3911
268.2043,157.0633,65.6039,161.3928
267.9305,156.4198,73.0738,161.8211
267.6490,156.9207,80.3945,161.7829
267.3754,157.9570,86.5745,160.6080
265.5253,159.4808,90.9095,159.9593
263.4724,160.4556,92.9517,160.3096
263.3467,159.7475,94.3480,160.9733
264.0258,158.4926,92.9710,161.8268
266.3489,158.6425,90.1620,161.9259
266.7207,158.6567,86.3147,161.4785
268.6836,160.3263,83.6232,160.2775
269.9398,160.6410,80.5753,159.4272
268.7924,161.6902,78.1601,157.2477
272.1786,157.7557,73.7190,157.4961
274.4017,161.4616,71.5591,157.6482
277.4947,159.8970,68.8795,157.4205
279.6904,159.8045,66.3867,155.6260
285.1901,158.5620,62.7027,157.2247
285.5031,160.0924,59.1209,156.1591
287.0611,159.6150,56.1334,156.8233
288.4507,161.0995,54.9594,156.6296
288.2007,157.8593,52.2449,156.8385
291.2730,162.0719,50.7647,155.6286
292.8311,160.4857,51.3689,155.5734
293.3598,162.3027,53.0086,155.9280
291.4910,165.4772,54.2591,152.6772
291.6122,165.1394,56.7265,152.3997
290.9705,164.8560,58.9077,153.1815
286.6331,166.0023,59.9196,154.6393
285.7723,166.0505,63.2676,156.1002
282.9048,164.6357,64.9643,156.8586
281.8342,165.4679,66.2359,156.1661
280.9862,162.9544,69.8117,157.6338
279.6827,159.1405,72.0951,159.9173
278.1133,158.4576,74.6297,161.9322
280.5744,156.1714,78.6368,163.8508
281.8857,150.7570,82.8370,165.7091
283.0118,144.7470,87.1858,171.6359
283.6870,141.6744,89.2015,176.5822
286.4417,139.8803,89.4649,179.0674
287.6186,137.5664,87.8612,182.6661
289.5713,138.3390,88.8085,185.2846
289.8072,136.0479,86.2358,185.3123
291.4908,136.2012,83.8895,182.9132
298.0448,139.5964,82.9656,179.9581
300.3263,148.3355,85.3101,180.0741
300.3881,145.1115,86.7689,177.5302
300.7487,147.5400,86.4589,175.8641
293.1285,142.3573,88.6735,175.2949
291.8874,148.1572,90.6387,172.2113
290.7173,145.7753,91.2929,169.6540
276.7594,140.9798,92.0192,168.3639
280.2519,142.6796,93.8729,167.8246
284.2310,149.5843,94.2612,166.5366
294.0201,157.4619,93.2750,163.9655
296.5271,159.7496,91.6995,159.9072
296.2029,157.3674,87.4962,156.8826
297.1004,158.6124,85.2780,155.5983
296.7566,160.8676,83.8701,152.9176
295.8488,165.7881,83.8967,150.2826
298.3717,165.0153,82.6045,149.4578
299.8171,164.3230,81.5318,148.4368
302.4839,163.8019,79.6892,149.8786
303.0534,161.9797,77.7319,151.8315
305.2083,161.8543,74.7780,152.6099
306.4765,158.6654,72.2243,153.8527
312.8519,163.2255,72.1503,156.2207
313.5185,159.1123,70.2638,157.3398
316.4606,159.3055,69.9409,157.8418
319.5753,162.4420,69.9259,161.0144
321.6158,159.4850,70.0070,159.7674
323.9248,161.4536,70.6545,159.6772
325.9675,163.1269,70.8826,157.7955
327.5625,164.8149,71.1999,155.8322
329.3557,166.3123,71.7107,156.4242
331.1792,167.6218,72.0132,156.3628
333.2055,167.8003,72.1421,155.8285
333.4226,168.4815,73.1334,157.1225
334.8415,164.9252,73.8637,157.7905
336.0041,165.8535,73.1111,154.5288
338.8533,167.2472,72.9263,152.6252
338.8948,167.5825,73.0068,151.2446
338.8102,168.1012,73.8198,152.1787
340.2419,168.0400,74.4665,154.3896
341.0295,167.3023,74.3694,159.4838
343.1041,162.6011,74.5396,163.4929
345.0946,164.0425,74.7441,165.6263
347.0246,162.0207,75.2725,167.5845
350.0507,161.0077,76.0740,170.4739
352.9998,161.5125,75.8517,170.4482
356.4634,160.7144,74.9671,169.3791
358.4716,161.2721,75.3342,169.8047
361.6176,159.4893,74.6115,168.5882
365.8180,160.7603,74.5709,168.7393
369.2221,159.2649,74.2652,170.1956
372.3939,159.9948,73.7237,170.4270
375.6269,159.4162,73.4274,170.4230
378.8943,159.5534,72.0449,170.4877
381.3268,161.4411,71.2939,169.7811
381.4929,159.4144,69.2159,167.6670
384.9535,162.6348,68.9142,167.8495
386.6269,163.0623,69.1599,165.1624
386.3545,164.9814,70.2790,163.8912
387.3382,167.4387,74.8110,166.8008
384.2884,166.0771,78.4777,166.2549
385.1501,172.7438,83.3529,168.1934
384.5442,172.6840,86.6473,167.1089
386.4650,170.7780,89.0054,168.3080
387.0936,171.1455,93.5152,167.7416
387.2498,171.5303,97.7888,167.1514
386.4206,170.7642,101.7593,167.6981
387.0859,172.3434,104.7990,167.5197
389.2262,172.3984,107.4538,168.2081
390.4135,168.9705,108.7114,169.6384
394.8468,169.4959,106.7051,170.4908
400.3741,165.2125,103.5982,173.8924
406.6885,166.0409,97.3900,174.9101
411.4664,162.8563,91.6252,175.1763
414.7538,160.5639,87.7685,174.3083
418.2522,159.6319,82.5100,171.6314
422.0117,160.9096,80.5665,169.7817
424.0205,160.9597,78.5868,169.5380
424.3149,161.1228,76.4153,171.9779
423.1867,158.0499,74.2164,173.4145
423.5623,157.5778,73.7334,175.2970
422.6832,158.0247,73.3280,176.6358
421.5520,156.1599,72.5829,176.7563
419.6642,157.6983,71.2660,178.2264
418.4849,157.7001,71.6026,179.4253
415.9476,158.6284,72.2428,180.3978
413.3663,157.6058,73.7766,182.7820
410.4089,156.3273,73.0407,184.0675
407.5054,157.3520,71.9376,183.7413
404.6669,157.2211,72.3010,183.3097
402.2162,157.2163,72.7938,183.1445
399.8224,157.7825,72.2855,181.1342
397.2272,156.5872,72.2776,178.4243
394.5201,158.1009,71.6487,177.1979
392.3004,157.3034,71.2963,176.0594
390.1208,156.6529,71.6947,176.2888
388.2457,156.4775,71.9877,177.5266
387.4880,154.8783,72.6078,178.0461
386.8971,156.3970,72.8310,178.5489
386.6655,157.9703,72.4328,178.7402
387.4727,155.5088,72.4619,179.6958
387.7631,155.8912,72.5041,179.8560
387.2739,154.6360,71.5466,179.4101
388.3783,153.9993,71.2450,178.0884
388.1557,152.9579,70.9516,178.9559
388.8965,153.4942,70.4840,179.3900
389.4171,153.0887,69.8720,178.9519
390.5773,154.0577,69.9776,177.6959
390.7389,151.8668,70.5952,177.8664
390.3858,151.7152,70.4359,177.8300
390.6564,152.2162,69.7112,176.6130
390.6527,151.1872,69.0393,177.1866
391.6117,149.9574,67.8325,179.3631
391.6413,149.3171,67.3505,178.8375
391.9736,149.8534,67.5368,178.8444
392.2342,150.6869,66.3675,175.8027
392.6378,149.4595,65.0434,175.1480
392.3407,146.4484,63.8753,175.3179
392.1912,145.0161,61.3242,175.2551
392.5052,145.8045,60.6666,178.0361
392.4858,144.7419,58.6641,179.7495
395.2633,144.6743,60.0463,181.6842
395.6893,143.7105,57.8802,182.5694
397.8344,145.2567,57.3112,183.4653
398.8968,145.5875,57.4592,183.7101
402.5576,144.9950,57.4556,182.7464
402.3748,144.5626,56.6084,183.0772
402.1090,142.0697,56.0192,183.9514
406.1687,140.2605,55.5394,184.6156
406.7579,141.3123,54.3216,185.2047
407.2209,139.7267,54.2345,185.3960
410.1357,140.4214,56.0232,187.2361
411.4895,137.9961,56.8059,187.5635
411.3232,136.9604,56.9094,187.4950
412.1025,136.5853,58.5544,187.4153
407.8203,136.8805,59.3601,188.2246
407.7927,138.4978,60.8605,189.2721
403.6526,137.1948,62.3775,190.1843
402.1561,136.2389,63.6016,191.3050
398.5356,134.9737,65.0034,191.6749
393.6482,132.6568,66.5751,192.0604
392.5898,133.4559,68.6847,192.5602
386.7723,131.2539,71.3026,192.6294
381.5845,130.6954,73.0942,193.0317
377.8162,130.9571,73.5815,193.5206
373.5283,130.0653,73.4525,194.0891
372.5714,127.8512,73.9754,195.5640
367.3344,126.8521,74.6834,196.0227
365.4176,124.9299,74.4698,197.3338
360.5917,124.3954,73.2936,197.2557
362.5972,123.7786,73.7011,197.9380
359.7280,121.8526,74.7699,197.1227
358.7466,122.7544,75.4107,196.3514
355.9399,121.1074,75.2751,195.4826
355.8728,121.7748,75.9390,194.9801
355.5219,119.6272,75.6238,193.6519
355.1779,121.2791,75.4326,192.7839
353.2757,119.6552,74.6687,192.6459
353.8283,118.8895,73.0768,192.7316
353.2673,117.8878,72.8271,192.8148
354.3404,115.7050,72.9637,192.7536
353.8656,117.1916,72.6074,192.1852
352.6554,118.0700,72.5018,190.9047
352.6895,118.4992,72.8282,190.4457
351.4879,118.9524,73.7307,189.2872
351.1383,117.6100,74.1502,189.2972
349.5919,116.8896,74.4609,190.1372
348.4514,117.0665,74.2340,189.8746
348.1164,117.7734,74.4814,189.9265
346.3841,118.3260,75.3229,190.1832
345.1438,117.8798,76.3144,190.6584
344.4413,117.5209,76.7770,190.7338
343.1978,120.3214,75.9142,188.9919
342.6637,125.0694,75.9486,185.6519
342.4413,123.2129,74.6208,183.8592
342.6271,122.6718,73.1443,182.8020
341.2903,124.8913,72.3105,182.6346
340.8312,128.4535,71.1083,181.4303
339.1337,129.8394,70.1055,180.0129
337.8057,125.2949,69.7343,181.6846
337.2805,131.6169,69.5956,180.2324
334.2191,133.2395,68.8203,178.3560
334.0268,132.6186,68.5894,177.3907
332.1234,129.7239,67.1374,178.6095
329.6992,131.7775,67.3577,179.3730
328.2051,126.9129,67.3318,178.8157
323.5323,126.9328,66.6723,180.4941
321.7384,125.1520,66.2329,181.3568
317.3191,122.2481,65.8955,182.6676
314.4861,121.9642,67.1869,184.1406
310.0262,122.2579,69.0708,186.7189
306.4396,122.3917,70.1804,186.8154
301.1490,124.5150,72.5722,187.4566
296.8477,126.0744,74.1725,185.6745
292.3369,126.6732,74.6287,183.4298
288.6452,126.1095,76.4106,182.7658
284.6143,127.0291,78.8378,183.3468
282.7749,126.7990,79.9099,181.6765
279.4070,125.0814,81.4141,181.1187
276.4747,128.5790,83.1993,178.9602
276.1067,129.2863,83.8696,176.5184
276.5549,131.9078,85.0387,174.4960
276.4609,132.2964,86.2969,174.1399
273.5462,130.1273,88.2044,173.5841
269.0785,130.5303,90.6352,175.1506
268.8809,135.7466,93.2229,174.2143
263.1377,136.7637,95.8111,172.0168
264.5653,137.9084,96.8123,168.6560
266.5131,136.6970,97.3138,168.8861
264.1910,132.7819,97.5652,169.3876
266.1104,131.3994,95.8821,170.4676
269.7838,130.2229,95.7376,171.3271
267.1663,130.0419,95.5929,170.3750
267.3962,131.7792,95.7700,170.5477
266.1483,132.6726,95.9448,170.4147
263.9165,132.8192,95.7750,170.5536
260.0919,134.0848,93.0303,171.9006
257.1908,134.2513,90.3312,173.6962
259.3785,137.5674,87.0611,176.6602
259.1532,136.6526,85.8380,178.1172
258.8806,136.4680,87.3626,178.7064
255.2126,137.2780,89.5514,178.1066
251.1149,136.0871,91.1129,174.6387
250.4169,139.1888,91.8724,174.1271
251.0484,139.2808,90.0116,173.9743
249.8202,142.3519,88.6988,174.1778
247.3321,140.6018,88.6427,173.0123
245.4259,143.8291,88.8526,171.7458
244.2549,146.3416,88.3435,172.5917
250.4232,146.0721,84.6582,175.5985
251.2203,147.9861,83.8902,175.9355
252.4001,148.5329,83.1332,177.3611
254.6159,149.5475,80.9198,176.5826
256.6226,150.7246,78.8669,176.8704
258.4198,149.1530,77.9042,178.5708
259.4247,150.9913,77.0906,178.6310
259.8008,152.0970,77.6423,180.9408
260.6602,151.0991,77.7695,180.9691
262.2820,149.8088,78.3412,183.8518
263.3269,150.7791,78.2363,184.3865
265.6227,149.6504,77.8305,183.9044
269.0001,148.9409,75.8933,178.5290
269.6808,150.8913,74.0246,173.5334
273.9247,149.4887,72.8010,173.7931
271.2596,152.3387,73.8260,174.0746
264.5987,155.9989,76.0837,174.6581
265.0082,159.4207,77.6173,173.0674
266.8567,158.7252,76.2735,173.5947
265.5908,160.0389,75.1985,174.4223
261.8835,160.0056,75.8224,176.0634
257.7685,158.4581,77.6918,179.1981
257.4534,155.1408,80.6938,181.4537
253.2534,156.9612,82.0750,181.6486
249.4496,153.1431,81.7007,183.6853
250.0108,154.4364,81.7600,184.3910
246.1842,151.7160,81.0908,186.2324
246.4459,151.8838,79.4747,185.9352
244.9885,148.9100,76.8095,186.9594
245.8825,147.3810,74.1812,186.9240
245.9054,146.5995,74.4723,187.8131
248.0811,148.6145,73.7099,186.3652
244.7415,151.2632,72.3328,185.5701
249.2738,151.8361,71.9187,185.5727
244.7207,150.3591,72.6551,188.3702
246.0318,151.9039,75.5154,190.1662
246.3979,152.2822,75.8734,189.8449
245.5296,153.2749,75.7090,190.4407
246.1767,155.0744,75.9126,189.7668
248.2955,160.0693,76.8769,188.6739
247.5709,161.3907,78.6464,187.6957
248.0522,162.2328,79.7664,187.0066
248.4676,160.5663,78.0873,186.7697
244.6302,163.0464,78.1896,185.6032
245.4910,158.9743,79.3768,187.2209
243.5942,159.7509,79.4770,186.2789
243.3518,158.5151,78.8465,186.7631
241.9880,157.1631,77.6205,186.3780
240.5125,151.9587,77.4119,188.8672
238.8002,148.8024,79.5952,190.2551
235.6762,143.2993,80.4261,192.6006
234.3959,141.2623,80.8260,189.7817
229.7835,142.7697,82.2568,184.4823
229.2073,144.7668,82.4527,178.9677
229.1507,146.5347,82.2577,175.0523
230.7839,143.9308,80.4084,172.5599
230.5237,147.9584,77.9820,168.6048
229.0306,145.9339,77.5535,168.9916
228.9563,141.7117,75.3778,170.5700
228.4802,141.6535,74.4749,171.3533
228.0785,138.8978,75.6584,172.5098
230.3423,138.9014,76.7592,172.4747
231.8488,143.0645,76.0395,170.2136
232.6810,145.2939,74.5883,169.2280
233.2167,142.6982,74.7037,169.1352
234.9746,138.4651,74.4583,171.4050
238.5754,133.6551,75.2318,175.2435
241.1193,131.7496,74.8420,177.4702
244.2514,130.5830,75.0939,179.9785
244.3245,128.1734,75.5801,181.4876
242.4472,123.8141,76.0168,184.2613
243.4811,121.0146,73.7081,185.0614
245.4554,121.0172,72.4708,184.2329
246.8620,120.0379,71.3086,182.3864
247.0009,119.2253,70.9062,181.8418
247.5191,117.3278,69.5706,179.6580
249.1829,109.4244,69.1245,180.5446
248.2141,104.4844,68.6489,178.5312
251.6010,116.2414,68.8705,175.0402
247.9794,111.4317,69.2569,174.5001
251.4707,111.0376,68.4572,171.1779
247.8809,108.6541,68.1052,171.3497
250.0211,111.2243,67.4359,171.5095
249.8740,109.3859,67.5553,172.9960
246.5121,105.3731,67.8392,174.1176
249.6773,110.2879,68.3896,171.9151
244.3043,105.7491,69.7616,173.7244
247.1375,107.8346,70.5322,175.3321
244.4736,103.2914,70.0260,176.1275
243.3605,105.9335,70.6894,178.8612
242.6134,104.2427,70.3546,176.3530
242.6613,105.1067,69.6370,174.3040
240.0699,99.0837,70.4565,175.7964
239.8050,97.4027,70.1180,177.7642
240.2963,89.6060,70.4926,176.4582
239.9919,83.8114,71.6117,175.5403
238.6758,86.8993,72.2715,176.3121
238.9845,83.9448,72.1561,176.9361
238.5686,82.2873,71.0851,177.1847
237.1417,82.9756,71.9891,172.9891
234.7088,77.6313,71.8454,172.4049
232.4672,81.5869,72.3272,170.9633
230.5553,77.3498,71.5858,168.9706
231.3519,77.8209,69.2279,170.1640
229.8342,79.5758,69.3565,168.9998
228.4509,79.6637,68.3540,168.6201
227.8683,79.6913,67.0379,168.1226
227.3391,81.7645,65.8144,168.0119
228.3203,81.1297,64.0959,167.8575
227.6332,78.1249,64.1836,169.3373
225.9785,77.4846,66.0172,171.1596
225.9705,73.2984,68.2577,173.8587
223.8084,70.5660,71.3308,177.3030
224.3389,65.2639,73.4569,179.7100
223.2876,64.9081,73.5864,179.0095
224.5079,59.6584,73.6992,180.3571
225.5988,59.8600,72.6857,178.4445
226.7491,51.3898,71.6468,176.2024
226.5962,50.8927,70.1360,171.3454
225.7177,50.6343,69.1002,169.9502
225.6589,48.6208,68.0722,168.7314
223.8774,48.8936,67.6778,168.0402
223.3747,49.0108,68.0332,168.1833
222.9176,49.7075,68.6253,168.2467
222.3066,43.8293,69.8126,171.0615
220.5331,44.8054,69.1623,171.2785
218.1583,44.3152,68.7669,171.6132
217.6237,42.7414,67.8191,171.6399
218.0327,42.6250,68.3508,173.6047
215.8169,36.9108,69.0893,177.2533
214.6244,43.6336,69.2919,176.2114
213.9650,38.9981,69.9190,176.9581
214.0393,42.4296,68.7944,174.9149
212.6003,41.5295,68.1072,175.1147
212.4671,39.8573,65.9150,173.5719
210.0849,36.9478,64.9520,175.5313
210.4052,35.7842,64.6732,175.9035
213.0611,34.8217,64.6958,175.2996
213.3098,32.4003,63.2158,174.4153
212.2011,31.4273,60.8423,171.7675
215.2975,29.5114,57.4903,168.7553
214.0142,26.6728,57.7899,167.9796
212.3123,25.2511,58.5289,168.4922
212.7273,27.7384,58.6992,167.3271
212.3307,28.2124,59.1673,167.2565
212.9983,26.1498,59.7930,168.6975
212.8197,27.0246,59.6554,168.7941
214.1194,24.5697,58.8832,169.3298
214.7565,28.6948,58.6070,168.2137
214.9196,28.4576,60.2229,165.1678
214.6033,30.3734,62.2257,162.2269
214.7958,30.7836,62.5582,163.5770
217.4750,31.0940,61.6807,162.7604
216.7542,33.0365,61.5912,162.8346
220.0688,33.8579,60.5570,162.8387
217.9861,29.6355,62.1310,165.6024
217.0447,31.1037,63.8193,165.3421
217.5804,33.8803,64.0464,164.1928
216.6465,29.6093,64.5075,165.0850
216.1686,25.8310,65.1164,162.7833
214.7590,29.5043,65.0799,161.1725
215.7737,31.5938,65.4495,159.8318
215.2910,28.6740,64.7716,159.7787
215.6868,26.7628,66.5466,161.5372
215.1588,25.9139,66.4420,159.8476
215.2543,27.3947,66.3794,161.7132
214.9773,30.8188,66.5606,160.2855
215.2395,31.4614,64.4107,159.8200
216.5269,28.9526,64.3332,157.2298
217.5746,32.3138,63.6119,156.9743
219.1419,33.2926,62.3231,157.9471
221.3405,43.4822,60.0657,158.5308
221.0949,52.6537,59.3017,156.4392
223.6130,51.7224,59.3226,154.2286
223.9352,53.3105,58.9602,157.3743
224.4612,55.1500,57.3442,155.2200
225.3143,60.3913,56.0008,154.8953
226.4069,60.8082,56.2473,155.1545
227.8891,60.8357,56.6178,156.4244
229.4464,60.3887,57.0919,156.9692
232.1973,58.9217,58.6189,159.4110
232.8030,50.8781,58.2298,161.6925
237.3491,50.0641,56.8032,161.1297
239.1164,47.7396,56.3515,160.9452
241.0751,49.2945,55.4190,161.0047
244.2102,44.6483,55.4176,161.4359
246.7016,42.3093,56.5487,162.8701
250.5364,46.0349,56.9641,164.5164
249.5173,46.3711,56.2759,165.1549
251.0258,48.5235,56.2186,167.1334
253.3337,46.3483,58.2899,167.7305
253.6255,45.5760,60.2856,170.5633
252.0191,38.5598,60.4282,174.2276
248.4277,36.4765,62.4490,177.2066
247.2655,42.5131,63.8444,176.5305
249.4871,39.8757,63.8857,179.5082
250.5339,35.5554,65.6879,183.1171
253.1635,34.8675,66.4899,184.1930
250.8765,33.4190,69.1127,182.0902
253.0025,41.6213,69.5861,177.4699
255.6874,36.0029,71.0829,173.4138
260.9506,37.7458,72.4958,170.4801
256.1529,40.1776,72.8745,166.6553
258.0759,33.1779,73.8840,166.0954
258.4321,33.6502,76.3367,165.3085
260.3907,32.9757,76.2531,165.1885
266.5163,28.8383,78.5343,165.3073
260.8474,33.7459,80.3215,164.3499
271.6548,26.4341,82.8903,165.4034
265.6223,30.8305,85.1327,163.9573
274.5427,24.6518,88.5198,164.6014
272.0114,28.1023,90.6058,165.0015
276.8258,33.9392,94.1421,162.9075
277.6551,31.9106,96.9741,161.8347
285.0905,22.8941,99.8755,163.8437
292.4296,17.6462,102.5271,167.6154
295.7910,10.0095,105.0011,172.2699
297.8002,10.1399,108.7972,175.4091
297.3838,8.8562,110.9996,177.9950
300.0223,6.1774,112.9639,179.5820
296.9261,7.1644,117.8660,180.2280
297.3705,7.7841,122.0911,181.0566
293.7841,10.7476,125.8568,180.6670
300.7097,9.2322,126.4179,182.1394
299.1104,10.4457,125.6549,182.0626
301.1002,10.0882,122.7548,183.3864
305.6202,7.9407,121.6295,184.4631
305.7403,7.1651,118.6324,185.2794
305.5878,9.0200,118.7065,184.7766
307.9437,6.2329,114.6788,185.5180
305.3964,10.6692,113.3705,184.5493
311.6416,11.9856,111.8325,183.3617
307.2302,16.5741,110.1612,180.3523
309.6420,16.3078,110.3166,178.9792
306.9659,16.6445,111.6812,178.1531
305.0844,22.1881,113.6074,175.1228
302.2263,18.2181,114.3055,174.1997
293.7305,23.5717,111.9840,172.1241
298.8816,25.9476,112.9315,169.8605
300.3304,21.7433,112.2853,169.3756
299.0322,21.0430,112.5410,168.8789
296.3033,21.4085,112.3308,168.2373
296.1412,23.7304,110.9343,167.7232
296.0551,23.8168,108.5102,167.3305
301.6088,23.7536,106.0169,167.3969
302.0585,25.1837,102.5191,166.8358
303.9461,27.2575,98.0078,166.3624
304.1771,28.3451,94.7838,166.6557
307.2635,29.8100,90.2214,166.6503
309.7640,27.7970,87.6782,167.6925
308.4097,28.6474,86.5159,168.0345
312.6176,25.4711,87.9160,168.7212
310.2093,26.9147,89.2251,168.8559
312.0797,27.5119,88.8995,168.8639
314.8334,30.6140,90.0266,167.6281
318.7350,25.8532,89.0242,168.7369
320.4162,32.9580,86.3615,166.5015
321.8289,34.2645,83.5154,165.6111
325.1656,34.3882,80.6737,164.9595
326.6831,35.1249,77.6326,164.5963
329.3264,30.4425,76.0191,165.8656
330.3232,32.3510,76.2963,164.8822
329.1299,32.9528,75.3060,164.7529
330.1747,31.1017,74.4285,165.3320
330.2478,29.3623,73.2403,166.7979
330.1984,27.2021,70.6903,168.7836
331.2990,25.5729,69.6963,170.2321
332.4093,26.3800,68.8866,169.9084
332.6668,27.4831,68.6949,168.9034
333.0750,32.5173,68.5578,166.1355
333.5405,31.5393,67.4496,164.7084
334.7964,30.8579,66.6917,163.4545
337.8701,35.8028,65.5677,160.6165
336.5267,30.6005,64.8805,160.6788
338.2733,30.8975,64.2365,159.7823
338.2573,29.2548,64.1827,160.4115
340.6491,28.4314,63.0429,160.2158
342.7829,27.0670,62.8722,160.2170
342.8466,25.4923,62.5111,159.5954
343.5492,20.8500,62.6868,160.8221
342.8058,19.9878,62.5298,160.7867
345.8296,15.9871,62.0393,162.1136
342.2651,16.1698,61.7952,161.9031
347.8505,14.4279,60.7339,162.0379
346.2984,12.8538,59.8870,161.7539
348.0895,13.7127,58.6634,160.8884
348.0033,10.8208,58.0082,161.0832
349.5342,12.7104,57.3680,160.0350
349.3721,11.5928,57.1389,159.2010
350.3950,12.4862,57.0008,158.6589
349.4572,12.4134,57.4493,158.3913
348.8645,12.3760,57.0238,158.2205
348.3631,13.3542,57.3767,157.5037
347.8987,12.1661,57.6019,157.8108
348.9521,14.7045,57.5153,157.2856
348.5695,13.4670,58.1187,156.9928
350.8667,15.7131,56.9961,155.5797
348.6516,14.9557,57.2124,155.1136
349.8481,14.4149,57.0652,156.0775
351.7824,17.4806,55.6768,154.5840
350.3818,16.2870,55.3745,154.9054
352.5650,18.8889,55.3783,155.6275
350.7197,19.9343,55.4466,154.9703
351.2685,16.8021,55.8956,155.8901
352.0696,18.9353,55.4828,156.6143
354.4619,18.4792,54.9320,156.4646
353.4162,21.3237,54.5874,155.5277
355.5650,18.5987,54.5977,155.5376
354.9388,19.8602,54.5287,154.5386
355.5926,18.1057,55.2438,154.6323
355.8047,14.4719,56.1236,156.4791
355.3864,18.1959,56.6997,156.1538
355.6111,16.9637,57.0805,156.1884
355.9677,16.9792,58.1142,156.3119
357.9169,20.8909,58.2018,155.0920
358.1876,21.7120,57.6532,154.1253
358.3063,20.9261,56.9121,153.9069
358.6878,21.8552,57.1911,152.7196
359.0692,23.9814,57.6172,151.4751
359.4867,22.4277,57.5133,151.7993
358.9398,22.2693,57.5486,151.4175
358.3970,24.1144,57.5722,150.5272
360.8587,22.1914,58.6091,151.1187
361.5407,23.8130,59.1945,150.5953
365.2992,20.8219,61.0841,151.1292
365.5076,22.6365,62.9816,151.9190
363.7011,24.5728,63.4848,151.8635
366.0173,21.4406,65.0258,152.8932
365.8706,19.3668,66.4730,153.8549
366.3883,19.3995,67.0622,155.0908
368.6866,19.8304,66.3894,156.0622
367.4109,16.8511,67.2162,157.0165
370.6476,15.5655,66.9040,157.7753
370.1860,14.5627,66.4280,158.7645
375.1752,16.8140,68.2295,158.1454
376.1143,12.2844,66.6444,159.7590
376.8073,9.9910,66.9329,160.6167
375.5788,13.0075,66.5068,160.5559
374.8180,15.2115,67.5545,159.6535
376.9465,15.7334,68.8862,158.7433
379.7935,14.2821,69.1304,158.5616
380.1190,11.4688,68.8900,159.4034
2
0
0
0
0
1
335.7036,38.8815,34.3231,127.1940
335.6328,35.9244,34.8833,128.0771
333.5634,36.9105,35.3892,128.2973
332.4215,33.7756,35.3386,129.1663
329.5536,33.9303,36.7426,130.3321
327.1144,32.8693,36.7869,130.0412
325.2467,33.1364,36.7556,129.0079
323.4544,33.7652,37.1999,129.2036
322.5186,33.2830,37.7597,128.2122
320.7206,33.9264,38.2035,127.0885
319.4846,35.0149,38.9090,126.7445
318.4422,35.7384,39.0454,125.3299
315.7645,34.9972,39.0015,124.3218
315.3962,38.7261,38.1652,123.0522
313.3377,37.4422,37.7665,122.0103
311.3672,39.0268,37.7501,120.9489
310.2445,36.9664,38.6307,121.6704
308.3073,39.2728,37.6454,120.8182
308.1251,39.0511,37.1621,119.8653
307.1348,37.7429,37.1808,121.0601
305.5727,38.7893,35.8098,122.1411
305.4005,39.8492,34.7548,120.1870
304.0967,40.0475,34.2584,121.0228
302.8385,40.9197,34.0760,120.7999
300.6938,38.6925,33.9021,121.0468
299.8505,41.6182,33.6834,120.7104
298.5690,42.6572,33.6770,120.2549
295.4476,41.7415,34.8172,121.0917
294.2498,42.9851,35.5912,121.0852
292.4539,43.4392,36.2157,120.3402
291.5553,44.9923,35.7591,119.7088
290.6324,44.3538,35.9478,121.5556
287.7313,41.5482,36.3997,123.8050
286.2286,42.5377,36.8792,125.6326
281.9073,40.1740,38.6979,128.2441
279.3300,38.1262,41.3366,131.1692
277.7962,37.1120,44.7199,132.2639
277.7302,38.1487,46.7683,133.1417
277.6518,38.5898,48.2349,133.6342
278.0571,39.7386,49.1322,133.7615
278.1790,41.7890,48.5003,131.7989
277.8188,42.7549,48.3173,130.8473
277.5724,42.7654,49.7930,131.5321
279.8437,42.4773,52.1961,131.5616
278.1594,42.5814,54.4040,131.2664
277.2954,42.2678,55.4072,131.4613
277.7328,41.3448,56.4840,132.3665
277.9200,43.2103,56.1984,131.9280
282.9383,39.0449,56.5960,133.4182
280.6662,44.0625,56.4341,131.6603
283.0088,42.0970,57.4435,132.0414
288.7938,39.3438,58.9920,133.4018
278.7712,42.9431,59.1189,132.4275
270.0398,43.9697,56.8934,131.3563
269.5620,47.5597,52.5418,129.2863
271.2422,49.0952,47.7876,127.2237
275.5699,53.0033,42.9218,123.5609
277.8755,52.7892,39.4104,121.6326
279.8281,54.2568,37.1722,119.7475
280.7175,52.9025,36.7317,120.0977
279.2599,55.6168,37.2002,118.2136
279.9866,52.0105,37.7111,118.7955
279.0211,50.1944,39.1619,119.9008
279.3641,50.1472,39.9318,121.5899
280.8811,49.8815,40.2377,121.9601
282.6056,50.6205,40.1353,121.8693
286.6896,52.8199,39.8889,120.3405
288.8824,54.4557,39.6820,118.6972
292.2651,57.7974,38.7395,117.8524
297.0297,57.3429,38.0491,115.5254
298.9687,59.6045,36.0311,112.3587
302.1972,59.3355,34.9212,111.7309
304.2020,58.5054,33.9508,111.2010
307.0431,58.3097,33.4309,110.9870
308.1806,58.1845,32.5567,110.0285
310.7294,56.0265,32.3224,111.5746
312.1075,56.0935,31.9449,113.6490
314.7938,54.0248,32.2114,114.9491
316.2564,54.8861,32.4918,116.6571
318.8035,51.6878,32.5064,117.9296
319.8992,52.6145,33.1014,119.2571
321.7651,49.3605,33.8624,119.6869
323.5661,47.9352,34.9778,121.7800
325.5226,45.2182,36.6898,123.8599
327.1786,44.7654,39.2985,126.5192
328.0013,43.2927,43.1726,127.1764
327.5997,42.5583,45.9100,128.7280
327.1152,43.2486,46.1898,128.8335
327.3961,41.4969,45.3780,129.7211
327.9248,40.9778,46.0062,130.7801
327.5425,40.3335,47.8419,131.6046
327.2865,40.9363,49.3003,131.9869
327.5485,42.6627,48.8410,131.1702
328.1840,42.9950,49.8164,130.5193
328.0015,45.8595,49.5791,128.9107
327.8361,46.3019,48.9347,127.3369
327.2888,45.2513,49.2182,126.2437
328.1933,46.0989,48.2722,125.0177
330.9926,46.6446,47.2330,124.2398
333.7404,50.2010,45.8210,122.5793
338.4602,54.3649,43.7264,119.9762
340.7531,55.3873,41.0212,117.8834
343.8960,60.9876,39.9506,114.3472
346.5351,59.3450,38.7771,113.1542
348.6888,61.8163,37.3918,111.5233
349.9806,65.0297,35.6727,108.1725
352.5530,66.4133,33.6409,105.1068
354.9917,68.9134,31.7185,101.6721
358.3082,70.5071,30.2080,98.7893
361.9379,70.1796,28.6074,98.0154
364.7914,70.4657,27.2515,97.2273
368.5303,67.9956,26.3702,98.2245
370.7669,67.6110,26.7845,99.0637
373.9560,67.9500,28.6503,99.2181
375.9016,69.0236,30.1264,99.4249
376.0458,70.0025,31.7767,100.4976
379.5036,65.5921,30.9809,103.1830
382.4720,64.5146,30.1108,105.0678
385.0192,63.7380,29.3065,106.5434
388.5571,63.7333,30.0432,106.4322
389.5182,64.2391,29.8169,106.4095
391.5580,67.5126,29.7000,104.5812
394.3889,64.3797,29.3580,105.2395
396.3739,66.3002,29.9869,105.8829
398.2555,62.0784,29.5690,107.1138
398.8038,63.6934,29.2561,108.0399
399.6479,61.2183,29.2399,109.5743
400.9157,60.1212,30.7634,108.4785
399.4919,60.8164,32.3621,108.4677
398.7242,61.9115,34.3208,109.0303
399.5294,62.2443,33.9777,108.2964
398.1984,63.2780,34.4005,107.4636
398.0171,65.6286,33.8638,105.9570
396.6383,66.4659,33.5751,105.3218
396.1096,68.9584,32.7136,103.6106
395.4299,68.8609,31.9059,102.7841
393.6602,70.2239,31.9499,102.9835
392.0644,69.7729,32.5993,102.8628
392.2699,72.5043,31.3510,101.9963
392.3191,74.0317,30.6499,101.1607
391.3836,74.2655,30.8666,101.5517
390.9391,76.3879,30.8044,101.9332
390.6564,77.4222,31.0737,102.5322
390.3827,78.2131,31.3567,104.1244
391.3757,79.4145,31.9611,104.9921
390.9699,84.6074,32.3472,103.1988
391.2210,86.4105,31.8360,102.0907
391.8503,86.5867,30.9452,102.8225
391.4364,88.3419,29.4493,102.9638
390.8953,89.0834,28.6637,103.6877
390.9367,88.7633,28.2078,103.7251
389.7518,87.8507,28.4065,104.9570
389.1393,88.7599,29.0445,105.6611
388.3657,90.9469,28.8278,105.5029
387.4146,93.4816,28.9420,105.3804
386.7776,92.4061,30.4863,106.4312
386.1096,90.7394,31.3413,108.1865
385.2270,88.4708,32.5812,111.0997
384.8011,81.7905,34.9340,115.8808
383.7620,82.7469,35.9496,118.3221
383.0911,82.0279,36.6560,121.2028
382.6142,80.1070,37.1712,124.2684
382.0304,84.3367,36.8444,123.0478
383.4312,89.6521,36.3563,119.3848
384.0327,89.5138,36.1570,117.4575
385.6537,92.9893,35.6316,115.6128
385.7117,93.0973,35.1939,114.1995
387.6614,93.1916,34.4457,115.3312
388.8270,94.1037,33.8232,115.1257
390.3271,94.0352,33.1704,116.0917
390.7170,93.5098,33.2804,116.1722
391.3691,94.8183,33.2986,115.8259
392.0698,96.2337,33.0283,115.5524
392.0790,98.7707,32.6571,113.9746
391.3734,99.8644,32.1983,113.0396
391.9218,102.6456,31.4339,112.1028
391.2675,106.4313,31.0904,109.7759
389.5018,108.7260,31.0461,108.7845
389.6716,110.5987,30.9978,108.2977
386.9990,114.0952,32.3301,107.5935
387.2437,115.4736,31.8771,106.8631
385.4374,117.4044,32.1884,106.2856
385.8371,122.8195,31.7847,105.0472
383.6950,127.1485,31.7836,103.5393
384.3954,128.9304,31.1053,104.3225
383.9500,129.1130,31.2356,105.1462
386.2101,132.9729,31.7166,104.2079
384.3273,135.3493,34.1177,100.6641
382.0071,142.3244,34.2263,96.0050
380.7778,144.6275,34.6935,92.8557
379.5212,147.8031,34.0581,89.3159
378.2397,147.0309,33.8785,89.7190
376.2696,147.2544,33.9482,90.8732
376.2917,146.9493,35.3027,90.9696
373.6921,145.9004,35.3222,91.4280
371.9348,147.1560,35.5116,90.0587
369.1171,147.3984,36.0994,89.8922
369.7047,147.3087,36.7603,89.9310
369.0304,146.0716,36.7954,91.4997
368.0970,146.7239,36.9950,92.5393
369.0804,146.7394,36.9932,92.6388
367.0829,142.6893,36.7147,94.4412
365.5359,136.7208,36.4251,97.8111
365.3019,136.2318,36.4264,100.4358
363.5812,133.5828,37.2161,103.2415
362.5501,123.2817,37.9834,107.9315
363.7395,120.9284,38.3917,111.8922
360.2055,113.4596,38.5290,116.8448
359.3885,110.5437,39.3238,121.8139
357.9565,107.0859,40.2769,125.1079
356.9562,102.9606,41.7315,130.3170
354.5805,100.1460,43.2950,135.4103
354.6505,99.0409,44.2857,138.3666
357.3165,97.7394,44.9250,140.9438
357.1534,94.4699,46.1158,144.6299
358.6675,95.9111,46.5717,147.2244
358.9029,98.2881,46.6029,148.3762
362.0497,98.1382,46.6409,149.1883
362.2271,96.5769,46.1387,150.8373
360.4232,94.7608,47.3335,153.8414
363.7471,102.4317,46.7032,152.5920
365.1580,105.4730,46.8670,151.1578
364.2575,104.0607,48.4703,151.3823
366.6895,111.3443,48.8863,148.7029
366.6196,112.7536,48.9949,147.0325
367.5621,114.3804,48.8207,146.4476
368.3188,108.6017,49.6154,148.3026
367.4842,112.5967,50.4819,148.6780
368.2267,108.7693,51.7649,150.2196
367.5717,109.3381,53.5988,151.9383
364.8040,102.4507,56.4819,156.1264
367.2591,108.0130,58.1796,156.2108
369.2194,109.9489,57.6178,154.5980
371.9462,112.8651,57.7220,151.5721
373.5821,113.4493,57.6735,149.6834
376.9443,115.2235,56.5701,147.8931
383.1375,123.4458,54.2527,144.2849
385.8864,119.3470,52.9995,144.3628
389.3189,125.0716,51.2565,141.5093
392.1118,125.5253,49.4194,141.0086
395.2675,132.1105,50.3470,137.6510
395.3767,131.4036,51.3808,137.3622
395.1348,128.4104,52.3504,139.5365
396.4628,128.3151,53.0692,139.1772
397.4760,127.1336,53.5547,140.8344
398.3057,125.4089,53.3822,143.8583
399.9854,124.7520,53.8430,146.8259
400.9156,125.8277,53.7660,148.5468
401.1711,124.4444,54.4750,150.1875
400.5782,124.0391,54.8042,150.7070
399.0067,122.7735,55.0777,151.6571
397.9371,120.4396,53.4413,153.0764
398.9583,122.2492,53.1264,152.8743
400.0589,119.4398,54.9394,154.2627
397.3013,116.2580,56.5431,157.0817
398.9387,111.2469,58.2263,160.7262
395.2027,112.7109,58.7985,163.0956
397.2323,109.8206,57.2164,165.7535
395.3710,109.4055,54.7411,168.1884
396.2390,110.6001,54.6335,169.3343
398.6011,104.1152,53.3169,172.3092
398.3839,105.1009,52.4349,173.1305
400.4883,97.9444,51.9739,175.6988
402.9765,101.3368,51.1643,175.4184
405.0709,107.2461,50.6393,172.8275
405.4324,107.5222,51.7292,172.6144
406.9648,110.1716,51.5468,171.4432
407.2619,105.9232,52.5838,173.7776
407.9413,106.4022,53.4812,175.2779
408.6410,104.0871,54.0707,176.6193
408.7146,100.4396,54.6575,178.5276
409.8734,104.1471,54.9388,176.9521
410.6362,99.1559,55.2859,179.2895
410.3341,99.8306,53.3865,180.7812
411.2274,102.7513,53.0059,181.3908
411.8200,102.8822,52.0473,182.1243
411.6959,103.7204,51.6387,183.5074
412.6787,105.5391,51.0979,183.6958
415.6323,105.6339,51.3752,184.4309
418.9518,106.7048,52.0134,183.9761
419.4702,109.3772,53.7703,182.3002
421.0956,111.6705,54.0318,180.7556
422.7433,112.1348,54.3767,178.0663
422.2144,113.2113,55.6555,177.9431
425.0593,117.7446,55.7798,176.1925
424.4752,113.4853,56.6695,175.9780
428.0322,117.4738,55.5229,174.9559
426.1390,113.9113,56.8196,175.7476
427.4910,108.3733,57.3869,178.3043
426.8378,100.2459,57.9991,181.8288
428.9967,91.7815,57.9940,186.3683
424.1378,79.4881,58.3163,191.5404
428.8622,76.2002,58.6724,194.3180
421.7335,63.7503,59.9933,201.4175
416.3139,51.0951,63.2557,210.0342
418.6205,44.2841,66.5824,218.6080
415.0656,42.6842,69.9182,226.2669
419.1645,46.4626,71.4073,231.1196
414.5309,44.8729,74.7183,234.1000
414.3117,46.3044,76.4419,237.2346
417.3760,49.7580,76.9521,238.9727
418.6962,47.6603,76.0229,243.1409
417.4151,49.0925,77.9125,244.5505
419.1059,47.6040,76.6659,247.1297
420.2565,46.0862,76.1150,249.5933
420.7952,44.4115,77.1300,251.6652
420.5840,45.7106,79.7654,252.7508
423.5738,45.8002,79.9076,253.4689
424.0833,46.4631,78.7073,253.3493
425.9275,43.7584,80.0757,254.1033
426.9406,43.3307,81.2836,254.1208
429.0081,43.0100,82.5529,255.0353
432.4428,43.8727,83.2962,254.9504
432.1659,46.7320,84.6868,254.1509
434.5449,45.0515,85.1158,255.2110
435.1688,44.1054,86.2185,256.0460
434.5186,41.3173,87.9278,257.1100
434.5792,40.4182,88.4816,257.7441
436.7656,40.2872,91.1255,259.7484
436.3749,37.7892,93.7607,260.9224
434.8144,39.3209,96.5909,262.5800
435.7165,40.1859,98.2783,263.1854
434.4353,38.3594,99.8142,264.0897
432.6900,41.1119,102.5650,263.4512
434.8483,42.2343,102.4160,262.3237
434.1146,43.9714,104.0402,260.0468
432.7204,43.9935,106.2424,258.9105
431.4885,44.3540,107.3681,258.2629
433.0268,43.7108,108.1903,258.4869
435.8495,43.5649,108.2271,258.1537
432.6857,44.1437,109.6225,258.9207
432.4900,44.1695,109.9843,259.5119
433.8566,41.9256,110.3912,260.7160
435.6613,40.2733,110.2244,263.3299
440.5022,38.0678,109.5633,263.5853
444.9465,40.6718,102.5212,264.5625
450.9073,40.6343,95.9790,264.0517
452.8823,38.1992,91.1062,265.7871
454.6780,36.8973,88.8097,266.9438
454.2932,36.9633,89.1742,266.7869
452.5079,38.7095,88.3256,266.0103
448.2860,34.1939,86.6285,267.2499
448.6306,31.1377,85.1868,267.6978
447.8780,29.2370,83.4663,269.7666
446.5188,24.7876,83.1604,269.9938
440.0378,24.5038,83.1459,269.8051
443.2540,19.8072,82.7402,268.5011
443.6767,21.8169,82.8707,266.1048
439.6040,17.7810,82.5777,265.6317
440.6537,15.9878,80.8350,266.0282
442.7606,14.4075,79.8688,265.4190
445.7910,9.6523,78.8469,266.0147
448.4344,9.0168,77.3589,266.1262
446.8059,4.3264,79.0042,266.7383
445.2050,7.1749,80.1303,265.3698
445.9878,4.3046,81.2484,262.9206
448.4898,2.8045,81.0705,262.5071
446.7906,2.2214,82.4697,262.1407
446.1013,2.8123,83.0094,260.6418
444.5958,2.2713,82.2204,260.3340
443.4207,3.4934,83.8497,257.3504
442.9896,3.9571,86.8347,256.0675
439.8902,1.2432,88.8118,255.4479
439.8326,1.0330,91.4122,254.9999
438.6916,1.1765,93.9871,255.1864
440.2165,-1.0508,95.4572,255.7688
437.7494,-2.0359,96.6784,256.9664
437.4231,0.9399,98.0366,254.8330
440.4336,-2.2093,97.7932,256.2385
440.9378,-5.4719,96.9305,257.7420
440.3823,-2.9351,97.7751,256.1955
437.6124,-0.6558,99.5314,254.4331
439.7008,0.5613,100.2521,253.6160
439.6015,0.5259,102.3711,253.6265
441.3948,1.4594,103.1733,253.3648
441.2897,-0.0855,104.2155,253.2026
442.2427,2.6261,104.7680,252.4141
439.0376,0.0820,106.4460,252.5536
444.0222,2.9523,105.5420,251.3710
440.5302,3.1972,106.8773,250.6996
443.9765,3.3997,105.3144,251.1622
446.2548,2.3453,103.8719,251.9662
444.9856,-0.2475,103.1471,254.0928
448.0279,4.6304,101.6570,252.3748
444.8861,3.5840,102.7438,253.0562
449.1151,6.1145,100.7963,252.7297
446.1498,5.0018,102.0929,255.0887
451.7400,5.5810,100.2861,255.0231
448.6772,4.9433,99.9686,256.0984
452.3806,6.8008,98.7760,256.0934
451.7977,4.2678,99.0086,257.8069
451.8716,6.1920,99.1632,261.2735
454.5108,4.8344,99.7617,262.2380
452.4742,8.2071,98.3816,263.9342
453.1930,7.6230,98.4505,266.6063
452.2661,9.1835,98.4901,269.2064
450.8131,11.1840,99.6603,271.0352
453.8022,11.2615,98.0479,272.9809
446.8869,15.9058,98.0181,272.4447
452.4432,14.2983,96.9913,273.5559
445.0978,21.8404,97.1482,270.9354
446.2740,23.6469,97.4988,271.1857
445.9406,21.0950,100.4288,272.0414
444.9687,29.6441,100.2520,269.0829
440.9055,29.9894,99.5411,270.9721
445.3551,32.8831,98.4908,271.0312
440.6936,34.6893,98.7268,272.1675
446.5803,38.0719,98.1251,269.0474
439.6027,37.0176,99.2543,267.4899
442.8852,41.4265,99.8475,265.4616
443.7751,37.9880,100.5577,266.9048
440.7175,37.7595,102.4753,269.0745
446.6306,39.2946,100.6678,268.1352
441.9750,39.7220,100.9860,267.3449
446.9428,37.5252,99.8792,268.5208
441.9069,36.9276,101.8780,268.0576
445.3483,35.6573,101.0881,269.9275
442.4725,34.0349,103.1796,271.2820
445.3781,36.6325,102.2030,270.7804
443.4222,36.6507,101.9977,270.5255
449.9383,34.9729,100.5125,270.8452
446.7893,35.6409,97.6522,272.6605
449.3882,36.4217,98.3123,272.8401
448.5460,37.3177,98.0466,270.9119
448.8502,39.5462,96.7488,270.5989
450.1328,38.0601,96.0171,269.8993
453.5864,38.0506,93.3088,269.6497
453.1885,42.1972,91.5333,268.5022
455.6146,37.8412,90.5850,268.7498
455.8889,41.5154,90.7306,267.5227
455.9349,35.1885,88.8855,269.1667
462.1685,36.7250,89.1885,268.0921
454.2750,36.1757,88.0567,268.4854
459.3149,35.9480,88.7907,268.2296
458.9635,40.2484,87.7855,266.1578
455.5859,38.4548,86.7613,266.9032
456.7899,35.7719,86.4938,267.8286
459.3432,37.2223,85.4550,266.7050
455.8850,39.0415,84.5740,267.0977
456.6735,38.6611,84.0021,267.8187
452.4812,36.9579,85.7027,268.4994
452.2797,37.4869,86.9187,268.3845
450.8608,37.6467,86.7926,267.0369
448.5946,39.5303,86.2051,265.3179
441.8419,42.0063,89.3602,261.7672
436.9254,47.8552,93.1488,256.6025
434.3007,50.1047,95.9953,254.3104
427.6825,56.4630,101.2538,250.1583
422.0941,60.5441,104.5635,245.1646
421.3116,63.6592,107.3957,240.2820
418.3511,63.7071,109.9750,237.2876
416.1447,63.8398,110.0389,235.8876
417.8357,65.1372,111.4473,233.4611
414.5205,66.6551,114.2627,231.7836
413.2254,69.5302,115.7286,229.8177
406.4645,70.8707,114.7349,229.1539
404.7601,72.9179,112.3586,227.5089
401.1994,73.6111,111.0845,227.1575
398.0306,74.6876,111.9651,227.3944
398.4089,75.3499,112.6129,227.7623
393.9214,77.2936,115.8597,227.1705
394.5932,76.8243,118.8078,226.8245
390.1917,78.0271,121.1827,226.6131
392.4429,78.2684,121.7073,226.2035
389.8424,78.7522,124.6454,225.0739
387.0168,79.1977,125.5238,224.8389
383.2768,79.4765,126.9293,224.4008
382.1559,81.5022,126.9939,223.8873
381.5483,78.4886,124.7780,225.5724
381.3029,78.0882,120.2611,226.4557
382.7816,76.2512,116.1592,228.4259
379.3792,75.0247,115.1893,229.9625
382.0438,73.9044,111.4145,231.4094
386.5867,73.2362,106.7634,232.7864
389.8556,71.3449,101.1638,235.0284
393.7654,70.8111,95.1064,236.7956
397.2939,71.1816,88.8184,237.0086
400.3289,80.4508,83.9457,233.9941
401.6921,77.0407,80.3098,233.5849
403.6666,77.2989,78.5553,232.5231
403.0753,85.9026,76.7833,228.4352
402.5541,82.9373,74.5343,226.4455
401.8421,85.0229,72.2838,222.7626
401.6273,87.7110,70.4092,222.3152
401.6164,91.5321,69.3647,220.1717
396.3472,83.3761,68.3924,221.4783
397.2733,87.4971,65.9081,221.0267
396.2196,95.7258,64.5839,217.8238
396.4789,97.8973,62.7623,214.8884
395.5927,97.0728,62.6311,213.3323
395.1713,99.6184,61.3835,210.8632
397.4680,103.6855,59.9915,207.7599
398.1512,105.2714,58.5431,206.2970
398.8299,108.7581,57.4986,202.7661
400.5871,111.5826,55.8680,197.8474
403.6367,118.5589,55.2492,190.8135
400.9048,120.0774,55.0843,185.8147
402.3941,119.8626,55.2783,182.0394
400.9895,120.4235,56.2536,179.4931
400.7531,122.2217,56.7039,175.3912
401.2346,123.0193,55.3481,173.2503
401.3368,124.8669,55.1008,169.4784
400.1013,121.7206,54.9761,169.0671
396.9136,122.6408,55.3548,168.0179
395.1691,121.6922,55.9665,165.9103
393.5280,119.9332,57.3186,169.1083
392.4164,116.4652,60.2165,171.8183
387.8964,117.7894,62.4234,170.0859
386.7104,118.4313,64.1104,167.8719
386.8194,117.1015,63.9928,166.5012
384.3551,117.4486,65.6060,165.0317
382.9452,117.0268,68.8764,165.1573
378.0139,117.8959,70.3044,165.0658
374.9965,118.4062,73.4420,163.0967
371.3090,117.7550,77.1650,162.0576
368.4512,117.2365,76.6401,162.5229
364.6727,116.3781,76.3722,162.7475
363.6271,114.9942,76.7044,163.7039
364.2276,117.4250,75.8503,164.4182
361.3683,118.8473,74.5883,162.6175
359.2928,119.2571,73.6613,162.3946
356.5507,119.2078,71.8652,162.7698
353.7373,117.2204,70.8822,164.3607
353.4377,115.3142,68.7993,165.7877
354.0779,114.6192,66.1897,165.7694
353.0471,116.4529,65.4735,164.9741
353.5361,117.1713,64.7215,164.2509
353.8968,119.5670,65.5252,163.4669
353.5051,120.5008,65.7051,162.8387
354.5165,121.7395,65.8853,163.3056
356.0687,122.7026,66.3704,165.3845
361.4600,123.7328,63.3637,166.9926
365.1399,125.3753,61.3781,166.9234
367.3445,127.7561,61.7547,167.0737
366.6212,128.0060,63.2813,167.3656
368.7193,128.6473,63.1628,168.9376
367.9420,128.5913,64.4180,170.3718
368.3534,131.6096,66.0137,170.7570
368.0537,133.6349,67.0884,171.0441
368.0821,135.9629,67.4482,170.3020
369.1510,136.8662,66.9540,170.0308
370.2463,139.2885,66.4196,169.6698
369.7357,140.6016,65.9559,169.3340
371.4840,143.3383,66.0857,168.5441
371.1924,145.7054,67.3774,167.4878
369.3049,146.7915,68.7661,166.8462
367.0075,147.0140,70.7984,166.1641
368.6416,149.1530,70.4680,165.4614
369.4308,149.6829,70.6132,165.1173
371.3733,151.0068,69.8607,164.5782
373.5125,153.8600,69.8261,163.1575
377.6792,153.7760,68.8020,163.2332
376.5210,157.2716,69.9947,161.4198
380.7706,160.3693,67.9690,159.2971
381.6882,164.3634,67.5686,156.6870
381.8863,166.7888,67.6800,154.9662
382.7834,169.1493,67.9301,152.4451
386.3800,174.4071,66.2933,148.9285
389.3400,177.2725,64.0673,145.2495
388.9895,179.7963,62.7412,142.5698
391.4842,182.4359,60.6024,140.3177
388.8897,182.0981,61.1584,139.3336
387.6987,181.7082,62.0187,138.3639
387.8557,179.8197,61.9704,138.4335
385.9676,180.7359,62.9938,138.0652
382.5620,182.5989,64.2739,137.2275
385.0023,182.1037,64.0501,137.5251
382.0651,180.3734,65.3649,138.7180
382.5998,180.3882,65.7895,139.4707
381.5931,177.6829,67.1732,141.2289
382.2039,177.6471,67.7485,142.4592
381.0496,179.0152,69.3717,141.6576
379.1602,178.6966,71.0489,141.8861
378.0600,177.1771,72.4960,142.2172
374.2677,176.1448,76.8005,142.0991
372.9356,175.2776,79.8624,142.2401
369.9973,175.9091,83.4327,140.8293
369.3870,178.8444,85.9780,137.2447
367.8084,177.7628,88.6191,135.1763
366.0807,175.4292,89.2532,134.4020
364.6764,172.7540,88.3120,134.1884
364.7907,169.9273,86.8371,133.6443
364.6254,167.4903,84.6626,133.6496
364.6195,168.1049,81.4237,131.1241
363.8947,164.2737,79.8333,131.2346
364.6402,163.2372,76.8008,130.8531
364.9763,161.8496,74.2461,130.2551
365.4164,160.3993,70.6175,129.7479
367.1543,157.7912,67.0564,129.4091
366.8909,150.4503,63.5555,132.4607
368.2990,148.0254,60.8897,133.2937
368.9104,147.3516,58.6583,132.6528
369.4517,142.3692,57.4230,134.3881
371.4350,144.5810,57.6827,132.1392
372.4830,144.5545,57.0155,130.3231
374.6689,143.3123,55.2331,128.8336
380.0624,147.3452,50.8015,125.1819
384.3536,148.5995,46.4128,122.9191
388.9719,148.0066,41.7413,120.7262
392.8881,151.2993,38.1828,117.0556
395.4228,153.2548,35.4873,114.6955
395.3957,154.9545,34.4598,113.6457
385.6732,147.7799,34.9946,113.7204
374.6336,136.4007,35.5304,115.1312
372.0701,138.2002,34.8506,114.5547
376.7138,137.8763,35.1709,113.7315
373.9995,138.0632,35.6965,113.4302
374.3799,137.7675,36.8113,112.8205
376.3156,132.1263,38.6459,113.8961
378.9894,125.6719,40.8717,117.4342
376.5726,128.5287,44.8668,119.2772
374.1298,128.9650,49.1918,122.1038
369.7902,130.3616,54.0486,123.4841
370.1455,134.0052,54.7367,122.8262
363.8161,133.2165,58.2297,122.7716
360.6023,133.4405,60.8658,121.5024
355.6394,136.3873,64.5601,119.3620
352.9405,135.1861,67.7948,119.2524
350.4877,136.1993,69.0758,119.0404
347.6789,136.0336,69.6985,119.1681
346.9470,137.4585,70.2160,118.7179
346.4966,139.9354,69.2529,116.9578
347.2587,140.3037,67.6548,116.6059
346.9235,139.5060,66.7707,117.8056
347.7744,139.2862,65.2285,117.9881
348.5717,138.7340,63.5622,119.2294
348.1325,137.8054,62.2508,120.8211
347.9740,139.1487,61.0048,121.9563
347.7050,138.0498,60.8250,124.2653
348.9004,142.0672,60.5464,124.8764
349.5906,141.6177,60.4264,126.4144
349.3352,142.3612,60.8199,128.3123
347.8456,141.9246,61.6412,130.9523
348.9518,141.5381,61.1674,132.5580
348.6830,144.3955,60.4655,131.8812
347.0232,143.7790,61.4758,132.7459
347.1449,144.5015,61.6256,132.4065
345.5523,145.1961,60.8113,133.1428
346.7404,147.8079,60.1859,133.1919
347.4146,150.2288,59.1869,133.8878
347.1843,149.5503,58.7624,136.5098
347.5479,152.3296,57.5033,135.1420
347.3177,151.0060,57.1326,136.7831
347.5673,152.8857,56.1018,136.1672
346.5365,153.4981,57.1017,136.6531
347.3880,152.7005,57.5394,137.8723
344.9743,154.2179,56.1280,137.7048
345.8875,156.1351,56.9837,136.3702
343.2033,156.6109,57.5577,136.2319
344.8960,158.8180,57.4841,134.8413
343.7935,160.8091,56.3218,134.6217
345.0053,161.8672,55.7872,134.3175
343.7308,162.5309,53.7147,134.3554
344.0825,162.7060,53.4495,134.1973
342.9013,160.9177,52.7444,134.4147
341.7094,160.5350,51.7224,134.0122
341.3328,161.9401,51.1732,132.8349
341.4296,162.5489,50.4216,131.8715
341.1481,163.5217,50.6489,132.2517
339.2825,164.9171,49.9921,132.5686
338.1424,165.8032,49.7154,131.5850
336.2228,166.6636,50.2966,132.6276
334.0480,169.2219,50.2805,131.5636
332.6138,169.0549,51.5118,130.7753
329.2103,170.8578,51.6116,130.0509
327.3694,170.3768,52.8202,131.3405
324.3206,171.6914,54.2380,130.4666
323.5275,172.2012,55.3989,130.3807
322.0179,171.7640,55.8960,130.1456
321.0991,175.2712,54.5026,129.4082
320.0101,175.7824,54.4075,129.7987
316.1712,177.8935,54.7785,129.5272
316.8330,178.1729,54.3212,129.7403
315.2593,177.7907,53.1164,129.3576
312.7050,180.3527,52.6430,128.0562
310.9657,180.4324,53.0909,127.1367
307.8164,181.8044,54.0215,126.3782
305.3480,181.8674,54.1120,126.4709
303.5152,180.4371,54.1966,127.2124
300.8620,185.1794,53.6553,127.1372
297.7080,184.7531,53.7759,126.8283
297.0450,184.6540,53.0799,126.6200
294.3713,183.2590,52.9463,126.3305
291.2946,185.0461,52.7008,125.6851
288.0034,185.6198,52.6644,125.6645
287.6704,185.2039,52.6300,125.6989
283.7850,189.1436,52.2686,123.7388
283.1953,189.2254,51.6431,122.5774
279.3574,187.6083,52.5080,123.8219
275.1404,187.6144,53.2447,124.8431
273.0484,185.2887,54.3389,127.0044
271.4749,184.4970,53.4152,127.9249
269.4843,182.7807,53.7444,129.1855
266.5460,184.4986,52.9738,128.5235
263.7798,185.0606,52.7524,127.6500
259.0040,187.2282,54.1624,126.9491
257.3708,186.9961,54.2714,127.0548
254.3831,186.9814,55.3099,127.3025
249.9643,188.5844,55.2650,127.3296
250.5528,189.9340,53.9923,126.0503
247.5275,191.9698,53.6998,125.2035
244.8089,190.9287,53.6395,125.2379
243.1439,192.7922,53.3640,124.3672
239.9560,193.6899,53.4723,123.4289
238.9133,194.4224,53.1668,122.0261
236.4538,194.6514,54.3065,121.5623
233.1468,196.5092,53.5195,120.3255
230.9531,197.8139,54.0274,118.1139
228.3227,199.8893,55.0468,116.8371
225.7233,199.9029,55.3857,115.7340
222.0835,199.5311,55.6913,116.2601
222.2329,198.7805,54.0334,117.0772
