0.75301933
0.01498175
0.01434255
0.01442575
0.01424122
0.01419973
0.01420045
0.01422453
0.01420856
0.01422143
0.01432228
0.01458740
0.01494503
0.01444316
0.01436901
0.01432538
0.01426625
0.01419020
0.01427388
0.01439738
0.01460862
0.01464081
0.01437902
0.01418877
0.01422954
0.01428580
0.01428723
0.01418233
0.01417112
0.01419520
0.01431632
0.01420665
0.01421666
0.01422286
0.01420951
0.01422524
0.01429296
0.01431394
0.01423669
0.01419187
0.01421523
0.01425743
0.01424956
0.01414037
0.01431251
0.01424503
0.01442742
0.01450348
0.01493144
0.01466560
0.01441526
0.01443243
0.01426148
0.01435995
0.01440048
0.01439071
0.01900148
0.01492524
0.01444864
0.01433539
0.01440525
0.01440167
0.01437855
0.01453137
0.01428103
0.01425099
0.01423621
0.01429462
0.01445842
0.01439548
0.01458669
0.01425529
0.01437831
0.01438093
0.01426649
0.01440883
0.01436472
0.01425266
0.01419973
0.01418138
0.01421094
0.01438546
0.01439643
0.01486850
0.01453781
0.01432705
0.01421213
0.01441789
0.01439977
0.01411104
0.01435876
0.01434779
0.01427364
0.01424098
0.01443243
0.01421928
0.01418877
0.01424217
0.01431537
0.01428938
0.01434135
0.01415229
0.01418161
0.01419353
0.01422858
0.01412892
0.01420379
0.01414967
0.01454854
0.01445675
0.01431966
0.01471186
0.01471329
0.01430392
0.01434708
0.01428795
0.01429105
0.01478648
0.01494908
0.01441240
0.01494050
0.01466155
0.01422358
0.01424742
0.01444840
0.01434469
0.01474953
0.01461220
0.01778626
0.01412535
0.01436353
0.01425505
0.01414490
0.01436663
0.01428151
0.01480150
0.01439142
0.01424646
0.01417041
0.01427770
0.01423717
0.01421404
