0.74605727
0.01532054
0.01500607
0.01514053
0.01468515
0.01497555
0.01487303
0.01500773
0.01502442
0.01477623
0.01479173
0.01475620
0.01480055
0.01467514
0.01464510
0.01477170
0.01466608
0.01473975
0.01450634
0.01467252
0.01524138
0.01578212
0.01527882
0.01479864
0.01467180
0.01458335
0.01470375
0.01463795
0.01461887
0.01462078
0.01449823
0.01491594
0.01484036
0.01510286
0.01501417
0.01476741
0.01470160
0.01466966
0.01468945
0.01483536
0.01494527
0.01480222
0.01493955
0.01509833
0.01478577
0.01473379
0.01467586
0.01480985
0.01478362
0.01481462
0.01481628
0.01495409
0.01505780
0.01500821
0.01498508
0.01484084
0.01493430
0.01509619
0.01495409
0.01496625
0.01493359
0.01506329
0.01501703
0.01495290
0.01510310
0.01498222
0.01498055
0.01502275
0.01513290
0.01502585
0.01497626
0.01502371
0.01507020
0.01505995
0.01517105
0.01527667
0.01526523
0.01531339
0.01525307
0.01504827
0.01504087
0.01500964
0.01505709
0.01510859
0.01548076
0.01546693
0.01535153
0.01523662
0.01521873
0.01574278
0.01554394
0.01530766
0.01523805
0.01517677
0.01523829
0.01521921
0.01540685
0.01538277
0.01528263
0.01539373
0.01555109
0.01548934
0.01589870
0.01581383
0.01549244
0.01554608
0.01557231
0.01556897
0.01552892
0.01554060
0.01562095
0.01579404
0.01592612
0.01567698
0.01570892
0.01577306
0.01571274
0.01577401
0.01584983
0.01589274
0.01589251
0.01577997
0.01595759
0.01583862
0.01578522
0.01602697
0.01652122
0.01659727
0.01649308
0.01626849
0.01588583
0.01634288
0.01626515
0.01580334
0.01558471
0.01531768
0.01532197
0.01533842
0.01545739
0.01536345
0.01524353
0.01526189
0.01537013
0.01535702
0.01518989
0.01581430
0.01548529
0.01525617
0.01517415
0.01503468
0.01540494
0.01518750
0.01510668
0.01509094
0.01508236
0.01534247
0.01522231
0.01556587
0.01930785
0.01579261
0.01550198
0.01540422
0.01568651
0.01582527
0.01550531
0.01561928
0.01566744
0.01538467
0.01533818
0.01542425
0.01528502
0.01540756
0.01572633
0.01558328
0.01550198
0.01546884
0.01560593
0.01565409
0.01570821
0.01598072
0.01596594
0.01564789
0.01567388
0.01561451
0.01577592
0.01563287
0.01573873
0.01569486
0.01566553
0.01575375
0.01569510
0.01598930
0.01598382
0.01557970
0.01563501
0.01566005
0.01556349
0.01571035
0.01564646
0.01610923
0.01582193
0.01586223
0.01553869
0.01552844
0.01550817
0.01557922
0.01550531
0.01545048
0.01546717
0.01552296
0.01591897
0.01564050
0.01560450
0.01552868
0.01553535
0.01555157
0.01554966
0.01546073
0.01540446
0.01549768
0.01551580
0.01578808
0.01590252
0.01558375
0.01549006
0.01549506
0.01554060
0.01549649
0.01615548
0.01611400
0.01573324
0.01581335
0.01569939
0.01559639
0.01611567
0.01585126
0.01556945
0.01569009
0.01572704
0.01565456
0.01566434
0.01556325
0.01558614
0.01555681
0.01566935
0.01563072
0.01555824
0.01550865
0.01552200
0.01569486
0.01533413
0.01549768
0.01530242
0.01538444
0.01522183
0.01528263
0.01529264
0.01558304
0.01522374
0.01554871
0.01543164
0.01531577
0.01546621
0.01551986
0.01514912
0.01511049
0.01507044
0.01486897
0.01490235
0.01486874
0.01483893
0.01487184
0.01506829
0.01510262
0.01507449
0.01506591
0.01491332
0.01509118
0.01548147
0.01537704
0.01583576
0.01551867
0.01509857
0.01499128
0.01511598
0.01508617
0.01520681
0.01526570
0.01534009
0.01561809
0.01525068
0.01520824
0.01536727
0.01528478
0.01548290
0.01584816
0.01540637
0.01578546
0.01579213
0.01523185
0.01527166
0.01521420
0.01532984
0.01525068
0.01538754
0.01528406
0.01541686
0.01529336
0.01530170
0.01526284
0.01520371
0.01516223
0.01520729
0.01544762
0.01538539
0.01523733
0.01545644
0.01528764
0.01513457
0.01526570
0.01543117
0.01544595
0.01563263
0.01569676
0.01539063
0.01531243
0.01546669
0.01539969
0.01540112
0.01549125
0.01548243
0.01588917
0.01598930
0.01582074
0.01544476
0.01603150
0.01588583
0.01551580
0.01549816
0.01553249
0.01543117
0.01536226
0.01536822
0.01524043
0.01531911
0.01553369
0.01542354
0.01551867
0.01584005
0.01564121
0.01543140
0.01535082
0.01538229
0.01527786
0.01528859
0.01535773
0.01560068
0.01552582
0.01535702
0.01543188
0.01546049
0.01548123
0.01553464
0.01564097
0.01603580
0.01597166
0.01565528
0.01564026
0.01576686
0.01580763
0.01583409
0.01587534
0.01587081
0.01574063
0.01576924
0.01583600
0.01588082
0.01577306
0.01596212
0.01589227
0.01577926
0.01577425
0.01592588
0.01635528
0.01658058
0.01584554
0.01586223
0.01586461
0.01584840
0.01575446
0.01567030
0.01534843
0.01533508
0.01535630
0.01547766
0.01535106
0.01563978
0.01539898
0.01562691
0.01537991
0.01509833
0.01508093
0.01510406
0.01504540
0.01502204
0.01501012
0.01498795
0.01486683
0.01481748
0.01482868
0.01495028
0.01490927
0.01492453
0.01491308
0.01512289
0.01556802
0.01563716
0.01515341
0.01522756
0.01502347
0.01510334
0.01515317
0.01511383
0.01508904
0.01507282
0.01510024
0.01509309
0.01507425
0.01515675
0.01513839
0.01508260
0.01516533
0.01515031
0.01516724
0.01524830
0.01542807
0.01566529
0.01581049
0.01533413
0.01534605
0.01530218
0.01527905
0.01529431
0.01532960
0.01541209
0.01525378
0.01539540
0.01536655
0.01560092
0.01543808
0.01571679
0.01560426
0.01528335
0.01532865
0.01522732
0.01517510
0.01522613
0.01507711
0.01506972
0.01525664
0.01518106
0.01513791
0.01507425
0.01510882
0.01520228
0.01517177
0.01513886
0.01510620
0.01556873
0.01537848
0.01567888
0.01557970
0.01535368
0.01541042
0.01521134
0.01520753
0.01539660
0.01544452
0.01540542
0.01578856
0.01570439
0.01537085
0.01533508
0.01556706
0.01567888
0.01579547
0.01580000
0.01542354
0.01548767
0.01539540
0.01537037
0.01522088
0.01526046
