258.000,230.000,424.000,311.000
249.729,233.692,423.739,306.213
259.951,243.381,426.012,305.228
267.000,250.463,425.729,304.289
261.081,255.375,426.481,301.070
270.641,252.268,427.831,299.604
263.280,247.240,430.426,295.163
269.360,235.672,432.530,294.371
267.397,228.796,439.187,292.392
271.300,219.114,444.443,290.687
273.281,217.285,452.967,289.228
284.166,220.941,455.246,287.161
306.767,228.170,454.955,284.024
315.800,229.529,452.813,285.094
336.221,237.254,454.814,283.639
329.440,241.834,458.355,282.481
340.297,244.580,462.838,283.584
335.744,247.457,461.868,282.522
342.334,252.751,458.652,280.573
352.670,257.453,459.662,276.877
351.420,261.664,462.097,273.343
350.467,264.987,465.723,270.276
345.391,268.671,469.803,269.894
333.002,273.591,464.937,266.969
323.447,275.837,450.329,266.202
335.887,272.776,441.805,267.834
340.604,275.432,443.938,268.156
333.331,281.330,442.941,267.435
312.502,278.006,437.089,270.023
308.948,286.002,433.591,268.459
319.531,284.730,431.506,269.252
317.868,288.266,427.265,267.621
334.179,284.063,435.906,268.128
316.181,282.793,429.605,270.266
315.160,286.749,423.006,269.117
313.493,291.262,419.952,266.521
307.917,295.186,418.197,265.441
313.456,297.666,427.236,265.000
313.653,300.382,434.331,267.187
317.209,302.320,450.131,269.499
307.052,301.258,459.995,272.600
304.054,295.452,459.015,271.263
314.144,273.391,464.411,271.675
315.527,240.858,463.294,272.320
319.544,214.167,461.455,272.897
310.697,202.161,458.751,269.283
310.731,194.922,459.260,269.613
308.220,191.652,461.739,273.070
304.854,189.838,469.014,273.153
305.954,186.109,472.132,274.142
298.308,181.211,472.936,273.760
297.708,181.735,473.209,276.069
295.159,179.002,468.601,277.156
290.244,176.547,468.221,280.631
283.351,177.824,467.001,283.334
276.394,176.070,466.214,287.100
274.347,175.846,463.859,289.705
272.894,173.824,459.856,291.928
263.562,176.108,461.748,291.815
263.854,176.131,454.729,292.516
268.221,174.875,453.782,291.737
268.149,175.139,453.407,295.684
267.981,175.493,451.293,299.694
265.008,175.670,450.607,302.526
268.076,171.307,446.940,305.808
268.677,168.119,447.270,310.492
267.439,165.655,451.499,316.557
266.764,164.786,453.416,320.578
265.086,165.351,453.251,322.294
266.143,165.291,452.255,322.545
270.644,164.322,445.960,326.226
269.392,165.507,443.384,327.296
270.784,165.343,441.188,327.775
271.664,166.948,439.984,328.821
269.696,162.138,440.380,326.947
278.839,165.432,441.617,325.908
278.677,164.319,440.685,325.895
278.848,163.753,438.624,325.599
284.198,165.814,433.774,323.714
290.943,167.232,434.216,325.935
292.724,167.016,432.318,324.048
297.386,170.131,432.071,324.950
295.431,167.287,432.174,325.369
294.503,169.695,433.575,325.106
294.441,164.791,432.744,326.247
300.130,165.237,429.919,327.205
304.267,166.280,430.325,328.291
310.818,165.360,429.404,327.178
316.040,162.278,428.917,329.453
324.234,162.606,430.099,329.295
328.960,163.692,432.236,329.306
335.146,163.427,433.779,328.839
340.325,167.035,434.880,325.815
342.723,168.982,437.533,323.993
344.442,173.770,438.182,322.351
345.793,178.838,443.195,321.804
348.279,181.588,446.063,317.387
348.907,184.936,446.451,312.154
354.374,186.006,443.957,307.400
354.873,190.419,442.273,302.396
358.176,194.245,440.770,299.315
360.168,196.305,441.058,297.979
360.705,201.708,441.053,293.042
362.115,205.867,445.390,290.008
365.836,207.199,449.328,286.598
367.536,210.199,454.491,284.695
368.348,212.099,460.000,283.571
367.352,212.963,464.740,283.781
365.450,212.869,466.876,282.748
365.795,212.341,469.643,282.088
371.156,214.734,470.782,280.696
369.191,214.385,479.699,279.772
372.081,214.989,485.461,279.970
375.285,212.171,486.607,278.627
377.609,211.511,489.141,279.901
374.770,210.549,489.925,281.138
377.931,208.268,493.971,284.253
379.351,206.399,494.487,284.363
379.419,202.893,495.931,286.585
378.566,200.162,493.850,286.250
379.424,199.069,492.993,287.264
374.684,198.093,488.415,286.259
376.655,195.799,484.544,285.256
373.694,194.240,480.227,282.787
369.754,193.849,473.384,283.133
365.758,194.244,467.928,281.936
362.626,194.879,464.533,282.243
360.927,196.192,459.348,283.309
358.920,195.686,455.676,283.365
358.843,191.965,454.184,283.872
360.330,190.974,453.635,284.666
363.108,190.792,451.586,287.009
366.545,193.912,461.050,289.624
364.442,197.324,462.607,290.863
363.929,200.130,464.587,290.693
360.388,203.858,464.452,290.023
357.419,207.196,465.048,288.144
358.016,210.623,463.650,289.152
357.804,213.883,463.395,286.617
353.496,215.008,464.657,286.774
351.856,215.563,465.585,287.976
353.787,218.501,469.375,289.857
345.014,222.568,469.112,289.509
348.345,220.364,470.587,290.886
344.383,222.027,470.337,291.295
344.810,222.420,468.103,290.891
345.406,224.599,470.145,290.608
341.582,226.236,466.976,290.435
347.941,224.180,468.458,291.408
345.729,227.133,468.804,289.624
348.170,230.298,470.942,288.978
350.212,231.754,470.859,287.193
353.183,232.119,470.517,290.740
342.702,239.533,470.280,288.607
338.298,248.193,468.245,285.321
339.233,247.696,470.641,287.504
339.990,248.810,470.332,288.781
341.132,248.130,472.253,287.386
339.980,256.141,469.357,283.471
338.347,257.933,471.464,282.778
335.853,258.415,470.320,280.206
338.645,259.010,470.603,277.977
339.497,257.662,469.362,277.546
338.516,254.921,466.176,274.779
339.080,254.715,467.377,271.120
337.943,251.556,465.642,267.556
325.475,250.893,452.215,266.077
322.997,251.683,443.278,268.524
321.748,251.093,436.239,270.721
327.510,248.360,430.284,272.029
330.291,251.511,427.795,272.721
334.186,253.576,429.722,273.224
329.433,255.974,428.353,271.145
330.434,259.667,433.233,270.538
330.834,259.029,437.852,270.164
328.980,258.013,440.311,272.718
330.730,256.964,444.505,275.269
333.010,255.613,453.144,275.505
329.987,255.166,455.354,276.703
319.547,254.672,450.270,278.346
325.783,254.039,453.076,277.191
329.688,254.874,454.969,276.084
322.087,255.389,453.535,276.161
322.401,254.067,454.862,277.909
327.311,252.872,457.310,280.237
335.901,253.672,458.455,282.925
332.692,253.179,457.485,285.355
334.798,250.105,459.845,287.007
337.296,249.112,460.118,289.725
341.976,246.169,457.759,291.248
345.268,245.302,458.518,293.359
342.173,244.690,454.329,292.377
348.705,240.036,453.887,294.525
351.283,240.206,456.067,294.497
351.035,240.986,455.555,294.303
355.195,239.938,451.168,293.648
360.178,239.513,444.438,294.225
362.404,237.778,442.171,297.426
362.092,239.640,437.361,298.395
370.939,239.165,428.266,300.036
379.531,243.415,426.758,303.064
380.436,242.449,424.833,303.701
387.111,245.815,421.429,307.490
383.432,245.471,421.029,305.660
383.191,251.981,421.049,307.508
381.480,250.851,421.447,304.924
383.803,252.851,420.687,304.826
375.170,251.165,423.614,304.906
376.642,249.393,419.025,305.887
368.296,250.738,415.050,304.562
370.497,251.436,409.158,301.345
369.952,255.062,404.896,298.194
376.923,258.218,403.697,294.504
371.667,260.099,398.821,292.014
374.800,262.367,398.849,291.446
375.129,263.221,401.004,289.753
375.313,264.475,404.044,294.647
371.972,266.192,412.629,300.635
361.970,266.802,424.255,307.149
355.845,267.632,435.416,316.721
349.545,265.666,444.411,323.975
354.073,266.239,448.804,324.066
358.074,264.275,452.620,322.429
367.793,261.827,459.543,323.482
369.852,264.718,467.489,326.496
364.194,267.773,485.879,332.311
361.671,275.339,502.647,339.471
352.742,283.073,514.772,343.752
352.934,281.896,527.822,345.235
357.147,281.499,536.849,348.039
359.677,273.841,535.641,348.053
364.373,277.015,533.211,350.788
370.000,280.644,533.102,349.078
371.808,276.482,536.952,349.128
369.136,276.341,536.242,348.043
370.338,280.146,535.067,348.522
374.512,279.365,535.255,348.790
383.948,278.068,544.494,351.727
377.960,282.042,544.226,352.211
391.866,278.742,540.197,351.519
393.716,278.544,541.345,352.502
401.201,278.198,546.597,356.088
399.879,284.549,547.944,359.798
409.573,286.249,548.695,363.049
414.090,288.103,544.936,367.617
420.982,287.333,549.960,368.843
418.866,293.547,548.728,370.759
412.855,291.212,550.297,371.387
422.912,291.767,550.607,374.203
419.760,292.180,558.843,377.328
416.341,286.195,546.667,379.719
424.451,286.653,539.708,380.542
431.481,278.568,535.689,380.729
451.223,269.552,528.323,380.228
459.636,267.737,521.807,380.356
466.660,266.334,519.595,379.897
475.938,261.071,518.128,381.566
478.915,261.308,517.924,382.651
483.524,253.284,514.271,383.879
488.985,241.927,521.781,386.003
495.765,226.972,525.840,390.048
488.715,216.521,522.728,393.726
495.733,210.096,523.240,398.552
491.428,209.668,519.084,400.753
494.796,204.094,523.679,401.507
488.710,197.012,522.880,402.480
484.245,191.798,526.856,400.318
481.631,180.065,534.806,400.352
466.738,170.690,538.952,401.097
463.586,168.945,535.847,399.780
456.025,166.449,532.612,400.295
443.731,164.439,535.816,401.305
437.798,163.910,531.004,402.027
424.604,160.223,526.829,405.603
421.447,150.481,528.918,411.677
411.636,147.930,531.519,414.514
417.254,144.865,530.191,416.391
404.984,140.330,526.128,422.709
401.947,141.017,521.168,424.047
399.274,147.578,519.012,428.299
407.234,148.747,507.855,429.525
411.722,152.883,501.936,433.563
414.789,150.108,495.890,434.137
417.850,157.793,492.847,430.602
426.437,155.050,484.883,425.889
409.761,162.437,497.148,420.507
418.535,163.947,495.748,418.428
432.156,164.678,502.015,417.862
426.543,170.718,505.596,419.524
418.309,165.248,503.063,420.660
426.579,170.771,508.978,422.345
419.619,173.314,504.667,418.989
423.400,166.073,508.563,416.759
412.772,174.783,505.527,407.186
399.917,177.381,499.567,397.595
410.637,181.868,509.121,390.492
410.214,184.283,516.832,382.768
392.312,189.658,514.057,374.438
382.775,189.048,511.586,369.114
379.203,184.465,501.953,366.368
381.191,177.864,501.482,367.165
386.768,175.457,502.621,366.288
388.295,176.027,508.171,363.723
377.617,169.429,511.429,363.784
378.413,166.895,522.556,363.004
365.027,161.523,514.920,361.034
379.187,160.148,530.001,362.242
382.785,159.644,540.629,366.597
375.889,154.445,542.133,370.165
364.266,157.991,538.478,367.130
359.718,159.591,534.555,367.317
357.482,163.766,530.492,367.840
359.604,162.741,525.052,368.742
358.848,163.088,519.883,365.683
360.267,160.282,513.771,365.314
360.679,161.725,506.614,360.187
360.715,162.370,504.417,355.889
362.299,161.728,505.888,352.260
357.394,161.234,503.510,350.070
352.516,160.117,501.745,348.405
349.708,160.444,498.010,346.632
350.155,157.144,496.304,345.884
342.137,152.402,491.791,342.483
338.887,148.956,486.057,335.374
335.083,144.634,479.122,331.386
333.582,142.687,474.601,324.868
332.447,139.225,469.750,320.770
330.319,135.249,462.549,316.771
329.472,135.358,455.191,315.590
330.868,129.786,450.771,316.072
327.391,126.109,445.363,317.163
324.785,122.041,438.146,318.905
328.226,116.472,431.101,322.847
347.399,114.047,441.244,326.487
334.090,113.524,435.635,328.124
341.525,111.466,432.619,334.240
352.056,109.928,439.540,336.722
350.888,118.461,445.902,338.013
325.997,115.028,428.450,338.985
325.967,115.614,409.825,334.941
333.448,115.492,397.394,334.258
342.371,113.081,385.456,328.814
350.018,121.841,380.039,328.057
354.092,124.336,376.073,324.263
360.898,128.798,373.120,316.693
365.686,132.435,370.295,310.354
371.116,134.603,364.733,303.701
373.599,137.660,359.070,297.211
379.624,138.210,353.714,292.422
380.717,139.632,349.536,288.494
386.212,139.241,346.357,285.734
386.873,139.574,342.742,281.689
391.710,135.483,340.034,278.430
393.763,134.880,338.461,275.470
401.496,133.140,338.156,272.663
405.088,131.251,337.752,270.173
404.754,132.236,338.184,266.688
411.110,129.465,334.545,265.047
416.995,130.498,331.163,264.874
423.999,128.610,328.845,264.220
431.718,129.595,326.907,262.816
436.345,128.626,325.438,261.629
438.668,134.153,326.650,259.692
438.941,138.998,327.444,257.856
451.680,144.394,326.817,254.465
446.672,145.062,328.778,253.996
450.099,146.089,329.655,253.371
464.399,152.322,331.859,252.549
467.956,156.534,330.323,250.995
472.695,153.459,328.105,251.039
476.897,161.055,326.670,249.603
480.835,161.893,325.324,247.293
482.968,166.052,326.356,245.766
477.973,164.339,326.642,245.732
473.990,167.252,325.228,243.852
472.490,159.255,324.391,245.492
467.545,164.713,323.146,244.468
459.013,157.291,320.989,247.550
448.909,159.338,319.236,247.022
436.467,154.921,317.661,248.641
428.163,147.943,316.051,250.624
416.819,146.454,313.791,251.052
406.245,138.077,312.928,253.065
398.277,133.741,312.120,257.917
392.046,126.732,312.224,260.975
385.753,119.458,312.232,262.031
393.132,122.355,324.237,264.012
375.642,119.212,343.183,268.378
342.683,111.085,361.513,275.996
341.259,105.494,385.923,285.642
331.922,96.945,410.924,295.049
318.924,89.430,425.334,306.410
308.613,82.762,433.001,317.145
310.727,77.538,435.164,323.011
318.638,73.450,436.526,329.335
344.483,69.936,445.065,333.787
362.118,71.753,456.119,338.134
362.736,70.279,459.764,341.330
341.010,69.377,443.667,343.722
333.461,66.452,422.003,344.488
354.994,66.041,407.357,346.182
361.536,66.556,407.281,348.223
382.406,59.265,417.516,350.146
386.048,54.275,434.037,352.938
383.849,54.330,444.285,355.355
390.069,61.409,459.191,355.174
395.074,63.029,470.783,352.859
387.229,74.336,482.728,348.724
388.030,80.032,491.051,342.227
385.410,83.976,496.292,338.270
386.504,84.670,497.884,333.727
389.130,82.512,497.531,329.953
394.969,84.110,496.414,326.865
389.064,88.421,495.032,322.702
391.732,94.279,498.643,319.145
397.919,95.854,492.351,315.747
396.984,96.320,491.223,312.949
397.768,94.792,489.314,311.379
398.120,93.833,487.008,310.177
398.475,91.463,482.107,310.418
395.087,88.882,481.591,312.741
388.059,85.368,483.721,317.016
385.140,82.766,485.141,322.637
373.361,90.450,488.784,326.446
366.109,95.725,497.470,327.221
360.498,108.331,497.711,324.852
358.966,126.511,499.655,320.026
365.439,138.216,491.788,312.991
360.467,139.315,472.479,305.742
363.182,143.099,451.352,300.122
365.246,138.751,429.756,292.665
368.128,141.883,412.443,291.923
373.535,143.263,401.587,293.507
372.506,143.488,391.376,294.402
374.724,139.665,381.962,298.434
381.201,140.337,378.834,301.661
384.760,137.028,378.969,304.458
391.917,143.949,385.366,309.541
391.889,146.527,387.359,315.621
401.258,143.223,400.095,318.589
395.040,150.299,407.762,321.252
390.421,157.808,413.247,323.473
390.311,161.037,419.058,324.634
387.691,167.431,427.374,323.481
379.345,167.414,435.605,318.102
376.974,167.398,440.127,314.860
371.654,168.661,447.510,311.735
369.240,169.471,451.647,311.273
364.274,168.653,456.877,309.647
363.505,169.854,459.378,308.443
363.680,168.893,458.844,309.022
357.690,166.344,452.967,307.481
359.350,161.483,448.740,309.138
358.746,159.359,443.765,310.620
358.564,153.350,431.097,312.326
367.052,152.926,422.120,317.077
369.062,152.878,415.606,320.617
368.694,151.997,405.823,321.481
370.405,154.789,398.068,324.787
371.867,150.887,387.474,327.119
383.295,156.263,383.195,327.218
388.475,156.653,381.761,325.736
381.078,161.947,374.342,323.853
384.112,169.293,368.860,321.013
381.358,173.018,361.012,317.971
380.463,172.157,354.839,314.522
382.982,175.039,350.369,309.654
389.073,181.218,350.262,304.873
385.611,182.462,345.295,298.705
389.166,187.786,342.819,293.478
385.646,190.832,337.406,285.467
388.588,194.213,332.246,279.268
391.582,198.531,329.083,273.900
391.770,200.707,324.607,270.493
394.719,203.004,322.093,268.976
399.031,201.942,322.580,270.237
396.561,205.743,322.092,270.053
398.899,208.820,320.801,269.597
393.941,206.323,320.739,272.610
389.687,211.750,322.164,272.094
386.446,220.173,323.383,268.547
388.295,223.760,329.420,269.003
381.393,233.777,330.817,266.385
387.217,243.526,338.861,262.327
391.836,246.817,346.487,259.982
364.038,247.523,338.783,258.489
357.376,251.768,335.992,256.867
364.075,249.202,328.554,256.620
365.526,246.123,324.972,256.806
368.434,253.687,321.920,254.513
375.022,254.297,319.584,253.544
384.399,257.132,317.900,251.832
386.814,249.247,316.193,252.783
392.539,249.187,313.580,251.283
396.429,246.970,311.465,250.219
397.232,239.994,311.912,252.227
401.591,245.907,310.050,250.250
402.068,241.680,310.149,249.683
403.365,239.088,310.551,251.484
406.181,240.016,313.035,252.039
401.603,233.157,310.156,256.330
397.573,235.024,309.004,261.656
408.104,228.717,311.721,264.433
402.191,229.000,311.318,267.822
405.184,224.991,312.631,269.814
411.313,229.504,319.884,272.292
391.327,219.987,317.133,275.936
391.879,214.275,317.185,277.392
391.745,211.101,314.902,279.767
396.783,204.081,315.449,283.882
395.386,196.371,316.698,287.712
392.425,190.353,318.657,291.569
393.687,183.783,325.751,292.120
383.601,178.381,333.089,294.109
382.124,172.332,344.307,293.692
372.618,166.636,351.623,294.192
368.376,170.387,361.833,292.550
380.861,169.152,387.473,294.509
378.217,166.758,413.154,294.972
346.102,159.471,416.124,295.675
363.614,163.859,440.631,297.311
369.334,158.600,468.020,299.140
349.860,147.923,487.333,302.728
322.293,144.424,497.612,308.053
326.384,143.628,512.334,312.406
