1028.000,215.000,157.000,174.000
972.879,272.982,158.890,179.991
936.208,318.034,159.576,174.579
890.923,355.841,160.440,171.630
856.328,386.069,164.127,173.120
831.424,409.502,164.641,168.642
810.056,424.065,164.923,168.796
789.288,428.211,167.659,165.195
772.480,425.875,170.116,165.067
763.694,416.443,175.057,168.616
755.370,400.778,179.714,171.214
755.121,377.761,181.584,171.460
758.112,361.389,181.903,169.771
765.259,346.395,183.077,168.543
776.484,330.665,185.208,167.378
796.677,313.007,187.719,166.297
814.265,297.942,189.375,166.596
830.718,275.486,191.270,168.071
846.201,259.736,193.772,170.493
863.600,241.389,194.563,171.556
875.814,226.880,198.187,172.493
888.907,216.004,200.009,172.816
899.310,202.060,202.890,172.922
912.889,192.092,202.739,174.741
921.460,181.398,199.744,175.996
927.894,170.680,198.018,181.190
931.826,160.322,197.424,186.067
936.764,155.600,196.819,189.244
938.496,152.644,197.132,191.348
937.027,152.405,197.388,191.870
934.812,156.914,194.593,192.317
930.420,158.440,192.120,192.225
927.254,165.050,191.123,191.841
922.813,170.724,191.018,192.282
919.565,176.151,192.298,194.742
915.413,180.819,194.302,196.132
911.776,185.497,194.747,196.273
907.246,192.646,195.893,196.487
902.460,200.734,196.515,196.522
898.732,207.923,196.797,196.618
894.404,212.552,197.699,197.687
892.208,216.605,198.045,199.145
889.467,218.558,199.266,202.221
887.587,219.613,200.771,205.905
883.690,221.146,200.979,206.441
878.868,226.355,203.322,208.600
872.543,231.855,206.883,209.710
865.193,235.882,205.928,208.922
863.121,240.314,203.990,208.550
859.515,243.148,202.628,206.629
854.583,242.779,204.485,207.584
852.106,243.186,206.930,211.498
850.714,242.012,210.046,214.832
845.671,241.766,213.385,217.149
843.465,241.124,215.332,218.287
840.022,243.452,216.730,216.899
836.904,244.614,218.958,221.640
836.708,241.763,220.891,223.734
836.781,242.376,222.929,226.241
836.744,241.674,224.048,229.860
835.536,240.412,227.613,233.811
833.744,238.238,231.310,236.375
826.605,243.009,237.196,238.393
819.265,243.723,240.781,240.934
819.161,243.321,241.316,240.261
818.482,245.579,242.098,239.782
819.575,246.360,244.666,242.315
821.980,247.502,247.619,244.382
821.806,247.454,254.074,245.595
822.199,250.382,262.961,246.492
820.547,251.912,272.082,248.627
818.560,255.347,279.710,250.776
813.666,259.459,285.291,253.722
807.313,259.626,291.615,255.335
808.787,254.180,294.900,259.466
810.955,251.793,297.310,265.185
814.406,250.181,302.075,268.455
809.965,252.132,308.425,270.581
813.092,250.453,314.363,272.682
808.104,254.104,322.001,273.924
806.664,255.315,326.458,274.279
802.099,251.784,335.328,274.976
798.744,250.224,339.137,276.469
798.304,249.079,343.937,279.259
796.925,245.064,347.943,282.210
797.648,244.497,352.580,286.137
800.142,242.755,366.869,288.095
789.724,240.088,378.857,292.082
786.965,240.494,387.598,294.076
780.731,242.039,388.980,294.874
779.708,238.560,387.263,298.372
775.815,234.871,384.729,302.022
771.122,229.702,387.680,307.196
772.402,227.126,388.080,311.825
760.107,227.288,389.238,313.743
739.979,230.629,382.951,314.230
752.719,231.975,387.459,312.977
740.157,239.383,384.164,309.614
744.867,237.388,387.329,309.012
743.321,237.492,385.651,310.312
742.122,237.045,381.627,313.565
739.390,236.333,379.898,318.737
738.799,235.202,377.347,323.881
736.186,237.118,379.758,325.374
734.322,240.835,383.539,326.387
725.560,242.327,384.629,326.124
717.965,240.423,392.234,326.538
714.380,239.224,393.865,330.972
723.284,234.729,395.963,341.285
730.254,234.591,399.041,344.724
729.307,239.644,400.825,349.476
723.954,238.014,402.026,351.794
722.545,247.649,402.935,350.603
720.283,252.361,407.162,351.129
714.127,256.825,409.973,348.716
709.107,255.811,415.848,349.655
717.412,254.893,421.311,351.506
723.294,252.245,426.727,358.758
722.472,248.780,429.926,367.816
717.169,253.578,430.890,371.193
716.279,258.343,431.517,372.683
710.652,265.367,439.885,372.860
709.472,264.235,447.425,374.571
704.922,259.836,457.788,376.872
714.443,258.352,469.130,380.734
721.573,262.147,479.289,386.651
726.758,253.613,490.555,396.124
718.569,258.065,498.355,400.086
714.821,258.496,508.576,403.822
713.576,274.198,515.334,402.233
713.485,272.769,521.260,402.311
710.846,267.860,525.610,404.033
711.172,265.142,529.178,405.679
711.720,256.556,533.876,411.107
715.994,249.625,528.047,412.929
717.288,247.723,524.146,418.722
711.249,243.685,516.467,426.840
723.033,244.598,514.803,428.762
718.968,245.098,511.418,425.450
724.040,247.920,516.554,425.630
723.215,247.805,520.843,425.453
718.481,237.668,526.087,426.285
713.708,229.155,528.892,429.380
712.541,229.071,528.036,429.883
712.263,229.222,528.478,432.805
708.740,227.832,523.247,434.372
714.187,227.408,511.256,436.250
709.877,221.331,506.863,435.460
706.210,219.424,509.270,439.495
691.813,202.524,518.049,444.442
694.318,199.735,519.951,447.321
692.590,197.612,519.923,448.705
698.769,205.502,512.363,443.976
698.514,194.862,502.542,445.174
702.841,204.974,491.741,438.761
704.229,219.608,485.255,426.335
703.500,214.605,475.996,421.892
697.953,220.409,470.675,417.724
688.425,224.258,464.453,412.364
683.870,233.975,456.593,403.178
683.064,231.118,448.250,395.330
677.247,230.861,440.796,388.091
682.015,232.189,430.989,381.305
678.758,235.033,423.664,374.318
675.902,233.035,414.665,368.620
672.529,232.614,403.970,363.182
665.020,230.370,392.603,357.406
662.088,225.072,378.433,355.994
658.656,221.918,366.072,353.659
651.131,219.469,357.621,350.536
648.632,218.471,346.947,344.206
641.338,213.169,339.688,341.072
640.619,219.085,330.045,334.182
637.315,220.193,319.403,330.303
628.293,219.853,310.532,326.343
625.783,217.683,302.328,322.485
619.812,220.796,294.608,317.589
605.770,218.123,287.178,315.554
603.138,214.975,281.676,313.163
598.057,212.204,277.177,313.369
598.777,216.084,270.079,308.781
597.049,212.520,263.070,304.730
597.146,215.256,256.127,299.413
596.400,223.481,249.228,292.539
592.727,217.433,241.946,290.799
589.510,225.450,235.436,286.141
582.042,227.466,226.325,281.738
578.945,228.789,218.494,277.897
579.120,231.131,213.812,272.608
573.100,227.332,211.246,269.472
572.116,230.249,206.119,264.912
567.886,233.751,200.155,261.283
562.046,236.870,194.819,259.346
560.587,243.193,189.797,254.470
556.385,242.146,185.781,253.574
550.545,241.017,180.425,252.441
544.514,235.923,176.850,255.581
540.826,236.745,174.421,255.521
538.932,239.474,170.942,253.784
536.314,239.070,165.727,249.844
535.559,243.162,162.269,245.066
536.959,250.401,159.686,241.893
532.835,256.104,155.869,239.039
532.995,262.213,152.181,236.711
530.935,263.103,148.272,233.776
528.759,266.967,144.465,233.156
527.866,267.979,139.876,233.444
528.779,265.780,135.377,235.758
529.544,269.964,132.117,235.832
527.749,273.928,129.830,235.245
527.024,276.987,127.224,234.812
524.830,282.837,124.755,232.925
525.172,284.651,122.077,231.467
522.274,285.763,118.410,230.720
521.568,287.311,113.814,231.423
521.800,288.169,109.763,231.046
521.082,292.801,106.619,230.244
521.217,295.647,103.806,229.057
521.168,297.118,101.497,229.360
521.071,298.010,100.000,228.528
521.565,302.070,99.227,225.752
521.447,311.092,98.127,224.463
520.466,316.098,96.579,222.399
520.249,316.926,94.457,220.426
519.534,315.436,92.631,220.912
519.968,311.597,90.867,223.770
519.592,313.163,90.300,222.574
519.078,312.842,90.202,222.055
518.761,312.233,89.915,220.228
517.923,311.131,89.753,219.182
517.136,311.140,89.585,217.822
515.163,315.144,89.997,215.772
513.436,311.741,90.408,215.185
511.263,306.865,90.270,215.481
509.305,303.390,90.225,216.456
504.330,297.127,89.578,217.800
504.051,293.969,88.858,217.690
502.749,288.528,88.033,217.423
500.564,283.818,87.619,216.099
497.477,279.975,87.551,214.170
493.689,276.529,87.645,211.511
492.490,267.973,87.291,210.620
489.479,259.887,86.719,210.792
486.957,249.556,86.269,211.663
484.057,243.349,87.061,213.413
481.598,235.947,88.248,215.153
477.315,234.198,89.998,216.507
470.249,228.216,91.620,216.245
461.690,226.142,94.721,215.039
453.020,228.324,97.870,213.453
445.821,231.672,101.136,211.384
437.186,233.650,104.062,209.840
429.411,236.007,106.937,208.865
420.657,238.820,110.158,207.866
410.506,239.641,113.130,206.576
400.986,239.270,115.618,205.395
390.921,243.368,118.924,204.375
381.694,245.576,121.226,201.047
372.828,248.970,121.650,196.628
365.239,251.528,123.295,192.405
356.744,253.716,126.043,189.821
347.391,256.306,128.390,187.775
337.579,256.436,130.475,187.042
328.037,253.348,133.098,187.116
317.269,250.347,134.767,187.358
307.474,247.435,136.675,187.019
295.784,244.388,140.311,188.549
283.713,243.524,142.714,186.777
268.613,242.423,144.390,185.709
255.163,242.695,147.570,184.663
241.425,242.131,150.233,183.144
227.319,238.471,152.357,182.595
212.517,235.693,155.565,182.689
200.260,234.037,156.288,183.591
189.540,228.784,158.939,184.015
173.317,230.088,163.892,183.321
159.814,226.869,169.229,183.334
144.462,224.743,173.960,181.860
131.524,223.339,181.128,181.781
119.753,222.359,186.487,181.903
112.491,219.429,188.028,182.090
99.026,216.372,188.604,181.343
95.415,213.735,188.079,181.326
89.745,211.635,187.213,182.362
85.378,207.328,186.944,183.909
82.908,206.216,185.310,185.253
84.914,200.851,183.904,187.162
84.854,200.731,181.778,186.050
82.677,197.954,182.281,185.886
83.760,198.395,182.251,186.014
85.101,197.729,181.195,187.385
93.232,195.802,180.350,188.435
102.164,192.896,180.257,188.767
119.409,191.904,178.656,188.142
128.873,189.237,178.683,187.816
144.029,182.765,177.999,187.936
159.866,179.423,176.700,187.867
170.001,177.768,176.025,186.736
177.080,174.779,175.255,186.614
182.555,168.798,173.496,186.025
186.747,162.966,171.766,186.225
187.173,156.332,171.790,187.898
186.108,148.721,172.198,189.475
180.031,142.873,172.183,189.767
168.474,137.050,170.431,190.318
162.402,135.344,168.684,189.741
153.423,133.856,167.314,188.717
143.482,133.334,167.321,187.925
135.654,130.251,168.961,187.309
126.400,134.436,171.165,186.643
120.705,129.329,175.709,187.113
113.316,129.953,179.887,188.051
104.353,127.685,183.418,187.887
98.729,127.299,187.838,189.112
98.440,130.328,184.237,189.151
91.735,139.021,181.633,187.795
92.564,142.136,178.317,184.936
93.852,144.859,175.818,184.096
89.091,151.685,174.626,182.035
89.403,155.963,172.272,179.928
87.835,154.969,172.129,182.676
86.543,157.915,172.328,183.211
84.836,161.456,170.160,183.295
79.456,165.181,167.145,182.237
75.928,170.723,167.212,181.454
72.471,171.344,169.925,181.694
67.012,172.024,175.318,182.597
58.112,176.553,178.231,182.486
52.127,179.025,182.715,184.281
52.828,180.542,185.009,185.320
56.602,185.041,184.388,183.527
56.594,191.558,181.847,180.316
55.076,192.922,180.218,178.682
58.810,196.141,174.795,177.559
60.093,207.038,170.986,173.241
60.711,211.531,167.235,168.748
57.166,213.783,164.497,167.111
50.784,208.549,162.928,168.556
40.555,208.781,161.733,171.106
25.989,208.758,162.251,172.521
6.769,208.951,164.090,175.000
-5.265,207.372,160.643,179.056
-14.353,203.539,152.241,181.861
-26.393,201.874,141.669,182.904
