402.000,118.000,382.000,337.000
382.767,118.010,378.187,342.229
381.512,116.009,371.688,348.665
374.550,115.458,373.340,345.914
371.641,117.649,383.683,350.965
363.445,116.796,398.954,362.815
356.845,120.617,417.049,369.872
350.363,117.262,422.109,372.391
355.283,111.602,436.821,382.161
340.694,103.777,457.520,391.674
326.403,95.772,480.227,398.948
319.870,94.966,500.518,397.992
311.351,95.484,515.140,403.287
306.328,89.874,527.461,399.947
292.932,94.051,549.941,402.157
285.516,86.853,569.658,397.832
275.209,95.777,591.493,411.666
275.723,81.836,601.594,407.440
281.302,86.663,605.890,420.875
285.947,82.460,609.992,421.274
280.628,75.514,624.360,422.812
279.956,75.789,636.562,425.964
279.863,77.061,640.090,427.429
280.446,68.880,636.344,418.499
285.123,84.018,629.062,418.174
293.956,69.720,621.450,413.102
298.284,89.859,621.396,410.036
293.306,77.253,600.896,407.471
285.308,69.900,587.267,409.105
294.533,71.602,585.424,408.798
295.219,74.882,579.640,406.980
290.106,64.856,570.235,403.009
293.640,72.574,563.004,403.886
299.571,75.437,565.327,408.396
306.605,68.440,566.053,397.097
307.757,88.264,557.480,395.047
317.957,90.214,547.674,392.442
323.510,85.668,538.702,390.209
326.467,89.047,529.631,395.442
352.973,94.498,513.484,394.588
367.072,94.859,492.422,391.877
374.197,106.927,468.128,388.876
383.912,101.681,454.442,390.457
395.673,114.253,440.248,384.385
401.669,102.846,422.672,388.747
404.299,98.997,402.516,394.487
402.472,108.363,381.239,392.655
413.992,101.188,364.443,390.850
412.062,111.787,350.812,383.706
414.451,109.397,333.640,374.572
400.200,111.495,321.335,373.587
394.769,105.814,306.119,371.902
400.224,108.696,292.594,364.322
401.802,119.805,277.539,354.099
396.869,123.508,266.503,345.748
397.739,132.880,255.667,336.626
405.205,148.553,245.043,322.590
410.670,148.502,235.686,313.910
412.842,161.819,227.020,303.452
414.221,156.882,218.899,296.107
413.854,153.410,211.203,294.327
413.519,144.035,207.979,294.163
427.892,154.258,202.076,290.779
432.891,149.665,198.284,288.072
430.316,157.941,194.973,281.179
432.242,157.684,189.126,276.158
430.959,166.017,186.592,268.328
442.481,170.249,181.363,263.060
438.521,173.474,175.459,255.981
439.471,178.531,172.294,247.382
442.165,175.359,165.819,241.598
447.077,181.909,164.297,234.518
453.149,185.795,158.654,228.174
458.738,185.111,152.077,223.250
468.208,193.040,146.459,215.546
477.231,183.539,142.107,213.783
487.173,186.735,139.104,210.409
489.534,188.496,134.759,207.551
494.904,184.630,132.140,206.145
502.355,193.336,130.091,201.093
514.183,184.161,127.320,200.457
516.499,192.307,123.288,196.152
517.714,203.673,120.399,190.200
525.622,193.607,118.005,189.812
531.168,204.913,114.896,185.920
532.657,214.272,112.736,180.679
544.557,227.712,110.559,174.573
544.518,229.688,106.347,171.181
541.109,239.882,105.888,166.786
551.083,249.565,104.041,161.532
555.510,258.599,103.175,156.880
560.357,265.373,102.453,153.162
561.956,273.382,100.095,147.362
563.132,276.359,99.686,144.263
569.010,284.464,98.329,140.453
577.265,290.861,97.628,136.543
580.287,297.500,96.336,133.247
581.187,295.113,94.027,131.422
588.859,300.623,91.905,129.005
594.977,300.579,91.694,127.779
601.739,306.778,92.352,125.863
604.080,304.466,92.489,124.439
602.703,306.526,90.946,123.526
602.402,308.055,89.646,121.767
598.680,310.282,88.291,120.418
591.337,303.846,87.778,120.101
591.143,307.475,86.405,118.731
593.446,306.351,86.452,118.829
587.623,306.250,86.102,118.607
581.360,306.117,85.544,118.528
573.568,308.912,85.191,117.114
570.392,305.965,85.378,117.419
572.134,307.456,85.795,117.111
571.633,304.632,85.967,117.685
573.423,301.816,87.307,118.261
570.637,299.178,87.827,118.454
574.888,297.483,89.756,118.598
574.471,302.252,90.283,117.170
572.161,298.343,91.977,116.506
573.954,299.572,93.579,114.535
570.215,298.080,95.224,113.580
571.206,293.814,97.613,114.346
569.450,292.243,99.612,115.505
565.601,286.881,100.916,116.192
559.683,281.144,103.355,117.888
558.759,276.188,106.695,120.555
555.947,263.683,109.851,123.759
555.144,264.068,112.250,125.585
549.048,253.739,115.469,128.221
545.611,245.834,119.947,131.980
538.246,237.547,124.681,136.117
533.161,233.385,129.765,138.552
531.065,230.498,133.771,141.343
523.550,226.549,137.439,144.584
515.893,223.819,140.839,145.647
509.158,218.569,145.651,147.615
504.793,215.875,150.741,148.656
502.007,215.568,154.460,149.530
497.663,211.652,157.210,150.492
493.965,209.542,162.048,152.178
487.280,201.011,166.157,155.085
480.605,198.692,171.206,158.735
479.165,196.839,175.353,160.460
471.146,190.718,179.026,162.399
462.890,191.342,184.894,163.046
452.544,187.656,191.166,163.111
443.585,182.017,197.635,166.381
442.613,185.531,200.397,165.282
434.067,175.699,204.268,169.244
428.051,174.599,208.724,170.238
423.233,160.990,214.628,176.573
415.662,159.931,219.523,178.201
413.429,157.883,222.924,180.324
408.559,154.289,228.523,181.796
401.762,141.851,234.771,186.690
396.584,137.411,241.459,188.133
399.959,120.976,245.967,192.775
397.341,120.447,249.226,190.885
390.056,119.804,253.469,191.115
384.639,120.214,259.356,189.337
382.471,113.105,262.177,191.976
379.499,114.441,264.305,189.979
379.128,114.584,265.849,189.260
376.204,111.954,267.236,188.996
371.295,110.669,270.560,189.268
367.945,107.650,274.188,190.098
363.693,105.632,277.188,190.374
362.201,104.923,277.667,190.528
358.107,101.541,279.755,192.473
354.269,95.225,282.551,198.080
350.596,98.759,283.546,197.826
346.742,101.423,288.434,195.959
344.064,98.237,292.860,196.536
340.089,102.495,294.061,195.145
335.012,100.647,299.532,195.671
330.279,101.051,300.825,194.683
329.674,100.487,298.541,194.246
329.710,100.480,297.405,194.283
324.833,100.267,297.548,193.544
319.329,97.846,298.316,194.025
316.820,96.525,302.130,195.357
309.706,93.434,308.547,196.903
307.755,94.989,311.833,196.362
300.023,90.555,321.056,198.827
288.464,91.201,324.258,198.676
279.638,91.067,328.562,198.836
269.881,87.522,337.948,200.572
263.671,87.588,343.440,200.914
253.426,88.793,350.479,200.570
240.824,81.340,358.054,203.925
228.341,77.754,365.022,205.815
211.706,79.090,373.696,205.748
207.305,80.352,381.029,205.035
198.417,76.203,386.604,206.548
184.054,77.855,392.222,205.432
170.149,76.302,400.085,203.801
157.754,76.637,409.388,203.690
150.109,78.649,417.831,202.798
138.974,73.434,423.375,203.972
127.837,77.215,429.521,205.537
117.514,74.819,438.208,208.587
96.434,79.138,448.029,211.191
94.478,77.267,453.173,211.214
84.018,77.105,458.219,215.038
77.092,77.602,460.160,217.576
71.610,77.783,463.071,221.296
67.482,80.266,464.417,223.653
62.982,76.450,465.554,226.577
62.658,78.609,465.135,228.774
62.627,79.519,466.900,230.015
63.303,81.088,467.616,232.349
62.349,82.170,468.955,234.972
62.181,81.065,467.689,235.899
62.710,83.387,466.596,237.588
65.233,80.682,463.817,242.043
66.812,80.985,462.582,244.758
70.473,84.344,461.131,245.846
73.327,85.100,456.847,246.330
72.054,85.009,456.508,247.104
74.257,87.211,456.386,247.565
77.261,82.722,453.575,252.133
79.508,81.714,453.731,255.548
73.001,83.710,454.896,256.467
80.548,78.651,452.019,258.782
79.774,77.771,455.064,261.461
78.445,81.357,457.095,262.540
78.958,79.162,454.319,264.340
82.229,77.159,451.531,265.698
69.799,81.014,450.892,265.958
73.187,75.354,451.509,271.578
72.946,80.667,447.779,273.221
72.181,76.158,446.293,278.035
71.917,76.380,447.089,280.045
68.340,78.260,447.534,281.330
68.861,79.070,447.642,284.586
72.812,81.313,445.610,287.681
68.728,85.929,444.987,290.117
68.033,84.829,442.026,291.854
74.226,87.600,439.779,296.045
75.932,86.888,439.062,299.621
