657.000,1.000,253.000,529.000
636.876,-9.951,287.431,506.912
618.577,-2.917,315.772,493.990
613.224,6.194,334.079,481.617
607.973,9.976,340.725,476.590
603.074,16.702,342.431,474.041
605.573,8.094,345.778,473.075
599.874,17.326,357.189,467.512
600.251,20.053,360.331,469.826
598.423,20.629,362.213,474.476
603.554,19.871,361.186,479.832
602.970,4.656,361.950,479.852
601.593,8.173,362.785,476.099
604.636,10.061,363.960,476.189
628.620,20.787,355.229,491.863
622.241,15.671,347.049,502.712
658.071,10.081,333.592,517.305
694.589,-1.530,314.358,533.976
691.378,-13.647,304.854,538.851
700.454,8.942,303.164,541.914
668.013,-0.579,300.384,539.429
637.872,-12.997,312.662,529.935
629.817,-9.774,322.185,519.303
621.571,-12.041,333.617,502.812
616.988,-2.761,339.426,500.467
606.206,6.030,348.666,499.946
609.484,1.852,348.833,506.362
614.066,1.544,344.045,521.204
614.412,-0.735,345.609,520.587
698.366,5.591,328.523,548.912
674.948,-9.654,326.155,556.740
684.486,-1.749,318.410,563.185
646.221,-3.689,330.314,556.552
685.338,-4.932,324.723,555.462
639.083,-16.254,338.858,541.286
664.083,-1.765,346.650,538.340
657.240,0.981,360.556,536.141
653.006,0.598,385.673,522.919
669.345,35.180,404.744,507.903
653.874,42.792,419.819,494.210
624.811,58.063,424.771,485.936
639.324,42.380,436.564,479.482
636.652,72.903,449.710,469.655
651.892,70.173,468.866,462.808
647.934,96.405,497.746,448.038
636.798,102.700,519.640,435.696
601.598,95.786,529.714,435.862
563.696,81.903,532.836,437.459
556.157,79.826,534.813,434.847
564.318,71.670,525.370,432.213
557.643,93.705,503.311,422.849
564.384,91.327,482.806,415.010
559.739,108.624,472.576,409.893
592.018,84.972,464.744,400.765
587.266,82.190,463.136,405.984
581.852,92.910,465.499,407.378
609.119,72.706,468.815,403.871
595.068,79.882,472.087,406.006
596.068,68.667,475.404,409.917
597.870,64.099,475.622,413.424
601.911,66.356,477.941,416.365
600.702,86.328,476.581,412.547
588.881,114.874,479.908,408.706
582.725,117.405,486.563,412.033
577.612,128.810,489.037,414.012
560.945,116.064,490.940,416.708
587.227,112.001,492.347,418.222
536.486,140.804,495.698,418.583
537.910,135.235,495.895,422.503
553.388,132.440,496.166,423.145
561.074,124.220,497.003,426.558
569.722,104.111,496.072,430.025
561.172,134.426,495.373,428.441
561.607,102.344,491.215,431.527
575.533,96.696,490.188,424.588
576.558,131.712,492.685,419.355
594.721,90.109,493.758,418.614
598.422,98.911,495.839,415.968
600.467,105.696,497.480,413.106
601.353,99.700,500.741,415.286
604.958,98.683,503.041,417.408
605.742,110.965,504.628,414.216
586.559,98.905,501.780,418.535
594.421,106.975,505.978,417.061
596.234,96.049,506.268,421.543
586.739,110.232,509.022,421.094
590.721,88.838,506.478,420.365
595.482,102.203,507.294,418.619
574.290,111.876,502.913,420.810
586.900,113.456,506.459,425.050
588.998,89.547,504.314,429.432
542.756,144.316,505.028,432.936
569.364,121.222,508.153,433.501
545.232,105.241,504.400,438.737
571.920,103.281,507.442,436.868
564.239,110.519,512.582,439.122
545.287,106.092,511.923,441.571
587.013,92.887,517.354,442.319
578.626,90.004,508.847,441.189
585.711,93.479,508.142,442.507
586.043,83.847,501.461,435.982
572.594,84.118,496.409,434.848
591.954,96.303,497.383,430.391
592.030,80.503,494.281,431.285
585.355,81.638,492.924,430.562
585.871,81.246,490.835,432.203
592.333,71.295,490.040,433.749
588.466,68.445,488.150,431.897
591.569,68.979,486.637,430.806
590.921,72.547,482.410,428.667
598.786,76.164,477.753,425.526
602.997,75.903,477.260,422.070
604.832,83.962,473.636,419.390
600.212,86.457,468.760,417.919
605.859,78.576,467.778,416.901
609.315,85.235,464.374,414.016
589.075,78.702,455.305,414.131
602.661,76.076,453.361,414.055
595.840,87.670,449.586,416.164
577.825,102.838,438.511,412.021
592.936,100.609,432.942,412.971
594.606,92.414,425.777,414.967
598.356,109.095,424.756,411.534
592.946,108.082,421.405,414.219
595.523,100.619,419.073,415.789
590.896,132.201,423.646,418.159
587.624,130.111,431.072,427.296
579.405,126.322,435.452,431.588
606.217,118.682,444.349,429.881
590.161,106.877,445.330,426.942
587.622,99.664,448.464,425.605
604.091,88.404,451.649,420.090
598.017,102.165,456.946,418.050
608.900,87.616,463.018,414.987
605.282,117.832,467.328,413.046
601.301,114.645,469.520,411.318
599.025,93.412,470.704,413.550
604.107,116.807,477.960,413.078
594.102,118.360,479.561,415.845
579.300,109.724,477.605,417.310
614.809,118.485,480.859,422.408
597.699,96.302,481.814,425.130
599.077,109.999,486.442,421.473
591.752,110.983,486.593,424.480
587.666,118.888,487.701,427.787
588.260,106.887,486.867,432.980
582.080,84.865,484.036,434.860
579.159,100.748,479.104,437.302
579.424,63.183,475.380,439.770
617.730,57.552,462.926,459.107
621.625,71.485,453.765,473.007
614.039,57.796,451.991,478.820
586.111,50.066,436.551,491.721
582.549,44.015,423.193,501.791
585.642,28.727,406.738,506.199
587.112,-1.557,400.749,485.322
592.249,13.100,395.224,473.822
592.835,11.474,389.293,464.128
580.619,51.573,395.874,462.867
580.098,62.105,401.965,468.914
573.277,74.199,408.384,469.832
509.804,121.133,429.767,462.343
504.347,104.908,441.965,458.396
551.113,157.200,450.245,458.637
538.118,154.215,460.374,461.268
516.021,169.739,464.580,461.233
563.269,144.032,470.972,465.040
467.609,91.602,486.548,458.663
468.965,124.822,502.552,457.369
460.248,91.390,511.247,451.445
422.693,222.174,544.636,414.912
387.617,233.958,569.890,383.624
361.145,157.389,569.120,391.518
377.129,150.044,568.390,400.408
387.571,161.463,571.498,407.354
413.141,186.451,570.688,414.247
429.538,167.652,567.565,421.431
425.878,154.820,561.019,430.259
405.545,135.425,558.483,438.639
436.403,150.707,548.169,435.292
430.639,157.487,540.762,428.280
417.065,174.824,545.008,422.456
472.291,147.477,530.677,422.887
453.563,133.946,527.064,425.262
478.503,113.052,530.166,429.151
479.570,126.914,558.756,422.691
467.850,129.653,580.803,422.519
439.139,144.267,601.835,412.354
420.699,187.111,614.083,400.397
412.449,173.309,620.841,390.913
409.288,206.559,624.179,386.247
448.449,215.204,637.643,372.181
423.529,219.357,642.981,363.129
442.443,245.096,650.162,354.093
443.523,241.603,662.624,339.772
448.736,256.512,676.183,325.580
439.519,256.314,686.947,306.731
452.314,265.872,699.111,291.808
453.055,274.163,710.740,281.591
457.761,285.397,722.394,272.690
438.940,279.027,729.839,261.784
446.775,289.236,738.343,255.423
439.977,289.623,742.677,248.683
447.476,295.937,749.656,245.201
443.703,296.049,752.207,243.252
441.691,295.130,754.546,240.417
440.232,312.046,757.241,234.614
435.455,298.473,756.871,230.494
431.969,311.356,759.588,225.582
434.905,317.430,763.297,222.425
425.703,306.238,762.413,218.377
425.285,321.229,763.112,215.679
422.164,313.361,763.723,214.581
429.547,321.850,764.110,213.803
419.194,317.939,764.883,210.607
422.873,321.732,765.013,210.471
420.920,321.715,765.893,208.960
422.928,322.079,764.903,208.268
416.523,323.449,765.695,206.893
416.622,326.367,766.774,206.946
411.389,329.834,767.616,205.403
413.052,330.084,769.578,204.323
412.014,326.687,770.249,203.856
409.411,334.788,771.495,202.901
415.020,321.903,770.029,202.384
409.921,335.539,771.620,201.461
411.812,325.974,770.881,200.028
410.809,342.714,768.816,201.001
409.766,331.839,768.996,199.167
413.522,340.281,765.138,200.260
418.858,332.001,763.079,200.717
419.189,329.409,758.836,199.471
419.089,337.456,755.973,200.932
418.248,338.994,752.360,205.205
417.629,333.875,749.972,205.689
420.643,333.788,747.516,207.486
425.542,337.292,746.149,209.823
423.066,337.329,744.256,210.676
415.200,333.908,741.958,209.891
428.103,322.484,741.267,208.001
428.104,339.542,740.407,207.953
438.496,324.267,743.109,204.340
450.165,336.756,747.466,205.705
449.311,320.469,751.604,205.240
457.811,330.130,757.436,209.896
420.061,318.786,755.663,210.356
453.193,337.149,762.543,213.814
403.402,310.229,757.238,210.163
429.020,337.829,767.145,205.024
429.126,325.179,766.584,199.343
432.376,328.097,765.465,200.355
435.087,325.353,764.960,199.379
432.626,329.739,763.904,198.748
436.885,330.987,763.260,197.043
434.649,321.230,763.070,196.926
431.602,336.359,763.278,196.633
427.104,326.393,761.208,194.091
429.187,332.070,760.667,192.881
439.237,332.668,761.804,193.215
434.885,329.790,762.253,191.687
438.920,331.321,762.784,191.563
434.576,329.917,763.228,189.988
434.395,330.189,761.678,188.651
433.455,321.868,762.871,187.551
430.419,327.174,764.040,187.652
430.442,319.003,763.112,186.100
410.235,313.061,766.186,183.695
419.185,322.169,767.811,186.170
428.701,294.497,778.132,184.890
417.804,284.071,782.523,185.076
