579.000,163.000,180.000,310.000
562.817,164.087,183.910,310.550
558.252,165.534,183.798,308.057
560.939,166.006,183.044,306.593
553.510,163.586,185.071,307.821
547.641,163.771,186.432,306.177
551.400,164.916,182.944,302.897
544.327,165.811,185.260,302.450
539.988,167.603,184.708,301.135
541.871,167.781,183.791,298.787
533.125,163.454,185.480,299.708
527.799,168.384,187.442,298.848
532.435,167.777,185.535,296.062
523.323,165.872,188.117,298.006
520.059,167.964,187.926,297.815
523.249,166.420,188.053,296.415
510.325,168.093,188.867,299.462
506.306,169.492,189.012,298.858
510.753,168.539,188.341,297.546
499.166,165.767,190.435,299.289
493.640,168.343,191.230,299.027
495.647,167.426,190.845,298.589
489.097,165.006,191.764,298.444
486.166,167.931,190.623,296.560
489.892,166.547,189.179,295.770
485.311,167.391,188.714,297.053
488.805,165.057,187.321,296.075
487.424,164.561,187.172,296.596
483.222,166.960,188.040,296.748
483.214,165.351,188.065,296.411
483.839,164.576,189.282,296.530
481.682,166.248,188.479,295.618
481.794,165.510,188.923,295.907
481.125,166.174,188.992,295.507
477.149,167.573,188.812,297.307
478.074,165.056,188.224,297.980
477.061,165.273,187.435,297.329
472.077,166.919,187.795,297.726
475.968,165.361,186.882,295.846
471.731,166.736,187.266,297.540
480.352,163.704,185.963,297.870
480.773,163.456,186.859,296.342
478.729,165.068,187.756,296.310
483.541,164.125,185.832,295.939
482.387,164.491,187.188,296.128
482.474,164.027,187.602,295.242
481.447,166.421,188.395,296.243
480.677,168.335,188.400,294.250
480.797,169.139,187.499,292.653
477.448,171.064,188.645,291.830
476.580,171.753,188.503,292.435
477.647,172.576,187.486,291.795
474.495,173.748,188.438,292.438
477.742,175.702,187.507,292.591
475.655,175.026,186.916,293.352
475.614,178.224,187.939,294.474
474.072,178.554,187.927,294.532
475.390,177.934,189.245,295.140
469.751,181.630,191.722,296.065
470.884,181.749,191.204,295.315
470.276,181.819,190.712,295.350
460.150,185.518,193.802,296.914
459.232,186.356,194.566,297.026
459.302,185.133,195.301,297.433
457.402,185.964,194.332,297.071
453.685,187.221,193.847,297.948
458.627,185.039,191.707,300.473
450.626,182.535,191.691,299.986
452.437,184.281,191.921,301.418
451.187,183.847,191.018,299.101
452.385,182.655,188.813,299.425
449.959,184.437,189.034,299.982
453.474,182.992,187.829,298.174
449.572,183.246,188.607,299.418
453.246,182.324,187.085,296.081
451.419,184.443,187.616,297.253
449.229,185.462,187.448,297.557
450.010,185.474,186.779,295.712
449.061,186.721,186.920,296.332
446.851,185.285,187.025,296.963
445.172,187.449,187.619,298.391
448.374,186.462,185.969,296.682
446.274,185.066,186.306,297.423
444.055,188.254,186.770,299.272
446.798,184.854,185.849,297.020
440.637,185.706,186.300,298.105
440.182,186.577,187.676,298.731
439.768,186.809,187.679,298.487
435.376,185.128,187.002,298.596
432.892,187.265,188.127,300.588
434.166,186.111,187.994,299.286
434.676,186.139,188.045,299.722
434.398,186.946,188.536,300.479
433.923,185.069,188.043,299.888
437.487,185.779,187.750,300.038
436.164,185.925,187.125,301.639
436.242,184.848,186.941,300.770
441.599,187.463,186.838,303.240
444.939,183.321,185.230,300.539
442.976,185.676,185.594,302.380
444.401,184.644,186.698,300.009
443.139,185.784,187.943,298.705
443.883,185.429,188.328,297.321
445.174,183.938,189.498,300.296
447.105,181.694,189.643,300.722
442.880,184.831,191.843,302.255
446.914,179.474,192.081,301.075
443.184,183.119,194.817,302.499
443.824,182.110,194.823,300.352
441.464,180.120,195.849,298.033
443.436,176.970,195.613,297.259
438.818,179.808,197.695,299.404
447.361,173.730,195.190,299.040
445.791,174.838,194.181,296.858
448.193,173.901,191.906,295.552
453.927,166.703,189.265,293.647
454.231,164.920,189.883,291.551
454.008,165.034,189.739,291.099
462.222,159.319,187.084,290.678
464.546,159.080,185.806,289.172
465.795,158.833,184.831,288.727
471.880,151.785,184.321,287.725
471.887,150.617,182.802,285.528
471.679,150.332,182.790,284.000
474.663,143.905,181.729,282.070
475.862,137.222,180.773,280.827
475.242,138.988,181.783,281.516
475.875,114.960,180.225,280.775
477.856,110.430,180.013,278.601
477.659,110.879,179.015,278.599
483.455,106.537,177.319,277.698
490.147,102.429,175.767,277.992
488.726,103.786,175.232,277.480
499.852,97.353,173.886,278.883
498.670,100.083,174.282,277.112
499.905,98.935,173.753,277.134
499.580,99.578,173.910,276.926
498.584,101.256,173.509,277.574
498.972,101.861,174.049,277.969
499.176,106.089,171.419,281.624
500.409,109.644,169.109,281.881
503.665,109.527,166.880,282.600
511.039,118.184,159.374,281.392
518.362,116.667,152.309,280.217
521.696,114.948,146.956,276.471
525.063,116.059,141.242,272.813
527.758,114.422,137.755,267.136
529.940,115.004,134.455,261.378
532.024,115.836,131.040,255.970
531.736,118.366,129.259,253.127
534.283,120.474,127.425,254.048
523.759,124.123,127.981,254.994
520.098,119.222,129.075,254.833
516.645,118.461,130.450,254.443
502.780,124.171,130.203,257.581
498.364,118.410,131.140,256.607
496.557,119.828,130.257,255.954
487.794,123.982,129.924,251.455
484.890,123.512,129.776,244.780
484.098,125.423,129.222,239.631
483.214,133.944,129.599,239.650
478.094,135.507,130.290,238.289
479.050,135.255,130.151,235.079
476.560,139.216,131.571,236.282
476.661,140.720,133.223,235.800
476.493,139.387,133.694,234.840
484.143,139.850,137.301,235.554
488.438,140.509,137.066,234.756
493.625,141.813,134.955,234.413
500.598,142.515,132.433,232.865
501.288,141.731,130.659,232.783
499.480,141.684,130.850,233.042
496.658,142.625,129.401,231.672
496.953,143.144,128.970,229.743
497.903,143.654,128.209,228.594
492.597,145.556,128.812,227.938
491.408,151.713,129.095,231.422
491.241,151.694,128.291,232.880
487.922,153.785,128.428,233.135
485.698,157.514,128.691,233.545
486.931,157.330,128.836,233.828
491.023,164.072,129.075,233.407
493.698,166.077,128.683,234.568
492.527,167.593,128.747,237.377
498.248,169.653,128.053,236.403
501.661,170.602,128.135,236.769
501.753,168.623,127.759,237.025
509.406,173.943,127.467,238.627
514.067,172.882,127.287,238.152
514.622,170.743,127.364,237.044
519.180,172.740,127.384,234.208
522.560,172.503,128.053,231.786
521.057,173.376,127.338,232.075
522.367,171.136,127.340,231.251
508.661,172.592,129.737,230.956
507.076,172.552,129.221,230.835
508.265,171.308,129.151,230.675
497.028,172.548,130.852,230.251
496.145,173.948,130.079,230.651
497.507,172.227,130.320,229.298
487.319,176.317,131.230,227.546
491.639,178.241,130.500,226.684
492.903,177.599,129.268,226.515
493.738,181.210,129.839,226.384
495.434,183.203,130.830,227.204
494.277,182.262,132.648,225.976
495.993,182.756,133.938,226.853
498.149,184.697,134.749,227.656
498.503,187.878,136.144,230.151
498.631,188.144,135.976,231.427
501.403,188.672,137.272,233.304
502.347,187.827,138.074,234.466
503.256,188.648,138.325,236.319
502.302,183.658,138.617,236.510
502.231,187.292,139.035,236.631
506.062,188.689,137.521,239.027
502.490,184.514,137.003,240.082
504.292,183.266,136.405,238.875
501.949,184.101,136.908,238.734
505.116,185.718,135.620,237.928
505.995,183.763,133.665,237.391
506.719,183.022,131.913,235.484
507.358,181.616,131.313,233.334
508.321,181.786,131.930,231.169
506.859,181.995,131.924,230.902
510.500,183.550,131.578,230.588
511.347,181.464,131.591,229.773
511.650,181.729,130.780,230.008
512.174,182.498,130.308,230.170
514.772,182.719,130.111,230.134
514.643,181.128,129.487,230.061
519.533,187.276,128.615,232.334
520.227,181.538,128.214,230.168
519.151,181.863,127.395,228.635
522.474,184.828,127.780,228.653
524.228,184.568,128.403,227.280
522.940,184.500,127.870,228.154
520.261,185.004,128.409,228.582
520.964,185.404,129.401,228.661
520.445,186.257,130.019,229.745
520.319,184.318,129.591,231.668
521.175,180.876,130.012,231.171
519.193,182.192,129.519,232.584
519.920,179.792,128.809,232.646
519.175,179.731,128.064,232.710
519.214,179.413,127.678,234.196
520.622,175.897,127.495,232.813
520.020,175.363,127.629,232.342
519.653,175.882,128.006,232.049
520.678,175.344,128.703,231.055
520.562,173.663,128.059,229.771
518.717,174.213,127.488,229.901
517.076,172.590,129.246,228.912
517.808,173.180,129.915,229.553
516.864,173.137,130.360,230.783
515.136,172.360,130.966,231.630
514.658,172.098,131.250,232.542
515.060,172.180,131.411,233.313
512.890,172.753,130.592,235.047
514.503,169.882,129.761,233.746
512.622,171.734,129.538,234.064
507.149,171.447,130.293,233.454
506.004,172.685,129.921,233.388
507.799,172.190,129.723,233.823
504.368,173.511,129.536,233.340
504.191,172.650,129.973,232.812
504.014,172.473,129.990,231.838
501.793,174.343,132.704,231.908
499.157,174.653,135.471,231.396
497.718,174.866,137.445,230.929
486.714,171.397,141.379,231.031
486.032,174.595,141.565,233.142
487.904,173.476,140.628,235.013
481.057,168.891,143.415,239.090
481.296,164.284,142.712,238.901
483.087,164.534,141.584,238.423
479.489,162.307,141.964,239.915
482.993,161.394,140.155,238.364
481.781,163.450,140.298,240.310
478.856,161.635,139.643,242.800
469.367,159.711,139.951,242.820
471.799,159.801,138.841,241.721
461.442,157.045,138.395,238.182
462.522,158.169,137.914,237.749
460.848,157.703,138.325,237.855
460.801,157.671,138.269,238.036
461.374,153.400,137.074,237.017
462.056,155.421,137.279,234.989
468.572,155.145,135.304,231.764
470.438,153.990,134.851,230.477
470.583,155.754,134.769,230.490
476.227,154.471,133.232,229.416
479.333,151.408,132.818,228.870
477.475,153.024,133.947,231.360
483.201,150.198,132.395,230.164
483.530,150.501,133.075,230.205
483.809,150.594,133.728,231.159
486.729,148.206,133.114,229.984
485.720,151.075,133.760,233.722
484.693,149.398,134.082,236.267
486.562,149.183,133.463,236.130
485.073,149.995,133.637,235.541
485.242,148.571,134.124,232.669
476.915,154.204,137.869,236.882
472.839,157.725,141.498,238.342
469.359,156.384,143.357,239.650
472.500,160.757,143.063,240.483
475.818,158.991,141.868,240.426
473.848,158.221,141.613,240.421
477.619,160.658,140.006,237.534
480.003,161.231,138.573,235.317
479.477,161.563,137.040,232.841
486.474,166.625,134.923,234.154
488.924,163.842,132.938,233.909
489.803,162.897,131.489,232.821
493.318,166.713,130.879,234.915
498.064,165.108,129.730,232.800
498.664,163.316,129.961,231.994
503.297,167.341,130.030,233.842
506.897,165.952,129.955,232.211
506.023,165.276,130.653,233.385
513.824,169.895,129.832,236.422
518.446,170.035,128.830,237.417
519.445,167.561,129.108,238.268
522.806,168.249,129.064,236.801
524.193,168.379,129.717,235.911
524.461,167.752,129.535,236.109
527.735,171.327,128.945,236.289
529.831,172.015,128.310,238.742
530.677,169.298,128.121,239.715
532.280,170.135,127.609,240.039
533.707,170.235,127.439,239.822
535.069,168.330,127.380,237.565
534.380,169.375,127.791,237.815
535.582,168.424,128.165,236.030
536.231,167.783,128.237,235.564
537.783,168.420,128.547,234.372
539.210,168.396,128.481,234.572
539.582,169.352,128.264,237.267
541.402,166.779,128.385,239.236
543.013,166.148,128.111,239.245
543.092,167.000,127.581,239.388
545.122,166.014,127.899,238.844
546.214,166.128,127.856,238.041
546.660,166.513,127.710,238.994
548.154,166.630,127.921,237.475
552.034,165.971,127.725,235.201
552.593,166.133,127.868,235.930
553.837,167.392,128.300,236.207
556.065,164.219,127.747,233.685
555.039,166.949,127.927,234.678
558.070,167.062,128.475,233.594
557.383,167.694,128.149,234.790
558.386,166.139,127.382,234.544
558.736,165.681,127.746,234.238
558.141,166.319,128.380,234.801
558.098,165.779,128.769,234.629
557.806,165.925,128.787,235.735
557.408,166.168,128.159,236.324
558.366,163.980,127.624,235.087
558.897,163.692,128.155,235.067
559.311,163.390,128.662,235.582
559.064,162.539,128.960,234.326
558.339,165.314,128.400,235.620
560.435,161.636,128.251,233.531
559.041,163.135,128.064,233.818
559.467,163.272,128.688,234.975
559.803,161.453,128.793,234.831
558.762,163.405,128.583,235.451
559.185,160.310,128.526,233.071
558.122,164.246,128.244,235.610
559.843,161.387,128.086,233.644
558.180,163.024,128.397,234.424
558.484,162.685,129.100,234.534
557.935,161.788,129.633,234.664
559.940,160.192,129.979,232.671
558.141,161.257,129.051,234.232
559.528,160.421,129.271,233.512
559.581,162.025,129.035,235.323
560.673,159.751,128.749,234.790
559.948,158.113,129.001,232.910
561.736,158.925,129.211,233.326
561.791,156.232,129.364,232.612
560.365,157.737,129.901,233.340
562.504,156.491,130.374,232.751
563.501,156.336,130.744,234.421
563.065,155.650,130.527,234.992
565.308,155.284,130.821,232.802
566.213,155.668,130.200,233.487
566.866,156.276,130.157,234.338
567.329,155.226,130.319,234.855
567.147,154.879,130.194,235.222
564.911,156.578,129.951,235.514
566.604,156.137,129.977,233.719
566.944,156.489,129.836,233.838
565.101,158.677,129.569,234.914
564.535,158.201,129.777,233.620
564.411,157.788,130.149,232.980
564.286,159.506,129.541,233.110
563.911,157.728,129.777,232.214
564.200,158.512,129.244,232.606
563.384,157.942,129.856,232.501
564.373,156.318,130.188,231.144
564.332,157.110,129.990,231.721
563.539,157.815,130.281,233.929
565.134,151.291,130.542,234.650
562.740,153.071,130.251,234.943
564.115,150.394,129.953,233.815
564.256,149.758,130.574,232.728
564.210,151.776,130.380,234.334
563.929,150.048,129.991,235.708
562.891,151.945,129.628,238.249
563.315,151.448,129.646,242.857
562.611,150.684,129.203,244.823
562.724,148.638,128.691,242.748
563.373,150.335,128.705,242.492
562.212,151.860,128.576,241.132
563.054,151.634,129.057,236.493
562.492,154.607,129.150,235.968
562.690,157.961,129.265,236.840
564.007,157.585,129.636,235.122
563.235,158.985,129.191,233.901
565.805,161.734,129.677,233.116
565.229,162.294,129.496,232.331
565.952,162.379,129.390,232.197
566.866,165.244,130.037,231.269
565.188,165.307,129.255,231.120
566.506,166.219,129.237,232.363
567.875,166.803,129.443,231.974
566.389,166.414,129.145,230.572
567.054,167.080,129.290,230.952
567.552,170.642,129.780,233.110
567.499,169.544,128.958,233.423
567.977,169.396,128.204,234.244
569.014,171.757,128.457,235.333
569.696,175.014,128.390,235.500
570.347,174.654,128.190,234.426
571.645,177.052,128.485,233.453
571.448,178.842,127.721,233.574
571.831,178.804,127.683,233.696
573.053,179.044,127.242,232.026
572.570,180.457,126.967,232.520
573.003,180.214,127.024,232.689
575.032,178.766,127.431,231.646
575.772,180.277,127.722,231.658
575.137,181.736,127.582,233.553
576.473,180.859,127.838,233.771
576.641,180.713,127.747,234.171
576.465,180.991,127.574,234.483
576.444,181.047,126.826,234.684
576.288,181.837,126.761,235.238
576.463,180.865,126.844,235.449
575.690,182.223,126.196,235.304
575.160,180.928,126.443,235.214
574.570,181.059,126.792,235.780
573.658,182.259,126.798,236.358
572.214,182.593,126.843,236.947
572.869,180.339,127.338,236.214
568.780,182.359,127.688,236.566
568.365,180.643,127.030,234.886
567.188,182.092,127.473,234.357
565.383,180.272,127.429,234.473
564.758,180.198,127.886,233.317
564.680,179.941,127.970,232.116
564.599,180.394,127.619,232.520
564.164,180.236,127.788,232.420
564.111,180.168,127.551,231.917
564.616,179.626,127.457,231.324
564.936,179.646,127.672,230.442
564.811,180.211,127.854,230.869
564.893,180.465,128.072,232.137
565.226,178.132,127.530,232.110
564.612,179.453,127.632,232.719
559.070,178.793,129.016,232.690
554.826,179.368,130.112,233.002
555.455,179.804,129.478,233.324
546.943,178.482,130.561,232.062
548.339,180.123,130.939,232.085
549.457,180.189,130.249,233.175
549.574,180.626,129.918,234.682
549.159,180.898,129.180,235.089
549.828,179.416,128.381,235.080
550.216,184.425,128.838,234.417
547.251,187.919,129.232,234.132
548.911,188.295,130.079,233.510
548.126,190.465,130.037,234.004
548.073,190.811,129.590,232.838
548.140,190.227,129.994,232.078
546.051,192.397,129.659,233.217
547.867,190.839,129.708,233.144
548.541,189.471,129.055,232.707
548.457,192.371,129.946,234.289
548.331,192.140,129.060,235.200
548.537,190.227,128.838,234.585
549.060,189.172,129.203,234.700
548.681,188.775,129.360,234.443
547.960,188.861,129.428,233.916
548.929,187.169,129.558,235.641
549.940,183.877,129.496,235.273
549.780,183.411,129.011,234.765
550.825,181.219,128.440,233.715
551.770,181.631,129.648,232.308
551.389,182.795,130.279,234.294
552.611,179.630,129.864,232.948
553.040,181.600,130.471,233.551
554.062,179.006,130.249,231.861
552.815,182.105,129.557,232.278
553.678,181.563,128.817,232.278
553.598,182.735,128.242,233.989
553.290,180.664,127.451,232.653
553.136,181.231,128.158,233.359
553.531,179.996,128.273,232.808
550.266,180.669,128.604,232.124
550.469,182.628,129.827,233.085
551.427,180.219,129.547,231.543
550.060,182.489,129.566,233.463
550.822,180.436,129.177,233.727
551.195,179.339,129.031,234.117
549.889,181.110,129.430,234.396
550.288,180.152,129.361,234.621
549.612,180.926,129.524,235.147
550.748,178.260,129.319,234.368
547.459,178.618,130.136,234.095
548.041,177.889,130.046,234.532
546.300,177.547,129.837,233.718
545.237,177.345,130.038,233.029
545.089,178.086,130.046,233.407
540.101,179.257,131.371,234.520
540.619,176.454,131.020,232.977
540.302,177.718,130.897,233.227
538.475,178.590,129.909,233.539
538.638,179.455,129.967,234.050
539.234,178.313,129.345,233.313
538.452,179.989,129.011,232.780
538.962,180.447,129.205,233.249
539.502,179.974,128.866,233.056
538.350,182.098,129.244,233.910
538.852,179.984,128.771,233.007
538.182,181.724,128.961,234.057
539.708,181.047,128.924,233.123
538.833,181.621,129.115,233.151
538.992,180.121,129.213,231.991
537.496,182.334,129.070,232.414
537.802,180.061,128.899,231.506
536.871,182.648,129.228,233.090
538.459,177.482,129.045,231.110
535.942,178.754,128.778,230.167
536.005,179.541,128.467,230.167
533.110,176.644,128.777,229.245
530.243,177.005,129.065,229.257
529.974,178.545,129.053,230.423
517.698,175.499,130.583,229.556
518.044,177.140,130.660,231.592
518.804,176.980,129.926,232.514
511.662,176.602,131.515,231.807
512.196,177.135,131.464,232.724
512.508,175.341,130.775,231.424
506.050,178.420,131.269,232.998
506.826,177.531,131.122,233.041
506.395,178.743,131.195,235.591
498.863,176.888,131.811,235.290
497.408,176.783,130.676,235.185
497.947,175.798,130.390,233.668
492.936,176.875,131.045,234.627
491.840,176.990,130.039,236.287
492.726,175.186,129.996,236.277
486.571,173.785,130.815,234.845
486.443,173.897,130.010,234.074
486.364,174.488,130.041,234.657
482.648,173.395,130.571,233.037
481.990,175.238,130.282,235.561
483.015,173.157,130.098,235.673
476.761,170.632,130.369,233.435
472.165,172.056,130.107,232.698
472.340,173.421,130.219,234.254
472.904,173.059,129.502,235.451
473.419,170.999,128.832,236.198
471.585,170.594,129.013,235.964
471.677,171.771,128.855,237.177
470.850,171.387,129.248,240.762
470.697,167.076,129.499,242.418
471.103,165.855,129.063,240.628
472.250,162.978,128.411,237.304
473.063,164.815,128.541,236.827
472.359,166.528,128.658,238.172
475.947,164.516,128.200,237.127
477.994,163.882,128.030,235.729
477.022,166.538,128.110,237.362
479.597,163.706,128.109,234.867
474.789,166.649,128.188,234.678
476.687,165.936,128.130,233.854
476.328,168.243,128.218,237.196
476.991,164.423,128.087,235.988
473.405,168.315,128.239,237.045
474.179,167.175,127.944,235.236
473.529,169.930,128.010,236.504
472.686,172.366,127.679,237.889
471.643,170.651,126.956,238.390
472.534,168.423,126.510,236.541
471.544,171.094,127.130,237.931
470.717,170.729,126.918,237.326
470.267,171.118,126.830,236.687
470.069,168.978,126.474,236.367
469.621,170.259,126.996,237.038
469.847,169.777,126.541,235.821
467.966,170.629,127.413,234.823
464.039,170.607,128.590,233.271
464.285,171.418,128.513,234.101
463.333,173.378,128.370,234.950
459.245,173.334,129.230,234.458
460.980,171.987,128.708,232.356
453.757,176.153,129.110,231.017
455.230,177.752,129.710,230.493
454.449,178.769,129.566,233.379
451.706,179.833,129.495,231.722
450.328,181.412,129.499,234.129
451.995,178.412,129.407,232.362
448.129,181.268,129.427,233.143
449.600,183.621,130.180,232.817
450.836,183.112,129.803,234.592
447.983,183.066,129.449,236.752
449.195,180.478,129.680,234.934
446.084,184.491,130.096,237.098
445.078,183.029,129.114,234.608
442.964,184.422,129.103,234.567
443.549,185.328,129.050,233.729
440.420,187.262,128.811,233.936
440.279,188.418,128.924,233.791
440.614,187.908,129.029,233.063
438.616,192.126,129.844,235.704
440.052,190.478,129.611,234.363
439.812,190.481,129.699,234.024
437.100,192.386,129.448,234.557
436.429,194.320,129.411,236.496
436.359,193.195,130.335,238.025
433.127,192.894,129.414,235.884
432.189,194.523,129.096,237.828
431.602,193.104,129.628,238.339
429.768,191.705,129.453,242.791
428.240,188.798,128.946,245.925
428.643,187.030,129.588,247.711
427.236,179.580,129.602,243.169
424.557,180.579,129.262,240.778
424.560,179.585,129.028,237.865
424.771,179.834,128.223,237.186
424.294,177.751,127.696,236.390
423.953,177.209,127.696,234.960
419.334,175.531,128.577,234.861
420.317,175.992,128.340,233.722
420.254,175.334,128.216,233.768
418.599,175.246,128.466,234.382
417.904,174.721,128.658,234.417
414.808,177.602,128.894,235.202
415.542,177.190,129.036,234.430
415.120,177.213,129.204,234.098
413.818,176.963,129.014,234.225
410.620,179.590,129.639,236.444
411.815,177.771,129.563,235.333
409.136,179.896,129.040,235.780
409.253,178.320,128.806,234.336
408.361,180.068,129.516,234.397
405.900,183.842,129.943,234.923
406.261,186.315,130.831,234.500
407.677,184.847,130.568,234.789
404.449,187.509,130.166,235.613
405.693,185.941,130.402,232.500
403.943,188.114,131.598,233.142
404.147,189.228,132.323,233.096
403.032,191.352,132.863,233.743
404.201,190.034,132.562,232.327
399.433,193.794,132.799,234.240
401.198,196.641,132.505,232.839
402.431,193.782,132.117,229.587
399.791,196.213,132.029,229.708
400.008,197.734,132.015,229.479
400.812,196.416,132.046,226.924
395.468,198.172,132.205,228.222
397.965,198.002,131.610,226.692
397.586,198.382,131.981,227.427
395.172,198.738,131.691,230.625
394.707,191.869,131.763,229.390
393.181,194.522,132.139,229.999
392.438,189.065,131.466,231.908
392.804,185.353,131.168,231.222
392.079,184.968,130.462,231.496
392.231,185.540,130.014,234.534
393.076,178.431,130.619,237.102
392.396,179.255,130.106,238.357
393.333,175.958,130.635,236.466
394.396,173.886,130.609,233.465
394.278,176.973,130.506,233.698
397.251,181.066,130.480,233.042
398.869,184.835,129.738,234.004
400.041,185.594,129.492,237.435
400.563,189.238,129.349,240.008
401.524,190.521,130.062,242.849
401.474,189.379,130.941,245.470
405.120,195.055,131.630,248.774
404.258,189.892,133.995,248.656
401.918,191.277,135.568,249.825
407.254,189.114,135.679,245.835
408.781,187.043,136.931,240.290
408.231,190.871,137.565,236.536
414.610,191.028,135.685,233.552
411.990,194.499,136.619,235.874
415.726,190.473,135.763,234.823
414.010,191.610,136.564,233.652
414.510,189.580,136.294,232.133
413.612,193.940,137.297,232.246
412.235,191.277,135.709,231.436
407.349,192.787,135.473,232.063
408.670,190.694,136.077,231.048
401.663,187.035,136.642,230.100
399.457,188.378,137.581,229.699
401.660,188.148,136.578,229.245
399.243,184.583,137.652,229.575
390.973,186.888,140.751,233.109
393.273,185.144,141.200,237.423
392.125,185.305,140.946,241.098
389.984,180.486,140.726,239.696
387.058,188.800,142.116,245.255
382.026,181.066,142.684,246.355
381.829,180.377,143.403,242.587
379.342,181.010,144.771,239.410
372.276,183.214,147.677,239.150
375.052,181.806,147.817,237.763
370.910,184.708,149.866,239.199
373.689,180.533,149.602,235.317
367.646,185.235,152.182,234.580
367.047,182.928,153.540,233.650
361.537,188.426,156.799,234.526
352.991,193.873,162.448,236.218
353.684,191.739,164.617,237.783
351.181,193.829,166.721,236.583
348.945,194.762,168.794,235.898
347.130,197.739,170.555,236.424
360.278,202.011,164.525,238.510
363.281,200.981,159.431,236.941
364.879,203.546,156.575,238.096
368.011,203.772,153.273,236.687
368.875,202.877,151.235,234.469
369.225,202.474,150.092,231.584
364.843,205.329,150.319,230.787
366.496,202.837,148.735,229.432
363.089,205.978,150.048,230.925
360.022,203.058,149.325,231.283
357.713,199.950,148.569,229.779
357.591,203.298,147.686,230.788
357.554,198.475,147.608,231.326
354.665,196.090,148.034,228.932
354.668,199.078,147.445,229.674
350.526,193.158,148.586,229.732
349.074,196.029,148.597,231.385
351.482,193.119,147.746,229.102
343.038,197.594,149.299,229.278
345.466,194.672,148.226,229.460
344.342,193.237,148.088,227.815
335.677,196.259,149.777,226.721
334.891,197.857,149.615,230.382
337.285,197.349,148.647,232.785
329.479,197.631,150.048,232.624
329.379,194.969,148.834,229.813
327.670,198.552,148.751,230.341
327.542,197.477,148.347,229.904
325.011,199.224,149.070,230.457
325.855,198.590,149.037,231.541
321.710,203.373,149.705,234.544
324.472,201.851,148.498,235.680
323.832,201.711,148.758,237.436
324.858,200.542,148.562,236.406
323.049,202.976,148.850,239.062
325.240,197.520,148.219,235.724
318.555,204.170,150.314,235.685
322.607,206.120,148.714,238.988
321.037,199.382,148.471,235.643
318.184,206.191,149.652,237.425
319.601,210.948,148.326,238.107
320.513,206.430,147.946,236.216
314.807,212.462,149.426,235.945
319.433,214.963,148.208,238.717
319.131,211.504,147.670,238.468
319.104,213.105,147.792,239.577
319.635,207.780,148.258,235.180
315.779,216.537,149.337,238.484
321.830,210.890,147.482,236.303
322.205,208.403,148.160,235.551
321.377,212.398,148.209,238.155
329.541,207.254,147.573,235.892
330.867,208.809,147.610,234.957
330.920,212.582,147.760,236.282
333.766,210.883,147.485,237.007
333.079,208.848,147.515,235.265
332.570,211.489,148.200,235.979
331.600,217.650,147.921,241.314
331.461,211.014,147.434,239.758
332.834,210.597,147.275,238.138
331.960,215.022,146.978,241.249
330.299,212.421,147.210,243.164
332.279,211.816,146.570,243.645
331.420,213.445,146.458,246.224
330.873,205.511,146.067,242.631
330.942,212.839,146.417,244.786
330.269,204.741,146.195,241.625
332.556,207.443,145.540,242.858
332.552,203.956,145.070,240.989
334.397,205.598,145.175,242.582
336.124,204.187,145.119,242.843
335.100,202.441,145.177,242.212
336.489,198.136,145.057,238.684
337.413,198.379,144.604,236.193
336.390,200.509,145.236,235.445
335.849,199.482,145.104,235.981
335.515,200.638,145.475,236.865
335.950,201.624,146.000,239.473
329.126,195.390,148.546,239.497
328.798,197.452,148.085,237.207
330.085,197.218,147.502,234.524
316.808,204.185,148.067,237.424
317.503,198.232,148.376,235.540
313.857,204.656,149.278,237.726
306.253,196.584,150.549,235.942
301.073,202.793,151.233,236.412
305.647,204.615,149.374,239.798
295.091,196.259,150.828,236.966
294.733,202.371,150.572,238.707
296.038,201.974,149.432,239.386
293.168,201.540,149.352,237.723
292.373,201.020,149.673,239.382
293.216,199.232,149.181,239.302
284.878,197.351,150.242,237.604
285.756,204.663,149.776,243.140
277.787,198.707,150.531,241.288
279.041,199.778,150.057,240.746
277.513,200.721,150.631,240.298
275.978,201.168,151.117,238.665
271.577,203.144,151.723,238.814
273.705,204.097,150.834,240.737
269.227,199.251,151.522,238.403
270.325,201.943,151.051,238.921
270.181,200.394,150.935,238.246
267.858,199.371,151.047,236.032
265.514,200.440,151.813,236.010
265.937,202.017,151.323,238.695
261.634,192.819,151.347,235.279
261.221,196.137,151.650,235.586
262.228,198.939,151.084,240.703
259.650,193.588,150.282,240.947
260.228,189.533,149.414,238.137
258.035,192.314,150.127,238.196
258.520,189.050,149.588,236.814
253.933,193.944,150.985,238.612
257.052,191.441,150.859,238.134
250.615,191.073,152.019,238.004
252.129,189.420,150.862,238.015
252.627,189.805,150.317,238.322
249.596,192.242,151.564,240.293
247.671,185.032,151.743,236.183
246.495,191.145,152.357,236.990
246.121,185.255,152.157,234.049
240.654,190.573,153.478,234.801
243.757,190.289,152.921,236.234
238.427,187.657,152.501,236.494
235.162,192.158,152.876,239.470
238.577,187.559,151.499,237.855
229.163,189.468,151.963,241.091
232.423,185.217,151.152,239.183
229.809,185.988,151.784,237.733
229.053,181.676,151.208,236.066
225.667,184.465,152.165,235.884
228.388,187.245,151.697,238.960
231.727,183.762,149.897,240.084
235.541,178.165,149.065,237.785
227.894,185.242,152.722,243.280
233.968,179.420,150.906,243.187
232.357,170.670,151.475,239.314
231.130,176.617,152.660,239.623
236.429,171.951,151.969,239.234
235.839,167.675,151.446,236.445
234.014,173.097,152.163,238.766
236.878,166.944,151.734,237.037
233.494,168.181,152.591,235.305
234.776,169.318,152.849,238.252
227.585,164.055,155.076,236.512
227.469,166.450,154.276,235.966
229.082,168.382,153.327,238.129
222.756,162.179,153.224,236.976
214.338,168.211,155.267,237.939
221.639,166.451,153.750,237.847
214.967,161.344,153.421,235.581
215.629,165.329,153.277,235.167
215.828,163.887,152.293,233.272
207.943,167.258,154.418,232.338
209.715,167.336,152.701,233.762
210.512,165.931,151.745,232.660
207.040,167.500,152.846,230.264
205.426,169.894,153.933,228.631
204.332,173.453,154.516,230.067
200.615,175.379,156.288,229.070
202.218,178.701,156.162,231.025
201.277,181.520,154.492,231.218
201.586,185.399,154.590,230.337
204.622,190.471,156.241,232.928
201.206,193.162,155.843,233.091
209.554,196.799,155.965,236.871
210.623,194.871,154.203,234.378
212.006,195.412,153.783,234.513
217.592,201.228,154.592,239.086
213.442,198.693,155.564,237.279
215.263,202.483,155.178,240.199
216.771,199.297,154.543,236.615
213.287,204.701,156.172,237.106
214.960,201.728,156.058,234.028
210.107,205.543,157.171,232.717
211.079,205.967,156.633,231.707
208.242,206.152,157.845,230.428
206.670,206.123,158.860,229.420
205.319,207.335,159.892,229.130
204.224,208.620,160.717,229.988
200.014,213.813,162.150,234.540
205.311,209.611,160.799,233.687
202.009,210.113,160.952,232.322
