348.000,53.000,393.000,530.000
331.934,50.902,388.596,525.833
343.408,59.953,387.501,526.013
342.121,60.419,387.385,525.391
340.951,63.331,389.582,528.444
344.695,56.080,391.690,532.483
351.352,58.374,392.535,532.232
344.117,63.161,398.985,535.279
334.606,56.186,399.114,535.307
341.530,50.064,396.301,534.597
344.147,47.024,393.594,540.359
350.279,42.269,393.304,549.245
345.289,40.136,397.059,555.183
333.581,41.185,405.102,560.775
338.539,28.887,408.429,564.931
354.631,28.643,401.989,566.432
364.556,30.022,393.870,563.897
368.932,35.604,391.129,562.147
376.687,41.860,391.802,558.863
372.018,61.319,394.426,549.543
373.034,68.611,398.097,544.256
364.433,63.582,397.722,538.717
361.548,67.826,404.830,533.010
342.041,72.721,420.328,532.426
336.308,57.141,423.191,535.291
345.274,52.587,424.274,538.868
347.979,51.919,427.330,540.499
353.816,50.304,429.293,540.392
359.632,54.105,429.886,540.665
349.524,49.965,434.836,542.286
342.398,57.819,442.939,535.993
346.818,63.057,448.901,535.119
338.754,53.259,457.767,538.773
348.310,67.940,454.711,532.352
341.826,56.842,461.938,532.245
340.319,66.248,467.683,527.817
305.457,65.546,487.803,524.180
313.924,73.677,494.570,520.228
316.990,65.798,502.056,519.651
288.528,55.976,514.253,524.761
299.848,59.222,528.629,530.634
297.404,53.631,531.992,535.698
300.841,50.579,519.648,536.808
308.461,48.089,504.531,539.304
291.757,40.112,486.217,539.795
289.882,41.321,474.934,540.521
288.076,53.899,461.444,541.941
257.222,51.805,461.087,544.728
269.663,41.073,451.700,548.775
274.832,57.384,440.952,553.113
276.351,40.407,431.535,558.682
270.216,20.966,428.141,572.626
274.696,22.895,423.441,575.144
283.503,20.011,417.398,582.157
291.025,19.628,413.815,585.756
276.262,7.918,413.431,592.003
279.596,9.360,419.709,592.617
270.445,6.004,431.700,594.406
264.192,11.507,441.306,599.984
255.389,8.114,447.777,602.827
257.640,12.879,459.303,601.863
227.593,11.874,477.854,603.525
233.322,15.042,486.429,601.615
233.681,15.715,495.300,602.547
233.136,9.498,506.137,602.892
235.606,9.896,510.918,601.870
235.806,1.056,515.958,602.755
234.759,-0.472,523.917,608.283
234.736,-4.248,525.822,610.582
239.529,-0.372,525.877,609.330
254.331,2.987,519.688,605.283
259.997,8.275,510.608,598.320
275.402,16.584,505.633,596.835
282.548,26.336,500.936,597.000
293.409,35.367,495.625,579.591
281.903,46.977,497.561,579.289
285.314,35.577,499.916,575.320
278.050,26.373,507.628,565.201
284.389,38.552,508.372,570.003
285.790,29.203,514.477,574.388
284.556,23.306,513.900,581.339
284.874,17.473,515.963,588.901
285.054,11.275,516.480,596.426
290.275,10.827,515.432,599.615
297.529,11.813,507.161,603.621
316.199,23.777,499.672,592.726
323.284,45.803,496.304,583.204
326.831,51.285,493.848,579.156
336.526,55.046,491.097,574.304
306.793,58.875,499.952,571.847
306.388,60.624,508.537,570.595
307.525,63.182,515.118,569.663
301.429,68.033,523.858,569.293
306.851,67.717,532.386,574.891
320.842,56.121,539.507,578.195
333.573,56.117,553.290,581.982
338.318,46.747,571.192,587.139
328.977,54.046,582.205,585.484
317.929,51.584,600.196,589.950
327.882,56.222,602.907,588.655
330.401,65.251,602.133,582.899
331.043,70.166,607.655,580.973
332.922,67.281,605.552,580.188
340.697,62.691,597.558,580.540
357.092,71.235,591.679,574.494
360.306,68.916,592.660,579.681
356.892,60.628,594.801,583.033
368.646,58.456,586.653,577.660
381.164,69.817,582.086,577.216
371.183,69.971,584.915,576.382
381.457,56.983,580.529,581.219
378.655,57.904,580.366,582.188
389.178,54.270,577.148,582.421
387.411,59.767,579.148,582.710
386.643,56.777,576.580,579.132
395.947,61.048,572.780,579.601
403.370,54.187,571.341,574.215
387.034,59.462,578.403,579.725
392.383,60.337,575.459,574.414
398.190,60.063,573.749,573.330
399.520,56.140,574.494,578.344
394.971,56.206,577.656,580.737
402.160,57.016,576.345,578.979
397.160,60.556,576.140,575.594
415.077,56.149,573.459,574.213
380.987,65.968,578.992,574.206
394.831,46.801,577.799,576.345
388.071,63.540,580.516,581.820
380.954,49.822,585.680,587.549
383.111,40.031,590.262,592.683
367.714,33.194,596.111,604.437
351.484,18.035,583.218,616.672
321.926,8.821,568.998,619.427
306.841,4.907,546.660,616.356
295.515,-3.138,526.066,613.738
301.276,-12.648,506.159,617.355
322.847,-21.754,485.677,621.240
328.271,-30.735,457.092,623.224
337.865,-19.781,443.464,627.215
344.445,-26.079,427.048,622.946
347.268,-21.264,416.151,618.315
348.206,-18.595,409.119,616.487
354.854,-21.093,405.740,612.736
361.253,-20.724,406.197,609.271
357.557,-14.989,405.583,611.677
355.609,-15.876,403.130,613.127
361.442,-20.124,400.603,612.209
367.337,-15.883,399.715,611.516
368.832,-12.958,402.366,607.768
364.803,-12.738,399.286,601.795
361.852,-18.611,396.282,597.844
357.668,-13.197,393.235,597.836
349.779,-14.506,385.289,605.738
358.117,-27.038,374.813,610.740
363.687,-22.329,367.829,616.288
362.149,-36.548,363.753,621.097
359.224,-28.904,368.501,616.795
358.528,-42.457,371.723,616.875
359.076,-26.642,381.619,616.797
355.082,-23.369,397.363,618.065
355.876,-31.018,409.403,613.643
364.757,-22.301,413.918,605.284
362.517,-3.445,418.654,601.130
374.254,1.790,413.834,598.795
393.172,10.877,402.077,597.570
392.438,12.276,393.012,595.900
389.369,17.991,384.118,593.461
402.852,9.848,376.108,604.433
395.451,15.677,372.588,610.765
396.221,18.219,373.799,609.235
393.789,29.321,381.043,606.692
396.526,25.884,394.444,601.674
403.842,32.390,414.061,602.091
414.277,34.298,433.876,594.564
421.800,44.243,446.007,589.973
420.406,45.084,454.316,587.225
425.239,46.872,448.657,581.722
425.585,47.251,448.653,575.112
434.669,44.665,440.813,572.042
435.456,42.218,432.181,572.784
433.199,46.475,427.564,572.577
443.065,49.611,425.574,574.174
438.467,53.427,433.880,573.033
447.618,56.185,438.751,568.824
449.356,60.690,443.406,567.377
447.677,61.287,454.009,567.272
435.942,69.900,462.365,563.570
441.324,71.032,469.153,566.953
453.544,88.243,477.430,567.491
444.384,95.796,491.447,561.253
434.046,95.840,504.358,563.887
439.153,92.589,518.899,567.424
438.182,94.299,526.881,568.845
451.532,94.179,526.411,567.173
461.614,94.643,520.710,565.450
473.173,90.188,518.812,569.360
452.444,94.929,519.705,572.930
390.809,104.708,516.261,573.302
388.390,90.059,509.244,569.676
376.744,94.837,493.924,574.575
390.151,83.423,480.903,576.210
387.310,82.081,467.500,582.668
390.709,74.457,451.880,586.273
396.968,78.047,444.100,587.689
414.782,78.816,442.927,589.932
660.859,33.857,451.428,595.615
730.653,27.523,438.183,599.144
754.664,28.315,425.693,602.999
786.024,31.472,415.406,607.648
787.800,34.823,416.407,606.883
787.761,41.735,420.440,601.839
785.645,47.991,424.337,590.541
804.168,49.976,425.099,587.621
771.336,46.631,432.056,585.051
759.099,46.421,449.319,584.779
790.490,45.804,449.516,583.526
834.584,42.983,432.628,587.374
830.169,41.386,423.510,586.898
830.790,36.358,420.357,583.337
856.025,28.733,416.991,586.145
867.775,17.489,412.867,585.274
859.653,11.327,416.557,579.242
846.947,22.192,428.561,573.220
842.480,27.483,430.932,557.182
834.259,33.035,434.790,548.833
829.839,37.297,439.936,545.399
838.721,42.667,440.226,539.509
850.286,65.460,435.861,537.855
856.912,66.132,434.519,541.006
870.486,62.460,422.572,536.470
875.769,60.308,416.967,533.204
886.201,46.899,410.311,534.011
892.933,44.604,402.107,531.779
901.309,42.333,393.691,532.016
891.184,48.331,389.568,531.745
895.507,35.755,384.844,533.724
910.240,32.606,379.002,536.510
923.746,25.676,372.042,542.207
912.360,25.200,373.013,549.271
909.901,14.095,374.351,554.348
