570.000,260.000,316.000,182.000
557.665,256.284,311.104,180.915
564.652,258.018,314.133,183.924
567.259,258.429,322.689,183.066
569.619,264.600,336.555,189.850
573.402,263.231,344.934,188.578
567.031,263.878,361.623,193.060
566.146,267.481,376.469,200.829
559.893,256.186,381.196,199.473
547.085,264.847,387.557,206.013
522.490,266.213,393.958,207.138
472.916,264.427,398.454,208.995
436.885,269.983,397.765,214.948
405.993,266.040,392.956,211.248
413.618,270.941,387.914,209.770
420.549,274.042,387.514,207.491
426.061,282.128,385.609,207.069
429.733,287.567,388.023,208.065
435.702,289.715,400.402,209.838
459.203,285.267,407.684,209.034
463.717,285.354,417.465,206.076
468.211,288.092,432.113,203.007
472.121,287.253,444.910,193.519
491.336,287.013,458.757,191.500
489.755,286.886,471.053,190.579
481.965,283.949,479.107,190.452
464.209,284.157,483.479,192.208
453.309,282.643,488.074,199.315
423.553,278.503,491.867,204.089
394.064,272.627,494.466,206.300
372.489,260.557,496.721,204.866
375.963,260.648,491.715,203.447
389.668,254.526,483.159,202.124
404.082,251.998,464.946,201.032
426.794,242.390,452.279,199.078
451.241,243.210,438.084,198.699
460.693,245.906,422.888,198.378
463.047,249.370,402.787,198.080
470.616,251.074,388.358,196.682
477.332,249.045,374.916,198.071
485.978,253.425,363.376,195.310
488.467,245.096,358.304,198.021
487.440,250.724,353.247,196.925
489.627,247.393,351.136,196.049
522.025,250.116,373.983,194.415
491.912,250.705,391.522,194.134
475.859,253.759,415.761,193.006
411.950,254.349,429.561,190.166
360.225,257.563,431.280,188.188
317.209,261.017,436.901,185.988
276.950,264.558,435.995,185.721
269.808,263.813,439.019,187.437
296.468,259.067,452.571,190.253
312.033,254.369,471.550,192.699
319.497,253.631,487.218,194.021
323.312,253.671,498.268,194.178
346.418,251.437,507.403,190.264
394.831,246.311,501.012,186.322
399.129,258.712,500.284,190.541
400.492,255.465,507.161,189.742
417.071,260.254,508.057,195.135
439.611,253.764,504.330,197.595
421.438,252.189,505.472,201.524
415.584,239.203,505.197,207.324
401.143,236.179,501.027,210.940
388.169,234.643,497.302,212.239
354.452,229.525,503.109,218.444
332.004,233.219,514.452,223.060
315.748,230.741,527.624,233.603
315.910,223.693,530.824,234.117
327.507,238.485,528.072,238.876
327.810,221.738,527.097,237.561
316.320,226.373,531.623,239.809
318.787,215.887,537.439,240.818
309.100,222.248,537.658,242.402
316.025,215.321,542.341,244.254
314.784,211.473,543.938,247.317
308.549,210.808,547.498,248.486
314.132,214.037,544.992,248.296
327.209,211.450,542.976,247.190
341.701,206.955,539.806,246.667
347.391,203.139,537.073,248.105
348.411,199.196,537.718,249.186
357.351,200.536,536.993,248.784
358.711,202.186,541.515,252.709
362.907,206.752,554.440,255.238
351.047,207.389,562.220,257.993
343.284,217.088,574.720,259.366
340.786,217.381,577.872,258.522
347.816,228.425,566.898,259.586
346.025,229.987,554.688,257.454
357.522,242.759,552.220,258.415
361.493,245.129,547.964,258.688
362.101,240.947,539.792,253.597
366.201,247.522,535.473,252.205
360.304,247.217,523.635,253.171
378.279,241.823,518.403,252.542
364.302,235.571,496.835,255.238
384.833,235.013,493.482,260.430
387.307,227.449,501.367,259.252
383.223,228.683,510.559,259.111
387.668,219.205,533.099,262.694
379.014,223.824,547.091,261.296
378.314,221.843,553.134,258.302
385.772,217.863,545.472,250.715
405.053,229.856,541.547,244.294
404.063,234.600,532.393,241.118
415.246,240.980,523.597,240.952
414.602,236.883,513.477,235.299
423.511,243.250,509.419,237.857
439.417,241.335,513.225,243.788
441.031,234.827,516.243,242.578
449.947,221.775,518.164,241.823
458.037,233.466,523.050,246.302
453.420,231.391,528.162,245.015
463.434,230.506,533.852,242.003
462.170,230.016,539.239,240.322
471.878,230.171,542.349,236.533
476.082,225.075,543.028,232.316
486.115,227.296,534.740,232.744
492.556,229.892,525.255,235.877
485.550,229.955,523.330,241.541
481.253,228.309,524.201,242.265
471.168,230.035,523.886,247.570
451.495,231.079,520.794,251.823
435.645,233.650,517.805,260.300
421.205,229.793,513.493,263.134
392.682,227.284,516.425,259.969
375.191,224.927,521.366,261.748
363.908,230.849,531.081,261.861
353.121,233.036,538.408,264.981
347.524,234.478,548.544,272.267
348.104,233.231,558.050,272.998
374.970,228.622,560.207,270.858
392.999,230.119,560.429,269.524
407.340,230.065,555.618,267.688
428.013,232.347,549.143,269.580
447.964,231.420,541.012,270.052
453.568,231.466,534.499,271.397
433.389,234.058,531.002,274.117
410.645,234.622,526.300,275.412
389.246,237.077,526.246,277.904
357.716,242.830,529.114,283.077
323.642,243.457,535.532,288.176
284.923,239.299,539.127,290.324
253.826,236.533,541.310,289.117
230.571,232.241,541.702,291.276
212.090,231.408,544.231,294.084
209.604,224.938,547.817,292.106
207.598,223.673,551.060,291.749
208.876,220.246,549.004,290.095
230.028,219.438,537.931,287.370
246.035,215.153,526.874,283.885
255.516,214.076,515.222,286.030
266.573,208.044,503.574,289.115
271.416,203.536,491.089,288.738
280.499,208.514,482.547,290.820
294.324,206.924,478.785,289.142
310.468,211.263,481.656,285.856
318.197,210.087,485.072,285.307
329.207,216.008,493.090,287.040
356.633,215.814,501.814,287.948
378.122,218.155,514.439,285.449
377.024,223.325,526.983,287.430
375.617,219.991,534.310,281.362
378.748,223.076,538.615,276.345
384.342,226.397,540.807,268.972
398.360,233.750,545.056,266.375
422.403,231.514,538.510,263.434
442.433,228.634,528.268,261.035
479.323,231.046,520.098,262.865
497.548,226.783,507.178,260.503
512.661,232.436,501.196,260.137
517.218,238.116,494.693,261.196
514.908,252.541,491.158,265.531
499.779,265.121,487.552,272.089
482.626,268.769,488.717,271.836
464.531,272.903,489.311,271.254
444.371,277.111,488.070,269.195
417.491,277.910,488.784,267.964
397.510,275.837,489.508,262.978
394.519,263.393,493.065,259.194
382.115,243.941,492.042,262.182
365.033,228.605,493.766,264.999
343.946,219.596,492.126,265.811
342.369,221.481,482.480,268.349
351.987,216.759,473.123,270.128
364.267,202.627,461.959,269.599
391.880,195.423,450.404,271.933
397.042,177.187,442.956,273.790
400.559,161.750,433.112,272.667
411.753,173.240,423.891,278.207
430.151,177.662,416.705,280.537
462.045,182.114,411.116,282.489
480.180,183.821,408.156,282.398
494.411,173.735,406.328,280.651
499.634,181.501,405.361,283.324
496.463,181.989,408.722,286.745
492.750,181.948,414.053,288.280
494.047,185.167,416.157,289.578
508.481,186.894,418.485,288.480
522.197,182.573,420.866,287.144
541.453,178.477,420.180,282.064
559.867,177.617,417.784,281.253
583.190,176.070,412.016,279.669
616.828,168.176,414.012,278.242
645.168,157.129,412.601,272.337
655.398,155.440,411.911,271.165
651.263,151.793,409.469,268.724
630.198,160.560,408.367,270.671
595.046,164.683,406.655,271.457
542.009,180.625,404.546,275.662
477.452,196.306,402.403,274.971
418.940,205.697,399.605,272.613
364.991,212.922,397.840,272.609
315.375,214.953,400.227,271.749
271.770,222.121,406.556,270.946
232.415,224.480,414.242,268.831
234.444,227.210,428.054,269.263
248.385,221.527,439.096,263.596
276.911,220.361,444.918,266.075
302.565,213.577,452.447,264.917
327.552,212.857,454.882,268.607
361.970,205.471,455.026,267.124
421.439,209.402,445.693,270.076
464.883,207.161,444.434,269.254
516.063,212.444,444.981,272.853
566.616,209.029,445.866,270.270
618.749,213.613,444.671,269.833
665.198,207.292,446.218,266.376
718.760,205.947,450.856,263.412
764.070,193.676,455.604,258.519
795.966,197.164,456.706,258.237
810.058,194.132,454.851,256.635
826.616,191.738,447.194,254.778
835.308,196.481,439.510,257.377
847.951,200.220,433.222,259.290
843.147,199.383,431.524,256.925
837.574,198.475,431.191,252.753
836.025,203.773,430.877,250.784
831.394,214.209,432.627,252.961
828.742,219.006,437.630,250.884
821.354,225.411,446.068,252.806
811.704,231.320,453.425,254.518
800.687,233.216,460.774,254.348
792.168,240.267,468.521,257.916
780.844,242.531,474.478,258.986
775.481,243.112,483.528,259.037
766.573,253.688,495.478,260.393
751.798,252.214,504.563,259.298
730.839,265.149,511.586,258.992
699.034,262.362,520.472,254.450
668.935,271.631,523.854,251.122
658.332,264.267,516.790,243.232
640.013,276.722,503.180,239.998
644.245,278.905,492.207,237.737
643.812,276.862,480.917,234.689
657.883,286.989,469.455,235.090
675.663,284.942,468.889,229.541
679.073,287.459,469.683,227.363
673.651,286.147,471.296,223.592
675.626,271.241,483.559,223.946
656.390,256.738,490.001,224.694
627.931,249.844,494.677,225.894
584.860,239.065,493.799,228.835
546.501,233.061,488.721,228.689
528.238,219.301,483.554,226.383
492.420,216.197,473.294,227.609
461.586,208.909,463.488,228.890
427.403,206.080,453.104,230.228
410.463,201.839,450.478,228.785
378.483,210.979,448.431,229.681
351.833,237.683,451.023,230.610
338.337,248.189,460.243,236.470
338.113,240.094,469.598,232.770
340.456,257.765,477.876,234.718
336.504,272.858,482.648,236.461
333.034,270.254,481.940,235.440
343.906,268.813,477.275,233.093
355.828,271.232,467.237,235.849
359.194,273.969,456.908,237.470
369.620,274.242,446.077,239.098
384.629,277.814,437.050,241.727
401.415,275.150,425.593,241.677
412.044,272.905,415.848,239.220
419.559,267.525,408.220,233.586
426.905,263.667,401.846,225.050
451.832,268.855,398.048,224.078
475.868,268.184,393.538,222.697
491.285,271.215,389.216,222.669
501.519,280.057,391.509,223.485
519.049,281.511,391.431,215.479
531.460,285.353,390.260,212.565
534.159,287.680,385.009,213.606
544.773,287.812,378.592,215.597
559.853,294.269,376.794,222.145
566.088,287.984,371.596,227.303
598.553,288.306,368.791,229.797
630.484,289.376,367.182,236.363
638.968,291.215,367.638,245.968
653.367,277.461,366.902,241.292
654.080,288.658,367.423,243.881
651.233,289.459,372.055,245.562
638.329,292.429,377.156,248.496
627.511,293.051,383.039,249.534
621.852,301.434,390.111,254.710
603.329,297.702,391.265,251.936
594.240,302.845,390.284,251.554
608.521,301.398,405.870,253.228
575.284,299.083,399.298,253.429
603.573,298.111,411.129,254.799
601.776,293.900,414.085,254.812
