558.000,168.000,220.000,131.000
556.666,165.842,215.543,132.033
557.415,165.184,214.438,133.328
556.256,164.954,214.232,134.504
555.666,164.932,214.201,136.018
554.079,164.253,215.852,136.866
553.830,164.206,216.698,136.702
551.076,164.107,219.279,136.449
550.287,163.229,219.976,136.585
549.051,163.376,221.342,136.759
547.544,163.388,222.451,136.467
546.524,163.517,222.977,136.449
546.017,162.886,223.322,136.117
545.262,163.054,223.544,135.781
543.948,162.955,224.326,135.133
542.502,163.084,225.081,135.155
541.419,163.150,225.589,135.204
540.666,163.235,225.572,136.068
539.203,162.312,224.999,135.331
536.885,161.678,222.342,134.136
536.570,161.760,219.953,133.570
535.655,161.224,215.765,132.833
535.834,161.717,209.890,131.964
538.027,162.645,205.579,131.990
539.321,161.999,201.631,131.866
541.163,162.647,197.795,131.893
541.675,162.435,194.099,132.568
542.230,162.552,191.460,132.571
543.706,162.291,189.535,133.285
545.327,161.231,187.313,134.312
546.859,161.771,185.662,134.354
547.423,162.418,184.320,134.094
548.315,163.013,183.320,133.826
549.264,163.610,182.786,134.630
549.877,162.214,182.696,133.396
550.881,162.940,182.326,132.890
551.834,162.884,182.109,131.616
552.870,163.509,182.250,131.125
553.723,161.772,181.808,130.460
554.292,162.349,181.662,130.281
554.368,161.892,182.091,131.080
554.834,161.613,182.269,131.567
555.274,161.196,182.415,132.143
555.708,161.560,182.240,132.107
555.627,161.441,181.742,132.957
555.313,159.996,182.563,134.226
555.758,159.821,181.480,134.698
556.143,159.678,180.513,135.084
556.151,159.655,178.867,135.435
556.232,159.581,177.422,135.158
558.155,159.425,175.723,134.758
559.641,158.433,175.452,135.072
558.110,157.635,173.042,134.408
559.551,159.000,168.367,133.616
559.145,159.857,162.472,133.546
557.380,158.576,155.864,133.448
558.590,158.556,149.935,133.253
562.096,158.523,146.127,133.553
560.559,158.205,139.979,134.360
562.716,158.183,133.224,133.080
563.469,158.779,127.207,131.506
565.290,160.398,122.557,130.350
567.136,160.851,119.178,128.715
567.871,161.535,117.412,128.442
567.829,160.705,115.746,128.451
568.876,160.242,114.591,129.435
569.354,159.423,113.757,130.135
570.485,158.759,112.636,130.876
571.739,158.223,111.894,130.958
572.773,157.304,110.950,130.813
573.254,156.721,109.488,130.483
574.107,156.610,107.721,129.708
574.398,156.714,105.193,128.564
575.423,158.814,101.896,125.973
576.633,160.523,98.443,123.730
578.110,161.873,95.079,121.354
579.445,162.142,92.677,119.958
579.878,162.550,89.927,119.645
581.008,161.175,87.718,119.725
581.561,159.882,85.570,119.547
582.777,159.961,83.647,119.213
583.742,160.104,81.771,118.975
585.138,159.523,79.947,118.479
586.558,159.192,78.487,118.507
586.912,158.926,77.370,118.984
587.186,158.221,77.051,120.272
587.227,158.127,77.013,121.154
587.357,157.558,76.815,121.781
587.447,157.394,76.874,121.908
587.918,157.107,76.975,121.887
587.920,156.713,76.619,122.035
589.530,156.408,74.922,120.913
590.600,157.257,74.065,120.223
591.184,157.573,73.097,119.925
591.790,157.605,72.018,120.052
591.652,157.392,71.195,120.248
590.742,157.124,70.994,120.283
589.891,158.337,71.148,120.313
588.748,156.897,71.062,119.913
588.228,158.061,70.789,119.746
587.519,158.132,69.933,119.755
586.830,156.882,69.249,120.129
586.640,157.602,69.073,119.807
586.161,157.489,68.606,119.906
585.418,157.004,68.051,120.198
585.736,157.527,67.948,120.336
585.535,157.279,67.646,120.454
585.595,157.304,67.441,120.474
585.799,157.307,67.299,120.221
586.286,157.303,67.663,119.939
586.403,157.590,68.213,119.739
586.162,157.579,68.400,119.619
586.551,157.602,68.028,119.367
586.738,158.062,67.748,119.003
587.682,158.244,67.581,118.763
588.780,158.856,67.060,118.592
588.734,158.416,66.752,118.601
586.674,156.927,66.343,117.528
587.492,156.192,67.007,116.987
585.659,157.557,68.193,116.659
584.493,157.216,68.575,116.132
583.702,158.938,69.785,114.367
582.351,157.613,70.433,113.451
581.511,157.298,71.512,112.769
580.630,156.354,72.551,111.867
579.421,156.337,73.046,111.086
578.887,155.525,73.417,110.726
577.953,155.637,73.840,110.469
577.825,155.638,73.674,110.137
577.050,155.678,73.414,109.791
577.358,155.213,72.701,109.764
577.793,154.108,71.587,109.339
578.531,153.556,70.424,109.374
578.533,153.435,69.673,109.764
577.738,152.365,68.703,109.743
577.663,152.416,67.774,109.559
576.399,150.506,66.415,109.482
575.475,151.012,65.751,109.596
573.522,149.460,65.315,109.240
572.211,150.350,66.100,109.227
571.045,150.194,66.693,109.095
570.455,149.483,67.546,109.052
568.826,149.018,68.045,108.926
568.596,149.077,68.886,108.153
568.930,149.153,69.670,107.426
567.804,148.608,70.354,107.289
567.338,147.811,70.635,106.661
567.015,147.485,70.361,105.667
566.336,146.827,69.253,105.073
565.616,146.360,68.333,104.469
564.290,143.828,66.468,103.057
563.975,145.334,64.295,102.284
564.411,143.991,61.986,101.392
564.719,144.524,60.171,101.363
565.372,144.556,58.863,101.431
566.115,144.355,58.049,101.196
566.651,144.135,57.209,100.955
567.365,143.747,56.423,100.702
567.761,143.611,55.839,100.777
568.030,143.112,55.376,101.028
568.984,143.028,55.156,100.765
569.454,143.071,54.913,100.442
570.245,142.999,54.377,100.196
570.559,142.946,54.005,99.935
571.000,143.065,53.721,99.717
571.378,142.801,53.425,99.293
571.435,142.334,52.886,98.993
571.542,142.263,52.594,99.064
572.007,141.937,52.299,99.076
572.200,141.163,52.245,99.499
572.420,140.744,52.248,99.787
573.044,140.210,52.307,100.293
573.526,139.450,52.331,100.829
574.267,138.639,52.228,101.606
574.901,138.183,51.864,102.024
575.242,137.849,51.482,102.472
575.570,137.149,51.170,102.977
575.864,136.760,50.735,103.265
576.148,136.129,50.376,103.395
576.274,135.855,50.276,103.430
577.009,136.153,50.380,103.301
577.775,135.017,50.811,104.036
578.446,134.959,51.598,104.363
578.827,134.361,52.483,104.803
579.221,133.620,53.597,105.286
579.098,133.136,54.595,105.507
578.952,132.386,55.983,105.096
578.454,131.637,57.175,104.143
578.536,130.968,58.390,102.399
578.711,130.565,59.426,99.892
578.771,130.993,60.529,96.979
578.949,130.290,61.314,94.507
579.207,131.705,62.180,94.057
579.391,131.682,62.762,93.593
579.722,131.135,63.334,92.738
580.271,130.574,63.882,91.727
580.826,130.228,64.250,90.754
581.537,130.956,64.444,91.008
582.257,130.955,65.102,91.989
582.881,130.269,65.824,92.271
583.060,129.824,66.465,92.396
583.711,129.657,67.168,92.242
583.698,129.578,68.302,92.550
584.066,129.887,68.845,93.111
584.721,129.603,69.210,93.334
585.629,129.506,69.378,93.335
586.235,129.648,69.527,93.534
586.859,129.400,70.144,93.675
587.618,129.447,70.885,93.572
588.016,129.463,71.779,93.274
588.194,129.684,72.829,92.873
589.008,129.254,74.253,92.269
589.104,129.228,75.111,91.482
589.394,129.890,75.989,91.010
588.873,129.701,77.136,90.649
589.548,129.907,77.660,90.585
589.354,129.897,78.157,90.368
589.565,130.087,78.227,90.473
589.561,129.976,78.049,90.498
590.108,130.156,77.712,90.512
590.347,130.106,77.348,90.691
590.376,129.958,77.022,90.924
590.828,129.796,76.485,91.049
591.465,129.840,75.634,91.207
591.883,129.680,75.013,91.282
592.353,129.782,74.421,91.456
592.704,129.893,73.959,91.675
592.752,129.712,73.635,91.735
593.391,129.557,73.228,91.734
593.937,129.622,72.824,91.894
594.259,129.343,72.777,91.935
594.632,129.549,72.811,92.076
594.626,129.328,72.924,92.063
594.999,129.813,72.839,92.107
594.847,129.353,72.831,92.241
595.151,129.321,72.504,92.539
595.216,129.140,72.075,92.744
595.020,129.196,71.693,92.986
595.141,129.320,71.138,93.279
595.304,129.289,70.684,93.626
595.171,128.826,70.102,93.768
595.308,128.785,69.243,93.820
595.554,128.771,68.655,93.775
595.812,128.867,68.200,93.758
596.393,128.840,67.848,93.759
596.758,128.807,67.577,93.661
597.263,129.011,67.398,93.619
597.750,129.015,67.248,93.624
598.375,128.958,66.946,93.402
598.828,129.054,66.815,93.292
599.060,129.150,66.773,93.274
599.365,129.114,66.858,93.086
599.467,129.004,67.058,93.215
599.534,129.020,67.177,93.273
599.528,129.049,67.222,93.064
600.076,128.907,67.179,93.202
600.456,129.026,67.153,93.576
600.370,128.927,67.301,93.823
600.564,128.755,67.403,93.908
600.753,128.662,67.475,93.723
601.022,128.864,67.587,93.503
601.350,128.668,67.531,93.312
601.420,128.496,67.241,93.009
601.723,128.769,66.785,93.142
602.064,128.540,66.455,93.326
602.405,128.808,66.248,93.366
602.875,128.546,65.992,93.463
603.259,128.543,65.733,93.508
603.604,128.607,65.441,93.446
603.972,128.712,65.120,93.037
604.405,128.889,64.894,92.877
604.820,129.424,64.730,93.339
605.114,129.267,64.494,93.462
605.344,129.171,64.320,93.750
605.984,128.850,63.996,93.751
606.514,128.637,63.431,93.066
607.364,128.237,62.918,92.046
607.750,128.053,62.788,90.955
608.063,127.605,62.581,88.963
609.032,128.749,62.244,87.908
609.787,128.535,61.884,86.977
611.024,128.776,61.278,86.635
612.284,127.775,60.437,85.312
613.540,128.407,59.993,84.712
614.253,128.016,59.744,84.395
614.850,127.359,59.563,84.087
615.349,127.569,59.433,83.766
615.940,127.638,59.343,83.706
616.529,127.360,59.035,83.841
617.071,127.339,58.820,84.045
617.351,127.136,58.648,84.249
617.913,127.097,58.650,84.322
618.239,127.243,58.559,84.499
618.492,126.767,58.543,84.723
618.990,126.593,58.435,84.856
619.186,126.618,58.406,85.166
619.783,126.281,58.325,85.355
620.995,126.596,58.316,85.324
621.516,126.288,58.254,85.514
622.241,126.142,58.335,85.779
622.579,126.113,58.322,86.077
623.783,126.939,58.006,86.811
624.602,126.282,57.902,87.248
624.873,126.543,58.259,87.518
624.097,126.494,59.540,88.086
623.449,126.492,60.652,88.281
622.421,127.339,61.603,88.555
619.941,126.766,62.812,88.002
619.241,127.696,63.799,87.575
617.467,128.144,64.684,87.504
615.595,127.676,65.990,86.532
612.925,128.310,66.971,86.057
610.686,128.473,67.083,86.079
608.449,129.152,66.786,85.883
606.204,130.509,67.211,86.235
604.789,130.396,67.780,86.255
603.469,131.284,68.788,86.149
600.925,131.500,70.855,85.729
598.097,131.468,73.350,85.450
594.664,132.818,76.165,85.424
592.491,133.468,78.406,85.198
589.341,133.623,80.930,85.340
585.911,133.793,83.365,85.378
581.636,135.602,86.323,86.167
579.362,135.963,88.977,86.243
576.948,136.522,91.137,86.088
574.144,137.069,93.352,86.223
570.960,137.133,95.928,87.028
569.170,136.846,97.594,87.360
567.756,137.516,99.275,87.286
565.312,138.945,101.565,87.820
564.600,138.436,102.927,87.860
562.934,138.973,104.710,88.235
561.293,139.542,106.538,88.016
558.087,140.905,109.420,87.519
555.532,141.657,112.268,87.465
552.568,143.529,115.181,86.753
550.963,145.041,117.497,85.856
549.862,146.395,119.544,85.550
547.884,147.871,121.939,85.209
545.579,149.058,124.704,85.166
543.279,149.922,127.151,85.439
541.901,150.930,127.608,85.217
540.109,152.434,128.623,84.631
539.529,153.826,128.257,84.082
538.384,154.840,127.667,83.991
538.207,155.884,125.674,84.094
537.644,157.318,123.597,83.964
537.028,157.915,121.340,83.943
536.754,158.830,119.746,83.682
536.867,159.613,118.623,83.331
536.999,159.988,117.864,82.640
537.059,161.945,117.994,82.918
536.950,163.078,118.265,82.673
536.670,164.498,118.838,82.649
533.497,166.177,120.878,83.187
531.233,167.839,122.977,83.403
531.689,168.954,123.871,83.383
530.590,170.412,125.108,83.401
529.744,171.570,127.187,83.831
528.994,172.919,129.169,84.738
527.805,173.678,130.620,85.582
526.319,173.629,132.513,86.375
524.232,175.379,134.508,86.269
523.714,176.599,135.932,86.780
523.249,178.026,137.089,87.321
522.128,179.085,138.138,87.847
520.513,180.915,138.717,87.223
519.144,182.730,138.765,86.620
517.748,184.364,138.654,86.150
516.433,186.147,138.525,86.225
515.310,187.980,137.826,85.936
514.468,188.340,137.368,86.697
513.653,190.416,137.154,86.910
512.578,192.045,137.075,87.941
511.795,193.345,136.413,87.723
511.017,195.420,136.099,87.844
509.796,196.353,136.727,88.238
509.257,198.083,135.794,87.649
508.383,200.104,137.352,87.408
507.282,201.620,138.489,86.831
505.474,203.776,140.167,86.352
503.732,205.611,141.652,85.943
501.350,206.856,143.722,86.176
500.269,209.888,146.109,85.334
497.397,212.054,148.363,84.682
494.463,213.269,149.106,84.253
494.740,214.656,149.776,83.984
492.269,216.453,150.929,83.744
489.486,217.546,151.955,83.814
488.611,218.984,151.642,83.355
487.214,221.632,151.955,83.940
486.150,222.827,151.726,84.318
484.056,224.920,152.160,84.958
481.680,225.978,152.389,84.483
481.440,227.969,151.369,84.092
481.648,228.784,149.810,84.110
479.249,230.977,149.784,85.450
476.929,231.255,149.644,85.336
475.774,232.543,149.070,85.494
472.308,233.530,149.507,85.646
471.599,235.061,148.928,85.300
469.872,235.751,148.209,85.601
467.920,236.878,147.951,86.070
465.007,237.495,147.993,85.849
462.664,238.900,147.799,85.861
460.330,239.800,147.582,86.237
458.520,240.084,147.261,86.625
455.962,240.785,147.013,86.589
453.710,241.520,146.765,86.750
451.331,242.214,146.781,86.706
449.400,242.876,146.660,86.963
448.382,243.110,145.839,86.890
446.914,243.391,144.959,86.818
444.675,243.037,144.776,87.308
441.579,243.763,145.279,87.069
439.180,243.550,145.304,87.492
437.060,243.699,145.089,87.764
434.724,243.654,144.656,87.936
432.401,245.282,144.575,87.190
429.878,244.627,144.834,86.313
427.736,246.070,144.910,85.592
424.881,245.705,145.187,85.189
422.728,246.135,144.825,84.845
420.057,245.878,144.887,84.773
417.895,246.917,145.120,84.634
414.859,245.960,145.949,84.707
411.957,246.476,146.736,84.882
409.600,245.319,147.129,84.442
407.596,245.720,147.367,84.811
405.199,245.115,147.393,85.240
403.446,244.727,146.991,85.349
401.861,244.379,146.459,85.410
399.088,244.686,146.713,85.288
396.133,243.959,147.214,85.722
395.097,243.388,146.665,86.260
391.071,243.309,147.290,86.356
388.566,242.617,147.859,86.864
386.561,242.034,147.973,87.281
383.976,241.793,148.177,87.436
381.364,241.685,148.617,87.373
378.907,241.538,148.760,87.129
376.643,241.437,148.572,87.238
373.426,241.273,149.237,87.685
370.089,240.970,149.995,87.988
367.023,240.929,150.595,88.198
364.840,240.382,150.816,88.118
362.782,240.435,150.991,87.945
359.450,240.365,151.671,87.771
357.172,240.036,151.674,87.661
354.153,239.287,152.085,88.167
350.734,238.146,152.888,88.525
347.592,238.003,153.675,87.966
345.271,237.794,154.119,88.199
342.769,237.591,154.300,88.193
339.004,237.175,155.304,88.185
337.265,237.279,155.446,88.490
334.925,237.075,155.557,88.504
330.931,236.709,156.386,88.656
328.851,237.230,156.472,88.899
326.308,236.792,156.885,89.019
323.871,236.582,157.113,89.215
322.405,236.256,156.821,89.374
319.028,236.531,157.660,88.972
318.282,236.420,157.124,88.139
316.958,236.702,156.637,87.600
314.648,236.664,156.650,87.375
312.170,236.446,157.070,87.475
309.456,236.563,157.631,87.616
307.700,236.066,157.958,87.598
306.441,236.081,157.804,87.369
304.492,235.820,157.898,87.371
302.627,235.699,158.067,87.484
301.032,235.282,157.974,87.700
300.067,235.094,157.557,87.700
299.944,234.934,157.014,87.510
299.058,234.974,156.882,87.469
296.213,234.038,157.910,87.686
295.802,234.089,157.456,87.307
293.860,233.707,157.668,87.344
291.826,232.863,158.540,86.916
290.948,232.618,158.428,86.794
288.311,232.830,159.059,86.473
287.647,232.231,158.738,86.608
286.665,231.551,158.606,86.509
286.344,231.788,158.086,86.649
282.598,231.452,159.550,86.564
282.099,230.316,159.323,86.960
282.031,230.261,158.797,87.239
280.298,230.610,159.126,87.161
279.556,229.833,159.158,87.067
279.771,229.472,158.572,87.034
277.979,229.166,158.829,87.594
278.007,229.013,158.223,88.163
276.835,228.284,157.787,88.514
275.996,228.036,157.502,88.832
275.975,227.823,157.159,89.026
276.240,227.766,156.816,89.119
276.003,227.722,156.886,89.254
277.340,227.369,156.107,89.969
280.736,228.090,154.277,90.015
282.823,228.841,153.548,89.819
286.403,229.425,152.253,89.555
288.253,230.596,152.024,89.330
291.498,231.850,151.194,89.458
294.665,233.349,150.803,89.470
298.103,234.823,150.505,89.219
302.746,236.617,149.955,88.734
308.486,238.422,148.617,88.856
312.769,240.563,148.616,88.989
317.086,242.713,149.379,89.561
321.185,245.312,150.226,89.507
326.338,247.796,151.097,89.901
331.000,250.809,152.179,89.639
337.634,254.121,153.833,89.790
344.151,257.969,153.921,89.522
354.335,262.181,153.807,88.899
362.592,265.657,153.605,89.034
371.017,270.312,153.155,88.647
379.321,274.598,152.846,87.934
389.667,277.629,151.746,88.814
395.729,280.698,149.193,89.639
408.158,285.484,145.996,90.034
418.017,290.323,142.673,90.445
424.893,294.000,139.593,91.005
442.240,298.708,132.073,90.880
451.420,301.741,126.874,90.629
465.245,305.975,121.875,90.150
475.252,310.455,118.173,89.891
487.044,314.594,114.137,89.630
499.224,317.896,110.327,89.757
512.962,321.359,105.296,90.724
526.285,322.734,100.292,90.875
539.298,325.873,95.517,92.430
552.346,326.908,90.513,93.581
566.299,328.030,84.937,93.737
580.260,330.169,79.914,93.725
594.680,333.949,74.655,94.898
607.507,337.536,69.154,96.449
618.700,343.643,65.759,94.895
