122.000,143.000,11.000,43.000
120.923,143.035,11.434,42.556
121.077,143.081,11.814,42.395
120.286,142.193,12.260,42.737
119.228,141.615,12.628,42.856
118.383,142.739,12.960,42.304
118.054,142.250,13.431,42.347
117.842,142.496,13.514,42.221
117.087,142.576,13.794,42.206
116.257,143.215,14.003,42.116
116.530,144.037,14.245,41.933
115.891,145.138,14.191,41.912
115.060,145.997,14.288,41.735
114.017,146.938,14.450,41.526
114.521,147.535,14.431,41.436
115.496,147.852,14.598,41.487
115.734,147.853,14.660,41.422
116.012,147.854,14.636,41.081
116.844,148.183,14.434,41.028
117.173,147.985,14.205,41.040
117.433,147.925,14.253,41.222
117.652,148.084,14.065,41.235
118.497,148.019,13.823,41.193
118.967,147.532,13.636,41.198
119.396,147.281,13.483,41.319
119.378,146.966,13.278,41.386
118.740,146.996,13.122,41.507
118.257,147.476,13.003,41.526
117.184,147.473,12.892,41.729
117.295,147.392,12.827,41.726
116.968,148.232,12.655,41.667
117.507,148.088,12.600,41.559
116.620,148.007,12.457,41.438
115.884,148.344,12.348,41.334
115.351,148.465,12.406,41.001
114.936,149.096,12.338,40.570
113.745,149.256,12.004,40.019
113.050,150.088,12.053,39.785
112.456,150.629,12.143,39.748
111.438,150.676,12.153,39.467
110.407,149.100,12.061,40.008
109.591,148.073,12.095,40.650
109.212,148.132,12.112,40.947
107.623,147.231,12.092,41.147
106.180,146.795,12.150,41.575
104.017,146.751,12.211,42.169
101.680,146.207,12.343,42.701
98.787,145.921,12.463,43.143
95.570,145.746,12.668,43.636
92.211,145.392,12.922,44.205
89.013,145.376,13.080,44.725
84.493,145.846,13.069,44.615
80.438,145.230,13.308,44.666
76.579,144.548,13.494,44.786
73.375,143.620,13.745,44.932
68.289,143.809,13.902,44.965
63.893,143.321,14.179,45.232
59.209,142.769,14.596,45.408
54.358,142.768,14.842,45.596
49.215,142.756,15.161,45.580
44.452,141.105,15.490,46.241
38.741,140.778,15.836,46.605
32.980,140.850,16.229,46.890
29.108,141.352,16.635,47.265
25.050,140.675,17.202,47.521
20.688,140.439,17.129,48.101
17.726,139.994,17.019,48.818
16.271,140.479,16.878,49.047
14.717,141.300,16.684,49.314
12.260,141.418,16.205,49.252
11.445,142.164,15.745,48.961
11.664,142.936,15.625,48.784
10.997,143.413,15.516,48.429
11.296,143.494,15.682,47.942
11.751,143.064,15.816,47.527
12.855,141.699,15.662,47.680
13.480,142.066,15.392,47.519
14.563,141.476,14.908,47.508
14.179,141.066,14.647,47.859
13.546,140.989,14.319,48.123
13.907,140.268,13.984,48.782
13.641,139.393,13.985,49.265
13.561,138.776,14.117,49.557
13.523,138.241,14.366,49.686
13.466,138.558,14.603,49.737
13.919,138.269,14.767,49.448
14.974,138.568,15.046,49.118
14.472,138.992,15.636,48.132
14.548,136.953,16.386,48.237
14.274,135.545,17.235,48.707
12.693,133.132,17.874,49.897
12.054,130.862,18.688,50.766
11.805,130.204,19.563,51.638
8.749,129.765,20.313,51.645
7.087,127.696,20.698,51.638
6.424,126.293,21.133,51.295
5.610,123.562,21.624,51.990
3.422,121.167,21.576,52.551
2.589,119.192,21.751,52.117
2.385,118.707,21.922,51.673
2.659,117.221,22.056,51.295
2.162,114.989,21.766,51.220
3.337,112.990,20.414,51.102
3.663,109.888,19.701,51.079
3.278,106.818,19.135,51.166
3.147,105.001,18.997,51.667
2.098,103.698,18.957,52.323
1.580,102.316,19.333,52.360
0.757,101.740,19.573,52.498
-0.171,101.488,19.410,52.937
-0.156,101.643,19.454,53.187
3.570,100.651,19.891,53.534
4.504,101.294,20.902,53.743
3.963,98.570,21.767,53.897
2.782,94.249,22.262,54.540
2.639,93.791,22.996,54.240
3.364,93.062,23.601,54.089
3.720,91.510,23.959,53.343
4.741,88.776,23.706,53.155
3.803,87.089,23.620,52.900
5.291,85.018,23.669,52.311
6.981,81.740,23.941,51.818
7.531,79.526,23.896,51.280
8.505,77.916,23.878,50.811
9.087,77.632,23.997,50.309
9.954,76.110,24.227,50.391
10.942,73.864,24.684,50.671
10.646,70.353,25.334,50.745
11.969,67.442,25.098,51.527
11.491,64.909,25.400,52.702
10.800,63.640,25.720,53.645
11.912,61.867,25.886,54.629
12.763,59.374,26.584,55.221
12.751,56.736,27.085,56.002
12.220,53.494,28.450,56.631
12.731,52.585,30.005,56.617
13.945,49.944,32.488,55.980
17.142,47.709,34.552,55.777
16.568,45.667,36.834,55.425
17.649,43.627,38.809,54.883
19.239,43.993,40.331,54.125
20.505,44.085,41.338,53.100
21.235,43.221,41.771,51.954
22.588,46.509,41.874,50.594
24.360,49.730,41.556,49.453
25.122,51.439,41.517,48.420
23.372,54.523,41.333,47.795
24.676,55.810,40.936,47.877
25.604,59.451,40.788,48.630
27.361,60.698,41.119,48.991
28.092,62.830,41.772,49.257
29.475,65.491,42.131,49.599
30.797,67.025,42.661,49.969
32.808,67.560,43.171,50.219
34.120,68.525,43.490,50.038
36.867,71.065,43.826,49.506
38.484,73.704,43.890,48.918
41.196,75.213,43.786,48.380
44.250,75.700,43.363,48.029
46.136,78.338,43.004,47.164
48.176,80.795,42.242,45.875
49.713,84.374,41.172,45.395
50.521,85.923,40.587,46.105
49.429,87.706,40.315,47.108
49.657,90.066,39.904,47.920
50.388,93.119,39.356,48.980
51.186,93.544,38.908,50.049
51.683,94.521,38.742,50.477
53.445,96.403,38.569,50.912
54.757,98.583,39.055,50.752
56.396,101.139,39.942,50.444
57.228,101.757,40.843,50.464
57.966,102.274,41.388,50.294
60.082,103.007,41.921,49.977
61.044,104.891,42.246,49.522
62.249,106.293,42.255,49.285
62.365,107.210,42.263,49.153
62.706,108.899,42.547,48.680
63.172,110.370,42.643,48.695
63.193,112.060,42.764,48.935
63.964,116.267,42.592,49.203
65.607,119.061,42.508,49.661
67.375,122.372,42.399,49.852
68.327,124.205,42.272,50.314
68.276,125.562,42.302,50.555
69.215,126.529,42.256,50.593
70.291,128.661,42.076,50.902
71.813,131.378,41.754,51.415
73.426,134.371,41.552,52.301
74.805,136.579,41.186,53.233
76.332,140.270,40.660,54.235
77.331,141.191,40.252,55.164
75.413,142.275,39.325,56.283
77.198,144.258,38.983,57.114
78.291,145.452,38.869,57.631
75.810,145.294,38.269,58.453
75.008,144.382,37.870,58.823
75.820,143.652,37.764,59.034
75.780,144.848,37.561,58.972
75.039,145.650,37.902,58.497
75.527,146.112,38.358,57.995
77.938,146.437,39.011,57.440
84.050,149.588,39.807,57.408
87.141,151.569,40.406,57.184
88.281,153.714,41.296,57.157
90.973,154.359,42.314,57.040
93.681,153.616,43.207,56.919
96.583,153.698,43.869,56.999
97.799,154.728,44.131,57.384
99.806,154.166,44.301,57.760
