191.000,139.000,286.000,162.000
184.502,134.916,284.920,162.740
190.126,130.611,281.459,164.681
189.968,129.375,279.204,167.157
192.140,128.005,277.868,167.968
192.869,128.334,277.140,168.506
193.166,126.951,274.508,168.590
196.253,128.071,275.599,167.459
191.115,129.045,273.568,168.195
194.293,128.139,274.029,167.853
191.995,130.373,274.120,166.994
196.121,126.663,270.824,166.460
204.035,122.691,268.165,165.135
210.631,120.331,264.553,163.813
203.212,121.203,262.000,165.438
198.992,124.623,263.221,164.814
195.309,125.538,263.856,164.338
199.204,125.261,260.535,163.000
197.267,126.338,260.986,160.884
194.472,127.876,259.753,159.871
198.934,128.343,257.348,160.077
200.949,129.539,253.422,161.477
202.154,130.874,250.653,161.772
209.595,131.723,251.856,162.723
210.060,132.944,252.508,163.453
218.963,132.376,252.160,163.825
223.785,135.155,252.716,166.125
223.547,135.743,252.178,166.174
227.193,134.739,250.942,166.259
229.626,136.633,249.715,167.288
228.909,140.081,248.848,167.523
226.931,144.503,248.280,167.206
228.601,145.525,248.943,166.566
228.446,148.564,249.011,165.750
228.392,150.105,249.348,166.118
226.123,149.656,250.078,165.434
223.370,149.555,251.575,165.911
219.089,148.898,251.988,164.736
217.261,148.978,254.518,164.047
212.732,149.196,257.690,163.801
208.331,146.984,257.230,161.502
210.559,145.665,256.285,160.477
205.671,146.713,258.687,159.652
204.026,144.746,255.550,158.597
203.563,144.401,253.990,158.744
205.655,144.154,255.493,158.763
204.075,143.960,252.140,159.363
207.270,144.443,254.351,159.054
205.761,144.303,253.781,159.424
205.054,144.266,254.674,160.683
206.846,145.291,254.354,161.818
204.472,145.649,254.977,161.232
209.154,146.773,254.150,161.105
207.492,150.129,254.579,160.291
209.493,152.124,259.618,158.735
211.300,156.251,263.134,156.536
218.563,158.127,262.187,153.761
224.974,156.930,257.830,149.592
241.381,161.390,245.279,143.556
254.488,153.359,234.425,141.874
265.648,152.117,225.922,141.165
270.657,152.741,218.732,142.151
277.809,153.863,211.638,142.679
281.024,154.854,206.366,142.593
281.668,156.456,203.303,142.778
285.086,154.940,199.942,140.916
282.836,157.674,200.120,140.160
283.089,158.138,200.138,141.065
278.767,159.625,203.826,141.147
272.546,163.938,208.989,140.907
263.225,166.525,216.624,141.369
257.698,167.579,222.899,141.651
258.678,169.909,224.224,141.703
260.209,170.872,223.698,142.850
256.860,170.082,224.973,142.849
258.995,168.787,224.292,142.536
260.631,165.178,222.289,141.478
259.505,162.067,223.265,140.835
258.712,157.651,225.392,141.854
254.080,157.463,228.354,142.413
252.881,157.955,230.723,143.614
250.476,156.314,233.573,143.779
249.276,153.799,235.493,143.377
248.882,154.688,236.212,143.774
246.800,153.623,236.838,143.750
243.880,151.750,239.293,143.871
247.759,148.772,237.191,144.013
244.914,150.401,237.936,143.742
243.270,147.290,238.982,143.678
244.960,146.031,239.426,143.085
245.400,142.855,238.511,141.995
247.250,142.355,236.412,143.274
250.395,141.050,234.417,143.148
251.987,139.688,231.794,143.841
253.924,138.287,229.126,144.468
255.402,137.026,226.464,145.718
255.033,135.915,225.693,145.703
253.307,135.888,226.365,145.698
255.604,135.929,226.086,145.000
255.616,132.242,225.725,146.706
256.321,130.726,225.176,146.832
256.793,130.772,224.020,146.904
255.958,129.955,224.209,147.857
256.605,127.602,224.333,149.714
259.086,128.034,221.476,150.279
261.269,127.854,218.926,151.246
263.257,129.290,217.825,152.658
261.501,129.059,217.445,153.240
260.322,129.250,217.814,153.394
260.141,127.410,218.544,153.654
260.423,126.665,218.167,154.650
259.470,126.965,218.540,154.647
257.597,127.528,220.293,154.661
256.639,128.695,222.820,154.931
251.617,132.157,224.732,154.472
248.733,137.366,227.216,153.692
254.383,140.099,227.027,154.966
250.514,143.961,229.098,157.172
248.387,146.816,230.892,158.739
249.535,148.813,231.713,159.563
248.826,147.550,231.907,161.729
251.598,140.122,231.143,162.263
249.752,138.657,231.414,164.738
246.793,137.486,232.799,166.332
243.904,136.396,236.269,167.820
241.186,136.470,238.497,169.185
237.850,136.093,241.633,170.253
229.965,136.107,247.265,170.857
228.959,134.415,249.110,172.332
226.648,132.457,252.160,174.139
222.173,132.021,255.461,175.936
221.678,130.411,256.774,177.010
220.943,129.968,257.786,177.037
218.547,129.065,260.362,177.620
216.070,127.609,263.023,178.690
213.394,126.857,265.299,179.359
214.712,123.156,266.659,178.246
214.245,118.150,268.280,178.769
210.459,117.202,271.587,180.764
207.531,116.099,274.279,181.651
207.947,112.771,274.513,181.878
205.008,111.694,276.999,182.910
202.309,110.261,278.601,183.070
203.211,109.034,279.575,184.402
201.189,107.100,280.535,185.264
200.080,105.701,280.827,186.815
201.564,104.977,280.701,187.296
200.848,103.565,280.988,186.041
200.544,101.585,281.415,183.811
199.671,100.511,282.160,180.665
199.304,101.415,282.787,180.549
201.049,103.718,280.753,181.397
202.686,105.494,279.368,182.724
204.743,105.596,277.571,182.551
206.073,107.333,276.797,181.179
204.566,108.542,276.365,180.618
205.588,108.792,276.281,180.644
204.914,111.011,275.783,185.463
205.495,117.624,274.437,195.301
208.616,114.371,272.560,199.628
210.270,117.915,271.790,204.477
213.142,115.131,269.603,206.307
215.100,117.738,267.776,208.513
218.352,116.660,265.370,211.611
220.623,111.432,262.884,214.161
219.432,112.968,260.553,213.165
220.891,113.630,258.597,214.218
219.137,107.167,258.226,214.388
217.573,113.183,260.512,215.785
216.993,110.563,262.881,216.064
213.444,111.798,264.209,215.832
213.287,113.947,266.005,217.206
208.884,110.528,268.988,213.805
206.573,114.976,271.167,214.663
207.358,111.303,272.235,213.165
205.706,115.330,271.751,212.937
202.743,113.155,273.752,212.577
205.710,113.248,272.423,211.698
203.184,112.448,273.323,211.117
204.785,115.811,272.550,212.495
202.431,117.143,273.236,212.097
205.516,117.032,272.518,210.431
209.726,117.209,273.436,209.583
210.728,118.376,272.743,209.257
208.826,118.737,273.431,208.906
212.781,119.770,272.579,208.591
216.156,121.001,269.868,207.731
218.857,124.388,267.561,206.715
217.327,124.724,268.081,205.101
220.309,120.397,266.273,201.312
224.703,122.084,263.731,200.796
225.331,124.302,261.779,203.823
226.525,119.094,260.255,198.328
230.023,116.412,258.273,196.155
229.745,122.747,256.141,200.529
228.723,125.469,256.043,204.055
228.695,125.463,256.065,207.127
227.027,122.616,256.762,204.692
226.649,121.820,257.720,206.451
219.531,124.637,261.309,209.029
206.771,134.001,268.696,211.094
193.968,142.413,278.132,211.386
185.652,148.587,288.282,209.214
188.537,147.696,290.069,206.813
183.464,145.925,295.356,206.491
185.098,147.965,296.028,206.318
180.729,145.722,299.691,206.228
188.169,142.126,296.399,203.387
193.371,141.532,293.792,202.613
189.145,141.175,294.790,202.763
196.676,139.464,290.680,203.326
201.179,135.939,286.932,203.100
206.376,129.172,283.786,204.289
205.892,126.725,281.410,205.703
203.001,125.740,281.708,208.294
204.348,122.481,282.424,206.431
202.477,120.129,283.306,205.199
203.278,117.702,283.353,203.775
202.814,117.522,284.084,207.005
202.191,116.779,284.275,206.600
201.802,115.791,285.240,206.378
205.042,113.494,283.707,202.709
206.785,112.914,281.717,196.369
211.770,116.929,278.486,195.466
211.662,119.870,276.578,192.435
215.914,120.800,273.511,189.624
217.690,121.163,270.167,186.640
216.112,124.331,269.056,186.092
218.022,124.836,268.175,185.609
219.114,123.171,266.640,184.430
219.025,123.457,266.271,184.801
218.848,122.647,266.516,185.082
217.343,121.796,267.596,186.226
219.224,120.818,267.188,186.117
218.167,120.878,266.619,185.985
217.318,122.455,267.630,188.453
215.711,121.057,268.780,187.327
217.052,120.453,268.497,187.116
216.628,120.818,267.818,188.829
216.963,120.290,268.344,188.906
217.072,119.582,267.403,187.933
216.566,120.683,268.203,188.401
215.768,121.656,268.599,189.229
218.000,120.973,268.034,188.627
220.645,121.001,265.877,187.766
214.387,118.508,268.759,187.105
212.394,117.328,270.979,186.941
213.213,118.036,271.414,185.829
207.863,118.492,276.118,183.602
215.002,120.800,274.056,181.126
220.632,121.947,268.464,178.251
225.332,123.074,262.031,177.281
242.381,122.153,250.592,178.230
258.580,120.206,237.150,179.451
268.352,119.957,224.042,178.027
276.482,121.308,212.405,176.617
282.303,121.206,203.189,173.206
287.512,118.869,196.619,167.745
292.122,121.623,189.768,164.166
293.791,123.259,186.719,161.661
294.478,125.226,184.208,160.570
295.820,128.635,182.906,160.462
293.813,130.679,183.583,161.867
294.907,132.218,183.076,163.804
299.641,131.822,181.421,167.277
292.596,130.562,183.753,169.344
293.138,128.987,185.152,171.154
291.869,129.422,186.305,171.526
287.759,127.627,189.111,172.990
288.696,126.426,190.308,173.329
283.783,127.252,193.407,174.364
283.964,128.729,194.255,174.480
282.918,130.196,195.474,175.943
281.931,130.295,196.474,178.063
280.406,129.611,197.074,179.615
282.390,129.935,197.133,180.624
282.325,130.061,197.570,180.040
284.124,129.518,196.905,179.987
284.984,130.295,194.980,179.832
285.646,129.505,193.768,180.562
285.052,129.249,193.727,181.070
282.593,127.667,195.870,182.700
283.378,128.281,196.369,183.200
283.297,128.165,195.532,184.830
284.042,126.405,195.291,185.120
285.326,127.708,193.939,184.212
284.501,128.171,193.662,184.663
285.171,128.908,194.172,184.826
284.874,126.949,193.999,185.199
285.727,125.977,193.115,184.613
285.471,126.800,192.486,183.620
285.560,124.262,193.778,183.793
283.850,122.906,193.880,183.676
284.279,120.481,195.144,183.874
281.977,118.894,195.497,183.887
284.133,117.884,195.447,183.258
282.744,116.897,195.740,182.712
284.991,117.912,195.326,181.339
284.226,116.874,194.203,181.270
285.872,117.125,194.065,180.248
284.538,116.864,193.705,179.620
286.763,116.910,193.011,178.923
285.418,117.176,193.764,179.131
284.771,116.576,194.917,179.635
285.899,115.605,194.852,179.348
284.242,114.455,194.305,179.100
284.846,114.791,194.379,178.951
285.669,115.907,194.546,179.237
280.354,123.092,196.420,182.179
277.018,127.101,200.568,184.583
272.472,128.875,204.139,187.448
277.169,126.724,204.376,188.417
272.998,127.022,206.117,189.346
274.572,125.650,207.463,189.453
272.329,126.132,207.951,189.514
275.611,125.362,207.511,189.091
273.584,126.692,207.622,190.069
273.979,126.965,206.919,190.605
270.907,126.249,208.186,190.887
274.487,125.897,207.893,190.712
270.196,126.457,210.094,190.990
273.085,125.253,209.773,191.267
270.606,125.364,210.817,191.678
269.481,126.257,210.635,192.235
272.182,127.353,210.821,192.126
270.916,128.970,210.576,192.684
268.238,128.015,211.930,193.338
271.713,128.541,211.267,192.799
267.268,126.328,212.813,193.238
271.129,127.475,211.719,192.936
266.877,128.898,212.279,191.872
266.355,128.035,213.545,192.758
267.131,129.186,214.264,193.091
267.009,136.124,213.224,194.615
268.586,136.577,213.258,196.530
269.429,134.882,211.883,197.601
272.341,131.870,209.597,195.598
272.749,132.761,208.947,194.960
272.432,132.850,208.491,194.773
268.247,131.335,210.241,194.366
270.429,129.362,210.572,193.845
269.549,128.395,210.031,193.231
268.070,127.480,212.700,193.054
264.019,124.517,215.076,192.789
260.152,121.459,218.752,193.098
256.425,120.934,222.769,196.400
254.313,119.558,225.617,197.556
253.346,116.799,227.113,199.448
251.431,115.713,229.408,200.169
253.530,111.903,228.724,200.754
251.706,114.327,230.645,202.539
250.895,109.428,231.079,202.755
250.640,111.644,232.222,202.938
248.998,109.133,232.568,202.411
248.767,108.018,233.905,201.145
247.992,107.872,235.153,200.837
247.549,108.315,235.588,201.185
246.080,108.738,236.120,204.342
247.459,107.172,235.702,207.352
246.985,103.049,234.301,206.517
245.670,102.251,236.100,202.250
245.047,107.167,237.145,201.356
242.773,107.783,238.575,200.593
243.772,108.900,239.169,200.933
242.166,109.676,239.730,202.255
242.043,111.355,239.552,204.124
242.497,106.881,238.596,204.652
244.105,110.811,238.187,205.244
244.694,109.053,237.652,205.873
246.561,108.713,237.138,202.646
244.967,113.897,238.195,205.426
245.773,109.655,236.826,205.379
250.053,112.492,234.709,203.534
247.947,110.833,233.247,200.969
248.091,114.330,233.463,202.261
248.102,108.632,233.257,201.584
247.347,114.161,234.727,203.799
247.628,107.928,234.565,203.867
248.570,110.234,235.006,203.098
246.950,109.142,234.750,200.788
245.257,112.756,236.361,201.480
246.282,110.651,235.949,198.309
243.671,112.055,237.787,197.731
244.739,114.108,238.773,197.641
240.634,117.136,240.136,198.732
239.838,117.180,241.587,197.790
239.700,119.365,242.275,199.111
238.414,119.638,243.866,198.894
237.696,119.535,244.829,199.092
237.101,118.945,245.205,199.404
233.349,121.639,246.567,200.340
231.468,119.005,248.233,200.920
232.752,119.824,249.111,199.323
229.861,120.140,249.181,199.123
231.378,120.297,249.323,199.680
229.842,119.833,250.594,199.579
229.851,118.062,251.833,198.572
227.588,116.982,253.985,199.586
227.038,117.002,255.436,198.410
224.881,114.954,256.559,197.078
223.889,115.621,258.434,198.865
221.420,113.645,260.812,199.121
221.104,113.576,261.550,198.721
221.294,114.614,262.016,198.572
218.718,112.481,264.931,198.993
218.328,112.386,265.496,198.933
218.600,111.787,265.975,196.849
217.729,113.844,266.114,197.500
220.398,112.573,265.273,197.073
219.912,116.473,263.503,199.722
223.939,112.212,262.840,197.783
224.339,113.861,260.849,197.666
226.109,111.814,258.604,195.094
227.850,110.660,256.373,193.590
230.261,111.706,255.781,194.165
230.067,109.768,254.426,193.518
228.875,110.712,254.192,194.960
226.962,107.281,256.534,194.248
228.299,110.722,256.848,196.190
226.150,107.606,257.177,192.918
226.385,108.976,257.503,193.379
222.290,109.824,260.410,192.290
222.432,107.830,260.961,189.671
223.005,109.514,260.325,190.037
219.121,113.134,261.352,193.444
216.854,111.230,263.372,190.767
218.990,112.492,262.848,190.573
216.612,113.240,264.734,190.018
216.562,114.870,265.477,187.992
217.756,119.237,265.415,187.378
214.713,117.993,267.417,186.793
217.353,121.877,267.094,187.745
212.815,122.922,270.230,187.661
211.674,125.722,271.713,189.947
216.456,127.000,270.566,189.830
213.408,125.049,271.621,191.574
212.662,123.988,272.590,190.690
207.778,120.281,274.842,190.421
213.678,123.096,272.031,190.796
214.273,120.361,271.109,187.901
213.988,124.710,270.944,184.642
214.577,131.127,270.445,177.791
215.637,135.227,269.635,172.613
223.262,132.561,263.781,172.787
230.577,129.312,259.063,172.912
248.483,124.536,246.338,173.380
262.621,116.030,232.945,172.698
275.745,112.574,218.580,176.043
285.197,102.680,208.446,171.663
