431.000,135.000,50.000,142.000
430.064,132.995,50.103,141.813
429.893,133.245,50.043,142.515
430.183,132.606,49.937,142.643
429.967,133.000,49.950,142.899
430.205,132.663,49.850,142.829
429.919,132.865,49.953,142.952
430.150,132.575,49.857,142.823
429.944,132.834,49.944,142.995
430.171,132.604,49.849,142.888
429.948,132.798,49.945,143.030
430.159,132.560,49.851,142.905
429.949,132.806,49.943,143.054
430.165,132.555,49.869,142.935
429.922,132.784,49.979,143.104
427.835,132.975,50.452,143.106
426.798,132.751,50.427,142.801
424.901,133.087,50.654,142.860
423.463,132.930,50.937,142.348
422.366,132.891,50.641,141.184
420.287,134.438,50.535,140.096
419.421,134.870,50.126,138.668
417.489,135.770,50.123,138.563
415.355,136.168,50.064,138.375
413.908,136.322,50.107,138.815
412.984,136.440,49.830,139.113
412.111,136.501,49.636,139.239
409.469,135.629,49.134,139.507
407.226,135.325,49.124,140.682
404.525,134.397,49.563,141.548
401.813,134.414,49.460,142.750
398.913,133.599,47.155,142.305
395.821,135.149,45.380,143.104
392.549,135.719,44.286,143.654
389.334,136.172,44.176,143.687
385.365,134.963,45.094,142.313
382.614,136.070,45.993,141.550
379.245,137.094,47.283,141.144
376.470,136.524,48.645,141.380
374.402,138.293,50.093,141.781
372.986,139.388,51.446,142.198
367.818,140.467,52.027,143.749
365.075,140.226,53.940,144.724
360.240,139.704,55.269,146.367
356.117,136.749,55.600,145.694
353.512,135.306,55.556,144.729
348.965,135.972,55.128,145.974
346.430,135.167,54.336,146.196
341.971,135.073,53.728,146.174
338.406,135.326,54.362,146.743
334.762,134.669,55.799,147.299
331.451,133.621,57.285,147.494
327.090,133.933,59.151,147.775
323.759,133.177,60.976,147.457
319.935,133.836,63.043,147.007
316.428,133.582,64.550,145.842
314.142,134.829,65.781,145.911
311.857,133.871,65.366,145.104
310.876,133.698,63.877,144.360
309.098,133.182,61.764,143.473
308.779,135.341,58.616,144.457
307.550,135.831,55.835,145.655
307.860,134.137,52.975,145.855
307.172,133.798,51.317,146.647
305.183,131.736,50.044,146.373
301.786,133.580,48.603,146.970
298.682,134.044,47.766,147.053
296.280,133.043,47.491,145.928
294.051,134.954,47.989,146.198
289.279,134.660,49.561,146.097
287.606,134.963,51.604,146.727
284.148,134.431,53.599,146.856
282.908,135.104,55.112,146.720
280.055,135.052,55.998,146.727
276.344,133.938,56.106,146.986
273.071,133.051,55.820,147.628
269.584,131.787,55.431,147.764
265.657,131.324,54.897,147.779
263.313,132.357,54.261,148.982
260.132,131.018,53.324,149.315
257.726,131.615,51.952,149.460
256.100,130.707,50.729,148.767
254.523,132.124,49.531,149.772
253.045,130.951,48.439,148.001
250.681,131.903,47.891,148.402
248.861,131.749,47.389,147.708
247.094,131.879,46.884,147.272
245.149,131.825,46.685,147.496
243.662,130.913,46.480,147.179
241.777,131.676,46.309,147.929
239.896,130.195,46.278,148.686
236.761,132.073,46.279,150.428
234.130,131.933,46.476,152.193
230.096,130.484,47.047,153.142
225.113,131.182,48.305,154.381
223.062,127.510,49.125,153.340
220.493,128.084,50.041,152.992
218.103,128.805,50.927,153.371
216.001,128.211,51.933,153.178
214.206,129.864,52.178,153.354
211.175,130.426,52.909,153.991
207.881,130.181,53.670,154.965
202.824,133.373,55.333,156.253
199.696,131.681,56.913,157.417
195.185,133.530,58.413,159.045
191.212,130.701,59.271,160.475
186.673,132.712,60.035,161.818
184.245,131.674,61.046,162.374
178.995,129.915,61.426,162.768
175.067,129.534,62.047,164.604
171.022,128.508,62.990,166.133
167.469,129.980,64.400,167.487
167.305,126.269,65.236,169.675
165.373,124.778,66.222,171.597
163.345,126.069,67.022,172.329
162.921,124.976,67.234,172.834
161.946,124.320,67.629,173.730
160.499,124.628,68.492,173.629
159.883,124.623,68.672,173.446
158.777,125.657,68.676,172.601
157.992,125.119,68.608,172.061
158.077,126.081,68.534,172.250
156.592,126.224,68.176,172.773
155.041,124.322,67.579,173.849
153.490,124.426,66.995,174.755
152.574,122.361,66.451,174.545
151.721,124.806,66.071,175.037
151.930,122.906,65.740,174.878
151.078,124.223,65.592,175.001
150.436,123.462,64.949,175.015
150.331,123.386,64.160,174.943
150.755,124.375,63.589,173.920
150.391,125.446,62.853,172.844
150.557,126.759,62.171,171.185
150.298,128.454,61.732,170.454
149.319,127.590,61.556,169.555
148.455,127.171,61.093,169.473
148.385,127.196,60.784,169.671
148.164,126.641,60.808,169.874
147.827,126.079,60.467,170.071
147.950,126.097,60.701,170.212
147.220,125.133,60.201,169.952
147.636,124.362,60.168,169.684
147.835,123.637,60.136,170.386
147.808,122.844,59.700,170.959
148.733,123.096,59.751,171.350
149.090,122.974,59.686,171.434
149.709,123.238,60.151,171.410
150.253,123.320,60.460,171.266
150.875,123.968,60.832,172.080
151.462,124.132,61.215,172.480
152.551,124.298,62.059,174.091
153.225,122.368,62.480,175.410
155.065,120.548,63.413,176.887
155.963,118.884,64.508,178.879
156.849,118.265,65.571,180.672
158.106,117.215,66.693,182.184
159.085,116.062,68.023,183.433
159.096,116.273,69.345,184.527
159.166,116.397,70.471,185.370
158.723,115.304,71.952,185.776
159.059,116.731,72.951,185.354
158.314,114.566,74.298,185.800
159.519,115.963,75.050,185.513
157.585,113.560,75.669,186.109
159.594,114.261,75.704,186.165
158.973,113.927,75.557,185.561
159.086,113.428,75.013,186.277
159.728,112.941,74.580,186.536
159.524,113.306,74.134,186.778
159.412,111.249,74.029,188.186
159.454,109.732,73.419,187.929
159.650,109.597,73.242,188.851
159.907,108.680,73.293,190.106
159.873,106.945,73.559,191.261
160.062,106.288,74.644,192.706
160.223,105.929,75.867,193.470
160.088,103.307,77.823,194.049
159.194,102.448,80.096,195.185
160.731,102.538,81.713,196.338
161.967,102.466,82.930,196.677
161.163,100.176,83.088,196.265
161.802,102.023,82.029,194.200
163.958,103.224,80.165,191.104
165.310,104.197,77.913,189.543
167.392,102.947,76.291,188.439
166.010,101.589,76.292,189.316
170.320,102.708,74.242,187.898
170.588,105.083,73.720,187.628
174.711,103.370,72.844,186.678
179.228,102.173,71.545,185.883
180.902,102.281,71.026,184.888
184.191,104.377,70.614,185.084
186.738,104.897,71.726,185.458
188.089,104.921,73.920,186.272
188.241,105.216,76.195,187.641
189.551,102.948,77.597,188.051
192.069,101.804,78.946,188.220
193.767,102.030,81.479,188.265
194.194,102.690,83.159,188.073
196.171,101.539,83.610,188.488
195.791,100.591,83.561,188.270
194.361,101.735,82.262,188.896
196.419,100.355,80.099,188.378
195.377,101.527,77.638,189.000
199.124,99.268,74.077,188.208
199.044,99.669,72.341,186.638
202.072,99.358,70.030,185.021
203.604,99.307,68.627,185.063
204.600,99.444,67.464,185.043
206.405,99.313,66.716,185.630
208.357,96.580,66.640,186.818
208.380,97.327,66.796,187.836
209.725,96.274,67.108,188.365
210.608,95.775,67.342,188.096
211.113,96.392,67.975,188.080
213.237,98.703,68.301,188.882
215.489,98.441,68.037,188.454
219.251,98.149,67.324,187.631
220.318,99.865,66.996,187.667
222.913,100.090,66.143,186.810
224.717,99.637,65.584,185.152
226.760,99.496,65.714,184.890
228.461,99.167,66.086,184.871
228.891,99.563,66.674,185.248
229.620,100.188,67.268,186.052
229.984,99.751,67.706,186.592
230.793,99.760,68.015,186.890
231.821,100.722,67.754,187.768
231.964,100.985,67.460,186.959
231.413,103.734,67.534,187.249
232.442,104.436,67.687,186.526
231.790,107.898,68.131,185.261
231.798,109.986,68.579,182.385
230.999,112.718,69.116,178.818
231.936,115.584,69.269,174.649
231.677,119.970,68.823,170.091
232.059,125.869,69.043,166.139
232.699,128.235,68.874,160.542
233.384,137.602,69.355,155.423
232.667,141.682,71.042,149.679
233.807,147.883,71.912,145.087
232.359,152.720,72.648,141.658
232.879,157.480,72.866,138.996
231.045,159.993,74.034,137.087
233.215,161.530,74.519,135.142
231.491,162.764,75.671,133.805
232.048,163.435,76.863,132.605
232.275,164.890,78.216,131.633
232.137,165.106,78.995,130.482
231.876,165.118,79.820,129.166
232.452,165.769,80.369,128.097
230.518,164.875,81.129,127.030
232.936,166.384,81.134,126.088
230.522,165.916,81.453,125.364
232.993,166.315,81.597,124.438
231.139,168.038,81.977,124.219
231.877,169.251,82.244,123.360
230.559,170.546,82.514,122.485
232.636,170.487,83.016,121.600
228.803,171.192,83.446,120.881
231.655,171.284,83.901,119.972
227.785,172.153,84.184,119.626
232.912,172.400,84.019,118.855
224.726,168.994,85.309,118.734
230.506,172.300,85.338,119.642
227.668,172.414,85.619,119.201
230.559,172.980,85.818,118.566
226.274,172.987,86.215,118.290
229.107,171.172,85.962,117.980
228.316,172.930,85.808,117.687
230.055,173.764,85.939,117.162
227.066,173.463,86.328,116.756
229.373,169.987,86.164,116.496
230.022,175.019,86.137,117.249
228.225,174.680,86.328,116.982
229.727,174.605,86.248,116.689
228.335,174.298,86.379,116.487
229.707,170.653,86.297,116.423
228.556,171.150,86.416,116.868
230.742,172.511,86.179,117.367
227.039,169.768,86.515,117.366
229.095,176.455,86.831,117.806
228.482,176.285,87.203,117.650
228.859,173.498,87.573,117.938
230.110,176.775,87.977,118.593
228.386,175.554,88.420,119.158
228.709,175.390,88.945,119.754
231.731,174.868,90.281,119.564
233.322,176.883,91.875,119.686
234.555,177.516,93.445,119.855
233.571,178.042,94.544,119.932
232.599,177.604,95.313,119.985
236.592,177.875,96.770,119.920
232.047,178.492,97.747,119.513
234.942,178.680,98.730,119.237
234.165,178.410,99.785,118.991
234.617,177.720,100.611,119.021
232.924,178.709,101.816,118.766
234.297,178.906,102.867,118.553
232.164,179.283,104.197,118.279
233.172,178.902,105.218,118.133
232.869,180.965,106.247,117.645
233.646,180.444,107.880,117.327
232.352,179.694,108.680,117.194
231.731,181.616,109.531,116.700
231.158,180.631,110.171,116.656
233.029,181.676,111.478,116.326
229.083,181.357,111.877,116.174
234.231,180.583,112.713,116.142
230.064,180.826,113.356,115.994
228.800,181.751,113.570,115.795
227.342,181.581,113.304,115.764
225.623,181.181,112.639,115.740
223.416,181.119,111.870,115.563
226.926,181.256,112.050,115.417
227.008,182.096,112.726,114.910
224.764,181.605,113.409,114.614
222.594,182.706,113.923,114.290
225.076,182.973,114.541,113.888
224.356,182.061,115.111,113.756
221.606,181.778,115.388,113.661
221.538,183.618,115.678,113.467
224.278,183.982,115.845,113.129
223.480,183.707,116.068,112.959
225.577,183.738,116.597,112.710
222.282,183.812,116.305,112.573
224.887,183.898,115.878,112.158
226.648,184.061,115.586,111.995
223.582,183.693,115.036,112.155
227.615,183.842,115.308,111.952
228.159,184.122,115.431,111.863
228.977,184.575,115.699,111.716
227.605,184.725,115.997,111.532
230.304,185.706,116.208,111.457
228.749,184.826,117.261,111.198
228.116,186.704,117.892,110.696
227.484,185.759,118.191,110.632
229.383,186.363,118.745,110.439
227.081,186.228,118.826,110.337
227.540,186.296,118.960,110.289
227.296,186.016,118.663,110.402
227.675,186.141,118.530,110.447
227.198,186.297,118.790,110.398
227.438,186.180,119.167,110.466
224.741,185.565,119.195,110.625
222.802,186.284,117.938,110.631
221.425,185.040,116.923,110.768
224.623,185.551,116.421,110.442
225.280,186.427,116.411,110.241
224.306,187.191,115.962,110.117
223.413,185.096,115.116,110.225
226.334,185.512,115.996,110.010
225.566,185.754,116.710,110.082
227.617,185.794,116.947,110.155
228.325,186.047,117.983,109.937
229.281,187.594,119.177,109.433
230.984,186.790,120.230,109.346
229.900,186.894,121.190,109.179
228.006,186.701,121.927,109.068
226.514,186.788,122.241,109.237
226.451,186.637,122.423,109.551
223.794,186.295,122.248,109.878
221.006,185.826,121.151,110.281
220.007,185.608,120.326,110.361
223.498,186.370,119.618,110.356
222.272,186.814,118.628,110.240
221.085,184.925,117.631,110.383
225.025,185.482,117.192,110.375
225.091,186.415,116.781,110.202
224.072,186.202,116.057,110.281
226.616,185.766,115.882,110.346
226.730,185.609,116.555,110.250
229.112,185.688,117.462,110.115
228.929,186.155,118.573,109.895
227.688,187.055,119.645,109.589
226.083,186.822,120.067,109.606
225.918,186.495,120.575,109.547
226.314,186.090,120.890,109.662
225.233,185.987,120.919,109.776
223.429,185.799,120.369,109.998
222.341,186.108,119.955,110.122
221.593,186.406,119.330,110.116
220.618,186.288,118.594,110.089
222.130,186.304,117.685,110.005
221.569,186.355,117.132,109.827
224.431,186.812,116.691,109.756
224.670,186.492,116.535,109.764
223.287,186.515,115.620,109.743
225.444,186.016,115.763,109.873
228.216,185.774,115.731,109.891
228.877,185.571,116.593,109.796
229.246,186.300,117.631,109.442
231.184,187.073,118.778,108.955
230.728,187.578,119.729,108.742
231.317,187.306,120.645,108.766
228.816,188.033,120.783,108.749
227.776,188.378,121.278,108.577
228.368,188.242,121.151,108.481
225.816,188.054,120.555,108.434
224.599,187.772,120.461,108.654
220.539,187.532,119.745,108.956
218.397,186.388,118.378,109.154
226.062,186.656,118.238,109.202
222.699,187.313,117.967,109.279
220.500,186.339,116.744,109.434
224.296,186.346,116.683,109.487
226.685,186.776,116.538,109.407
223.313,186.632,116.218,109.485
227.248,186.738,116.373,109.446
225.816,186.999,116.727,109.325
223.018,187.130,116.336,109.374
225.727,186.264,116.310,109.463
227.122,186.573,116.215,109.555
225.027,187.156,116.279,109.345
225.254,187.426,115.769,109.446
224.226,187.253,114.944,109.652
225.895,187.150,114.265,109.675
224.513,186.595,113.198,109.851
227.531,186.695,113.131,109.768
224.241,186.132,112.348,109.861
224.503,185.824,111.758,109.927
223.448,185.630,110.955,110.079
227.353,186.101,111.278,110.071
225.190,186.605,110.945,109.874
225.467,186.066,111.003,109.799
225.637,185.988,111.218,109.594
226.636,186.017,111.419,109.550
226.596,186.087,111.946,109.480
227.090,186.092,112.808,109.400
226.656,186.145,114.069,109.415
226.862,185.955,114.782,109.451
228.323,185.851,115.506,109.412
228.757,185.812,116.106,109.405
227.804,186.140,116.613,109.225
226.996,186.489,117.015,109.148
225.484,186.768,116.990,109.027
225.192,186.771,116.826,109.184
222.834,186.394,116.210,109.395
227.382,186.637,116.621,109.467
224.727,186.314,116.332,109.310
224.120,186.043,115.516,109.585
224.814,186.052,114.951,109.595
223.421,185.646,114.148,109.916
226.706,185.138,113.773,110.238
225.434,184.582,113.099,110.629
228.197,184.689,113.012,110.787
228.781,185.280,113.311,110.718
229.527,183.217,113.505,110.616
230.133,182.979,113.279,110.377
230.567,183.185,113.056,110.375
229.841,183.295,113.192,110.431
227.835,183.083,113.166,110.707
230.345,181.063,112.497,111.562
230.402,180.337,112.293,112.311
231.686,177.304,111.999,113.556
231.623,175.196,112.610,115.754
233.541,173.013,113.536,117.863
232.377,172.112,112.999,120.057
230.961,170.343,112.255,122.192
231.032,169.389,111.409,124.540
231.080,167.686,109.699,126.227
231.585,167.045,107.504,127.640
231.801,164.572,105.543,128.791
231.356,161.950,105.004,129.588
231.605,160.114,103.819,130.546
234.167,157.013,101.489,131.879
232.957,152.990,101.805,134.430
233.656,148.048,101.558,137.907
233.172,143.577,100.604,142.762
232.261,137.229,98.713,148.507
231.092,130.808,95.358,155.206
233.229,125.769,91.344,161.353
232.839,118.097,89.421,167.554
235.271,113.658,86.438,174.871
235.915,106.647,88.312,181.642
234.272,99.986,88.756,187.028
232.084,95.667,89.797,191.666
226.706,93.190,91.666,195.530
223.370,91.582,91.945,198.101
219.098,95.833,95.881,196.425
218.575,102.160,101.677,192.557
220.057,106.611,108.157,187.709
219.138,112.277,109.218,183.042
220.916,121.860,108.115,178.716
222.530,126.822,108.424,174.013
222.954,134.990,107.647,168.249
220.744,141.824,106.953,162.667
225.313,150.115,105.114,157.390
226.278,153.904,102.831,152.032
227.926,158.205,100.513,147.508
228.177,162.336,97.798,142.639
229.545,163.960,96.211,138.543
230.118,166.416,95.073,135.419
229.481,169.006,93.549,132.773
232.089,168.931,94.270,131.270
231.828,170.042,93.650,129.691
231.611,170.047,94.728,128.804
232.136,171.200,95.304,127.830
231.991,170.737,95.878,127.313
232.698,171.105,95.835,126.690
231.742,171.123,95.085,126.111
232.710,171.507,94.654,125.856
233.298,171.300,94.205,125.707
232.672,171.804,93.512,125.697
233.703,171.320,93.389,125.529
232.513,171.598,92.731,125.502
234.096,171.568,92.562,125.449
233.357,171.416,92.257,125.383
233.286,171.495,92.137,125.295
233.615,172.068,91.829,125.182
232.827,171.589,91.482,125.270
233.638,171.972,90.754,125.124
233.384,171.411,90.347,125.183
233.461,171.417,90.547,125.504
233.372,170.362,90.334,125.992
233.099,169.788,91.358,127.189
232.028,168.450,91.555,128.523
232.385,166.761,92.626,129.870
232.330,164.025,93.798,131.567
230.979,160.503,94.148,133.386
230.578,158.369,94.828,135.203
231.346,155.038,95.955,137.277
229.191,152.257,94.851,139.384
229.732,148.890,95.896,142.125
229.096,144.360,96.875,145.289
229.243,141.662,97.507,148.391
228.131,138.318,97.958,151.865
227.508,134.274,98.024,154.875
227.248,130.761,98.061,158.250
228.057,126.382,97.852,161.816
228.042,123.160,96.920,165.814
226.941,117.055,96.455,170.766
225.729,113.414,96.812,175.436
225.360,107.514,96.064,180.044
224.659,102.394,96.725,184.522
224.874,98.369,97.194,188.495
223.904,94.165,97.722,192.784
221.772,89.908,98.665,196.965
225.032,88.765,99.189,199.590
223.897,86.478,99.890,201.725
222.435,83.938,101.290,204.269
226.850,84.465,101.690,205.106
227.517,83.050,101.849,205.181
229.543,83.595,101.036,205.269
232.084,82.821,98.669,203.634
233.552,84.555,97.422,204.086
235.502,82.029,96.155,205.095
237.091,82.703,94.063,205.139
238.143,81.438,93.532,206.402
236.240,80.505,93.365,208.134
237.567,81.954,92.559,207.719
236.623,80.005,92.583,208.833
237.065,82.257,91.641,207.909
235.480,79.331,92.703,208.811
236.279,83.396,90.992,207.444
236.735,81.312,90.507,208.018
236.615,82.383,90.146,207.174
234.703,81.447,90.418,206.966
239.015,83.947,89.093,206.101
237.204,81.239,88.965,207.878
236.881,81.188,88.933,208.047
236.584,81.273,89.013,208.116
236.495,81.705,88.961,207.731
235.950,81.068,89.429,207.939
236.752,81.779,89.201,207.523
234.572,81.207,90.152,208.086
235.633,82.470,89.852,207.290
233.892,81.607,89.722,207.843
234.461,83.216,89.519,206.815
234.163,81.898,89.169,206.641
235.277,82.267,89.325,206.316
234.322,81.644,89.643,206.976
234.526,82.569,89.313,206.746
233.340,82.191,89.413,206.937
233.908,82.741,89.555,206.475
233.296,82.859,89.265,206.719
233.382,83.082,89.157,206.248
233.130,82.879,89.148,206.231
233.445,83.254,88.936,205.873
233.512,83.946,88.621,205.773
233.131,83.440,88.182,205.950
233.423,84.175,88.278,205.596
231.509,82.787,89.045,205.718
230.380,83.983,89.555,205.352
229.997,83.811,88.985,205.452
228.773,86.339,88.112,204.809
226.355,85.372,88.878,205.147
224.193,88.551,89.240,204.271
224.067,89.326,90.130,202.882
221.497,91.133,94.008,200.442
218.779,95.899,94.773,197.810
216.581,94.603,95.946,197.864
218.404,94.807,98.248,197.003
213.800,95.588,99.424,196.706
212.951,94.702,96.629,194.954
208.405,93.716,91.293,194.774
209.657,92.806,85.545,194.502
209.276,91.670,80.067,193.787
208.527,94.364,75.250,194.805
207.540,93.021,73.636,194.720
207.044,96.051,73.077,195.636
208.396,96.189,74.682,196.989
207.591,97.289,75.561,197.021
207.053,96.492,76.219,197.923
206.437,96.278,76.611,198.642
206.795,95.816,77.390,198.704
206.177,94.833,76.734,197.140
205.349,96.080,76.449,196.316
204.356,96.848,76.767,195.588
206.133,97.009,79.811,194.393
207.210,95.598,79.195,191.739
207.943,95.039,79.134,187.788
206.958,100.171,81.206,189.152
205.137,98.908,82.375,189.890
203.592,97.943,82.761,188.291
204.168,101.386,78.209,183.692
205.155,106.324,73.479,181.169
207.761,106.897,68.145,178.270
208.503,106.728,64.766,176.000
210.694,106.349,62.146,175.149
208.684,107.289,62.241,176.775
211.988,105.570,61.400,178.229
210.652,105.059,62.098,179.288
211.169,104.270,61.863,178.745
