488.000,375.000,624.000,296.000
494.515,361.794,615.922,302.876
507.390,364.620,614.471,303.825
525.966,359.319,614.167,302.265
527.021,350.961,623.815,302.144
544.829,346.023,620.281,299.099
553.820,344.866,620.095,297.595
561.214,344.311,618.685,293.693
561.431,347.365,620.186,288.747
557.674,343.495,623.809,283.097
560.783,335.268,624.851,283.302
553.706,330.832,621.504,280.958
555.869,332.420,614.627,279.949
550.108,328.071,603.513,280.744
553.343,332.031,586.152,281.896
551.546,344.176,570.578,282.778
550.697,356.689,553.652,282.125
557.561,365.891,537.633,280.176
572.846,372.068,517.845,276.170
575.530,372.462,505.109,275.152
580.943,376.476,493.333,274.902
589.010,378.504,477.020,276.752
593.547,376.322,464.147,279.896
600.808,372.482,450.460,281.878
606.489,370.219,438.306,280.963
608.348,366.515,427.020,280.782
607.857,363.176,419.848,279.822
611.597,362.564,414.448,278.850
615.643,360.861,407.826,278.268
616.880,368.437,401.539,274.973
615.165,371.806,396.604,275.204
614.310,373.303,393.516,271.683
622.870,369.667,385.234,267.333
620.823,365.469,381.181,262.290
624.770,360.342,378.306,257.268
628.116,357.045,373.329,253.872
627.295,351.615,369.807,252.960
632.376,348.743,369.113,250.654
630.715,346.739,366.354,244.969
630.391,349.319,362.126,238.665
624.343,352.298,358.719,235.193
625.105,348.097,355.729,235.467
622.736,350.050,353.902,234.887
618.962,349.135,351.028,233.843
617.715,344.742,348.046,232.198
613.992,340.644,343.934,229.207
612.452,337.515,339.832,226.745
609.707,337.756,337.902,224.034
607.205,335.459,338.068,224.676
604.204,335.560,337.789,223.196
603.641,340.692,335.495,218.831
611.137,336.349,331.825,219.773
610.395,335.667,330.477,220.059
611.804,335.496,328.803,216.962
612.843,339.141,326.921,212.750
612.702,346.790,325.623,208.843
614.170,347.854,324.333,208.264
615.416,346.478,323.329,205.712
615.089,344.246,321.889,199.528
614.184,341.096,320.527,196.824
614.070,336.183,320.501,195.747
612.308,333.622,322.060,196.439
609.912,332.233,322.806,198.544
605.599,330.237,323.744,198.651
601.141,326.962,324.292,198.151
595.729,327.093,327.410,196.419
589.987,323.978,329.178,195.185
584.519,318.752,331.506,194.046
578.599,314.119,333.197,192.098
578.149,312.042,332.626,192.308
579.057,309.945,331.614,190.966
575.978,307.592,333.446,189.443
571.968,303.875,337.647,187.438
567.382,305.164,341.750,185.601
563.156,307.609,344.500,185.573
554.075,308.543,348.242,184.560
552.007,307.153,347.967,182.113
542.571,308.259,352.191,182.134
534.888,305.271,357.232,184.943
525.949,300.490,365.761,188.584
516.242,295.751,373.886,192.529
512.419,297.059,378.735,192.025
513.239,282.118,382.204,197.256
511.159,276.895,381.185,198.790
509.819,282.712,381.478,196.455
506.469,283.574,383.122,192.151
494.584,290.239,389.785,188.429
494.152,294.824,395.146,188.291
490.192,297.102,396.377,188.682
490.238,291.967,399.036,188.649
489.771,290.285,401.374,187.688
490.067,283.631,401.790,187.393
487.935,277.027,404.398,186.357
483.055,278.887,411.362,187.102
485.376,263.379,414.058,187.198
481.593,266.875,423.555,185.464
479.394,267.728,428.644,188.513
482.570,256.375,430.667,194.720
474.000,257.505,434.921,192.944
467.418,255.711,441.577,192.531
465.086,255.422,446.451,191.521
461.539,259.252,452.580,189.735
455.370,265.264,456.319,186.515
449.375,274.290,459.448,184.872
445.005,282.016,461.435,185.120
436.308,287.371,465.359,185.526
440.816,292.699,465.146,184.448
434.589,293.451,468.236,187.151
431.582,289.963,474.866,188.779
427.534,287.436,479.335,187.063
421.107,290.523,486.721,186.699
422.155,291.074,487.639,188.016
426.673,288.764,487.853,189.100
426.681,283.960,484.816,190.676
426.203,283.357,487.153,193.328
424.370,277.549,485.510,196.953
424.233,275.902,486.832,199.218
416.293,272.668,489.252,206.662
414.878,269.890,489.022,207.592
413.644,270.722,489.217,210.843
419.079,272.732,485.321,211.807
421.168,270.735,482.040,215.181
421.725,274.788,479.563,212.508
418.791,273.006,480.345,215.315
421.616,276.542,477.915,214.378
415.119,275.521,480.438,223.343
419.268,275.385,478.009,227.857
415.522,277.033,480.328,234.282
423.806,274.777,475.407,244.906
429.263,266.949,470.198,245.511
440.560,267.749,463.031,246.441
446.223,269.316,456.248,249.127
444.936,264.118,454.778,248.918
450.760,266.751,451.306,246.856
458.168,266.824,446.269,248.094
469.769,267.329,437.550,248.328
471.850,264.267,431.921,246.352
479.601,269.776,424.758,252.062
492.715,270.519,415.259,261.828
500.853,273.191,411.440,275.509
499.174,258.695,410.965,279.237
507.092,258.188,411.728,281.405
507.082,261.650,409.470,288.724
503.226,255.352,409.043,287.023
503.362,254.462,409.807,283.675
513.576,259.616,404.477,288.722
515.227,257.207,400.551,287.839
529.673,263.886,393.935,296.204
530.775,252.854,394.865,305.434
534.582,255.787,393.922,311.584
532.598,250.914,388.448,316.980
536.892,249.996,379.451,320.222
546.027,242.603,369.704,317.323
563.439,249.241,358.320,314.922
573.358,254.610,348.836,317.721
577.718,256.363,342.195,321.542
589.222,263.221,335.157,327.766
589.811,273.554,335.482,334.145
591.446,276.441,337.505,337.046
593.370,264.697,333.803,332.141
589.297,264.660,331.328,333.760
590.221,254.880,332.429,329.489
588.395,253.713,337.069,327.356
591.044,247.395,341.518,326.875
583.746,241.476,348.148,333.046
582.006,232.983,352.332,336.264
579.689,228.370,360.492,340.640
581.427,226.849,377.568,348.088
578.718,226.078,393.205,359.586
569.499,220.654,403.288,364.585
563.745,211.920,411.198,362.301
563.766,208.477,421.107,360.077
556.177,207.042,429.613,354.124
559.076,208.515,441.525,354.656
550.242,210.632,457.728,362.324
545.581,212.972,463.473,367.241
540.022,214.623,466.173,365.704
537.259,215.370,467.947,365.230
536.975,213.698,468.743,365.224
541.023,212.712,473.211,364.164
544.117,212.492,482.431,357.787
535.356,208.786,490.706,352.212
529.616,212.921,492.656,350.483
523.208,215.943,498.517,352.841
516.873,214.704,505.675,356.860
505.344,209.624,514.947,362.782
504.055,209.649,522.762,360.563
494.666,209.151,530.199,356.176
485.781,206.403,538.683,347.107
480.165,209.615,544.800,334.598
474.646,220.945,552.423,320.585
469.177,221.582,558.966,310.004
469.027,220.464,564.106,301.762
467.250,227.956,571.516,295.257
462.674,234.070,576.513,288.797
457.351,236.487,580.731,288.119
451.622,236.172,585.583,285.038
452.261,242.466,590.120,285.076
451.418,241.623,591.627,279.855
447.441,242.749,592.345,273.082
447.507,244.939,589.865,268.487
444.182,245.202,584.165,260.568
440.862,245.867,589.583,258.540
434.046,252.285,591.101,256.797
431.786,246.682,587.302,255.915
427.638,252.231,588.673,250.970
417.978,257.791,586.667,247.251
413.915,258.915,582.465,244.172
415.870,259.746,588.640,240.477
413.737,262.260,585.088,242.718
408.832,258.246,583.088,247.283
407.942,259.919,579.977,250.348
406.449,264.272,576.113,251.329
404.888,269.571,570.815,249.059
403.179,279.236,568.165,247.728
401.737,283.505,558.117,243.333
403.687,286.958,545.301,239.562
410.188,287.218,533.210,237.549
414.984,292.772,525.359,238.433
416.331,288.964,515.546,240.326
417.858,293.496,505.674,242.035
419.738,286.506,500.800,243.298
431.217,290.222,495.983,239.145
431.376,286.719,488.443,239.611
434.610,283.212,478.389,236.546
438.018,287.697,471.030,238.700
441.009,285.102,461.605,242.452
446.548,284.318,451.763,244.313
451.398,285.357,441.677,246.197
456.776,283.867,428.958,242.889
467.975,281.206,416.817,242.036
473.476,283.390,408.194,245.176
480.100,282.364,403.590,245.182
473.561,276.742,404.210,244.695
487.699,273.786,395.120,245.878
477.049,270.499,389.735,245.188
480.067,268.955,384.936,245.960
481.476,269.447,380.432,245.361
476.483,273.102,379.219,245.353
476.583,273.296,376.985,246.008
479.699,272.709,376.243,245.989
491.804,274.430,371.471,245.047
493.952,273.252,369.685,245.518
501.428,274.560,367.801,244.126
507.102,277.905,367.552,243.602
511.825,281.121,369.946,244.223
517.859,283.035,370.814,244.832
526.590,281.542,368.668,246.047
528.630,279.967,371.709,246.241
529.444,277.121,375.106,245.705
533.492,276.072,375.680,245.354
532.656,276.496,378.528,246.287
527.975,275.401,384.014,247.110
525.801,278.535,389.075,246.118
522.585,281.112,397.146,246.058
517.547,281.716,404.834,246.228
504.476,281.657,419.430,248.798
500.398,280.764,430.008,249.069
496.298,281.188,438.111,246.008
486.636,284.918,443.697,240.236
469.826,285.720,459.621,238.759
470.327,289.311,465.724,237.179
468.265,284.773,471.768,235.803
467.102,285.867,479.382,232.133
466.074,278.901,488.507,232.424
457.751,280.274,500.131,231.342
449.764,284.279,513.671,229.346
443.074,289.378,526.079,226.924
437.322,291.712,533.550,227.967
435.765,289.266,540.603,225.503
441.186,287.109,543.476,220.844
443.073,286.728,546.322,219.499
437.178,283.514,542.979,218.486
436.042,283.958,545.770,218.626
435.547,283.658,546.439,220.429
426.421,282.414,547.981,223.574
419.562,279.479,550.280,222.606
418.061,278.560,550.708,221.818
411.782,278.040,552.889,223.001
410.022,273.218,553.349,222.459
409.960,273.792,551.217,223.871
401.320,272.829,551.342,228.021
396.762,270.778,551.253,230.102
396.960,269.810,548.257,231.604
399.814,267.736,541.475,230.025
392.071,265.356,540.830,230.357
397.106,265.288,537.050,228.614
397.619,261.242,532.413,230.165
396.297,259.436,529.953,234.130
397.143,256.707,522.819,240.961
399.711,254.651,518.994,247.439
400.867,251.250,509.968,246.677
400.494,254.941,503.958,250.687
398.058,255.883,501.606,252.954
408.668,252.616,491.259,258.455
413.661,254.399,482.235,267.149
428.022,242.569,469.048,261.924
429.136,249.401,462.745,268.363
435.640,247.170,453.835,273.238
456.267,243.717,436.218,276.447
453.609,238.715,433.003,275.445
474.436,247.717,424.046,286.960
480.767,232.405,413.958,286.975
483.636,234.086,404.728,290.196
494.675,232.346,396.536,292.058
500.286,235.419,386.614,296.204
521.856,233.582,371.408,299.161
527.637,236.258,361.459,301.535
538.135,227.577,349.716,299.879
543.184,225.509,339.769,294.821
542.028,231.562,331.826,294.360
540.992,231.609,326.415,299.024
534.988,226.160,322.318,298.638
538.584,223.431,316.739,294.586
538.927,224.265,316.076,293.713
537.457,222.403,317.383,291.610
536.776,224.544,317.356,293.266
535.953,220.148,319.010,291.353
540.276,226.805,328.183,298.676
533.906,220.371,341.206,306.098
522.378,217.273,352.610,311.730
513.446,213.041,355.696,311.969
514.243,210.852,374.979,314.503
504.392,206.729,390.366,312.377
499.607,205.393,398.291,308.744
499.350,201.968,403.480,307.289
490.830,208.812,404.443,311.848
487.622,202.331,415.167,319.072
486.221,207.419,416.839,316.464
471.679,205.860,421.342,314.889
469.366,201.955,424.229,308.456
469.676,203.571,431.021,304.278
464.488,201.903,438.536,300.786
451.014,209.908,442.070,291.149
446.425,208.556,445.876,287.720
442.904,210.867,448.028,277.239
442.682,212.539,453.398,278.791
434.430,213.942,460.013,282.214
429.881,212.476,462.661,285.235
420.063,212.726,468.563,279.590
413.838,209.893,474.492,276.686
409.474,214.006,478.575,269.023
405.858,215.159,480.703,263.771
402.338,217.106,485.109,258.346
396.575,217.558,491.068,255.613
390.349,222.534,499.982,253.036
382.537,231.660,503.358,257.176
372.814,234.390,512.669,259.344
366.675,224.093,519.610,260.438
364.811,221.768,522.320,258.818
358.652,230.614,527.957,252.586
357.821,236.879,530.479,243.286
345.485,242.106,535.858,234.590
340.969,250.578,542.818,230.030
333.665,254.882,545.317,227.112
328.685,264.824,550.027,227.928
321.924,266.880,554.976,227.397
317.557,273.566,554.862,222.512
315.865,270.726,557.221,218.823
315.638,272.811,556.804,216.410
318.592,275.646,561.988,215.166
315.230,273.771,568.924,219.176
314.585,273.907,575.462,221.650
310.416,277.015,576.313,225.334
311.849,275.931,574.993,226.743
312.146,279.506,570.540,226.241
315.581,281.362,561.806,223.879
319.029,285.521,553.157,221.637
325.911,291.344,550.387,221.884
331.338,299.533,554.531,221.525
332.122,304.165,554.854,225.659
332.328,305.611,551.286,231.124
336.793,307.861,544.142,230.909
342.094,311.594,537.636,233.061
357.723,310.266,536.185,234.026
363.204,315.887,531.981,232.738
373.468,316.951,524.018,233.686
384.914,317.592,517.173,234.071
390.728,316.656,506.857,235.129
401.660,310.552,498.733,236.653
406.291,313.642,494.489,237.308
416.589,308.579,482.647,239.944
420.367,307.266,482.176,240.224
433.469,309.328,475.477,243.387
442.663,310.780,465.763,244.263
456.729,315.419,453.131,248.720
458.380,311.184,448.080,252.016
462.175,306.777,439.019,254.433
472.967,303.281,435.352,255.972
476.768,305.937,427.559,259.265
489.734,307.345,419.450,261.352
497.191,304.847,413.300,265.092
505.255,303.183,401.980,261.794
512.078,306.068,395.014,263.643
525.615,310.314,388.544,265.452
539.132,310.610,379.779,266.956
550.235,309.534,374.980,267.975
561.567,307.476,374.432,269.582
570.835,305.620,375.850,270.638
576.584,304.130,378.064,270.995
582.038,299.484,382.535,272.606
589.539,294.935,385.563,275.173
593.435,293.247,389.032,273.980
602.762,288.398,388.667,276.785
609.242,287.564,389.076,274.876
611.763,289.347,392.835,273.906
613.057,289.373,399.128,276.154
618.154,289.226,406.359,279.042
620.000,291.008,414.497,280.262
625.794,293.203,420.882,280.232
629.192,294.695,428.560,278.918
618.541,294.079,446.888,276.451
616.297,296.346,459.033,271.232
612.695,294.439,472.356,264.207
613.178,297.425,479.135,259.414
613.317,295.991,486.846,258.121
605.758,291.922,498.065,260.522
597.742,289.341,508.789,257.025
597.242,286.246,519.633,253.129
592.725,288.195,528.599,248.713
589.533,288.588,535.888,245.924
585.752,283.264,541.206,243.552
587.872,282.285,542.218,237.189
589.802,282.808,546.348,233.463
586.405,282.633,549.105,230.983
582.150,282.472,551.984,229.974
584.180,281.360,548.710,228.949
580.466,280.617,548.404,221.500
575.102,279.149,550.847,217.744
573.877,280.621,547.731,214.418
557.124,275.219,549.754,213.028
547.298,277.590,551.398,212.337
548.784,279.012,548.208,207.227
544.612,281.621,545.542,204.632
539.503,283.447,544.389,202.477
540.669,279.963,541.069,198.531
544.337,272.406,534.007,198.656
536.218,263.666,532.778,202.497
534.109,252.778,526.455,205.673
532.160,252.665,519.188,205.239
529.946,248.087,511.964,206.374
522.491,245.394,504.222,206.119
528.926,250.127,501.453,204.070
513.016,245.811,497.737,205.770
512.900,243.608,490.776,205.306
509.543,241.633,481.392,205.047
500.654,239.254,475.015,208.111
490.812,247.115,469.584,209.137
485.797,253.821,462.201,206.655
479.290,259.932,455.417,205.089
470.860,267.128,447.955,210.945
467.445,269.094,440.712,222.486
467.404,259.476,433.247,228.311
460.357,263.115,428.840,230.009
451.365,268.472,425.151,229.418
448.068,268.276,413.676,231.808
451.552,263.635,403.041,236.611
450.647,258.629,394.620,236.324
438.295,256.787,392.538,242.916
436.812,250.459,388.160,239.674
433.490,251.423,381.057,241.646
422.594,246.427,381.240,239.498
430.695,246.697,376.543,241.598
423.068,248.830,370.776,240.904
411.139,245.753,370.993,244.174
412.148,250.497,363.159,248.936
415.154,247.916,355.336,254.648
413.651,245.200,348.328,254.637
403.899,244.103,344.929,255.020
405.559,236.217,339.534,253.095
400.107,231.658,332.015,254.304
393.434,226.028,326.711,255.658
398.678,224.219,317.733,254.115
396.533,224.356,311.302,254.632
400.284,222.214,300.414,249.870
395.312,225.650,294.042,250.254
396.811,217.611,289.711,253.678
384.125,222.254,289.076,259.202
382.790,223.502,287.136,261.091
373.556,225.241,284.352,262.090
375.450,218.377,278.168,262.329
365.153,215.250,278.029,258.673
361.303,214.092,279.299,254.540
358.038,202.798,279.746,259.603
354.623,204.740,284.252,264.922
336.641,208.286,299.116,271.351
332.424,200.325,307.984,273.138
328.330,190.709,318.746,271.648
320.655,187.430,330.806,274.629
323.921,184.876,336.155,281.380
322.786,181.905,339.666,288.120
326.765,190.933,342.101,290.956
327.552,192.820,347.363,287.018
316.097,202.927,358.142,279.555
303.344,207.445,371.404,264.823
290.389,233.268,382.837,252.808
266.541,247.594,396.009,233.871
253.916,249.791,412.443,213.018
263.280,268.378,415.676,210.898
258.855,250.346,415.262,224.334
254.582,222.312,412.078,244.564
220.904,225.324,425.756,248.657
201.343,238.195,445.521,251.455
162.406,260.735,470.626,239.345
138.469,263.198,493.079,239.314
120.826,279.844,502.002,234.298
105.541,284.238,505.238,220.895
101.738,275.788,504.674,213.861
88.496,261.192,504.142,212.654
87.190,250.792,513.675,222.230
71.578,244.239,517.127,237.411
67.728,238.152,522.409,249.397
58.973,241.949,522.130,255.773
51.966,250.190,521.659,254.275
47.076,266.256,520.210,252.383
50.967,286.647,518.565,253.620
49.245,306.012,517.475,251.492
49.990,318.650,516.086,257.012
44.046,319.067,516.030,265.032
40.445,324.302,518.478,272.802
45.115,319.422,518.868,278.354
49.580,326.193,513.623,278.496
61.740,333.053,504.713,283.940
71.333,330.689,497.005,289.396
86.865,331.180,486.473,292.828
92.282,331.463,483.840,293.039
106.727,334.582,477.537,293.972
108.672,331.245,473.935,296.178
109.933,334.792,471.657,299.929
115.487,339.558,472.076,303.010
136.875,336.962,464.009,307.247
146.848,336.726,464.621,309.446
166.673,339.927,461.048,311.370
189.153,347.298,455.805,310.227
206.091,347.997,455.754,310.822
218.983,353.273,459.943,309.163
240.914,359.326,461.824,305.748
250.996,366.786,467.875,300.813
267.815,365.902,474.784,299.053
279.669,363.677,484.648,299.630
291.706,361.010,501.253,299.478
300.311,361.385,512.476,298.965
300.832,364.114,520.413,297.848
307.035,366.559,530.035,296.089
320.895,366.342,537.338,294.241
338.088,370.237,548.511,291.296
341.534,370.774,563.001,290.236
348.114,371.967,575.961,289.136
350.979,376.994,587.750,287.446
356.437,376.469,605.517,288.051
358.961,377.635,616.879,287.908
364.498,375.995,635.658,285.409
373.912,377.304,645.886,284.629
361.372,375.922,665.978,283.911
381.133,379.239,669.599,279.704
400.576,378.717,674.752,276.556
413.201,379.744,680.016,276.210
420.315,380.908,684.170,278.394
435.433,377.968,684.722,279.868
424.311,383.342,692.554,281.653
433.737,377.517,691.150,283.513
446.672,372.433,693.378,285.321
445.761,370.693,695.925,288.144
448.819,372.303,702.651,290.364
451.942,370.125,703.098,293.291
455.747,365.811,697.896,295.005
462.000,361.957,694.973,297.533
469.119,358.897,692.705,298.092
482.853,356.346,679.422,297.330
490.706,354.070,667.139,295.478
498.631,351.151,655.533,294.244
496.626,347.862,653.746,291.459
492.311,345.318,654.649,287.647
490.941,343.835,652.850,288.057
494.465,339.772,646.912,288.657
488.252,332.867,640.901,285.701
477.598,329.554,639.190,283.856
479.790,325.582,636.403,279.325
476.541,321.715,634.041,272.729
474.995,321.953,633.295,267.661
469.482,322.642,631.161,264.285
474.836,317.476,623.407,258.903
480.888,311.583,612.893,252.432
480.578,317.191,608.286,245.463
478.870,308.849,609.823,239.474
474.084,312.662,609.884,235.820
488.439,301.109,597.117,238.378
489.075,295.264,587.321,242.842
487.471,288.397,584.053,240.230
482.541,287.189,584.103,240.140
481.390,281.607,577.950,236.321
478.314,285.150,576.057,229.893
479.538,282.875,572.972,227.110
488.343,280.577,560.626,224.536
481.545,277.927,557.865,223.980
479.501,279.047,549.469,221.217
477.900,277.296,548.774,220.760
481.257,278.558,538.912,215.885
478.415,277.826,536.343,211.810
463.960,279.867,541.384,209.986
468.026,277.988,534.411,209.383
475.292,269.516,522.604,209.118
477.374,271.887,510.982,206.266
481.837,258.345,499.351,210.599
454.582,264.343,503.348,212.255
462.472,247.413,497.486,216.583
463.277,251.207,489.786,219.511
464.547,243.118,480.876,223.269
461.536,238.513,476.547,226.088
456.142,233.927,472.568,232.703
455.831,232.047,467.960,232.223
458.288,235.543,463.530,232.441
453.905,231.055,459.187,237.010
455.573,227.805,452.207,239.686
451.597,226.115,446.523,242.511
455.194,221.780,440.394,245.103
454.268,218.169,434.567,249.466
448.858,211.800,431.729,253.648
427.659,212.135,439.200,261.137
429.048,207.277,434.816,267.197
438.578,211.863,428.180,267.806
421.641,210.955,431.705,270.303
425.369,212.911,422.691,270.892
427.090,210.823,412.984,273.883
419.602,209.960,407.338,270.007
422.859,209.461,397.849,271.091
427.666,209.250,386.561,274.602
413.946,207.121,385.553,275.931
418.818,205.622,378.180,275.440
424.585,205.919,369.104,274.536
430.318,204.538,357.280,277.128
422.551,202.326,351.658,277.167
425.507,202.036,342.216,280.021
422.467,204.145,335.143,283.841
413.597,205.231,332.335,288.373
405.081,207.026,329.026,296.471
407.878,198.647,324.504,297.626
415.105,200.268,316.950,300.525
414.786,188.755,308.930,303.382
404.480,195.644,307.330,304.878
406.945,188.683,301.601,315.328
405.029,186.989,295.724,318.448
408.002,184.543,291.652,320.503
403.869,186.212,286.642,319.805
401.851,191.062,287.932,323.789
394.494,184.220,292.276,320.730
388.648,182.049,297.539,319.044
382.151,193.584,305.684,320.143
371.953,196.498,311.605,327.954
369.087,199.037,320.394,331.972
356.992,191.186,332.088,335.444
344.646,188.903,346.770,335.642
341.858,188.079,354.791,337.769
335.611,190.447,366.492,333.786
332.238,190.306,375.007,334.946
322.374,199.070,392.045,335.763
315.304,195.271,405.234,327.874
306.181,199.785,408.825,325.772
294.631,206.203,417.540,328.301
301.361,212.439,417.944,318.983
294.216,209.130,431.477,315.471
282.196,213.275,439.038,312.732
283.481,215.719,444.252,309.245
278.355,224.447,446.273,310.848
272.552,223.976,452.477,308.455
264.535,223.084,462.042,309.057
256.027,223.376,467.406,310.009
250.763,225.658,471.951,308.842
244.365,228.719,478.974,313.875
242.507,228.407,485.171,313.561
235.363,226.637,490.422,305.963
229.670,230.010,497.542,297.142
228.816,237.766,498.839,289.396
225.295,234.868,507.095,287.975
225.973,242.128,510.867,285.094
224.834,245.686,516.680,285.578
219.858,247.387,518.171,282.007
220.721,253.867,523.399,281.033
224.773,250.608,532.435,283.560
225.929,251.425,537.611,278.955
223.585,251.384,540.488,273.672
228.373,253.158,547.503,276.305
228.376,252.665,555.054,278.162
229.632,253.657,561.544,278.987
231.309,260.213,568.885,275.950
227.478,261.817,574.761,278.589
228.273,259.550,578.260,275.077
232.453,258.029,586.112,270.729
229.430,260.930,592.953,266.383
231.788,262.577,599.657,265.721
229.278,259.769,600.369,263.965
229.632,263.229,601.718,261.252
235.336,268.744,604.987,257.193
237.374,262.801,605.660,260.075
247.657,267.778,603.200,259.996
251.805,272.669,601.038,257.193
258.866,266.170,603.951,260.754
265.202,271.453,600.523,259.073
274.321,268.095,593.328,260.058
287.301,272.792,586.222,258.512
296.955,275.154,584.100,257.300
303.464,278.412,582.571,256.723
313.668,284.232,579.262,253.121
315.469,279.734,576.194,255.271
327.676,277.557,568.125,250.166
334.320,287.886,565.737,247.347
343.037,294.911,561.415,251.476
342.850,292.732,556.949,255.029
353.919,288.681,550.611,259.849
359.244,284.760,549.102,261.444
370.635,289.577,540.096,256.097
378.608,295.869,534.054,251.164
389.820,285.949,524.136,252.901
398.627,291.142,518.987,252.974
413.536,292.896,505.138,250.870
424.299,297.285,490.203,243.941
435.363,295.722,480.298,240.427
448.184,301.997,469.417,237.198
452.495,300.934,463.396,238.884
460.065,299.398,458.076,239.707
458.005,295.594,456.304,238.424
466.752,294.516,451.064,237.035
479.961,294.118,442.078,232.855
481.192,292.651,436.190,225.924
484.421,296.842,431.904,219.935
493.654,303.370,425.211,215.691
491.481,302.051,424.530,216.676
501.634,302.684,415.312,218.095
506.181,299.207,408.293,218.552
515.046,302.527,398.168,219.542
520.319,301.514,388.769,218.527
523.544,302.238,381.703,217.121
530.045,298.975,374.391,215.172
530.673,297.350,368.956,213.055
538.637,292.925,360.799,211.484
547.452,289.616,354.472,210.213
553.342,287.270,350.223,209.229
561.071,287.631,346.386,208.168
568.630,289.741,342.891,206.541
573.167,286.665,341.767,205.911
583.573,284.751,338.113,206.292
588.132,282.439,335.832,206.374
588.594,283.493,334.869,206.140
592.454,282.872,333.762,205.211
594.720,282.316,335.706,205.525
598.777,282.727,338.467,206.676
596.524,284.438,342.486,209.568
590.617,285.335,354.367,211.290
579.477,281.940,366.990,213.343
567.431,278.596,385.553,208.690
567.093,279.721,397.416,203.931
555.921,277.289,407.424,199.008
555.318,274.675,418.057,194.067
549.349,277.253,428.095,191.870
539.596,278.419,438.669,191.551
532.372,278.659,448.507,190.222
526.190,276.836,454.465,189.417
520.924,273.776,462.344,188.339
515.670,271.986,468.928,187.943
509.809,274.148,479.092,186.027
505.348,273.026,478.115,185.369
506.882,271.111,480.897,185.422
500.090,273.667,481.820,184.170
498.529,273.382,482.564,182.313
493.563,271.910,482.144,178.827
490.222,272.560,485.705,176.188
484.821,274.010,488.849,174.163
487.141,272.096,488.446,174.619
484.618,268.899,488.004,176.499
478.291,267.960,488.809,174.773
470.985,266.216,491.439,172.335
471.332,263.417,493.896,172.807
470.454,259.273,492.079,171.737
469.998,259.273,493.721,174.516
466.985,254.074,491.548,175.848
460.557,253.790,492.813,176.557
455.945,249.673,493.518,176.548
448.262,244.826,495.606,178.241
443.216,245.013,495.998,181.475
434.368,244.167,498.812,183.016
439.309,241.857,494.931,184.664
434.857,241.685,490.687,185.141
436.531,238.058,485.938,187.073
424.560,237.629,486.328,186.084
434.468,235.774,480.702,184.833
427.423,236.007,477.033,185.901
427.434,231.191,470.873,188.293
427.056,231.584,465.758,190.856
441.100,226.206,450.919,189.371
432.223,227.058,446.410,192.929
423.758,221.908,444.306,198.047
424.508,223.875,440.040,201.501
420.196,222.057,437.708,206.449
418.352,216.233,432.986,210.321
419.930,220.627,428.464,212.503
412.091,216.299,426.314,218.629
407.976,211.982,425.014,223.248
399.762,205.535,425.335,227.059
388.263,206.317,427.284,227.099
391.538,206.937,421.100,227.334
384.819,209.763,421.894,232.101
386.010,207.750,415.878,235.197
381.340,205.287,413.165,238.322
372.883,207.261,415.513,248.023
390.087,205.310,400.877,257.947
398.895,199.588,391.829,264.699
387.591,201.900,395.671,272.566
398.182,198.102,390.464,274.994
407.219,198.992,376.485,272.201
400.321,204.880,369.329,272.477
366.584,212.965,376.153,279.521
380.459,217.443,368.188,287.401
374.339,208.234,361.912,294.815
376.907,198.783,352.568,297.414
393.033,198.569,341.075,293.076
403.018,194.639,325.485,291.520
406.326,195.939,314.491,286.594
406.012,198.137,307.041,292.840
401.527,199.784,304.044,296.818
402.773,205.321,304.172,304.933
400.114,201.530,309.321,313.507
391.468,201.278,316.672,318.364
388.947,202.501,324.719,321.730
388.171,204.833,334.104,321.063
384.696,201.494,350.305,316.122
379.211,220.374,372.604,320.661
363.858,211.239,395.460,328.363
353.899,200.161,411.293,331.356
343.641,188.227,424.539,335.939
338.373,202.839,441.313,329.402
325.269,199.547,457.894,326.951
314.857,206.378,470.702,321.167
308.014,209.846,480.054,316.935
300.411,208.462,490.055,313.298
297.064,207.934,497.763,305.198
293.802,212.582,507.474,300.919
293.601,213.853,516.517,300.371
291.047,221.702,522.037,293.201
283.186,225.194,534.947,288.495
280.231,232.486,544.898,276.786
270.755,233.542,554.409,269.591
265.884,237.340,570.306,265.943
259.494,245.494,578.264,259.459
257.074,240.168,584.075,260.129
253.082,248.484,585.639,261.505
249.404,243.081,587.123,259.804
250.229,245.564,593.911,259.031
245.383,244.688,597.479,256.583
247.295,248.842,596.846,253.897
252.202,252.136,594.874,248.935
254.524,253.740,598.234,248.144
254.603,258.422,599.336,248.408
256.529,265.712,599.433,245.978
252.888,271.166,601.187,243.465
260.479,277.460,591.813,241.120
267.189,279.522,591.463,243.400
272.718,289.458,587.584,243.300
285.279,293.631,573.041,243.215
292.403,289.247,560.680,240.859
303.369,288.942,547.774,240.890
312.114,288.761,536.627,239.335
322.859,293.153,528.285,241.566
324.226,288.559,524.197,246.052
327.985,295.445,516.022,246.904
339.443,288.087,507.476,251.508
347.850,295.572,497.018,245.193
353.228,293.422,488.853,243.294
361.298,299.987,481.929,238.728
371.723,300.255,473.247,238.544
374.762,303.454,464.181,240.257
380.874,300.138,456.814,239.523
384.193,303.842,452.000,237.812
391.186,303.908,444.338,238.747
392.881,303.502,436.215,240.422
389.305,298.282,435.948,242.173
380.574,295.347,436.563,243.381
383.963,292.668,429.227,243.255
378.175,283.915,425.364,242.665
393.688,282.336,410.609,240.745
394.920,282.369,401.246,240.258
400.283,282.130,392.709,240.698
403.602,284.659,388.613,238.609
402.870,284.013,386.899,238.110
399.767,286.025,386.410,237.600
394.413,289.096,387.842,242.014
391.156,291.943,389.333,244.688
386.786,292.860,390.224,247.265
385.672,296.100,394.531,249.603
390.190,300.275,399.119,252.324
393.066,298.771,406.433,256.692
396.569,299.659,414.381,261.545
390.932,305.965,422.124,268.107
377.766,316.513,437.513,273.762
360.671,322.210,461.093,279.069
340.951,321.510,486.107,282.674
328.604,311.278,505.845,284.512
321.753,304.425,526.117,291.674
