82.000,242.000,654.000,448.000
77.968,233.281,648.227,456.793
83.606,227.631,640.300,462.955
84.320,225.109,637.616,467.125
86.309,229.806,637.185,466.182
83.174,223.170,641.008,471.365
79.772,216.414,646.477,475.966
84.343,212.536,649.356,480.194
90.373,206.202,657.672,483.567
101.858,210.701,662.875,483.390
98.650,216.775,669.736,477.889
98.586,218.307,676.141,475.209
104.392,221.087,672.283,472.915
98.593,231.628,668.131,465.134
96.710,235.905,664.138,460.155
92.116,241.674,660.632,455.886
91.142,241.597,655.782,453.476
83.692,242.865,659.878,453.341
101.219,240.809,654.717,454.309
96.760,236.521,656.360,455.328
108.724,235.898,653.859,456.904
127.487,229.797,650.274,458.902
122.136,221.661,659.201,465.270
143.492,214.565,658.157,470.007
153.925,209.435,660.833,470.363
162.053,205.260,672.594,472.503
164.976,202.769,674.867,475.051
160.509,203.808,683.412,475.383
157.270,204.552,688.477,474.811
157.442,207.788,691.265,475.670
144.633,207.239,700.848,476.434
141.880,208.481,703.246,476.594
141.380,210.204,699.362,476.831
134.064,211.104,703.998,476.541
140.839,211.217,702.513,473.938
139.814,210.646,703.480,475.440
147.520,210.029,703.752,474.720
153.011,205.309,706.102,476.796
153.145,204.590,718.381,479.587
147.717,205.962,726.879,481.540
166.387,201.287,729.978,475.678
170.575,205.702,728.920,474.843
167.260,206.400,727.909,475.699
177.665,203.038,724.767,479.009
172.537,208.795,726.429,473.858
159.719,210.043,736.629,474.782
167.993,200.353,736.936,466.039
165.382,210.077,737.673,468.232
169.782,207.647,740.153,474.419
163.675,205.003,736.928,468.094
173.148,210.071,736.818,467.954
167.319,204.630,735.222,473.667
171.241,203.987,736.455,476.746
171.834,200.435,736.507,477.257
166.173,204.363,738.432,476.924
162.463,199.419,741.059,470.411
165.352,207.710,743.759,470.295
158.163,207.709,742.550,466.992
158.789,214.487,749.191,467.165
161.427,207.977,741.614,465.350
161.457,208.454,744.008,468.830
164.603,200.347,741.582,464.080
178.477,204.766,735.012,466.869
149.983,203.852,745.927,469.693
152.041,198.799,753.793,470.649
167.675,199.952,745.302,475.337
169.962,197.262,742.582,472.885
162.059,194.711,740.037,471.622
176.183,193.260,738.565,476.727
173.558,188.714,731.809,480.909
197.634,176.651,718.339,487.234
200.968,159.766,713.003,500.554
233.184,139.068,683.048,512.836
243.853,126.181,656.148,527.158
239.424,124.175,629.805,536.521
238.919,121.609,610.722,540.477
235.141,144.221,591.214,541.514
231.587,157.769,571.349,537.263
229.517,153.350,554.467,537.086
231.478,147.260,540.374,541.265
232.995,145.363,529.720,546.220
233.673,138.649,523.994,549.249
238.093,141.362,517.941,553.363
243.414,136.358,518.999,549.431
246.582,150.796,519.605,546.549
257.381,150.305,519.469,547.017
261.017,148.306,520.804,546.256
263.094,147.174,518.908,543.546
273.331,151.454,515.257,537.039
275.032,150.960,512.817,532.479
272.626,157.208,514.081,529.071
265.137,159.644,517.854,525.552
257.299,163.531,524.755,523.858
253.733,162.126,529.428,519.957
257.910,163.604,530.557,517.385
261.189,158.541,531.678,515.713
251.156,159.354,539.506,514.634
266.273,158.098,537.077,513.082
255.096,158.662,542.116,518.034
261.207,154.156,543.815,524.102
268.995,150.483,542.399,529.957
274.708,152.138,540.163,529.658
288.429,148.628,536.238,526.963
308.010,147.790,530.630,527.682
319.638,145.410,529.969,529.857
326.209,149.681,533.151,531.653
334.645,150.069,535.398,531.170
356.991,151.045,529.898,531.467
385.433,152.515,520.681,533.616
403.482,151.838,506.975,537.455
400.541,155.067,496.383,537.951
394.145,155.148,495.907,533.841
377.106,161.616,497.754,530.330
382.624,162.672,493.758,527.474
392.125,162.071,491.509,523.093
384.395,168.994,494.513,518.250
381.498,173.795,501.871,511.526
389.320,176.939,503.014,509.532
399.316,176.782,504.242,505.220
397.811,174.092,508.888,500.796
418.005,176.074,505.107,499.375
417.103,173.628,505.953,501.494
411.327,169.593,508.976,504.325
418.495,165.469,504.226,512.114
406.007,156.400,509.622,517.844
411.434,150.408,505.774,521.100
425.877,151.796,495.878,530.890
431.566,140.849,487.894,530.531
431.110,141.839,484.825,526.669
419.563,142.207,485.411,520.285
404.822,174.068,488.412,521.838
397.145,170.591,494.540,520.257
381.689,180.909,507.723,521.769
365.340,175.757,520.249,522.548
355.473,180.148,527.807,523.818
354.047,180.097,530.979,519.847
350.139,188.454,534.328,514.098
345.743,195.257,540.648,508.429
338.671,202.452,547.303,499.047
323.635,210.539,555.979,491.021
310.749,220.818,566.296,479.771
310.905,230.641,567.343,469.886
287.547,242.343,578.965,464.987
275.232,242.701,587.202,459.163
272.963,244.624,587.650,453.832
272.673,244.181,587.501,452.972
274.975,241.613,585.794,458.306
296.133,231.500,575.401,462.146
310.577,202.271,565.521,477.447
353.670,158.072,547.186,499.278
372.274,100.661,531.390,515.500
370.744,50.943,514.639,528.255
348.698,26.825,518.022,534.872
355.262,19.061,519.263,539.339
331.815,15.382,529.062,546.074
344.785,17.364,532.254,557.032
375.015,8.599,536.226,561.221
353.717,11.669,545.497,561.998
308.085,45.243,553.792,556.135
298.904,62.827,554.178,552.986
279.553,81.039,563.390,544.797
162.740,111.277,621.488,527.445
154.795,174.147,651.069,515.445
102.020,196.500,677.401,495.674
75.844,199.492,704.853,470.995
48.948,207.838,736.983,460.687
24.245,200.443,764.095,456.547
8.511,197.982,774.047,455.328
1.837,191.287,784.888,458.733
-7.617,186.812,786.095,461.756
-6.726,189.043,786.024,462.901
-7.949,189.366,783.797,467.021
-29.626,206.591,752.356,460.706
-31.512,197.890,721.308,460.384
-1.126,223.780,700.121,452.623
7.887,245.394,697.975,437.515
19.711,264.710,702.480,423.380
21.621,264.809,710.242,414.271
28.760,265.958,714.263,411.910
15.028,262.830,720.754,408.765
24.723,263.026,723.320,408.533
45.183,253.628,709.866,412.692
62.340,247.449,699.189,421.724
78.475,241.108,689.140,428.383
75.713,238.834,689.610,429.962
80.589,235.467,688.877,433.284
85.170,232.784,687.692,433.981
100.790,233.779,682.066,435.442
102.484,234.440,679.154,436.742
99.144,232.118,680.578,437.399
98.573,233.083,680.890,438.460
100.540,229.840,675.813,438.662
105.868,221.008,680.448,441.744
119.096,218.388,674.302,450.749
160.256,209.193,646.868,460.275
197.432,200.821,615.807,467.055
229.272,197.635,584.205,471.479
222.609,192.698,571.622,469.864
225.154,196.239,557.208,467.109
254.183,201.380,527.935,485.444
263.702,183.925,504.344,499.501
272.809,182.823,477.893,512.176
287.317,176.889,467.543,520.728
329.528,178.226,457.598,528.061
347.121,178.060,448.361,533.127
353.979,166.714,443.641,537.605
362.073,170.272,430.352,540.106
369.932,176.293,415.024,539.442
367.289,179.621,406.637,536.826
366.247,186.126,403.782,530.551
361.580,193.243,400.519,524.333
357.987,200.713,396.994,518.614
356.325,204.158,396.945,516.051
354.041,198.720,394.972,516.220
346.704,192.674,390.499,519.400
350.179,186.012,387.344,525.115
365.246,172.279,386.320,526.828
388.896,172.868,401.607,531.421
400.705,168.930,426.222,533.586
400.650,171.413,449.391,536.070
409.473,179.872,463.747,535.570
420.577,188.100,485.492,525.665
422.362,194.298,510.828,516.912
414.651,205.793,529.275,505.374
397.357,199.423,540.699,504.645
378.307,189.089,535.308,509.388
347.317,174.196,527.363,510.825
357.737,169.438,505.456,523.357
371.694,166.714,484.723,530.161
374.057,177.722,468.281,529.520
375.825,186.019,459.194,525.936
375.520,187.195,449.115,519.411
380.632,193.037,440.360,513.798
377.214,195.681,430.335,511.949
385.601,187.559,423.625,506.355
386.922,187.206,420.789,503.707
386.879,183.153,425.177,502.223
393.256,180.146,429.303,504.800
396.786,188.187,435.229,507.641
399.065,195.161,439.729,509.524
394.790,197.030,439.410,507.741
394.386,200.736,440.780,503.338
389.828,203.246,445.527,497.582
394.872,204.205,449.850,492.405
405.514,211.356,469.554,489.086
390.720,201.099,476.660,481.904
391.582,205.642,485.461,476.651
395.493,210.580,495.749,476.196
395.013,210.830,502.355,481.591
394.575,199.867,506.870,483.770
394.117,195.356,510.950,484.626
391.973,189.543,514.084,485.570
385.792,180.886,519.230,490.985
380.953,170.009,521.733,499.752
376.907,147.075,530.913,509.860
371.981,126.808,533.879,520.759
363.164,115.300,522.367,529.592
376.639,111.347,524.056,533.695
388.052,128.874,546.868,541.928
388.889,129.732,577.515,536.752
384.716,135.419,598.478,521.863
377.655,154.579,624.026,501.650
385.404,179.553,648.184,487.298
390.760,201.297,671.561,477.275
383.434,210.553,693.250,471.348
381.156,210.097,718.682,470.731
373.544,205.825,727.094,472.056
358.979,202.873,733.894,475.343
363.688,197.878,746.551,479.173
350.294,194.570,745.306,481.075
350.583,184.671,743.064,491.838
355.626,175.652,745.614,498.778
359.777,182.979,754.714,499.717
352.740,186.565,758.609,496.076
363.075,190.983,764.645,492.324
359.577,201.899,763.783,482.569
342.804,197.095,768.912,474.647
347.928,203.241,773.242,475.412
350.712,205.573,784.682,478.435
350.132,198.329,791.268,475.534
349.215,204.803,789.019,477.514
339.089,201.737,796.361,478.275
340.456,197.056,787.942,480.272
340.969,197.956,789.680,485.239
341.513,186.770,791.282,487.025
333.987,182.689,800.212,490.627
334.923,178.033,792.867,495.030
327.888,172.120,785.924,501.172
325.065,171.519,777.417,507.110
335.581,171.410,774.242,512.476
332.657,167.884,769.967,510.791
325.740,168.658,772.481,510.273
330.716,162.386,765.295,510.778
318.888,163.869,757.641,512.106
322.410,163.149,756.596,509.143
332.841,165.180,759.980,511.647
321.737,160.705,764.607,511.898
320.632,160.548,770.527,516.571
309.617,155.907,761.778,515.608
311.888,151.910,745.518,519.137
