213.000,1.000,756.000,224.000
237.027,2.123,747.931,239.929
251.917,-18.136,737.691,242.151
270.780,-6.387,722.533,248.768
292.535,-3.594,712.454,249.037
307.531,-8.123,706.536,250.147
322.261,-0.248,697.884,257.548
335.653,2.181,693.760,263.639
338.898,14.930,694.376,267.444
353.167,0.744,688.244,269.770
364.590,1.249,684.642,272.473
378.735,-6.228,685.973,271.322
384.337,3.465,681.598,273.992
376.605,-10.478,686.168,276.148
362.725,-12.069,691.462,274.642
349.879,-20.117,700.414,265.654
321.532,-28.655,708.910,255.245
311.347,-20.027,713.302,236.750
279.375,-11.943,731.718,230.847
252.557,-22.745,743.324,225.765
227.323,-31.641,751.070,218.199
221.621,-33.451,771.525,209.414
196.021,-23.631,780.058,208.658
168.821,-17.334,781.849,212.108
151.212,-2.428,777.424,226.334
140.181,3.904,762.052,234.049
134.963,17.873,749.559,243.463
113.727,28.129,744.589,252.424
98.051,48.970,741.367,263.085
92.840,71.629,736.490,268.106
97.430,93.813,730.096,269.199
103.152,119.380,725.965,267.567
112.878,147.804,727.760,264.465
121.944,176.518,724.610,267.850
135.944,207.561,720.382,271.349
161.787,233.356,713.245,274.168
168.591,250.342,708.146,280.802
166.656,266.952,709.464,284.031
189.670,265.428,704.436,281.906
188.675,287.140,704.079,284.066
185.257,265.416,703.594,277.170
195.550,277.804,700.317,270.663
218.387,278.792,686.789,268.970
230.868,290.730,680.549,273.465
235.134,289.887,681.561,273.802
233.562,315.154,690.529,272.248
224.118,332.385,699.055,275.067
205.084,346.715,692.725,279.102
205.417,356.693,686.803,277.876
200.933,368.778,678.807,273.335
195.517,378.887,681.719,271.716
197.427,375.491,680.850,269.911
179.605,385.261,676.933,268.572
165.508,378.584,673.379,262.901
151.781,396.877,677.080,253.933
137.391,376.147,669.971,245.317
133.068,384.541,664.074,240.225
129.419,364.029,657.108,241.468
130.845,358.486,648.284,243.646
127.754,334.647,639.067,243.383
156.997,316.158,627.162,244.596
158.473,314.765,627.046,249.615
173.012,337.338,627.233,259.007
159.778,292.436,621.423,258.741
178.356,264.186,625.192,263.986
207.580,252.088,631.553,268.206
213.101,233.217,638.106,272.125
226.290,212.893,642.525,276.138
233.091,198.244,650.250,282.738
229.547,179.397,657.607,283.810
225.961,164.585,661.016,289.544
214.619,142.261,662.333,292.905
208.425,127.313,659.382,292.976
201.793,116.814,660.195,297.868
178.274,105.594,661.733,304.483
139.064,99.880,664.069,304.418
103.724,87.891,663.693,303.309
68.810,93.545,677.304,302.948
35.662,91.869,681.169,308.201
13.841,72.369,672.212,306.620
-6.324,65.810,656.601,306.490
-23.611,53.810,634.462,302.732
-45.819,51.931,599.952,304.494
-46.682,40.937,576.025,301.960
-40.550,26.767,553.443,295.640
-29.574,16.156,535.026,293.939
-31.635,7.253,505.734,289.431
-35.833,6.701,478.698,283.442
-38.036,0.983,462.856,270.128
-32.029,-2.244,447.627,260.239
-13.117,22.742,444.984,256.549
3.638,33.453,454.371,265.900
4.993,36.826,463.908,265.981
5.424,30.768,474.879,266.011
8.584,35.864,480.626,271.249
16.710,30.977,493.205,271.376
12.990,26.614,513.527,271.997
11.941,13.454,517.820,267.189
20.697,8.399,532.639,266.003
41.641,1.338,572.198,264.999
20.262,-10.620,587.290,258.641
23.472,-5.755,608.783,256.814
32.025,-13.262,632.279,256.748
31.616,-11.526,641.876,252.386
29.223,-11.128,640.574,251.346
33.001,-6.702,641.399,255.206
28.953,6.048,653.565,262.509
14.186,14.482,656.259,266.502
-0.791,30.432,650.256,275.843
-13.681,38.354,634.456,281.543
-11.041,43.808,617.996,285.009
-16.437,43.255,595.362,285.758
-21.094,37.956,571.963,284.731
-22.662,23.614,548.334,277.274
-23.782,13.254,525.058,269.162
-17.334,-4.936,509.627,259.774
-21.818,-12.108,487.070,245.856
-16.135,-20.093,468.947,230.661
-12.831,-15.645,458.585,218.305
-2.331,-4.883,457.556,212.968
2.690,-4.975,457.434,209.503
10.593,4.049,463.959,211.814
22.726,26.952,472.875,215.618
17.246,38.212,492.919,223.098
15.280,49.899,509.324,229.855
35.240,70.787,518.399,236.520
44.919,75.792,545.141,242.196
29.944,78.696,581.976,258.296
34.331,69.035,600.345,264.908
45.025,53.423,607.925,267.758
56.118,42.786,612.473,269.324
53.609,37.179,617.740,273.063
61.119,25.452,618.711,268.600
57.217,28.329,621.524,270.153
64.134,26.775,619.817,271.781
64.927,32.851,616.725,273.889
56.598,38.432,611.548,278.489
67.316,43.953,608.949,275.482
63.373,52.621,610.078,270.735
66.639,61.628,615.480,271.063
41.340,70.979,611.151,272.923
56.203,75.201,609.409,276.598
68.731,70.938,614.701,283.049
58.553,67.607,614.513,287.153
71.337,56.398,610.906,285.801
67.791,50.049,617.227,280.897
62.300,51.739,624.953,279.835
55.243,54.911,634.368,280.242
63.364,67.011,645.597,281.214
89.012,83.445,645.495,279.137
109.049,117.956,637.529,274.598
158.849,156.796,637.283,272.688
202.888,193.145,637.078,268.937
240.827,235.315,632.852,265.287
278.226,273.070,626.656,261.079
310.794,309.089,632.393,256.224
345.261,341.271,642.337,253.662
369.484,363.038,667.245,251.987
326.322,384.022,694.567,252.068
392.746,385.968,725.189,251.271
447.820,362.252,735.288,250.888
456.594,343.925,729.893,248.449
492.085,311.218,721.829,250.714
533.950,307.843,702.425,244.831
508.654,306.554,710.908,242.633
527.621,288.816,706.807,240.805
510.908,282.173,704.127,240.388
501.917,278.799,699.759,238.960
472.576,277.191,697.242,237.614
437.300,268.856,706.611,238.363
397.030,262.230,722.559,242.547
335.241,243.145,727.455,238.589
312.543,236.984,750.295,239.907
315.161,216.783,750.940,241.166
310.259,194.821,729.251,244.289
297.533,171.300,703.498,246.452
261.705,161.906,678.518,239.691
247.490,155.678,658.658,238.652
243.977,146.554,645.626,241.909
227.402,154.551,648.717,251.774
191.123,156.246,654.854,263.012
176.191,162.458,660.169,270.014
187.016,170.216,659.394,274.486
222.824,170.460,642.200,272.344
226.206,187.225,635.325,271.094
242.097,203.563,628.700,269.430
262.480,221.444,629.831,267.702
299.634,228.552,627.541,255.392
339.265,241.172,622.574,245.105
381.262,251.596,618.597,237.264
432.787,264.100,615.135,241.884
483.186,254.293,611.324,242.413
506.767,266.640,614.171,245.743
551.487,256.647,610.881,233.983
583.115,264.815,610.749,228.775
610.038,267.075,610.869,225.101
645.764,265.884,603.242,229.470
650.311,257.459,599.204,230.870
648.714,243.941,600.530,235.886
661.259,223.831,601.110,236.584
663.539,204.527,601.839,237.486
684.921,182.319,592.837,232.748
685.764,161.009,591.113,229.317
682.360,136.464,595.465,229.848
693.270,114.441,595.485,228.088
703.647,84.768,584.614,227.331
716.181,50.976,571.166,229.864
714.079,16.488,563.892,230.429
744.106,-12.393,548.505,226.208
688.162,-11.187,550.503,220.814
586.327,12.329,568.383,220.925
570.013,-12.386,580.081,219.005
520.129,-20.801,585.976,217.152
399.860,-10.845,614.985,213.229
449.315,-9.352,644.872,211.505
534.517,-7.257,646.401,212.435
501.566,3.693,663.278,212.576
497.495,17.626,676.853,217.880
534.883,-29.908,694.934,213.120
525.232,43.940,703.302,219.759
646.430,24.591,688.998,228.025
668.349,9.850,670.466,233.934
725.157,-20.414,634.683,232.371
706.439,-17.867,615.255,232.334
743.453,-13.278,583.051,227.832
754.634,-7.121,557.938,225.099
760.635,2.662,543.993,220.411
764.321,9.019,531.669,214.677
745.534,20.527,534.501,216.734
743.549,20.379,535.952,219.264
729.806,20.145,541.641,222.908
718.397,32.765,551.141,222.821
707.241,36.779,556.958,225.538
698.695,50.805,564.514,224.718
687.166,52.750,569.128,225.677
676.669,52.446,571.034,227.155
664.808,46.958,575.028,229.096
655.734,39.164,581.048,231.148
639.301,19.568,582.395,231.689
622.666,5.793,587.701,228.508
616.078,-9.894,594.861,221.797
590.341,-20.113,601.372,212.733
556.492,-17.628,615.826,202.267
560.708,-21.943,627.492,193.519
541.218,-21.977,649.669,187.687
501.535,-24.062,673.127,184.162
510.784,-23.472,686.372,179.232
597.545,-22.687,665.497,178.229
628.621,-4.356,643.308,179.189
629.688,6.804,631.376,181.729
557.563,3.922,653.271,185.098
605.837,39.232,642.031,202.354
617.453,60.939,637.440,213.795
615.971,70.149,628.533,225.429
600.398,90.813,633.704,236.049
595.266,105.754,630.069,253.396
639.498,82.519,606.902,254.033
630.476,101.381,600.851,258.164
574.583,110.218,613.968,263.576
596.765,88.577,607.541,256.736
603.566,101.812,601.946,253.021
589.279,89.383,598.777,252.827
571.069,99.426,597.670,250.773
561.249,93.786,597.064,249.047
549.132,98.293,590.868,242.722
506.642,107.451,597.264,235.529
482.031,117.854,592.159,230.548
442.390,128.114,598.948,232.984
429.349,124.271,594.040,237.195
403.214,126.000,593.897,243.801
361.714,121.564,594.093,247.223
333.044,129.479,597.761,251.091
327.223,106.604,593.202,245.924
285.465,125.466,604.925,239.337
239.836,132.555,608.999,242.489
224.848,142.655,611.887,246.621
231.755,141.422,606.240,245.363
227.214,157.406,616.265,243.510
256.582,169.592,606.616,238.043
279.562,191.814,598.866,229.301
317.032,214.873,603.984,227.635
382.970,247.550,594.562,221.713
431.213,258.324,595.456,211.086
408.172,287.783,611.897,216.093
475.742,266.080,611.819,222.307
537.563,259.600,613.384,224.874
552.920,249.823,621.109,232.582
585.083,224.359,616.388,235.888
612.537,203.891,619.596,235.821
610.609,190.953,624.115,240.263
577.026,169.778,631.323,242.403
579.867,142.207,636.547,247.718
606.486,119.049,636.186,250.378
609.853,89.192,619.547,250.621
607.242,81.948,605.772,252.592
553.663,80.842,627.303,253.565
468.766,78.816,634.926,260.031
469.685,53.902,638.588,260.374
385.241,78.067,669.298,263.273
367.639,68.077,671.438,263.401
