209.000,128.000,145.000,147.000
207.719,125.814,143.268,147.740
207.068,124.952,143.216,148.891
208.029,124.349,142.989,149.360
207.409,124.581,143.042,149.915
208.029,124.380,142.445,150.163
207.492,124.672,142.316,150.547
209.225,124.500,141.804,150.452
208.224,124.593,141.677,150.689
208.286,124.778,140.701,150.228
208.619,124.540,140.192,149.763
208.218,125.008,140.528,149.434
208.455,125.450,140.630,149.486
208.523,125.317,140.462,149.254
208.383,125.382,140.612,149.087
208.822,125.421,140.665,149.065
208.433,125.530,141.047,149.355
208.484,125.565,140.872,149.152
208.596,125.474,140.893,148.968
208.613,125.778,140.903,149.079
208.811,126.415,140.122,148.989
208.815,126.485,139.455,149.299
209.701,126.194,139.118,149.367
208.507,126.166,139.191,149.301
210.340,126.464,138.775,148.844
209.141,126.342,138.535,148.670
210.222,126.308,138.097,148.386
209.536,126.664,138.168,148.224
209.393,126.289,138.721,147.903
209.097,126.130,139.129,147.504
209.066,126.323,139.506,146.988
208.311,126.227,139.898,146.983
207.733,126.427,140.586,147.172
207.793,126.528,141.316,147.962
208.946,126.386,140.720,148.390
208.291,126.248,140.480,148.596
209.089,125.792,140.368,148.890
209.540,125.373,139.555,148.897
209.621,125.353,139.246,148.827
209.267,125.141,140.111,149.368
210.267,124.351,139.658,150.141
210.835,123.311,139.684,151.024
209.954,122.895,140.638,151.516
208.710,122.696,141.925,152.253
208.767,122.368,142.354,152.457
208.621,122.287,142.393,152.561
208.252,122.337,142.699,152.885
207.606,121.702,143.021,153.456
208.006,121.052,142.806,153.952
208.346,121.017,142.492,154.524
208.555,120.628,142.234,155.066
208.169,120.122,142.034,155.418
206.833,119.573,143.312,155.666
206.846,118.985,144.042,155.512
205.411,119.657,145.243,155.682
205.580,119.480,145.606,156.103
205.761,119.478,145.582,156.542
205.859,119.271,145.855,157.001
207.156,117.775,147.549,158.504
207.100,120.873,149.055,156.990
205.854,131.121,151.696,149.295
207.567,135.604,151.743,141.703
207.520,137.960,151.743,136.718
205.327,141.793,152.780,132.452
204.792,143.925,154.398,129.448
205.174,144.663,155.836,127.561
205.608,142.795,157.212,127.857
206.910,136.647,158.249,131.132
205.985,135.650,158.415,133.288
207.445,129.690,159.190,138.681
205.083,125.063,157.948,145.000
202.606,121.190,155.460,149.851
204.860,119.665,152.252,152.948
206.070,118.090,148.333,155.159
207.115,117.344,146.522,156.152
206.037,116.482,144.923,156.616
204.718,116.138,144.603,156.533
204.319,117.188,144.427,156.887
205.327,118.065,143.348,157.051
205.708,118.115,142.136,156.975
206.132,118.075,141.527,157.196
205.608,117.114,141.606,156.185
206.561,117.250,141.823,155.255
204.938,119.991,142.998,154.404
204.789,120.861,143.439,153.562
205.407,121.209,144.450,153.272
205.589,121.520,145.294,153.510
205.162,121.758,145.837,153.499
205.221,121.835,146.169,153.076
205.485,122.299,146.136,153.103
204.917,121.934,146.112,152.913
204.896,122.135,146.126,152.410
205.145,122.257,146.091,152.020
203.657,122.387,146.761,151.655
203.383,122.392,147.300,151.251
202.599,122.358,148.309,150.912
202.632,122.307,148.605,150.394
201.842,122.410,149.194,150.320
202.439,122.430,148.997,150.201
201.536,122.267,148.411,149.926
199.534,121.847,144.963,149.310
199.539,122.350,142.624,147.934
200.379,122.924,140.677,146.690
200.827,124.184,138.853,145.695
200.781,124.987,138.136,144.960
200.923,124.954,137.926,144.620
200.753,125.289,137.820,143.952
200.879,125.678,137.805,143.401
200.784,126.188,137.453,142.920
201.464,126.382,136.803,142.183
202.122,127.107,136.015,141.758
201.445,127.529,136.089,141.382
201.389,127.495,136.281,141.169
201.033,127.447,136.591,141.033
200.580,127.426,137.096,141.075
201.134,127.683,136.623,141.341
199.816,127.862,137.221,141.536
200.227,127.396,137.073,141.165
199.900,127.099,137.391,141.131
200.571,126.865,137.172,140.783
201.037,127.013,136.484,140.823
200.840,127.299,136.130,140.680
200.948,127.439,135.867,140.288
200.985,127.603,135.730,139.998
201.131,127.676,135.501,139.872
201.181,127.895,135.287,139.713
200.895,128.008,135.375,139.597
201.564,128.036,134.930,139.281
200.730,128.591,135.413,139.413
201.244,128.275,135.050,138.883
200.821,128.717,135.147,139.066
201.362,128.293,134.618,138.695
200.918,128.614,134.717,138.886
201.084,128.583,134.712,139.011
201.051,128.603,134.735,138.880
201.314,128.584,134.564,138.836
201.255,128.751,135.080,139.532
200.826,128.625,134.853,139.045
202.193,129.420,133.758,138.436
201.560,130.349,134.122,137.832
201.377,131.031,134.340,137.151
201.164,131.154,134.628,136.873
201.532,131.477,134.508,136.409
201.407,131.975,134.785,136.154
201.789,132.013,134.685,136.002
201.490,132.398,134.859,135.762
201.905,132.347,134.656,135.477
201.804,132.629,134.708,135.505
202.166,132.433,134.450,135.290
201.615,132.828,134.605,135.628
201.604,132.336,134.593,135.528
201.570,132.322,135.129,135.447
202.032,133.078,134.921,135.389
202.464,133.377,134.647,135.407
201.957,134.827,134.884,135.497
203.077,134.273,134.633,135.052
201.201,134.566,135.845,134.235
203.570,133.521,140.220,134.835
203.409,130.389,143.577,137.286
201.905,129.715,145.926,139.212
200.373,128.732,147.788,140.601
199.671,128.986,148.905,141.179
199.538,128.699,149.817,141.443
199.733,128.847,150.085,141.823
201.278,128.540,149.518,141.740
200.612,128.736,149.895,142.131
199.981,128.426,150.251,142.152
200.502,128.513,150.037,141.982
200.760,128.607,150.387,142.123
200.745,128.492,150.320,142.065
201.084,128.775,149.930,142.087
201.154,128.765,149.939,142.047
201.357,128.942,150.010,142.376
201.411,128.615,149.934,142.050
202.126,128.670,149.568,142.008
202.109,128.788,149.481,142.099
202.124,128.930,149.247,142.218
202.200,128.884,149.028,142.256
202.004,128.918,149.066,142.441
202.005,128.754,149.184,142.473
201.815,128.865,148.293,142.126
200.513,129.399,148.037,141.742
198.465,129.380,145.236,140.910
199.862,129.921,142.639,139.873
199.215,131.259,141.554,138.945
200.511,132.034,139.669,137.886
201.307,132.607,138.671,136.881
200.941,132.924,138.312,135.724
200.318,133.130,138.407,135.352
200.210,133.124,138.345,135.170
200.161,133.693,138.316,135.385
200.341,134.518,138.012,135.203
200.662,134.115,137.736,134.640
200.452,133.521,137.924,134.776
200.320,134.205,138.089,134.538
200.264,134.179,138.334,134.783
200.765,134.292,138.171,135.072
200.825,134.121,138.118,134.488
200.953,134.380,138.153,134.051
200.502,134.938,138.067,134.113
200.582,134.485,138.062,133.892
200.102,135.006,138.259,133.975
200.827,134.706,138.084,133.721
200.389,135.065,137.800,133.448
200.669,134.816,137.716,133.616
200.321,134.987,137.755,134.019
200.144,134.409,137.804,133.952
199.979,134.802,137.775,133.914
200.417,134.772,137.584,133.664
199.368,134.126,136.473,133.965
199.773,132.990,136.516,134.398
199.160,132.421,136.569,134.567
199.224,132.613,136.034,134.130
199.040,132.791,135.815,133.903
198.827,132.896,135.793,134.181
198.478,133.122,136.095,134.933
199.044,132.759,135.852,135.309
200.154,132.431,135.438,135.273
199.203,133.160,135.327,134.437
199.459,133.022,135.446,134.743
199.160,132.881,135.637,134.883
199.505,132.788,135.592,135.197
199.389,132.788,135.665,135.333
199.433,132.706,135.790,135.522
199.500,132.536,135.789,135.842
199.405,132.564,135.827,136.167
199.713,132.601,135.632,136.548
199.699,133.052,135.295,136.938
199.850,133.078,135.303,137.756
200.280,132.320,134.898,137.604
200.355,132.149,134.838,138.163
200.251,131.994,134.859,138.528
200.139,131.865,134.889,138.657
200.198,131.677,134.898,138.659
199.762,131.733,135.216,138.551
200.126,131.538,135.127,138.397
200.191,131.602,135.114,138.075
199.966,131.635,135.264,137.823
200.388,131.743,135.026,138.022
199.885,131.572,135.227,137.827
199.607,131.636,135.711,138.043
199.760,131.588,136.134,138.073
200.097,131.526,136.310,138.003
199.802,131.651,136.522,137.869
200.297,131.772,136.515,137.959
200.736,132.390,136.322,137.564
200.785,132.583,136.267,137.246
200.363,132.647,136.258,136.827
200.516,133.170,136.102,136.627
200.340,133.213,136.089,136.430
200.672,133.117,136.475,136.993
200.740,133.103,136.538,137.257
201.505,133.719,135.996,137.602
201.507,134.310,135.568,137.485
202.527,134.610,135.157,137.204
202.491,134.875,134.995,137.082
203.845,134.692,134.503,137.255
204.338,134.733,134.279,136.981
204.025,134.687,134.426,137.010
205.180,135.031,134.670,137.461
204.859,135.898,135.395,137.043
205.428,136.405,135.497,137.146
285.126,131.444,131.492,134.100
419.744,125.236,131.074,133.057
529.623,119.846,131.469,134.864
582.873,116.167,131.801,135.952
585.138,114.468,131.747,136.615
583.669,114.221,132.117,137.093
583.651,116.728,131.862,137.650
680.896,112.517,131.478,137.215
680.345,109.764,130.962,137.830
676.487,110.360,131.890,138.647
671.311,111.791,132.716,139.799
672.068,110.930,131.949,140.051
666.391,113.610,132.729,140.427
667.494,112.794,132.639,140.529
674.780,109.382,132.371,139.979
674.220,108.621,132.190,139.655
676.766,107.319,131.921,139.786
677.717,106.880,131.345,139.462
685.999,104.635,131.370,139.626
679.004,107.889,131.925,140.118
675.375,110.150,131.457,140.469
673.846,111.117,132.084,140.386
673.309,112.066,132.779,140.270
673.202,112.430,133.450,140.668
660.206,123.163,132.256,140.071
643.909,133.600,131.925,139.620
630.235,140.510,133.284,139.996
619.474,149.023,133.650,141.030
613.468,151.972,132.823,142.393
611.647,151.776,132.798,142.474
602.378,166.165,132.867,137.555
604.704,167.956,129.948,134.825
598.746,165.369,130.770,135.771
597.707,163.945,130.038,138.549
594.379,163.522,130.735,140.154
592.732,163.021,131.322,140.120
591.439,163.493,131.341,140.513
589.960,164.237,131.452,141.099
589.175,162.924,132.406,142.641
586.860,163.627,134.139,143.364
585.649,166.475,135.417,141.745
583.603,170.900,135.541,138.615
584.540,171.804,135.228,136.276
583.303,173.304,133.915,134.497
582.774,175.055,133.077,133.703
583.311,174.716,131.262,135.402
583.104,172.898,129.766,138.089
583.270,172.192,128.947,141.420
583.107,171.216,128.590,143.552
582.566,171.211,127.819,144.943
579.368,172.299,126.866,145.788
572.850,174.009,126.267,145.845
570.407,174.033,125.356,146.209
567.934,173.850,124.684,146.411
567.423,174.116,124.978,146.824
562.005,175.092,125.365,146.554
555.983,175.683,125.654,146.325
551.835,177.251,125.756,145.890
550.903,176.495,126.782,146.166
552.237,174.167,128.322,146.007
552.714,174.267,129.265,146.613
546.854,173.293,130.256,146.998
540.492,173.337,131.093,148.173
539.721,171.265,132.055,148.942
531.782,169.688,134.091,150.856
527.142,166.306,135.925,151.944
526.092,165.521,137.398,154.040
522.480,161.560,139.207,156.106
516.382,158.531,140.718,159.816
510.005,152.464,142.869,163.833
501.278,146.971,146.724,166.793
479.390,144.171,150.879,170.666
477.501,142.408,153.307,173.065
456.207,139.453,155.784,177.272
430.991,135.476,159.046,183.179
403.406,132.420,163.018,188.807
381.440,130.775,165.675,192.873
372.974,128.822,168.187,196.831
372.366,128.703,168.704,199.076
368.523,124.971,170.341,203.367
362.706,115.879,174.015,208.245
356.190,108.758,177.923,213.637
350.997,106.331,180.293,216.966
349.414,105.311,182.200,218.347
349.192,105.025,183.082,219.327
350.843,104.909,184.607,218.606
347.067,104.010,188.234,218.547
339.228,99.301,191.360,221.123
337.415,96.385,194.793,223.802
334.849,91.182,199.586,227.330
330.557,91.418,203.444,229.476
320.140,82.393,209.040,233.680
302.282,76.405,212.000,238.670
290.286,73.600,215.402,243.810
276.401,69.206,218.513,248.908
259.912,66.543,219.767,251.987
257.990,65.707,221.618,252.366
250.133,61.533,224.319,257.306
239.465,56.814,227.474,261.597
225.447,54.026,232.282,267.656
208.448,53.322,237.471,272.140
190.921,56.106,241.833,275.562
189.691,54.666,245.204,276.772
183.598,51.568,248.457,279.631
181.206,47.844,252.775,280.891
175.258,51.723,255.976,283.580
164.099,60.317,258.269,283.914
166.099,62.529,256.282,281.920
166.368,63.320,255.658,281.582
168.996,62.882,254.173,278.929
170.954,58.757,256.106,276.203
171.047,62.803,254.833,278.058
167.711,65.828,251.945,281.196
161.384,68.265,251.191,282.671
163.055,67.247,250.254,281.896
162.141,70.033,250.732,281.355
151.447,73.128,252.522,281.856
140.237,82.411,255.371,281.575
130.828,91.585,257.914,282.924
133.141,97.581,261.835,284.564
132.851,95.149,264.474,285.151
114.492,96.320,270.285,288.330
106.036,99.595,270.110,292.269
99.959,103.922,268.830,295.237
92.412,105.556,269.188,297.666
98.447,102.430,268.195,298.525
94.329,101.604,269.237,298.792
94.898,103.112,269.936,298.416
100.320,105.879,269.975,300.002
93.149,109.353,271.002,300.298
132.954,113.319,265.877,300.834
153.513,117.673,270.916,305.082
154.003,115.341,273.417,306.501
225.149,119.329,264.668,304.706
371.801,125.279,260.818,303.390
552.824,133.343,261.876,303.574
632.482,136.197,264.111,303.410
694.472,142.569,265.592,301.753
698.316,142.886,265.497,299.628
712.167,148.254,266.753,299.591
694.551,156.197,269.219,300.970
684.357,160.182,263.336,297.946
677.365,164.175,260.137,296.127
661.778,170.949,258.104,295.147
664.831,171.230,255.851,294.437
655.966,174.664,253.590,294.811
658.169,175.153,249.605,293.819
613.667,181.735,258.066,297.384
543.507,201.336,253.277,291.643
537.470,204.683,252.155,291.335
539.107,206.281,250.428,291.347
539.815,206.597,251.445,289.391
538.828,205.655,252.203,288.336
553.167,198.380,249.332,289.835
562.611,188.004,249.051,291.057
570.353,182.474,248.779,291.247
567.496,184.319,249.341,292.334
576.935,177.742,248.605,294.068
586.189,171.324,248.104,294.493
598.921,164.504,247.224,295.412
617.553,152.463,244.550,293.037
632.913,143.769,243.145,293.960
632.879,143.522,243.309,292.649
647.420,133.670,242.365,293.940
663.607,124.551,241.219,292.949
687.195,108.526,243.319,290.019
677.121,111.806,245.750,292.026
671.271,115.629,245.284,291.477
669.952,116.062,246.041,290.046
678.127,111.270,245.072,290.478
672.904,114.118,244.478,290.770
413.159,176.769,244.995,293.887
400.942,187.697,242.780,291.836
386.619,191.526,244.274,293.071
386.419,192.711,244.279,293.363
398.678,182.098,242.843,292.920
398.472,181.503,242.512,291.608
395.695,180.745,241.418,290.900
409.244,172.581,238.949,293.243
415.545,169.263,237.017,293.965
411.759,169.054,237.979,294.154
420.340,163.762,236.234,295.194
429.988,157.473,235.315,296.117
427.550,160.580,236.602,296.289
433.066,159.213,234.885,294.368
438.423,156.957,234.882,294.144
436.054,159.188,235.823,296.010
438.349,158.923,236.340,297.313
435.053,161.330,236.108,296.470
434.920,161.872,236.530,296.208
432.351,164.091,236.640,297.001
427.379,171.056,234.780,297.586
425.742,171.816,234.563,296.890
418.745,178.087,233.374,296.823
407.421,184.711,232.784,296.989
402.534,189.272,232.071,295.174
401.432,190.486,232.494,296.479
399.195,186.406,232.508,294.278
397.295,188.414,234.171,294.651
405.722,185.089,233.009,295.698
407.193,182.981,232.644,295.808
413.646,178.825,232.557,296.488
417.455,177.672,232.564,297.439
416.245,178.700,233.426,298.941
418.271,178.254,232.630,298.461
424.540,174.154,232.622,297.711
417.876,177.962,233.911,298.654
416.147,180.285,233.590,298.662
421.862,176.663,231.797,298.372
414.137,184.677,231.578,298.071
413.679,182.806,231.298,299.031
406.715,190.162,230.532,297.634
407.504,190.638,230.875,298.336
408.157,187.961,230.553,298.517
406.743,189.200,231.087,298.780
413.225,183.187,228.706,298.102
410.818,184.530,229.247,298.141
414.025,180.329,228.626,297.765
425.331,173.580,226.816,296.188
435.491,162.455,226.520,297.055
459.649,146.300,225.672,297.413
486.801,128.474,224.683,295.675
481.818,129.285,226.260,295.191
515.543,97.579,226.707,296.241
532.874,90.906,227.159,297.389
527.543,91.870,228.901,298.704
528.969,90.929,229.262,298.594
526.582,91.856,230.648,297.770
526.795,91.637,231.033,297.030
529.378,94.071,230.245,298.906
522.002,102.901,227.829,297.154
502.987,115.752,227.279,297.511
497.887,121.058,227.492,298.006
489.843,123.756,226.401,297.530
488.186,124.737,227.445,298.218
487.318,125.995,226.960,297.771
501.602,112.018,223.911,296.452
490.582,115.202,224.122,298.103
478.377,124.002,224.575,298.310
473.431,129.839,225.388,299.484
461.031,133.294,225.152,300.447
459.781,134.069,225.643,300.014
457.944,137.680,225.688,300.851
453.251,141.968,226.505,301.424
449.330,143.129,226.468,301.786
445.132,144.028,226.057,301.750
440.538,149.856,225.019,302.727
441.324,149.897,224.525,303.436
440.424,149.881,225.078,303.514
438.187,151.364,225.600,303.812
438.304,152.687,224.638,300.572
450.132,145.741,222.074,298.959
443.572,154.914,222.569,299.195
441.654,155.705,224.119,297.113
443.318,153.830,224.227,295.591
451.474,149.472,224.329,295.584
452.624,148.896,224.897,293.876
457.416,144.239,224.876,292.447
454.830,145.035,226.306,291.692
453.235,145.834,227.531,291.089
451.408,148.721,228.680,291.015
453.604,148.831,229.095,290.130
453.362,149.466,230.661,289.999
449.204,152.472,230.032,288.649
452.024,148.333,229.742,285.979
451.282,149.335,229.938,286.387
454.209,149.395,231.101,287.879
458.073,145.792,229.931,286.128
450.387,147.987,231.232,287.812
452.245,145.853,231.739,287.283
455.380,141.620,231.076,286.568
454.063,143.538,231.925,287.194
456.586,138.234,230.619,285.952
457.667,132.626,230.316,287.491
454.326,130.858,231.254,290.645
454.502,122.971,231.043,293.022
459.618,116.973,231.916,295.629
457.965,116.659,232.447,297.142
456.268,120.406,232.026,299.285
467.345,114.165,230.247,296.942
468.967,111.974,231.073,297.228
319.736,136.732,229.272,297.052
317.430,137.535,229.681,296.254
317.073,137.199,230.390,296.418
319.962,133.901,229.156,294.491
317.109,137.163,229.069,292.592
311.028,136.706,229.076,293.815
190.278,158.506,231.420,295.593
184.647,161.131,233.658,297.790
185.356,159.330,233.625,297.331
181.115,166.035,232.939,298.308
186.490,164.406,231.404,297.855
181.572,163.247,233.632,296.649
189.594,165.866,230.289,296.257
182.329,165.945,232.639,295.448
187.538,166.293,230.212,294.770
191.828,167.479,228.251,295.928
187.435,166.141,229.352,294.914
198.475,163.136,227.000,293.688
198.098,162.561,227.649,294.162
203.375,158.254,226.434,293.663
199.990,157.679,227.570,292.775
196.068,160.955,229.012,293.813
196.175,161.897,229.369,292.131
201.072,155.819,230.038,290.858
205.872,153.506,230.186,292.379
204.948,154.195,229.074,290.687
202.036,154.838,230.024,290.351
203.625,152.591,230.079,291.051
204.456,151.132,229.613,291.226
206.776,147.908,228.789,291.747
207.865,144.478,228.393,292.653
205.959,144.021,228.688,291.841
205.648,143.947,228.701,292.447
206.232,141.847,228.704,293.414
204.642,142.512,230.308,292.963
203.337,143.418,231.723,292.572
210.010,142.794,230.254,292.106
205.586,143.283,231.028,290.075
205.106,143.417,231.566,289.505
208.113,142.330,231.278,288.683
210.771,140.784,230.114,287.770
208.281,141.054,231.120,287.508
207.646,140.413,232.032,287.636
209.808,139.593,231.648,286.800
208.969,140.077,231.933,287.108
211.201,140.863,231.168,287.040
210.535,140.588,231.038,286.853
212.224,140.336,231.272,286.897
211.631,141.788,232.459,287.426
213.299,139.748,230.892,285.805
211.623,140.687,231.897,285.995
212.345,139.241,232.202,285.626
212.854,140.741,232.067,286.032
212.139,139.113,232.604,285.297
214.800,138.041,232.114,287.110
218.796,133.796,230.932,287.568
215.183,133.592,231.679,288.018
