461.000,417.000,131.000,102.000
461.389,413.632,129.489,106.343
460.613,412.123,127.575,107.943
462.856,414.430,126.916,108.216
460.781,415.294,125.791,107.664
463.703,416.970,124.651,108.929
462.701,418.135,126.200,109.397
462.119,419.208,126.334,108.125
461.897,419.755,127.409,106.058
463.188,421.114,127.369,105.282
463.948,420.245,127.101,103.509
465.659,423.114,126.589,102.478
468.798,424.026,124.457,101.817
472.942,423.249,122.511,101.759
474.546,423.169,119.763,102.453
477.683,422.596,117.149,102.716
477.846,424.020,115.035,102.345
482.381,422.578,111.762,102.956
487.869,422.575,110.251,103.765
487.988,421.803,106.867,104.737
487.339,420.889,103.444,103.686
482.901,422.155,98.825,104.100
485.745,422.021,94.872,104.657
488.483,421.198,89.499,105.125
488.582,419.425,86.421,105.804
489.579,419.132,82.264,105.068
490.647,417.901,79.620,103.568
490.727,421.876,78.126,100.193
490.962,422.773,77.254,96.944
489.268,424.514,77.424,94.997
487.733,426.061,77.003,93.383
488.402,427.390,76.819,92.659
487.290,428.126,76.749,92.382
486.675,429.744,76.907,92.495
487.184,429.992,75.644,91.659
487.869,430.991,75.593,91.795
488.918,430.515,75.646,91.402
488.527,430.827,76.015,91.477
489.384,430.760,76.581,90.751
489.300,431.519,76.914,89.325
492.670,432.496,76.679,87.755
492.223,432.723,76.860,87.017
492.387,433.003,76.936,86.615
491.932,434.610,77.427,86.245
490.167,434.547,79.095,86.353
492.449,434.925,80.139,85.529
490.966,435.270,82.173,84.535
491.527,435.770,84.164,82.489
491.737,437.284,85.967,81.463
490.197,436.909,87.847,81.449
489.374,436.797,89.744,81.811
488.505,434.635,91.193,81.395
488.443,434.060,90.839,80.529
493.159,434.972,87.623,79.316
490.175,434.326,87.487,78.666
485.374,431.794,88.092,78.166
482.394,432.623,87.613,77.381
482.085,432.522,84.900,77.226
482.280,430.559,81.407,76.462
476.714,426.742,79.098,73.661
473.180,429.181,77.491,71.661
475.043,429.308,74.370,70.006
467.748,425.785,72.725,67.885
467.198,424.496,71.242,68.009
455.020,422.378,72.544,67.681
439.092,424.973,75.071,66.499
436.986,428.945,79.722,66.474
433.422,428.268,82.113,68.214
430.903,427.742,83.052,69.366
425.203,425.108,83.261,70.336
429.728,421.081,81.526,70.448
430.545,419.145,80.419,70.698
422.396,416.988,81.219,70.088
423.791,414.974,81.323,69.926
419.657,414.901,82.873,69.375
431.437,417.697,82.049,70.497
436.722,423.502,79.636,71.527
434.029,413.823,77.708,72.094
425.529,413.164,76.539,72.560
428.107,409.809,75.270,73.112
438.549,410.619,74.602,74.361
439.773,412.167,72.911,73.556
444.068,413.111,72.226,72.374
434.830,411.032,70.347,71.472
422.436,409.510,70.857,68.731
433.626,407.678,68.454,66.409
442.391,412.278,66.977,64.334
445.907,413.062,64.455,62.971
450.238,414.181,60.927,62.411
449.867,413.284,59.148,61.779
452.030,415.578,58.953,61.500
456.668,416.282,58.987,61.348
458.820,415.882,59.827,61.529
460.949,415.766,60.935,61.512
474.088,415.850,61.579,61.651
482.144,415.541,62.450,61.966
482.150,415.869,63.216,62.246
488.587,414.495,64.046,62.790
498.308,421.006,65.089,63.148
497.704,417.992,65.620,63.728
508.954,415.220,66.285,64.333
512.887,410.155,67.078,64.992
518.816,415.518,67.646,65.475
523.360,421.345,68.183,65.737
529.703,428.645,68.551,66.145
535.159,428.606,68.621,66.751
528.811,426.758,69.209,67.076
531.011,427.733,69.875,67.272
532.066,426.961,70.248,67.542
533.149,426.935,70.859,68.068
525.393,426.573,71.542,68.581
526.724,424.903,72.054,69.329
528.596,424.470,72.760,69.805
529.258,422.011,73.316,70.438
527.972,418.119,73.810,71.295
530.876,418.657,74.619,71.711
532.758,419.233,75.309,72.190
536.954,420.659,75.792,72.469
538.223,418.270,76.246,73.483
540.397,418.115,76.748,74.038
539.839,425.683,77.251,74.745
540.466,424.673,77.808,75.475
541.752,433.166,78.437,76.306
543.869,434.021,79.267,76.816
555.888,434.207,79.765,77.434
556.517,430.856,80.098,78.403
557.953,428.362,80.453,79.150
562.364,424.134,81.028,79.810
567.105,434.131,81.759,80.441
580.454,446.863,82.437,80.888
581.149,447.405,83.147,81.425
582.807,446.605,83.562,82.154
589.094,450.049,84.412,82.171
600.492,448.843,84.886,82.894
602.170,449.475,85.444,83.569
604.003,449.611,85.863,84.233
606.082,449.037,86.377,84.982
611.383,453.313,87.086,85.225
613.948,452.730,87.571,85.894
616.285,440.076,88.286,86.671
621.875,442.104,89.231,87.074
608.725,436.643,90.344,87.823
503.899,386.753,86.509,84.466
505.287,388.111,83.560,83.210
512.541,382.764,81.709,80.292
522.505,372.070,80.817,79.293
535.592,359.238,79.816,79.647
547.882,347.502,80.065,80.624
558.990,335.139,80.823,81.632
568.042,318.097,82.757,85.843
574.924,297.010,83.850,90.267
580.936,270.422,83.927,92.179
577.654,258.298,83.174,91.530
559.855,241.961,82.860,94.061
545.916,247.475,85.951,96.828
538.725,252.847,89.693,105.275
552.645,253.029,91.693,113.300
560.985,266.533,96.184,119.728
567.226,282.285,101.125,123.913
573.250,282.041,107.575,126.154
541.759,282.741,111.576,128.666
452.032,339.926,115.384,132.818
444.721,348.451,118.668,132.280
425.590,347.091,121.199,132.540
401.919,350.311,121.385,134.913
392.902,348.227,121.218,133.374
396.526,354.150,120.766,133.278
397.495,359.499,118.083,132.907
388.468,365.274,117.611,132.905
378.837,374.324,117.223,133.197
369.895,377.914,117.293,134.296
363.173,385.566,121.750,134.813
354.187,395.978,128.862,137.049
347.618,403.795,134.835,139.067
341.519,404.578,141.324,142.527
335.200,406.818,146.826,145.973
321.827,406.569,152.631,150.358
313.219,409.804,156.363,154.162
310.728,414.944,158.336,159.173
307.062,412.342,160.647,164.335
303.992,411.456,161.425,169.260
298.665,411.082,160.366,173.024
308.127,406.385,160.676,176.081
312.633,402.433,160.620,178.555
318.858,397.402,161.102,180.820
307.916,398.529,158.941,180.675
301.992,399.180,158.620,179.726
287.423,399.077,158.018,181.684
288.175,394.374,159.320,183.901
278.488,397.073,162.652,186.615
291.149,390.809,167.182,187.309
291.079,379.917,170.613,187.129
290.125,380.381,170.057,184.945
292.601,373.275,168.301,171.753
289.326,385.181,165.080,163.992
282.873,390.919,162.034,158.034
268.485,408.207,159.095,158.425
248.277,417.232,157.988,158.167
241.980,425.469,158.251,159.362
220.111,432.788,157.329,157.765
201.110,444.318,155.849,154.701
195.202,448.298,154.082,153.513
189.976,447.031,150.852,148.888
180.426,444.217,151.133,142.588
177.684,439.939,149.751,137.677
183.419,427.714,147.859,135.943
210.802,404.400,146.968,136.572
238.383,356.793,145.531,143.829
258.841,349.579,143.019,154.421
265.161,340.123,141.203,164.778
271.825,332.207,139.699,173.071
276.488,309.244,139.104,179.106
271.022,295.491,137.056,184.068
272.307,283.552,139.401,183.079
309.009,294.367,150.121,180.564
308.341,287.898,165.280,174.520
305.174,283.116,180.603,169.030
286.876,276.695,194.146,166.409
285.308,243.014,209.160,164.306
250.818,220.953,222.999,163.248
242.214,214.605,235.447,164.849
251.299,212.696,239.711,167.127
243.051,208.856,246.423,172.245
235.395,203.066,252.709,178.331
237.751,191.553,255.758,185.132
243.946,181.567,254.212,189.921
254.833,168.638,252.296,188.395
264.204,180.079,250.060,189.539
280.021,191.944,249.003,192.086
295.390,206.198,245.872,191.763
308.810,227.497,243.048,188.689
310.659,244.324,240.614,187.044
320.179,263.631,238.409,189.932
326.885,277.641,235.419,189.840
329.862,286.582,231.959,186.741
334.573,287.173,227.603,187.223
344.154,268.250,222.705,184.766
356.589,265.203,214.970,182.586
373.635,259.619,214.200,184.521
383.106,260.615,208.571,188.975
394.087,270.278,205.321,193.607
398.329,269.548,203.145,194.971
405.381,269.351,199.240,196.413
410.043,271.010,198.751,196.014
413.628,276.884,205.195,191.621
410.856,283.665,213.906,188.543
412.802,277.514,224.300,190.978
416.849,273.458,231.085,189.849
412.203,273.053,237.720,192.799
411.707,270.498,244.199,193.990
411.635,267.421,251.302,193.386
402.492,268.592,255.581,192.893
398.279,282.361,257.658,192.514
397.518,279.318,262.556,197.011
407.117,291.948,267.186,201.056
414.981,291.046,268.870,204.612
419.753,286.750,265.851,204.260
421.702,287.590,262.020,209.652
428.185,285.595,251.934,212.396
424.481,284.911,243.645,214.116
430.520,278.951,231.876,213.320
433.493,270.142,223.230,216.727
432.746,269.726,225.476,221.055
423.658,268.415,222.712,222.474
422.177,276.879,222.127,224.442
430.965,268.777,225.967,226.930
415.305,271.776,230.169,225.223
412.703,272.671,240.986,222.401
398.878,284.305,245.552,217.899
398.581,291.044,249.143,216.398
382.817,303.516,248.607,209.587
382.202,310.348,249.253,205.761
380.998,302.881,249.912,200.099
374.498,310.815,248.725,195.467
373.645,315.126,247.322,191.266
374.053,314.578,247.016,187.018
376.839,317.249,248.475,186.212
376.787,315.108,250.278,186.243
376.183,320.781,252.199,187.542
375.852,321.982,252.772,188.576
376.013,326.208,253.207,192.306
375.128,320.847,253.149,200.203
372.510,322.513,253.253,203.756
368.687,316.886,252.395,204.664
369.358,319.060,252.566,203.768
364.385,320.048,253.990,202.971
365.802,318.454,252.724,204.703
363.236,318.121,254.201,206.021
364.300,319.220,253.214,205.581
360.877,315.834,250.712,208.286
363.341,309.281,245.945,208.456
361.562,304.452,243.837,213.824
361.275,301.993,242.243,217.945
364.038,293.364,241.069,223.648
367.547,289.157,238.578,226.241
364.746,287.474,236.839,226.427
365.253,287.116,234.021,227.743
359.773,290.764,233.152,228.401
363.328,289.151,233.846,228.695
362.982,290.599,233.216,228.558
357.841,302.023,231.218,229.232
365.135,282.491,230.238,231.782
360.405,300.845,227.450,229.672
371.175,283.550,225.993,229.957
366.633,299.793,224.535,225.976
369.023,288.275,223.586,227.426
355.421,293.189,220.932,227.023
368.596,295.833,217.452,223.965
369.451,291.808,213.559,223.258
363.675,292.358,207.047,222.602
366.585,289.047,203.027,220.656
368.263,293.660,197.140,221.405
365.868,285.803,194.410,219.689
370.746,289.804,191.039,217.448
370.902,291.159,190.482,216.908
367.070,294.067,191.980,216.594
367.421,292.015,192.564,215.324
368.106,286.276,191.849,214.099
373.550,286.416,190.719,212.758
374.250,282.134,191.647,211.500
370.357,280.599,190.961,211.152
373.699,279.517,190.229,210.121
373.512,278.925,188.663,208.093
372.567,279.360,188.781,206.692
369.483,276.738,189.126,205.772
366.458,285.957,188.891,207.297
363.953,283.050,187.956,206.632
353.965,282.873,189.744,207.361
352.617,281.460,189.679,209.067
351.952,277.227,189.886,207.910
351.582,280.453,190.939,207.678
341.268,281.983,192.504,210.403
338.017,281.233,194.667,213.258
335.075,279.064,195.157,214.345
335.479,281.571,193.940,216.150
336.234,281.278,192.537,217.290
335.982,277.184,188.995,214.896
337.648,279.929,188.021,217.051
332.345,277.309,185.915,215.569
338.827,281.575,184.208,216.436
334.610,278.057,182.381,213.973
334.010,281.398,182.876,215.607
338.553,281.573,181.505,215.202
335.793,278.933,179.263,213.090
334.591,278.149,180.618,212.692
333.157,278.722,182.334,211.518
336.180,280.492,188.216,209.406
352.817,282.646,196.178,206.726
339.490,286.224,199.472,205.795
322.468,281.827,195.083,207.100
330.313,280.206,191.728,209.030
357.340,283.089,188.490,206.816
392.431,280.884,186.500,208.366
414.032,277.847,185.631,209.891
422.926,283.338,190.262,213.483
504.294,301.460,196.292,200.896
591.318,281.058,196.412,197.698
625.625,282.437,208.819,194.929
653.576,283.025,206.907,191.410
678.879,279.070,204.754,194.773
687.250,272.360,198.311,196.695
704.866,278.849,192.069,202.321
732.689,273.583,191.881,203.300
740.780,270.341,189.250,204.578
755.904,269.102,187.556,205.748
771.805,269.623,184.451,206.968
780.875,266.209,182.734,207.250
784.866,271.957,182.318,210.859
796.670,266.328,181.538,210.581
804.648,265.456,179.672,210.311
814.372,267.366,178.962,210.796
816.132,266.900,180.875,211.251
819.753,269.863,180.715,212.334
818.393,264.403,181.416,210.121
817.915,269.236,180.811,211.250
816.449,262.785,180.805,209.643
813.015,263.247,179.732,210.886
805.006,258.280,179.524,210.814
803.643,251.609,178.964,210.491
813.992,241.916,176.706,209.802
824.351,212.479,175.303,206.982
835.790,199.018,175.146,207.142
834.293,187.891,174.104,207.572
836.240,186.040,174.726,208.833
848.957,186.759,173.954,210.675
850.699,189.350,175.453,213.508
846.353,181.541,176.123,212.340
833.045,190.339,177.089,217.013
812.678,186.288,177.895,217.369
796.892,197.498,178.946,220.257
780.902,198.618,178.147,218.412
756.688,210.235,180.146,219.232
736.241,208.224,180.645,219.381
729.727,205.672,179.845,218.516
703.415,212.639,182.255,219.751
671.497,216.051,183.606,219.208
650.620,228.826,185.469,218.796
634.574,241.657,187.056,221.482
622.200,255.609,186.405,220.068
609.660,268.756,185.279,218.564
596.232,280.200,183.456,216.473
584.900,298.247,181.292,214.457
581.468,315.106,182.363,213.374
576.042,328.750,185.583,213.588
564.731,338.190,182.812,215.777
563.359,334.936,184.758,214.027
563.499,346.740,188.593,214.742
548.986,346.985,186.831,213.320
545.532,359.991,188.754,214.022
549.307,363.911,187.872,214.508
551.251,369.260,187.876,215.454
547.867,362.933,189.420,213.938
539.021,374.722,188.932,216.754
532.568,371.259,190.692,217.393
531.748,373.482,193.007,217.422
536.936,374.942,192.114,219.289
538.654,381.068,194.778,218.914
544.447,379.870,196.071,217.637
538.602,393.427,202.536,213.112
536.032,391.140,207.319,210.276
530.437,399.821,209.609,207.080
532.319,416.301,210.683,199.346
525.600,415.722,214.511,192.441
518.504,432.586,220.283,190.727
506.887,431.312,228.548,193.532
490.492,435.044,236.310,195.005
484.542,436.578,241.968,193.301
480.150,436.837,245.870,192.997
486.817,426.775,244.937,191.263
500.244,427.566,241.232,186.964
500.284,420.276,238.611,183.895
500.277,415.222,234.306,181.192
497.518,414.995,230.160,174.977
504.185,405.762,220.517,173.094
497.587,408.403,214.995,166.216
505.958,408.696,206.380,159.295
513.583,405.114,198.479,154.490
513.568,409.732,191.532,149.260
512.097,408.300,182.563,148.919
509.307,409.027,175.439,147.227
508.177,419.535,173.835,145.886
500.193,417.863,173.404,142.162
500.265,409.978,173.741,139.702
495.772,414.836,176.873,140.760
491.883,415.679,179.766,141.576
489.973,409.547,182.501,143.688
486.246,395.760,185.757,144.977
486.928,399.946,187.040,143.296
486.805,394.435,188.596,148.847
501.425,402.085,187.519,153.743
496.672,395.011,187.183,157.473
504.363,386.780,185.047,162.692
507.075,387.456,185.498,165.585
507.767,395.340,186.569,163.913
509.780,407.149,187.841,159.155
501.609,401.459,189.198,156.728
