237.000,386.000,842.000,201.000
226.954,388.115,827.244,200.160
241.000,385.631,821.072,202.702
233.661,391.642,814.044,202.104
246.178,380.699,818.235,208.307
245.246,385.584,812.811,208.918
254.316,385.655,805.481,208.668
244.737,379.868,811.649,210.660
252.706,378.442,810.055,210.872
257.463,382.996,805.711,208.233
261.108,382.180,802.559,208.482
267.432,380.130,803.862,209.750
262.655,378.545,807.411,209.265
264.995,378.833,809.056,208.175
264.616,377.357,816.058,208.723
259.958,376.886,816.408,208.852
266.094,375.296,813.226,209.269
271.702,374.862,811.396,211.118
270.249,373.692,812.295,212.225
270.639,371.109,811.529,213.867
277.190,366.286,817.790,214.516
285.906,378.481,804.359,207.968
275.440,372.121,812.887,211.644
276.789,379.027,807.455,209.591
272.167,373.670,812.977,212.237
278.501,372.774,814.699,213.577
278.993,376.258,812.702,213.384
276.278,375.439,813.378,212.750
271.398,379.514,815.407,211.326
278.256,377.319,820.435,210.148
272.715,382.763,818.979,207.670
276.908,382.877,818.977,206.731
279.222,384.712,819.020,208.423
276.310,387.722,819.128,208.429
271.698,382.523,819.215,207.405
277.305,382.802,819.691,209.975
271.720,387.968,819.713,205.896
271.666,384.610,821.072,206.842
265.746,382.674,824.074,204.727
270.929,383.401,823.199,202.525
269.522,385.841,818.887,201.037
271.442,382.324,812.463,197.514
268.923,383.300,814.071,195.668
266.085,378.964,812.842,193.548
270.767,385.458,802.715,190.677
261.939,381.450,799.950,191.039
275.059,381.835,795.092,191.481
269.863,381.643,788.860,187.618
273.782,382.234,780.778,185.981
277.032,383.030,774.826,185.226
285.621,379.994,773.205,185.487
272.593,377.596,771.910,183.131
281.121,373.836,775.905,181.130
270.255,368.256,770.971,179.981
276.802,367.191,761.527,178.087
272.393,361.198,753.113,175.776
277.896,358.023,743.905,174.197
278.303,356.579,730.985,172.239
294.100,359.930,729.361,170.523
290.592,354.462,727.357,169.910
313.844,351.314,735.291,163.707
297.810,345.689,742.599,160.123
304.789,340.727,751.217,157.824
290.637,343.655,752.935,158.656
300.528,334.684,752.680,158.487
294.535,339.112,747.581,156.850
309.592,337.820,751.730,156.766
297.821,335.004,749.279,159.375
309.522,333.225,748.921,162.964
302.765,328.885,751.723,166.991
312.771,330.380,751.451,169.806
308.142,328.107,755.997,171.526
309.274,329.558,753.500,172.011
309.362,327.893,756.177,171.313
312.611,333.229,754.191,168.532
308.484,332.037,755.623,170.384
320.746,343.266,753.020,168.195
298.873,356.357,736.726,171.138
312.708,371.058,754.778,178.074
288.386,389.735,780.064,184.047
274.014,408.445,804.623,195.584
267.677,412.379,809.653,205.874
261.214,402.855,816.146,210.498
260.909,402.990,823.345,214.266
258.838,403.496,823.794,211.281
254.835,402.382,827.789,212.838
251.903,396.065,828.304,214.492
240.207,394.605,830.251,215.165
240.232,396.227,831.749,216.850
237.670,392.476,828.532,216.467
229.688,387.930,827.650,215.979
231.903,386.503,828.181,218.504
227.120,379.911,827.978,220.318
227.538,378.725,824.246,221.059
233.965,374.996,827.211,221.147
223.044,369.565,830.891,222.820
226.219,367.551,833.732,223.937
214.961,362.357,836.212,226.793
221.495,359.769,843.307,228.083
204.809,356.567,847.923,228.963
207.859,358.961,854.378,227.551
199.103,350.563,863.632,231.041
201.554,354.742,860.497,229.726
188.730,353.510,862.960,231.477
191.480,356.171,868.104,231.122
185.578,356.746,864.385,229.233
193.264,359.548,870.060,230.978
177.984,359.184,873.312,230.638
187.269,359.953,883.203,230.696
170.169,359.764,885.051,228.693
175.702,368.659,889.157,231.337
180.204,365.548,887.659,230.236
172.450,367.844,891.880,232.877
176.020,369.929,888.755,228.840
181.245,369.684,887.015,226.304
183.902,365.803,888.672,220.303
185.266,358.227,884.661,209.801
181.250,335.895,862.028,204.192
198.978,313.403,850.994,196.128
180.075,290.832,848.539,200.274
183.729,279.765,849.484,215.067
192.256,259.526,847.128,230.461
207.175,250.023,834.900,240.143
214.895,236.461,821.403,239.368
214.359,228.294,810.130,234.018
216.525,225.170,803.987,229.754
215.566,230.085,797.447,229.687
228.389,246.782,784.116,216.821
234.932,254.783,774.933,210.548
240.346,261.470,764.828,202.967
238.182,273.627,758.079,195.382
246.813,279.455,760.516,187.468
231.643,280.482,767.441,183.150
225.378,270.395,772.060,180.673
225.749,276.820,779.235,177.754
217.382,286.830,790.125,173.181
216.758,282.532,789.174,178.736
218.563,283.700,784.531,179.264
216.315,275.869,783.076,183.821
218.606,287.091,778.676,183.117
223.999,291.779,776.863,180.527
215.931,293.795,774.457,180.787
217.620,295.724,778.956,179.359
214.004,303.872,780.063,175.208
215.511,306.790,779.721,175.563
217.725,304.848,782.290,179.328
206.138,300.296,784.073,185.359
213.545,289.818,789.024,193.267
194.913,276.127,791.541,202.676
198.722,278.693,800.511,207.395
187.791,273.933,808.678,213.339
191.609,271.812,816.610,220.643
184.488,269.506,820.722,229.049
180.285,270.072,828.201,240.143
164.933,278.975,838.790,245.138
168.963,289.770,838.619,247.239
154.794,300.011,855.064,247.155
133.259,311.834,869.786,243.673
125.224,329.413,880.017,231.563
123.708,343.950,893.880,223.297
126.712,358.555,898.691,212.499
126.632,377.208,902.304,204.093
158.341,409.274,883.134,199.778
119.330,444.848,910.623,205.889
131.672,477.413,939.527,221.102
103.821,493.521,965.234,231.088
98.822,486.490,982.395,241.947
85.941,486.840,992.151,247.885
81.868,491.244,994.227,244.767
78.719,500.653,990.257,240.742
81.775,505.792,981.013,230.695
76.835,511.133,980.467,226.720
67.914,506.047,982.810,229.093
82.480,503.745,977.342,229.786
77.889,503.076,981.683,232.925
84.200,499.764,984.537,237.490
90.388,492.475,989.987,242.053
90.779,485.126,993.254,246.815
99.820,478.594,990.877,250.811
100.598,475.304,986.623,251.759
108.857,469.342,989.177,254.003
105.598,462.892,992.987,255.940
109.140,452.998,985.405,256.675
117.801,455.138,982.159,254.213
122.643,449.094,985.806,255.156
128.509,448.954,985.089,256.132
130.362,447.712,984.520,258.009
131.091,445.080,986.443,258.264
128.496,444.831,987.017,259.090
135.187,442.702,984.560,259.128
132.315,439.955,982.366,259.300
135.114,442.209,976.917,258.453
137.100,442.033,976.307,258.385
144.354,442.276,976.059,259.181
138.743,444.468,972.749,259.168
140.458,444.286,978.267,258.291
150.717,449.359,975.810,259.137
151.400,452.484,971.476,255.231
155.058,453.404,968.962,254.452
156.011,456.594,964.557,256.915
158.803,456.683,966.309,255.899
154.645,459.430,969.940,258.418
157.059,464.217,967.247,255.957
157.209,465.799,970.513,256.568
162.926,466.707,974.574,258.281
161.667,470.559,970.938,257.466
170.007,470.151,965.210,257.669
181.453,478.784,963.327,256.276
188.571,479.473,963.487,254.793
195.288,484.883,961.894,253.376
198.623,487.298,959.944,250.813
206.567,484.392,961.392,247.058
215.323,492.699,958.758,246.768
211.392,491.899,954.722,246.071
221.339,495.072,953.948,244.349
221.662,499.266,951.327,242.800
213.745,499.366,954.633,243.278
226.422,502.290,948.337,238.595
224.788,506.299,951.262,238.395
219.625,508.759,954.352,237.406
216.566,508.833,950.509,235.809
220.309,511.460,949.979,233.596
212.783,511.330,956.950,233.671
203.244,515.167,958.164,232.895
200.583,512.066,964.714,230.225
193.400,516.251,957.520,230.046
181.198,514.004,960.993,228.900
176.558,519.679,959.329,228.852
166.829,514.453,963.310,227.258
166.135,522.173,957.907,226.084
165.448,515.497,955.331,226.423
159.552,520.155,956.471,224.995
156.322,516.264,955.172,226.416
151.356,514.880,953.150,229.254
149.908,512.672,950.220,231.075
144.002,511.352,950.181,232.121
141.728,508.094,955.529,234.083
139.238,503.677,955.571,236.010
133.944,501.303,957.515,237.028
126.820,496.013,961.768,240.145
129.240,494.083,962.683,241.920
126.621,490.846,962.019,242.451
123.973,487.873,962.828,242.336
118.891,487.702,966.990,245.519
107.562,480.153,969.251,250.122
109.780,483.191,968.312,252.314
93.254,482.878,967.616,250.957
83.497,477.899,973.628,254.614
72.055,476.722,976.444,254.984
54.019,472.295,980.966,254.832
38.858,474.670,980.970,253.467
25.049,473.892,981.728,254.491
7.182,477.816,983.363,253.041
0.285,477.807,982.108,254.010
-4.875,482.984,978.758,250.550
-10.846,487.334,978.211,248.359
-10.619,486.404,971.513,246.191
-10.552,495.439,961.352,240.821
-15.509,492.188,957.057,241.185
-19.346,489.488,954.126,237.295
-25.763,482.431,946.864,237.846
-25.570,452.042,937.046,239.874
-23.185,410.684,901.792,228.315
-12.644,375.494,880.717,225.417
-18.766,340.970,864.053,243.577
-6.166,304.721,853.700,269.472
-11.489,265.890,839.509,294.688
-9.492,252.641,823.858,307.382
-4.701,261.904,803.916,298.468
-0.519,245.723,787.634,297.217
-11.887,215.627,779.647,307.974
-2.805,195.543,763.041,320.730
4.067,189.065,749.605,325.806
5.200,188.147,739.233,322.453
-0.207,199.954,739.251,312.624
3.089,212.540,729.773,301.430
1.676,204.644,745.520,303.188
-2.162,214.182,753.792,296.563
0.300,215.451,758.313,290.481
-3.282,222.649,766.384,286.910
7.028,227.559,764.392,277.390
5.606,229.556,769.105,272.069
5.643,233.478,772.114,270.987
5.670,233.610,780.225,267.025
3.467,237.500,780.978,266.977
7.065,241.339,781.651,265.247
10.274,243.890,782.679,260.411
17.730,244.746,784.787,261.593
18.955,245.179,784.377,261.895
29.037,246.325,785.961,261.788
23.299,252.251,786.920,263.063
38.244,250.958,786.413,262.529
33.124,258.723,785.304,260.146
41.193,257.950,787.646,261.511
44.697,260.723,780.553,257.835
51.601,262.799,780.306,256.412
50.956,265.266,779.592,257.679
54.115,266.925,780.670,257.090
59.911,267.223,779.544,257.095
61.433,267.628,777.724,254.050
65.581,269.785,775.731,252.741
66.721,271.457,775.344,252.195
70.569,271.695,776.652,252.796
68.543,275.664,771.416,249.315
73.660,275.668,770.564,248.836
79.127,274.176,771.978,250.907
73.643,279.052,768.386,248.822
81.580,276.317,770.809,247.642
77.726,275.724,769.942,246.290
77.309,275.552,770.234,248.950
77.763,276.373,770.318,249.234
76.053,278.750,767.995,250.639
78.066,279.676,768.477,248.933
74.684,281.954,769.248,249.193
71.097,287.001,770.725,251.413
68.212,293.393,771.766,253.794
63.876,298.605,768.275,255.154
65.168,299.691,766.240,252.603
62.223,307.817,768.227,253.578
60.327,302.115,773.338,258.271
57.204,300.830,770.322,258.141
56.336,296.369,774.063,257.804
59.196,294.260,775.737,257.379
64.680,281.815,775.241,262.300
58.234,275.275,774.032,265.770
55.187,273.202,769.925,265.742
52.528,258.657,772.034,271.206
46.922,240.695,773.414,282.362
41.739,217.364,772.268,295.290
32.590,196.479,775.680,308.639
26.430,180.419,781.126,319.412
17.873,180.037,789.523,322.043
23.943,190.714,792.634,320.721
30.374,196.578,800.306,313.282
38.772,215.420,806.029,295.689
51.084,233.650,812.820,273.225
68.065,304.188,835.693,269.785
78.988,328.642,870.249,283.258
84.670,337.081,892.566,283.670
90.955,335.934,902.020,290.959
101.082,333.586,910.179,297.236
108.309,330.536,909.148,297.721
122.324,317.003,905.236,301.383
136.207,317.907,904.493,299.947
136.724,323.588,900.552,295.523
139.046,305.838,902.789,302.133
142.878,314.190,898.117,297.916
139.990,309.321,899.914,296.432
139.031,319.627,898.246,291.399
135.337,312.120,898.026,296.797
130.010,307.464,894.652,300.461
123.114,300.193,897.277,303.240
119.857,293.582,896.889,302.247
106.624,281.820,896.181,302.488
103.701,280.724,895.214,300.227
90.754,268.193,891.760,301.738
84.658,273.010,887.016,294.418
76.219,277.755,877.470,289.111
67.052,274.877,876.152,290.361
52.415,275.533,874.034,289.581
