444.000,169.000,49.000,135.000
442.798,165.524,48.253,131.654
440.024,165.327,48.471,128.009
438.217,163.540,49.032,129.839
438.966,160.351,49.065,133.803
439.429,158.036,48.752,134.091
439.179,158.332,47.770,133.570
437.380,159.723,46.431,133.811
437.259,161.147,47.129,134.687
436.553,163.696,46.899,132.353
436.069,167.190,46.627,131.297
437.009,170.370,47.076,130.588
436.266,172.474,46.675,126.110
435.840,175.250,46.467,124.652
435.361,174.315,45.987,124.681
434.359,175.031,46.240,128.095
431.952,173.754,46.432,129.707
427.487,174.790,46.919,131.161
426.246,168.985,46.036,132.692
422.689,170.016,45.129,132.225
419.041,171.939,46.064,132.386
418.163,171.496,45.677,129.709
416.579,177.052,45.319,128.488
416.970,177.909,45.007,126.168
416.224,179.155,44.960,123.720
412.944,177.746,45.167,123.082
409.485,180.448,47.054,123.593
408.810,180.451,47.317,122.604
407.724,179.370,48.195,123.100
405.408,178.105,46.938,124.585
405.458,178.165,45.222,126.250
404.091,176.881,44.880,128.232
402.368,176.619,45.323,128.479
400.391,177.550,46.097,128.738
399.773,177.522,47.452,128.533
398.934,177.458,48.003,128.824
395.630,175.157,47.876,129.353
395.363,173.819,47.239,127.499
393.686,174.544,47.651,127.549
393.878,175.516,48.354,127.662
393.247,175.028,48.832,128.411
391.905,173.192,49.205,128.793
391.187,172.929,48.817,129.026
390.897,172.296,48.590,128.893
387.167,171.796,48.609,129.074
385.659,173.388,50.218,129.146
386.391,173.683,50.458,128.560
384.667,173.129,50.679,128.780
383.070,173.811,51.423,129.042
386.042,172.929,50.574,129.776
382.564,173.083,51.785,130.617
383.619,173.370,50.831,131.065
378.631,172.127,51.720,131.477
375.554,172.729,52.959,130.981
369.299,173.325,55.532,131.208
366.875,172.079,57.950,131.732
363.756,172.694,60.079,131.550
365.139,173.411,60.083,131.144
364.032,174.979,60.039,130.988
359.211,174.817,60.167,130.100
359.597,175.585,62.003,129.478
359.131,177.444,63.557,129.369
354.175,177.504,64.124,128.473
356.642,175.856,65.474,128.215
350.478,180.629,66.059,127.619
352.316,180.358,66.680,125.520
353.210,180.894,65.485,125.444
356.921,181.179,63.693,124.560
353.143,179.985,65.324,124.949
353.809,179.522,66.239,124.171
356.710,180.357,66.425,123.428
359.262,180.721,65.047,123.199
367.311,177.475,63.328,124.204
372.458,178.235,59.455,123.879
381.015,176.537,56.790,125.092
383.915,174.344,56.632,126.518
391.991,172.233,53.333,129.275
390.025,171.578,50.631,130.469
390.269,168.755,49.522,132.825
391.103,167.287,47.942,134.994
390.209,165.972,46.856,135.694
386.932,164.924,45.840,136.180
386.380,165.152,45.532,136.796
386.629,165.257,45.072,137.127
388.351,165.091,45.300,138.489
387.397,164.385,44.819,138.956
384.680,164.470,44.080,139.455
383.746,165.975,43.707,139.269
376.312,162.526,43.659,137.067
375.629,166.755,43.710,136.528
374.523,162.936,43.376,136.273
372.699,163.131,43.113,134.569
369.132,164.545,43.305,133.700
365.631,164.687,43.457,133.564
324.914,172.701,44.725,133.044
325.079,172.475,45.512,133.001
327.530,171.352,47.335,133.314
358.988,168.165,47.647,134.943
364.691,168.033,45.666,137.391
362.846,168.858,44.798,141.936
363.308,167.218,43.866,144.674
363.527,167.536,45.029,144.246
364.800,167.335,45.563,143.710
362.593,168.350,46.868,143.540
360.195,169.675,47.548,142.871
348.413,168.524,48.501,142.601
342.339,169.751,51.791,142.466
334.677,171.953,54.341,142.136
335.933,172.094,56.848,140.467
338.686,172.485,60.723,139.572
335.992,172.562,61.467,139.300
334.969,172.837,63.963,139.132
334.164,173.703,65.685,138.144
334.476,177.191,67.934,135.841
335.033,179.319,69.865,133.952
335.049,179.205,69.732,132.052
333.135,179.738,67.866,131.674
333.390,178.244,66.452,131.606
330.803,178.398,63.516,132.377
333.677,179.039,64.686,132.762
334.046,183.090,66.747,131.681
333.379,183.210,68.289,130.446
333.432,181.693,68.195,129.146
334.314,184.188,68.763,128.404
334.443,183.640,67.771,128.730
333.918,182.622,67.032,128.710
335.010,181.817,67.188,127.935
333.694,181.680,66.482,127.339
336.770,181.141,65.119,128.051
336.426,182.999,66.827,128.430
336.609,182.883,69.142,128.702
336.689,181.920,69.789,128.604
336.594,182.902,69.728,128.040
335.719,182.363,68.434,127.931
335.369,181.891,65.859,128.318
335.539,182.287,64.697,129.766
333.424,179.883,63.627,131.345
332.462,179.908,63.330,132.658
331.133,180.415,62.629,132.913
329.523,177.907,60.449,133.289
328.461,179.391,60.389,133.851
326.816,177.585,60.723,134.304
323.017,177.545,62.286,133.442
319.842,178.306,63.343,131.563
316.472,180.766,64.240,130.730
313.226,180.701,65.310,130.411
311.265,181.074,65.111,129.644
311.503,181.348,62.981,129.402
312.768,179.502,59.836,130.096
313.761,181.721,57.411,129.936
313.837,183.562,55.431,128.636
313.220,185.092,53.735,127.208
313.527,184.168,53.403,127.629
312.721,183.519,52.445,126.292
311.849,183.076,53.190,127.994
311.290,184.315,52.567,125.905
311.815,184.672,51.773,124.552
311.982,183.769,51.592,124.627
312.226,183.508,51.486,123.915
312.457,184.611,51.415,124.158
312.783,183.941,51.626,125.346
311.474,182.877,51.758,125.677
311.960,185.031,51.317,125.031
313.668,185.988,50.710,122.733
314.320,187.206,50.546,120.694
314.528,187.697,49.728,118.244
314.306,185.301,49.658,120.253
314.764,184.171,49.797,121.262
313.678,182.715,49.456,122.300
313.991,181.704,48.642,122.637
313.769,181.131,48.368,122.834
313.487,181.053,48.795,124.111
314.271,181.207,48.074,123.991
312.750,180.977,48.299,122.637
310.935,180.771,48.171,123.811
311.177,181.315,48.269,124.598
310.410,182.483,48.958,123.801
310.705,182.828,48.753,123.685
311.285,184.344,48.417,122.758
313.017,184.335,48.528,121.944
313.754,185.654,48.276,120.804
313.737,186.220,48.482,119.991
313.511,186.989,49.355,119.370
312.486,188.385,50.139,118.418
311.127,189.348,50.352,117.349
311.136,188.455,50.066,116.496
311.518,189.147,49.623,114.662
312.632,189.416,48.549,114.158
314.584,191.085,46.824,112.797
315.391,192.508,45.096,110.388
314.438,191.270,44.878,109.087
314.267,192.173,46.320,109.891
313.661,189.434,47.122,110.720
313.405,189.607,47.042,111.905
314.570,187.239,47.154,113.153
315.252,186.581,47.666,115.152
312.591,187.589,47.227,116.565
312.004,186.177,46.782,116.475
311.468,187.441,46.142,118.201
312.697,185.323,45.236,118.951
313.700,185.012,46.236,119.445
310.771,186.395,46.039,117.388
311.437,183.211,45.726,115.340
311.955,183.400,46.843,116.018
310.959,182.872,47.769,116.809
310.523,183.073,50.357,117.645
310.056,183.432,52.842,118.402
309.304,184.203,53.954,118.251
308.459,182.379,54.896,118.454
306.518,183.958,55.321,118.231
307.381,183.241,54.023,117.928
307.399,183.160,53.678,117.873
307.719,183.611,53.003,117.228
308.064,183.656,51.846,116.754
307.248,184.317,50.595,116.353
307.760,182.609,49.046,116.721
307.862,181.265,47.727,117.737
306.892,180.988,47.083,118.075
307.158,179.825,45.444,119.875
306.426,178.615,43.665,120.712
307.166,177.890,42.074,121.278
307.062,177.423,41.007,122.537
307.363,176.920,39.675,123.273
307.362,176.421,39.278,125.044
306.995,175.391,38.871,126.186
306.224,176.858,38.825,126.930
305.423,175.641,39.068,126.473
304.947,175.850,39.976,126.968
304.308,175.356,40.723,126.518
304.994,176.504,41.655,124.878
305.248,176.285,42.260,124.744
305.155,174.172,42.735,126.220
305.455,174.344,42.771,126.309
305.134,176.808,42.440,124.655
304.939,178.868,42.391,122.641
305.066,177.469,42.099,122.811
305.404,180.487,41.569,120.877
305.339,176.194,40.390,122.378
307.111,175.304,41.412,124.804
306.256,176.880,40.895,125.092
307.351,173.728,42.355,125.986
306.082,176.259,42.331,126.432
306.605,175.601,42.668,126.017
306.408,177.669,42.542,124.433
307.125,178.754,42.923,122.777
306.429,179.122,42.344,122.350
306.303,178.550,42.085,122.831
306.902,176.321,42.524,124.751
306.515,176.512,43.228,124.189
307.345,174.789,44.187,123.732
307.235,175.589,45.255,122.976
306.938,175.094,47.491,122.334
304.811,175.886,49.030,121.886
305.349,177.463,51.247,121.323
304.475,176.244,51.932,122.256
304.160,176.959,51.937,122.426
303.229,179.263,51.164,121.960
303.160,177.360,50.136,122.389
304.534,176.374,50.853,122.854
302.895,177.588,50.318,123.813
303.453,175.351,49.523,124.209
303.613,177.719,48.261,124.389
303.719,178.432,48.313,123.943
302.813,178.098,47.644,123.787
302.735,178.966,46.297,123.903
303.405,181.801,44.010,122.758
305.298,185.078,42.911,120.077
305.551,186.206,41.673,118.500
306.113,186.127,41.083,118.408
307.021,184.994,42.055,118.644
307.895,186.048,43.144,118.996
307.504,186.839,42.886,118.707
306.663,188.525,42.003,117.894
306.732,188.814,41.554,117.041
305.702,189.254,41.160,116.503
307.092,188.883,41.906,116.208
305.849,189.984,41.103,115.971
307.402,191.484,41.079,115.391
307.210,191.951,41.389,115.145
305.909,193.279,42.189,114.354
305.047,192.057,41.938,114.622
305.148,192.501,40.865,115.320
306.360,192.918,40.566,114.782
306.902,191.793,39.964,115.673
306.794,190.179,40.015,115.876
305.536,189.814,40.136,116.468
304.547,188.633,40.757,117.434
302.655,187.682,40.831,117.246
301.919,187.404,41.291,117.722
300.456,186.936,41.319,117.414
299.678,186.642,41.792,117.125
297.229,184.630,42.409,118.066
293.997,185.678,42.279,117.681
293.042,186.000,42.322,117.447
292.296,184.308,41.959,117.668
290.443,182.305,40.296,117.575
291.675,181.802,41.128,117.165
290.522,180.577,40.657,116.895
292.406,178.280,41.966,115.727
289.990,176.996,42.802,114.586
285.528,176.975,43.839,113.757
281.453,177.443,44.775,113.348
277.219,182.328,43.426,115.965
270.709,199.296,42.838,117.096
