288.000,254.000,494.000,386.000
278.542,253.756,501.643,379.949
277.597,257.856,505.145,375.306
275.098,252.676,503.542,377.249
276.246,254.175,503.999,377.128
274.873,258.421,505.164,375.988
275.133,259.105,506.504,374.775
275.693,261.620,504.342,373.434
276.891,263.405,504.784,370.030
272.698,264.542,505.121,367.875
274.304,264.709,504.388,366.670
272.627,266.286,503.963,365.350
272.717,267.636,503.169,363.002
272.729,269.389,503.516,361.621
271.063,264.643,503.526,363.936
274.044,264.455,503.312,363.870
274.587,264.581,506.242,363.481
271.432,269.645,507.726,362.124
271.501,263.885,506.434,364.730
272.428,263.952,506.164,366.162
271.190,261.985,506.946,369.208
269.029,262.395,507.113,370.479
270.985,264.447,507.656,368.067
269.000,265.634,507.138,368.219
268.475,266.017,505.816,366.951
267.762,265.668,506.703,366.726
266.233,267.637,506.942,366.676
266.589,266.358,504.864,366.664
269.864,268.599,503.857,363.012
272.829,271.481,501.939,357.828
272.682,274.177,498.407,356.405
274.736,276.779,497.355,351.621
275.914,276.173,495.222,351.075
282.278,279.092,489.901,348.953
283.742,282.817,483.656,343.931
279.979,284.376,479.901,341.308
271.170,289.244,474.152,336.935
274.080,290.923,469.369,333.151
275.299,295.022,461.665,329.656
273.438,297.561,455.161,324.595
268.527,299.659,449.091,320.520
270.322,302.918,442.453,315.892
264.973,304.347,435.313,312.449
251.734,305.535,428.328,311.193
253.168,311.427,423.238,306.145
250.368,310.724,415.250,303.132
249.130,317.007,410.558,299.247
252.402,320.131,405.192,293.083
247.028,322.232,403.294,290.539
244.945,325.405,400.159,287.802
250.397,328.956,396.363,281.785
251.634,331.509,394.287,276.883
256.212,332.813,388.862,273.197
260.662,333.326,383.380,270.207
261.762,332.240,381.004,268.008
258.963,333.346,377.431,266.468
263.054,333.978,373.561,263.459
267.447,332.915,369.569,261.235
271.234,334.061,365.561,257.792
275.850,331.958,360.115,256.497
281.381,333.782,355.469,251.525
285.418,335.752,350.515,246.028
285.432,335.066,344.412,244.908
284.052,333.889,338.785,242.228
275.852,332.141,335.842,240.877
271.967,335.221,333.291,238.206
272.566,334.458,329.680,235.016
275.315,333.848,325.305,232.795
276.185,333.912,322.136,229.681
275.162,332.710,318.205,227.933
276.065,333.098,314.445,224.027
279.151,332.966,311.058,220.826
284.022,332.707,307.730,218.162
287.706,333.658,304.543,213.308
289.083,332.849,299.637,209.396
291.557,329.992,293.828,206.540
294.445,327.329,290.507,203.990
298.553,324.266,287.067,202.174
302.534,324.071,283.579,198.323
306.557,323.156,280.449,195.830
311.757,319.994,276.516,195.303
320.396,318.766,271.639,193.377
327.092,318.836,267.331,190.677
338.717,318.728,263.068,188.945
352.461,318.853,255.805,187.774
365.566,318.273,249.466,186.395
380.148,319.618,245.360,182.257
395.026,321.341,241.973,178.362
409.655,323.195,238.604,175.074
422.830,324.692,234.698,174.538
439.083,327.647,233.041,169.029
455.041,329.861,229.913,165.307
469.489,331.134,226.854,162.874
487.173,332.938,223.503,160.666
502.551,336.497,220.843,158.537
515.833,336.635,218.162,158.030
529.502,338.923,216.467,158.633
541.303,339.591,214.978,160.415
557.687,340.552,214.464,159.465
571.786,342.578,214.231,158.461
580.886,342.666,213.750,158.671
594.155,343.679,213.411,159.471
606.721,344.903,212.665,160.344
613.950,343.137,214.643,159.675
623.236,343.340,213.254,160.086
631.468,342.836,212.628,160.442
646.076,344.054,213.552,160.175
655.275,345.500,212.930,159.426
660.450,345.242,214.982,159.364
671.235,344.370,213.419,161.631
681.623,343.951,212.530,163.078
691.615,343.848,212.030,162.918
700.322,343.029,211.418,162.745
708.590,345.142,212.232,162.367
719.477,344.964,212.541,163.808
729.304,344.520,211.852,164.378
734.801,345.646,214.377,163.262
739.383,345.151,216.192,163.895
747.583,345.930,216.671,163.489
752.112,345.374,217.512,163.573
760.961,346.599,215.294,163.470
764.470,345.898,217.120,163.816
766.360,345.149,218.426,163.491
766.517,346.327,219.043,162.831
769.698,345.209,219.695,162.857
771.188,344.373,220.390,163.139
771.402,345.268,220.107,162.291
772.243,344.584,220.106,163.093
772.481,345.594,220.310,162.677
773.940,344.662,220.554,162.257
776.172,343.815,220.022,163.323
777.446,342.924,219.980,164.310
779.640,342.741,219.626,165.009
779.115,344.687,219.764,163.767
779.767,344.151,219.730,163.136
780.800,342.742,219.945,163.102
780.945,343.990,219.657,161.930
780.150,342.113,219.169,162.349
781.214,340.626,219.763,162.911
781.280,342.439,219.652,161.308
781.499,341.237,219.362,161.902
782.110,340.928,219.104,161.588
782.223,339.496,218.964,161.913
781.787,340.975,219.162,160.719
783.250,338.833,219.448,161.564
782.718,340.914,218.720,160.945
783.026,338.653,218.649,162.327
781.797,340.055,217.899,161.504
782.501,339.389,218.305,161.803
782.889,338.056,218.483,162.469
782.257,339.167,218.059,161.647
782.954,338.692,218.778,162.164
781.925,337.912,218.060,162.160
782.348,338.250,218.698,161.863
781.926,337.023,218.140,162.407
781.744,339.638,218.225,161.199
781.176,336.643,218.979,162.587
780.989,337.847,219.076,161.942
782.011,336.880,218.846,162.368
781.021,336.119,218.531,162.602
781.300,336.137,218.993,162.234
780.921,337.026,218.750,161.681
781.604,334.456,219.357,162.682
780.569,335.024,218.784,162.262
780.557,335.944,219.323,162.320
780.691,336.006,219.738,162.092
781.049,336.245,219.839,161.664
780.029,336.906,218.836,161.139
781.465,333.381,219.108,162.964
780.680,334.402,218.712,163.084
779.707,336.635,219.220,161.848
779.874,336.939,219.141,161.647
779.387,337.221,218.982,161.635
778.860,336.063,218.466,162.393
778.994,337.040,218.764,161.713
778.190,335.686,218.525,162.668
778.071,336.427,219.215,161.820
778.132,337.047,219.348,161.476
777.732,336.400,219.461,162.222
777.719,336.471,219.525,162.226
777.630,336.556,219.331,162.416
777.490,336.777,219.656,162.375
777.295,337.231,219.877,162.185
777.272,337.147,219.761,162.255
777.312,337.298,219.964,162.473
777.373,338.143,219.565,161.887
777.609,336.462,219.813,162.581
777.783,337.073,219.348,162.446
777.666,337.752,219.042,162.051
777.617,337.231,219.122,162.085
777.844,337.546,218.793,162.126
778.073,337.672,218.438,161.913
778.071,336.642,219.064,162.344
776.918,336.553,218.581,162.242
777.375,335.585,218.640,162.785
777.784,336.358,218.521,162.642
777.766,336.380,218.022,162.405
777.920,336.637,218.003,162.046
778.265,336.320,218.257,162.132
777.637,337.121,218.053,161.626
778.471,334.123,218.411,163.339
777.990,335.712,218.411,162.707
778.390,336.330,218.426,162.855
777.460,337.302,218.729,162.205
778.321,335.694,218.663,163.219
776.722,337.704,219.071,161.831
777.757,335.552,218.939,162.773
777.261,336.682,218.858,162.090
777.672,335.609,219.253,162.692
777.251,335.915,218.858,162.242
777.258,335.456,219.574,162.191
777.588,335.456,219.634,162.238
777.457,335.519,219.015,162.117
777.824,334.438,219.234,162.502
777.836,334.206,219.331,162.477
777.850,333.800,219.350,162.670
778.070,332.953,219.772,162.870
778.607,332.771,219.814,162.718
779.004,332.051,219.379,163.270
779.155,331.353,219.489,163.603
779.105,332.216,219.636,162.860
779.464,330.389,219.699,163.454
779.084,332.363,219.877,162.521
779.488,330.813,219.709,163.021
779.476,332.065,219.916,162.492
779.240,331.029,219.607,162.904
779.478,332.602,219.919,162.266
778.969,332.697,219.420,161.834
778.495,332.500,218.973,161.725
778.080,332.576,218.937,161.814
777.443,332.659,218.974,161.700
776.923,332.484,219.018,161.763
776.673,331.975,219.142,162.157
776.536,332.428,219.367,162.086
776.219,332.268,219.526,162.283
775.686,332.497,219.596,162.011
775.690,332.811,219.877,161.876
775.552,332.549,219.987,162.169
775.523,332.099,220.100,162.455
775.736,332.515,219.922,162.135
775.712,332.561,219.970,162.050
775.735,332.302,219.983,162.479
776.043,332.899,220.178,162.518
775.714,332.984,220.124,162.573
776.773,330.656,220.352,163.569
776.809,331.982,219.781,162.889
777.826,330.835,220.002,163.273
778.658,330.511,220.019,163.768
778.779,330.589,219.672,163.421
779.354,330.185,220.046,163.585
