986.000,190.000,291.000,450.000
983.756,174.507,282.989,453.478
975.726,166.789,284.421,458.359
975.332,167.104,286.313,461.524
975.227,167.794,285.508,466.393
982.366,177.510,281.430,463.477
983.990,179.258,280.197,464.358
989.802,185.098,276.851,462.151
992.031,177.902,274.669,466.174
1000.685,175.294,272.565,466.837
1005.417,172.395,269.340,467.400
1000.561,161.357,272.773,472.344
1011.430,176.383,268.126,463.084
1020.168,174.383,263.822,464.244
1020.532,169.805,260.981,465.848
1033.472,191.496,254.617,461.647
1036.358,187.325,249.407,462.773
1048.647,207.406,243.381,457.821
1048.722,198.382,240.290,467.674
1053.778,222.620,234.992,463.757
1052.189,217.666,235.338,464.618
1052.102,231.864,237.652,464.839
1052.137,238.434,238.471,458.099
1051.012,245.347,239.588,450.438
1055.073,244.398,238.570,453.620
1056.365,248.781,234.447,451.804
1057.277,255.170,232.075,447.299
1058.344,247.449,230.797,452.010
1055.042,250.125,230.957,454.090
1066.812,254.750,231.553,443.578
1069.795,251.916,226.241,440.413
1079.076,246.399,224.244,436.827
1080.116,237.184,218.990,440.833
1077.418,242.021,217.252,443.112
1078.551,246.325,214.511,439.133
1076.995,249.575,211.904,435.581
1083.651,254.397,215.967,426.368
1080.535,261.876,213.883,424.745
1075.303,251.094,214.982,430.399
1089.860,258.180,214.366,420.735
1067.945,252.906,218.394,416.586
1078.501,260.893,218.818,415.868
1070.731,254.012,221.299,413.934
1072.344,260.921,221.543,414.454
1073.917,258.283,222.155,417.381
1083.697,250.011,218.550,420.353
1065.284,263.761,221.847,421.602
1080.092,258.997,218.768,425.120
1087.503,254.573,215.266,428.722
1081.278,257.710,213.117,431.783
1084.090,252.671,214.229,435.727
1092.364,246.539,210.847,437.259
1086.248,250.783,210.390,437.194
1100.009,247.202,204.840,436.839
1098.145,246.642,202.558,435.231
1096.263,237.491,199.378,437.686
1092.239,231.479,199.836,439.969
1089.855,221.771,200.469,444.301
1092.780,216.259,200.428,448.245
1089.389,211.668,203.299,455.610
1088.062,215.014,205.428,460.047
1080.450,212.413,209.477,464.399
1081.408,217.132,214.118,466.347
1076.142,211.000,218.107,466.689
1072.708,210.524,219.955,466.859
1072.245,211.264,220.900,466.574
1068.887,212.384,222.349,466.405
1054.006,219.371,229.989,463.769
1050.898,221.487,235.631,460.882
1057.780,224.118,232.416,461.338
1057.634,229.966,231.243,460.914
1045.356,233.979,236.809,457.501
1042.792,238.539,240.813,453.383
1037.221,244.218,243.858,450.935
1030.892,243.270,249.007,448.141
1026.360,240.790,252.771,447.255
1021.534,237.257,258.328,445.463
1016.114,231.059,264.007,446.373
1015.710,229.591,268.246,447.507
1011.461,230.308,271.608,447.457
1006.246,234.333,273.561,440.958
1000.359,240.656,278.125,425.965
1000.999,256.413,278.120,409.375
1000.667,265.506,280.743,396.163
1008.637,271.221,280.399,387.742
984.941,286.423,287.163,382.228
984.734,283.549,288.522,391.074
990.408,286.160,286.425,403.491
989.083,313.021,281.569,406.473
967.350,283.959,285.288,405.406
969.840,293.175,283.217,401.611
946.565,297.906,285.836,400.730
932.886,296.080,292.286,400.336
912.521,293.535,304.484,406.612
871.169,293.618,333.488,406.319
846.561,285.927,354.962,401.488
822.176,291.447,374.477,400.688
790.208,289.391,388.913,401.987
718.627,288.698,406.466,401.176
659.338,298.578,409.858,397.852
629.686,296.635,380.304,398.454
639.666,298.512,365.047,388.994
615.912,290.659,371.504,391.054
590.959,290.292,389.397,399.234
547.038,286.650,385.362,407.354
486.526,319.449,392.057,399.326
480.499,293.780,371.428,412.379
479.423,305.835,363.920,412.523
466.715,293.733,338.079,421.681
455.938,297.983,341.462,419.749
432.178,283.090,363.943,419.087
408.932,273.749,384.141,421.284
397.533,276.170,391.205,423.336
338.273,271.869,383.019,429.899
335.262,267.739,375.667,436.784
411.117,239.910,382.447,447.284
452.712,287.219,410.476,441.168
493.463,258.752,413.953,445.267
440.181,232.395,413.534,453.109
382.337,256.698,412.260,456.537
276.023,235.774,418.539,459.999
254.792,231.101,426.450,467.485
189.961,231.080,435.491,475.098
172.532,211.209,442.907,481.594
234.704,214.039,423.839,484.705
202.869,220.731,427.569,486.352
231.296,206.216,418.346,485.717
227.314,186.352,428.190,486.894
213.157,181.158,433.793,482.364
209.930,202.094,420.964,478.187
220.605,210.744,413.494,470.977
211.402,233.118,409.495,465.328
211.813,255.385,406.070,452.643
187.941,251.748,394.331,443.347
180.437,260.669,384.745,440.702
201.512,247.236,381.862,438.432
267.502,223.558,377.030,435.432
179.047,244.465,380.601,427.294
136.815,262.953,369.449,419.376
144.071,275.302,366.610,416.903
167.895,276.335,356.661,413.032
204.297,274.966,344.660,409.155
199.949,288.658,326.454,406.414
205.703,276.378,319.569,396.026
199.014,253.745,310.434,386.948
179.898,258.384,303.945,379.983
165.942,248.207,294.645,377.203
184.031,253.075,286.258,373.740
174.769,249.195,283.447,370.746
137.429,260.803,281.135,368.131
155.443,245.367,277.066,365.740
151.140,237.396,275.933,362.075
141.981,233.230,274.532,358.551
135.062,239.334,273.026,355.266
122.591,238.444,270.262,351.721
118.602,226.711,267.239,348.618
104.728,217.217,265.360,346.337
95.164,214.374,261.095,343.253
88.079,218.971,260.574,340.236
61.729,211.799,256.455,337.801
72.704,216.947,254.390,334.598
60.554,213.178,251.480,331.829
83.452,208.726,251.990,329.843
31.927,220.861,249.570,327.982
35.034,222.560,245.905,325.119
13.773,236.263,242.911,322.753
45.169,233.145,240.783,319.436
164.012,227.117,237.792,313.004
169.606,233.351,237.573,308.715
177.922,231.086,237.937,305.250
193.334,235.601,238.941,303.094
206.338,235.503,238.834,300.708
178.547,240.489,239.551,298.800
186.486,242.287,239.765,297.997
160.100,236.288,238.168,295.019
167.361,231.334,237.512,291.860
173.099,234.750,237.863,289.604
153.268,255.424,238.382,288.473
175.482,234.198,238.680,286.516
183.793,249.468,239.474,286.195
145.379,242.221,239.343,284.691
143.874,234.299,239.241,283.169
162.450,230.769,239.452,282.167
186.891,233.487,240.227,281.163
235.100,225.269,240.883,279.879
239.156,229.272,240.147,279.525
245.907,225.109,239.297,278.861
254.914,239.215,238.589,279.018
309.908,225.775,239.400,278.939
321.559,229.384,240.913,278.925
322.833,219.414,242.176,278.267
334.924,225.624,243.600,278.248
440.913,212.372,242.438,277.504
423.018,215.276,242.870,276.273
429.397,209.922,244.044,275.000
448.796,214.517,244.320,274.508
438.352,215.727,244.882,273.195
423.215,208.665,245.297,271.889
422.170,208.097,245.806,270.517
427.175,212.847,246.151,269.165
412.454,219.608,248.072,267.997
386.508,213.158,250.294,265.872
401.767,220.961,250.784,264.531
392.926,204.173,251.252,261.114
373.007,222.820,252.709,260.142
374.714,226.030,254.084,258.959
347.872,230.367,256.756,258.240
371.503,221.110,257.989,256.791
351.747,225.797,259.241,255.421
354.615,219.469,260.841,253.958
360.489,229.040,262.093,253.323
323.372,216.149,265.163,250.382
322.345,215.251,267.981,248.708
331.332,223.128,268.765,248.340
336.733,233.484,270.097,248.693
329.630,225.708,271.086,248.126
317.217,217.534,272.133,248.050
338.620,217.039,271.895,247.305
337.556,224.132,271.861,247.110
348.605,226.770,272.008,247.775
310.936,226.226,272.695,247.899
314.185,239.735,273.862,248.276
321.041,253.366,274.734,248.714
322.485,238.526,275.979,248.993
321.957,246.194,276.842,249.221
334.953,243.636,276.725,249.713
336.267,243.515,276.866,250.519
359.224,240.153,277.692,251.286
358.566,238.484,278.457,251.849
360.994,237.482,279.105,252.677
386.163,251.115,279.266,253.241
404.368,257.821,279.390,253.909
425.811,241.937,280.508,254.020
449.532,233.951,282.944,253.811
480.787,222.643,285.901,252.693
582.463,211.849,285.403,250.596
576.730,217.425,287.000,248.631
588.244,218.931,288.179,246.633
612.183,222.166,289.330,244.688
602.932,219.428,290.675,242.741
587.600,215.977,293.187,240.723
612.208,212.509,294.720,238.301
563.535,229.975,296.255,237.146
560.587,219.869,297.509,236.173
586.129,232.874,298.290,233.900
586.244,226.946,299.549,232.921
598.191,215.916,301.538,230.395
591.914,246.422,301.390,226.378
589.107,240.470,301.723,224.645
582.152,232.319,303.635,222.123
589.898,235.481,305.406,220.585
592.434,230.119,306.489,217.758
572.273,231.467,307.985,217.580
597.495,222.122,308.643,216.807
616.918,227.839,309.667,215.936
582.629,237.738,311.331,213.974
588.098,235.548,311.193,211.921
599.695,227.337,312.309,210.938
580.805,232.078,313.124,209.455
579.870,236.095,313.148,207.953
580.802,237.114,312.957,206.534
575.104,241.216,313.369,204.868
563.362,228.459,314.768,203.806
552.455,246.164,315.213,201.954
551.008,237.348,315.490,201.224
559.717,231.988,316.715,200.432
532.229,244.374,318.397,200.360
535.559,249.616,320.269,201.481
518.654,249.990,321.567,201.603
520.387,238.372,322.533,202.032
