501.000,450.000,223.000,112.000
491.314,461.267,224.248,118.648
489.014,456.607,224.467,127.086
489.562,453.399,225.919,133.943
494.486,449.052,226.036,133.966
513.435,431.121,221.494,128.899
521.733,420.652,212.030,125.767
525.740,421.506,204.648,122.984
530.283,424.232,199.127,119.886
520.026,412.424,196.338,117.761
497.999,400.426,200.211,117.613
471.489,394.188,190.695,115.650
475.920,394.405,183.567,113.759
480.246,394.901,179.363,112.151
473.087,411.061,179.045,111.729
454.675,424.967,172.913,104.931
446.403,404.377,169.257,105.378
448.227,406.178,166.372,104.755
447.538,403.118,164.135,106.341
451.829,391.035,158.933,105.418
470.598,399.930,149.644,100.695
521.282,370.092,143.347,100.957
521.556,373.443,139.236,99.816
524.301,375.194,134.298,99.354
525.219,369.918,128.649,100.449
529.563,384.767,120.949,104.475
541.142,376.074,116.921,109.109
539.131,377.061,113.052,112.699
540.647,383.128,108.706,115.243
560.943,326.438,109.300,114.887
561.333,310.579,110.233,111.234
578.425,282.933,108.485,105.183
580.464,281.581,106.641,101.102
574.281,284.551,102.885,97.811
584.740,288.132,101.598,96.408
575.516,281.006,102.168,95.579
563.556,284.157,102.102,92.080
564.752,285.206,102.623,89.522
561.573,287.654,102.319,87.275
563.300,258.400,103.416,88.001
562.056,245.714,101.812,87.490
581.265,252.899,98.536,82.490
584.776,256.326,94.625,78.235
584.606,257.643,90.307,74.803
589.623,252.271,88.255,71.708
597.172,245.795,87.687,69.284
603.391,250.017,86.666,71.134
606.664,245.987,84.274,73.643
603.060,242.337,84.366,74.653
607.523,237.006,85.434,75.439
616.643,238.247,86.954,76.500
610.919,234.835,85.851,76.670
612.122,234.027,84.819,76.557
606.026,234.648,86.064,76.552
612.831,232.538,84.194,77.830
604.761,271.575,83.678,77.054
584.858,283.186,82.444,74.464
585.666,283.727,81.151,72.521
585.703,285.828,79.721,70.426
577.009,292.825,77.923,70.111
569.836,304.195,75.498,67.997
573.116,288.688,72.741,65.700
573.200,290.583,68.561,63.437
575.212,292.056,66.608,61.706
578.628,273.478,64.838,61.270
581.454,271.658,63.188,60.778
587.179,268.274,60.807,58.265
588.620,269.706,58.712,55.819
589.519,271.108,56.937,53.673
593.027,287.055,58.220,52.547
581.895,297.896,58.388,51.745
591.807,308.286,58.979,50.900
588.023,307.766,59.974,50.070
590.014,312.012,60.828,49.135
584.424,296.402,59.504,49.330
580.046,274.894,57.554,52.234
561.629,289.317,54.458,53.155
562.416,288.467,51.595,53.991
562.618,290.339,48.507,54.333
562.029,291.475,46.124,55.132
565.320,293.344,45.714,53.884
583.322,296.371,45.038,52.766
584.319,295.087,44.776,51.746
583.589,296.487,43.720,50.656
595.395,291.645,43.500,50.001
597.590,279.203,43.023,49.329
608.579,274.421,41.971,48.949
609.515,275.376,41.005,48.387
609.364,275.973,39.778,47.714
612.156,263.398,39.091,47.062
609.184,257.671,38.182,46.894
599.081,261.093,37.802,45.472
600.021,260.725,37.528,44.665
599.890,260.623,36.941,44.274
605.016,277.235,36.832,43.115
603.027,289.027,36.750,41.373
608.535,290.581,36.910,41.842
606.810,292.159,36.893,41.994
608.342,289.474,36.956,42.621
608.301,289.107,36.596,43.039
615.851,286.561,36.165,43.495
619.386,298.757,36.247,42.729
619.727,300.103,36.204,41.339
619.637,299.789,36.042,40.677
620.105,305.823,35.810,41.111
621.322,312.411,35.686,41.817
622.780,320.702,35.514,42.073
623.090,321.106,35.430,42.144
623.234,321.020,35.404,42.289
622.986,321.700,35.604,42.275
623.400,312.030,35.650,42.004
626.019,300.540,35.751,41.118
625.522,297.445,35.981,41.255
624.875,294.656,36.175,41.895
631.175,293.623,36.164,41.232
635.848,299.013,35.903,39.593
633.715,304.472,35.806,38.099
633.936,304.476,35.599,36.774
634.051,305.600,35.656,35.070
639.283,298.873,35.691,34.786
650.203,302.349,35.774,34.229
653.523,298.683,36.380,34.021
656.863,295.820,37.214,33.708
677.363,313.695,37.242,33.606
693.614,317.498,37.261,33.664
701.354,328.473,37.129,33.483
721.460,307.973,38.687,32.602
718.973,310.070,39.339,32.373
719.952,310.365,39.522,32.234
721.609,318.511,40.003,32.428
733.643,338.689,39.481,33.269
744.047,331.525,40.222,33.326
765.179,331.596,41.235,33.535
760.950,335.406,41.409,33.703
775.082,329.504,42.527,33.788
779.258,339.862,42.379,34.133
807.244,348.589,41.063,33.503
807.700,349.610,40.017,32.824
808.195,349.283,39.089,32.368
812.002,348.795,37.985,31.883
814.074,358.845,36.579,31.706
818.456,371.570,36.418,31.737
818.477,371.545,36.288,31.767
818.521,371.419,36.167,31.813
816.291,358.263,36.089,30.786
813.451,344.313,36.221,30.950
805.865,328.127,36.393,30.949
805.697,326.743,36.300,30.822
805.732,326.581,36.297,30.979
792.125,322.906,36.575,31.383
774.416,327.700,37.246,31.597
750.798,346.054,37.479,31.910
750.957,346.600,37.693,32.143
750.970,346.721,37.909,32.400
748.570,332.911,37.986,32.777
752.538,325.390,37.989,32.889
749.264,331.041,37.436,33.303
749.007,330.932,37.073,33.647
749.017,331.094,36.822,33.879
741.594,334.500,36.660,33.861
735.313,339.290,36.421,33.611
729.784,344.082,36.525,33.679
729.496,344.685,36.544,33.659
729.290,344.844,36.528,33.675
736.006,354.434,36.254,33.443
753.312,342.149,36.060,32.989
763.655,312.974,35.116,32.299
764.287,312.105,34.265,31.686
764.660,311.846,33.379,31.266
761.866,314.455,33.616,31.630
760.157,320.565,34.268,31.334
758.560,318.888,35.173,31.142
758.147,318.980,35.719,30.908
758.263,319.021,36.006,30.688
754.681,320.495,35.948,30.838
752.914,315.348,36.135,30.974
750.094,325.097,36.516,30.962
749.730,324.996,36.836,31.090
749.752,324.737,37.032,31.253
747.735,337.824,37.289,31.911
744.477,340.889,37.475,32.390
755.992,336.801,37.816,32.996
755.597,336.513,38.024,33.560
755.544,336.209,38.300,34.106
763.586,331.799,38.266,34.560
766.085,330.778,38.302,34.661
762.206,316.711,38.295,33.827
762.639,316.032,38.127,33.695
762.880,315.943,37.944,33.596
767.609,314.798,37.872,33.483
771.838,300.672,38.219,32.817
774.528,281.826,37.433,32.171
775.546,280.829,36.355,31.942
776.121,280.615,35.564,31.702
778.258,267.514,34.878,31.242
784.859,273.334,34.753,31.286
779.207,270.871,35.480,31.198
769.719,266.953,36.794,30.964
767.005,265.412,38.149,30.643
773.964,262.766,39.374,30.349
780.218,261.791,40.556,30.084
788.555,260.190,41.948,29.854
826.922,290.022,41.866,29.642
830.864,292.402,41.381,30.086
843.247,296.627,40.537,30.102
854.161,302.762,39.702,30.050
836.065,317.527,40.463,30.298
835.685,317.623,41.298,30.307
835.299,317.053,41.680,30.827
820.141,317.753,42.806,30.683
