307.000,153.000,16.000,36.000
305.396,152.462,16.278,35.127
303.760,151.688,16.433,35.034
301.768,151.759,16.434,34.249
301.191,151.871,16.694,33.204
300.360,151.541,16.606,32.852
298.599,149.667,16.479,32.818
297.032,148.783,16.296,33.264
293.705,151.678,16.266,34.439
289.932,156.337,16.116,35.398
289.267,159.181,16.052,35.922
288.050,161.536,15.989,36.299
287.649,162.556,15.905,36.488
287.263,162.380,15.923,36.528
287.221,163.297,15.888,36.480
287.197,164.148,15.863,36.398
287.497,164.031,15.833,36.369
287.521,163.691,15.839,36.336
287.859,163.960,15.854,36.308
287.714,164.011,15.877,36.281
287.647,163.905,15.870,36.304
287.561,163.924,15.876,36.321
287.430,164.052,15.880,36.335
287.608,164.720,15.866,36.252
287.594,164.340,15.852,36.255
287.601,164.363,15.834,36.219
287.650,164.374,15.827,36.178
287.632,164.199,15.818,36.162
287.732,164.528,15.795,36.103
287.759,163.963,15.759,36.188
287.731,164.119,15.747,36.189
287.882,164.022,15.719,36.225
287.854,163.783,15.716,36.277
287.797,163.597,15.724,36.324
287.709,163.733,15.742,36.358
287.608,163.987,15.763,36.348
287.684,164.354,15.765,36.296
287.543,163.857,15.778,36.309
287.709,164.303,15.779,36.262
287.507,164.380,15.833,36.278
287.425,164.521,15.903,36.263
287.401,164.499,15.971,36.260
287.388,164.440,16.035,36.259
287.570,164.978,16.037,36.168
287.582,164.821,16.040,36.148
287.616,164.709,16.026,36.140
287.706,164.831,16.015,36.096
287.596,165.624,15.994,36.140
287.788,165.136,15.995,36.055
287.486,164.718,16.021,36.084
287.621,164.991,16.019,36.034
287.603,164.737,16.027,36.050
287.601,164.648,16.030,36.063
287.580,164.917,16.056,36.017
287.481,164.876,16.079,36.001
287.631,164.785,16.091,35.990
287.582,164.710,16.104,35.992
287.573,164.748,16.116,35.999
287.507,164.603,16.155,35.993
287.457,164.792,16.201,35.960
287.496,164.741,16.233,35.944
287.450,164.708,16.272,35.931
287.431,164.678,16.307,35.931
287.443,164.727,16.336,35.925
287.384,164.945,16.369,35.911
287.382,164.931,16.393,35.887
287.266,165.059,16.426,35.848
287.466,165.373,16.440,35.786
287.460,165.214,16.469,35.770
287.385,165.228,16.506,35.725
287.652,165.359,16.505,35.679
287.626,165.187,16.517,35.675
287.626,164.900,16.521,35.695
287.452,164.642,16.544,35.708
287.184,164.908,16.588,35.660
287.284,165.002,16.608,35.622
287.062,164.975,16.642,35.577
287.212,165.165,16.669,35.503
287.254,164.953,16.692,35.485
287.178,164.725,16.703,35.499
287.195,165.100,16.714,35.435
287.203,164.872,16.734,35.428
287.200,164.872,16.742,35.410
287.157,164.990,16.762,35.382
287.151,164.833,16.775,35.406
287.165,165.117,16.803,35.381
287.011,164.948,16.814,35.401
287.104,165.296,16.835,35.347
287.062,165.173,16.850,35.359
287.158,165.190,16.861,35.359
286.975,164.950,16.881,35.380
287.132,165.362,16.895,35.311
286.877,165.334,16.940,35.341
286.990,165.738,16.976,35.288
287.099,165.833,17.011,35.233
287.236,165.915,17.038,35.181
287.401,165.691,17.048,35.164
287.297,165.486,17.062,35.200
287.030,165.223,17.098,35.259
286.891,165.198,17.117,35.292
287.042,165.517,17.124,35.270
287.017,165.189,17.152,35.344
287.092,165.217,17.178,35.351
287.071,165.201,17.208,35.367
287.285,165.350,17.211,35.324
287.296,164.979,17.217,35.352
287.039,165.163,17.192,35.384
286.992,165.518,17.184,35.367
287.269,165.747,17.206,35.323
287.534,165.441,17.201,35.316
287.458,165.092,17.196,35.375
287.375,165.175,17.192,35.379
287.160,165.004,17.209,35.421
287.183,165.449,17.238,35.372
287.342,165.457,17.234,35.367
287.278,165.274,17.233,35.390
287.219,165.563,17.249,35.377
287.314,165.651,17.252,35.337
287.427,165.418,17.234,35.350
287.314,165.332,17.224,35.374
286.983,165.476,17.254,35.372
286.987,165.796,17.267,35.279
286.908,165.373,17.278,35.278
286.669,165.283,17.294,35.300
286.811,166.106,17.286,35.208
287.282,165.905,17.249,35.154
286.927,164.728,17.178,35.332
286.028,164.713,17.073,35.567
286.359,164.408,17.011,35.582
286.506,164.536,17.062,35.377
285.504,165.583,17.115,35.244
286.330,165.121,17.099,35.185
285.422,164.419,17.082,35.282
285.909,165.624,17.000,35.209
285.457,164.266,16.965,35.321
285.161,164.832,16.864,35.431
285.071,164.486,16.705,35.558
284.741,164.771,16.559,35.642
284.733,164.152,16.424,35.708
283.889,164.318,16.372,35.713
284.184,164.000,16.257,35.782
283.860,164.655,16.147,35.704
283.792,164.331,16.046,35.691
283.461,164.745,15.948,35.627
283.074,165.426,15.909,35.474
282.808,165.963,15.832,35.358
282.904,166.564,15.756,35.338
282.522,166.433,15.751,35.301
282.669,166.140,15.684,35.421
282.866,166.289,15.648,35.429
282.498,166.260,15.607,35.482
282.455,167.539,15.505,35.581
282.804,167.157,15.464,35.538
282.708,167.479,15.415,35.498
283.369,166.153,15.315,35.532
282.889,165.817,15.306,35.635
283.366,167.194,15.211,35.813
283.876,165.463,15.175,35.892
283.749,164.978,15.157,35.982
283.945,164.879,15.168,36.063
283.971,164.899,15.208,36.080
284.053,164.334,15.244,36.168
284.165,164.593,15.283,36.210
284.155,164.339,15.372,36.216
284.455,164.617,15.395,36.288
284.405,164.057,15.446,36.406
284.483,164.395,15.509,36.438
284.222,165.545,15.528,36.546
284.098,164.897,15.549,36.473
283.391,164.682,15.591,36.389
281.933,162.893,15.749,36.477
282.642,163.856,15.885,36.423
283.036,163.310,15.938,36.545
281.646,162.394,16.027,36.703
282.595,163.187,16.055,36.967
280.636,162.067,16.081,37.232
272.644,159.508,16.496,37.843
272.184,159.246,16.840,38.415
272.410,159.814,17.208,38.902
272.887,160.238,17.615,39.344
273.333,159.590,17.973,39.611
271.294,158.407,17.966,39.573
272.636,160.735,18.141,39.696
274.462,160.195,18.444,39.837
272.726,160.487,18.679,39.918
274.197,161.032,18.910,39.877
275.174,161.272,19.086,39.917
275.408,160.161,19.300,40.104
275.430,160.506,19.435,40.305
275.494,160.679,19.562,40.472
275.456,160.672,19.660,40.591
275.404,160.474,19.719,40.663
275.665,160.493,19.705,40.737
275.676,160.735,19.669,40.731
275.837,161.038,19.577,40.677
275.780,160.574,19.509,40.663
275.852,160.988,19.454,40.600
275.575,160.933,19.477,40.612
275.821,159.986,19.464,40.731
275.790,159.847,19.480,40.854
275.528,159.863,19.494,40.846
275.401,159.348,19.566,40.983
275.434,158.638,19.671,41.213
276.009,157.397,19.739,41.677
275.683,156.825,19.830,42.171
274.709,159.836,19.964,42.592
275.002,156.137,20.155,42.991
274.891,159.429,20.254,43.250
275.482,157.735,20.331,43.323
275.979,156.441,20.315,43.474
276.086,159.191,20.230,43.668
277.108,157.079,20.212,43.731
276.911,156.347,20.160,43.972
276.823,157.477,20.050,44.257
277.064,156.624,20.050,44.249
277.446,157.502,19.993,44.195
277.625,157.775,19.935,44.109
277.576,157.117,19.902,44.084
277.161,156.069,19.895,44.108
277.221,156.105,19.891,44.079
270.700,153.424,19.978,43.774
271.050,153.961,20.069,43.664
271.826,153.718,20.152,43.706
269.273,151.855,20.011,43.437
270.057,152.505,19.978,43.227
270.709,152.916,19.953,43.068
271.146,152.334,19.945,42.991
271.822,152.328,19.891,42.933
274.719,151.413,19.849,43.285
275.427,153.520,19.656,43.570
275.507,152.554,19.418,43.826
275.399,152.135,19.158,44.111
274.856,150.462,19.003,44.503
274.730,149.798,18.887,44.696
275.250,151.158,18.754,44.558
274.954,152.672,18.716,44.460
275.423,153.392,18.655,44.317
274.818,153.611,18.634,44.141
274.929,152.763,18.582,44.039
275.036,153.321,18.536,43.983
274.568,152.719,18.507,43.965
274.747,152.787,18.484,43.969
275.031,154.487,18.451,43.811
274.492,153.684,18.421,43.718
274.827,154.009,18.394,43.593
274.941,154.946,18.373,43.367
275.023,154.736,18.390,43.180
275.110,155.200,18.389,42.988
275.543,155.289,18.392,42.854
275.409,154.203,18.461,42.812
275.719,154.980,18.569,42.721
276.125,156.422,18.597,42.536
268.091,151.160,18.843,42.473
267.305,150.740,19.045,42.413
266.231,147.214,19.165,42.484
266.420,148.420,19.101,42.615
265.501,143.734,19.116,43.325
266.750,148.382,19.051,43.756
267.029,150.463,18.991,43.782
267.610,150.802,19.011,43.712
267.570,151.922,18.937,43.718
267.802,152.690,18.896,43.734
267.816,152.551,18.939,43.774
267.922,152.482,18.981,43.774
268.060,152.677,19.026,43.793
267.862,153.207,19.076,43.763
267.879,152.774,19.119,43.774
267.924,152.631,19.209,43.779
268.178,153.376,19.330,43.773
267.894,153.045,19.429,43.748
267.808,153.288,19.523,43.711
267.777,153.346,19.602,43.686
267.680,153.039,19.629,43.648
267.530,153.351,19.631,43.560
267.743,154.060,19.686,43.436
267.316,153.578,19.653,43.430
267.707,154.526,19.717,43.278
268.574,155.234,19.929,43.059
267.120,153.619,19.917,42.834
267.980,155.478,19.993,42.543
269.289,156.490,20.169,42.364
267.590,155.330,20.219,42.159
269.963,156.373,20.454,42.099
268.359,156.288,20.564,41.988
268.062,155.949,20.694,41.772
268.038,156.000,20.840,41.540
267.843,156.373,20.964,41.318
271.676,156.035,20.933,41.235
271.865,156.196,20.873,41.121
271.858,156.150,20.782,41.038
271.425,156.378,20.734,40.952
271.319,155.848,20.704,40.895
270.687,156.922,20.693,40.803
270.950,155.841,20.717,40.748
270.509,156.740,20.715,40.686
271.334,156.084,20.680,40.601
271.127,156.692,20.624,40.502
271.575,155.943,20.558,40.476
271.839,156.643,20.487,40.416
