431.000,135.000,50.000,142.000
429.883,132.919,50.339,142.206
429.622,132.931,50.419,143.042
429.863,132.513,50.347,143.426
429.762,132.583,50.295,143.512
429.853,132.506,50.260,143.648
429.853,132.476,50.243,143.710
429.857,132.448,50.236,143.776
429.860,132.418,50.238,143.827
429.848,132.406,50.243,143.855
429.849,132.388,50.253,143.882
429.859,132.468,50.164,143.733
429.883,132.453,50.200,143.760
429.872,132.435,50.216,143.787
429.860,132.434,50.225,143.818
427.672,132.810,50.794,143.793
426.649,132.646,50.706,143.416
424.796,132.952,50.851,143.437
423.484,132.706,51.129,142.922
422.224,132.962,51.033,141.829
420.112,134.288,51.192,140.960
418.662,134.580,50.952,139.599
417.201,135.352,50.914,139.482
415.093,135.686,50.913,139.180
413.942,136.211,50.905,139.545
412.619,135.858,50.437,139.706
411.790,136.387,50.157,139.715
409.234,135.626,49.555,140.040
406.883,135.121,49.728,140.967
404.247,134.223,49.908,141.762
401.416,134.352,49.985,142.997
398.999,133.863,47.580,142.767
395.320,134.438,45.881,143.401
392.400,136.314,44.773,143.757
388.884,135.793,44.638,143.711
385.105,135.237,45.487,142.669
382.252,136.248,46.401,142.126
378.909,137.696,47.935,141.933
376.299,137.491,49.274,142.226
373.833,138.070,50.600,142.617
372.498,139.268,51.935,143.081
367.479,140.779,52.385,144.685
365.069,140.684,54.123,145.339
360.202,139.623,55.727,146.462
355.720,136.694,55.800,145.919
353.162,135.600,55.684,145.243
348.650,135.719,55.224,146.250
346.274,135.233,54.414,146.824
341.753,135.078,53.939,147.190
338.094,134.493,54.509,147.132
334.609,134.414,55.941,147.751
331.238,133.647,57.512,148.239
327.174,133.964,59.428,148.545
323.599,133.143,61.428,148.227
319.903,133.930,63.413,148.087
316.548,133.900,64.658,147.245
314.122,134.037,65.567,146.592
311.814,133.821,65.569,146.118
310.848,133.323,64.296,145.277
308.665,132.670,62.169,144.208
307.954,135.714,59.614,145.043
307.473,135.327,56.525,146.100
307.416,134.795,53.900,147.405
306.645,134.607,52.258,148.815
304.256,133.083,51.129,149.870
301.003,132.762,49.803,150.235
298.022,132.043,48.983,148.634
295.710,133.332,48.617,147.631
293.582,133.684,48.400,146.243
289.413,134.493,49.983,146.340
286.970,135.076,52.174,146.853
283.743,135.014,54.058,147.140
283.063,135.365,55.618,147.108
279.548,135.302,56.512,146.982
276.547,133.595,56.592,146.940
272.890,133.295,56.174,147.276
269.418,132.007,55.872,147.503
265.528,131.435,55.473,147.547
263.039,132.813,54.785,148.913
260.020,131.362,53.747,149.535
257.465,131.370,52.305,149.394
255.922,130.866,51.064,148.776
254.289,132.184,49.953,149.985
252.822,131.138,48.885,148.444
250.431,131.844,48.325,148.579
248.570,131.934,47.821,148.144
246.728,131.354,47.277,147.317
244.955,131.969,47.086,147.572
243.423,131.899,46.811,147.678
241.474,131.240,46.812,148.284
239.701,130.548,46.697,149.205
236.555,132.428,46.707,150.915
233.914,131.883,46.973,152.776
229.670,130.045,47.513,153.594
224.472,130.808,48.986,154.952
221.804,127.603,50.248,154.225
219.764,127.454,51.236,153.525
217.756,128.992,51.788,153.739
215.440,128.783,52.532,153.798
213.733,129.253,52.848,154.034
210.734,130.440,53.554,154.466
207.404,130.277,54.289,155.581
201.742,134.140,56.068,157.128
198.257,131.848,57.934,158.516
193.157,134.206,59.566,160.584
189.283,131.249,60.766,161.808
184.357,132.212,61.416,162.654
183.040,130.518,62.427,163.332
176.807,128.756,62.891,163.882
173.305,128.699,63.476,164.694
170.784,127.982,63.977,166.344
166.950,129.437,65.281,167.774
165.896,125.793,66.297,170.383
164.878,124.698,66.919,171.854
162.497,125.872,67.529,172.861
161.943,124.660,67.968,173.587
161.061,124.398,68.566,174.496
160.227,125.289,68.892,174.597
158.636,123.976,69.207,174.497
158.046,124.677,69.422,174.230
157.142,125.003,69.053,173.343
157.114,125.219,68.885,173.413
155.633,125.511,68.548,173.972
154.072,122.862,68.154,175.326
153.272,122.655,67.650,176.481
152.951,122.693,67.330,175.899
151.695,123.279,66.910,175.844
150.850,124.005,66.675,175.944
150.438,122.708,66.375,176.512
150.058,123.401,66.050,176.489
149.728,122.570,65.378,176.081
150.067,123.722,64.571,175.057
149.695,124.474,63.673,173.595
149.562,126.764,62.975,172.010
149.432,127.417,62.716,171.795
148.642,126.637,62.430,171.191
147.841,126.065,62.073,171.495
147.627,125.357,61.839,171.523
147.340,125.068,61.900,171.946
147.116,124.918,61.826,172.155
146.796,124.898,61.720,172.133
146.479,124.620,61.126,171.475
146.394,123.917,60.765,171.519
146.827,122.886,60.764,171.718
147.357,122.695,60.604,172.289
148.237,122.816,60.758,172.940
148.538,122.300,60.893,173.140
148.900,122.487,61.354,172.856
149.875,123.246,61.901,172.549
150.219,123.731,62.387,173.451
150.199,123.623,62.283,174.319
151.791,123.241,63.244,175.701
152.490,121.362,63.462,176.433
153.798,120.054,64.259,178.052
154.691,117.859,65.026,180.020
156.085,117.611,66.354,181.671
157.487,116.428,67.263,183.272
158.672,115.159,68.712,184.735
158.700,115.921,69.847,185.598
158.647,115.090,70.999,186.191
158.683,115.393,72.067,186.410
158.455,115.307,73.212,186.547
158.622,114.854,73.962,186.581
158.602,113.974,74.669,187.044
158.825,113.685,75.269,187.477
158.881,113.504,75.790,187.832
158.977,112.081,75.715,188.330
159.348,112.566,75.093,187.928
159.541,113.159,74.593,187.343
159.440,112.324,74.216,187.737
159.287,111.346,73.952,188.751
159.123,109.429,73.529,189.066
159.186,109.670,73.423,190.263
158.849,106.589,74.268,192.453
158.904,106.059,74.490,193.093
159.318,105.687,75.681,194.048
159.486,105.058,76.638,194.499
159.326,103.533,78.247,194.579
159.077,101.900,81.603,196.336
159.423,101.397,83.033,198.298
161.067,102.442,83.635,198.214
160.709,100.505,83.622,197.477
160.994,101.389,82.906,195.130
163.102,102.636,81.354,192.776
164.325,103.175,79.143,191.442
166.325,102.437,77.546,191.008
164.918,100.322,77.544,191.786
168.614,102.442,75.715,190.435
170.305,101.125,74.783,189.003
173.428,102.591,73.695,188.405
178.914,101.957,71.731,187.220
180.258,102.596,71.548,186.797
184.227,104.506,71.213,186.823
185.458,104.522,72.781,186.920
188.404,103.655,73.940,186.804
188.615,106.209,76.576,187.990
190.259,102.678,78.304,187.794
190.573,103.775,80.973,188.797
191.273,102.945,83.622,188.714
191.427,103.513,85.674,189.490
191.904,102.189,86.696,189.496
192.387,101.359,86.494,189.225
193.049,101.587,84.427,189.214
194.528,100.458,82.043,188.662
194.265,100.779,79.235,187.818
197.996,101.224,75.475,186.525
199.816,100.518,72.739,185.853
200.374,99.157,71.089,185.131
200.903,99.146,70.091,185.123
203.053,99.784,68.924,185.429
205.650,99.265,68.161,185.798
207.258,97.184,67.914,187.224
207.331,98.722,68.062,188.260
210.037,96.841,68.020,188.779
209.025,96.818,68.420,188.810
212.169,96.320,68.370,188.987
211.492,98.698,69.108,189.334
214.413,98.118,69.220,189.150
217.933,98.072,68.604,188.045
218.099,100.220,68.531,188.031
221.812,101.592,67.479,187.879
224.394,101.276,66.467,186.942
227.444,99.382,65.577,185.342
228.124,99.753,66.013,185.593
228.170,99.782,66.934,186.291
228.953,98.814,67.570,186.565
229.952,99.586,67.694,186.816
230.598,99.962,68.115,187.499
231.729,100.520,68.106,188.568
231.414,100.327,68.104,187.749
230.845,103.008,68.435,187.766
231.184,104.605,68.805,187.116
231.102,107.292,69.009,185.925
231.408,109.949,69.083,182.842
230.690,112.568,69.446,179.020
231.306,115.922,69.804,175.228
231.616,119.680,69.481,170.335
231.570,125.966,69.737,166.322
232.428,128.428,69.661,161.065
232.560,137.066,70.022,155.787
234.903,141.808,70.213,149.883
233.277,147.779,71.285,144.956
232.020,152.962,72.298,141.350
232.887,157.618,72.754,138.667
230.963,160.362,73.951,136.911
233.109,161.506,74.459,135.044
231.625,162.752,75.614,133.798
232.824,163.830,76.590,132.746
233.656,164.754,77.597,131.673
230.914,164.482,78.710,130.353
231.708,165.243,79.688,129.406
231.966,165.623,80.358,128.229
230.330,164.510,81.152,127.154
232.198,165.747,81.544,126.345
231.113,166.245,81.813,125.664
231.357,165.076,82.176,124.829
230.376,167.607,82.485,124.663
231.477,167.533,82.534,123.964
231.230,168.870,82.654,123.165
231.083,170.722,82.660,122.517
231.264,171.838,83.127,121.829
230.244,171.751,83.411,121.353
230.775,172.093,83.859,120.741
230.467,172.304,83.923,120.295
230.076,172.651,84.142,119.820
230.435,172.936,84.387,119.357
229.184,172.717,84.510,119.074
230.908,172.838,84.904,118.512
226.645,172.247,85.487,118.140
229.066,171.023,85.469,118.165
228.767,171.223,85.312,118.329
229.540,171.470,85.161,118.569
229.267,173.289,85.262,118.265
230.720,171.611,85.206,118.208
228.282,173.009,85.582,117.878
229.900,168.423,85.815,117.256
229.406,174.342,85.850,117.752
230.446,174.009,85.675,117.453
228.933,174.269,85.939,117.256
230.073,171.725,85.625,117.435
228.117,168.531,85.876,117.192
229.933,175.451,86.084,117.883
229.671,177.070,86.321,117.716
229.184,177.394,86.732,117.605
228.202,174.719,87.164,118.046
228.398,176.899,87.521,118.743
228.420,175.601,88.205,119.436
229.121,175.035,88.879,120.050
231.247,175.585,90.440,120.098
234.231,177.124,92.486,119.992
234.440,177.138,93.987,120.110
233.259,177.921,95.024,120.117
232.681,177.608,95.804,120.116
236.334,177.828,97.419,119.989
231.285,178.462,98.132,119.533
234.730,178.740,99.108,119.357
234.521,178.378,100.084,119.072
233.282,177.620,100.818,119.161
234.462,178.302,101.985,119.005
232.542,178.663,102.888,118.769
234.758,178.264,104.113,118.636
231.821,180.173,104.753,118.019
234.414,179.332,105.811,117.925
232.576,180.417,106.839,117.289
233.302,179.689,108.051,117.297
230.732,181.100,108.761,116.830
234.262,179.977,109.543,116.814
227.458,180.667,109.551,116.475
231.298,181.176,109.719,116.347
232.955,181.306,110.884,116.074
229.899,181.118,111.210,115.911
227.886,180.962,111.239,115.737
226.338,179.883,110.900,115.966
228.834,180.307,110.336,115.828
227.308,181.949,110.859,115.290
225.128,181.190,110.540,115.133
226.242,180.822,110.594,115.057
223.460,181.968,111.327,114.740
222.139,182.194,111.264,114.677
225.058,183.696,111.420,114.412
227.356,182.558,112.813,114.100
224.599,182.211,113.603,113.902
222.048,182.363,114.171,113.817
223.258,183.977,114.644,113.568
225.845,184.240,115.152,113.183
220.966,183.558,115.090,113.167
227.278,183.575,115.613,112.888
224.035,183.303,116.197,112.801
223.998,183.617,115.803,112.657
225.026,183.430,115.499,112.470
226.232,183.515,115.201,112.402
228.162,184.145,115.076,112.196
229.110,184.445,115.269,112.051
227.060,184.164,115.500,111.922
231.225,184.444,115.701,111.940
227.759,185.294,116.506,111.648
228.927,185.189,116.907,111.488
228.954,186.218,117.485,111.094
228.645,185.543,117.810,110.900
228.007,186.001,117.897,110.710
227.449,186.178,118.262,110.596
228.251,185.302,118.095,110.724
227.213,186.002,118.159,110.583
226.279,185.972,118.182,110.493
222.756,185.316,116.990,110.778
223.829,184.414,115.704,110.779
222.629,185.087,115.238,110.713
221.939,183.951,114.147,110.735
222.384,184.482,113.849,110.915
225.105,184.228,114.027,110.943
224.263,184.601,113.508,110.751
227.377,184.974,114.747,110.468
224.353,185.366,115.493,110.468
229.024,184.939,116.227,110.322
227.688,185.978,117.616,110.056
228.157,186.741,118.448,109.831
228.566,188.258,118.635,109.482
231.094,186.490,119.076,109.391
230.548,187.036,120.266,109.215
227.288,186.655,120.650,109.159
227.549,186.396,121.270,109.381
225.472,186.148,121.475,109.666
222.955,186.099,121.201,110.008
222.585,185.997,120.223,110.216
220.722,186.028,119.100,110.372
222.378,185.137,118.131,110.542
221.599,184.825,117.654,110.611
224.365,185.558,116.881,110.354
223.725,185.693,116.199,110.300
226.595,185.423,116.361,110.349
225.753,185.702,116.182,110.164
225.119,185.038,115.983,110.217
227.529,185.037,115.692,110.423
229.156,185.039,116.654,110.340
230.470,185.561,118.035,109.991
232.234,186.967,119.692,109.682
228.527,187.585,119.866,109.593
228.419,186.678,120.144,109.639
227.841,186.292,120.926,109.828
226.827,186.051,121.935,109.964
224.313,185.516,122.158,110.184
220.738,185.344,121.407,110.511
220.262,185.802,120.391,110.460
222.086,186.602,119.716,110.250
221.109,186.213,119.143,110.260
221.488,186.492,118.391,110.097
223.724,186.504,117.938,109.973
224.316,186.386,117.026,109.915
223.014,186.457,116.051,109.925
224.917,186.056,116.071,110.062
227.033,185.981,115.738,109.936
227.710,185.831,116.683,109.753
230.407,186.491,117.882,109.480
230.456,187.162,119.452,109.053
229.480,187.337,120.544,108.813
228.176,187.392,121.445,108.580
227.099,187.675,121.315,108.743
226.480,187.268,121.055,108.751
224.597,187.406,120.695,108.948
223.737,186.957,119.381,109.192
222.703,186.707,118.297,109.328
219.663,186.007,116.949,109.554
226.450,186.721,117.125,109.526
223.053,186.691,116.921,109.688
221.045,186.038,115.972,109.763
222.483,186.064,115.310,109.892
222.368,185.884,114.573,109.823
227.804,186.315,114.841,109.744
226.019,186.109,115.051,109.631
224.985,186.132,114.868,109.600
226.599,186.371,114.602,109.450
226.119,186.790,115.038,109.269
226.442,186.625,115.573,109.289
226.686,186.829,115.682,109.274
225.312,186.872,115.388,109.367
226.375,187.322,114.908,109.414
224.714,186.993,114.154,109.501
227.010,187.146,113.738,109.520
223.903,186.020,112.352,109.725
226.056,185.437,111.479,109.812
225.754,185.996,110.908,109.976
225.038,185.526,109.862,110.082
225.712,185.535,109.619,110.260
224.876,185.813,109.803,110.317
225.716,186.273,110.222,110.261
226.008,185.854,110.320,110.072
226.231,185.924,110.630,109.903
226.200,185.872,110.998,109.838
226.969,186.189,111.386,109.691
226.723,186.139,112.449,109.516
227.404,186.267,113.425,109.483
228.166,185.681,114.084,109.407
227.615,185.622,114.783,109.424
227.282,185.961,115.194,109.433
227.399,185.974,115.467,109.422
227.976,186.535,116.056,109.194
225.419,186.775,115.970,109.165
225.203,186.674,115.870,109.310
224.786,186.306,115.575,109.546
224.180,186.245,114.919,109.565
225.170,186.338,114.624,109.529
225.215,185.909,113.846,109.604
225.884,185.895,113.338,109.607
225.628,185.382,112.660,110.009
226.371,185.079,112.214,110.345
227.058,184.613,111.577,110.790
227.633,184.426,110.808,111.052
231.337,185.384,111.239,111.104
229.232,182.976,111.447,110.852
232.427,182.642,111.715,110.762
231.175,183.534,111.805,110.606
229.934,183.874,111.893,110.597
227.661,183.396,112.389,110.985
229.541,181.622,111.934,111.730
229.960,180.134,111.660,112.577
230.542,177.535,110.744,114.037
231.667,175.466,110.969,115.941
233.233,173.573,111.830,118.292
233.077,172.361,112.146,120.340
231.823,170.389,111.712,122.257
230.999,169.452,111.320,124.413
231.288,167.927,109.775,126.137
231.256,166.948,107.717,127.615
231.933,164.763,106.143,128.705
231.685,162.166,105.498,129.593
231.169,159.817,104.083,130.601
234.114,157.145,102.290,131.980
232.477,152.780,101.767,134.746
233.681,148.267,101.523,138.056
233.232,143.620,100.866,142.709
232.113,137.191,98.689,148.646
231.094,131.137,95.395,155.221
232.517,125.823,91.510,161.404
234.656,118.492,88.367,167.900
235.328,113.581,86.194,175.140
235.923,106.572,88.248,181.824
234.247,100.648,88.985,187.402
231.821,95.944,90.248,191.962
225.904,92.904,92.294,195.884
223.499,91.113,91.883,198.617
218.690,95.436,95.921,197.014
218.108,101.878,101.757,193.077
220.245,106.411,108.643,187.383
219.538,112.187,110.310,182.948
219.052,121.811,110.061,179.176
219.311,129.788,110.609,173.940
220.030,134.872,108.436,168.505
222.400,142.189,108.043,162.640
223.168,150.133,104.747,157.623
226.895,152.677,104.122,152.520
226.443,157.893,101.498,148.334
228.334,161.835,99.276,143.695
229.489,164.079,97.473,139.288
229.747,166.592,95.800,135.847
229.271,168.846,94.285,133.105
231.774,168.540,95.024,131.656
231.564,170.111,94.319,130.135
231.920,170.196,95.294,129.101
231.770,171.085,95.187,128.245
232.323,170.377,96.018,127.651
232.439,170.925,95.912,127.056
231.780,170.641,95.617,126.636
232.896,171.380,95.555,126.415
232.266,170.708,94.961,126.317
233.125,171.426,94.448,126.243
232.286,171.073,93.781,125.992
233.375,171.646,93.445,125.872
232.591,171.291,92.995,125.785
233.008,171.298,92.375,125.686
233.196,171.571,92.344,125.651
233.318,171.806,92.158,125.666
232.816,171.433,91.853,125.820
233.250,171.512,91.171,125.723
233.061,171.250,90.723,125.686
233.481,170.988,90.614,125.791
233.498,170.393,90.769,126.364
232.948,169.322,91.461,127.532
232.273,168.144,92.191,128.971
231.961,166.791,92.930,130.478
232.012,163.989,94.289,132.339
230.382,160.160,95.077,134.490
229.943,158.098,95.945,136.374
230.594,154.038,97.156,138.878
228.034,150.878,96.541,141.353
229.568,148.390,97.044,143.559
228.287,143.475,97.669,146.457
228.913,140.885,98.052,149.563
227.966,137.829,98.514,153.045
227.475,134.448,98.348,155.781
226.830,129.815,98.721,159.465
227.504,126.059,98.384,162.862
227.253,123.114,97.803,166.902
225.635,116.176,97.939,171.812
225.418,113.472,97.230,176.062
224.903,106.874,96.660,181.196
224.769,101.331,97.128,185.912
223.991,96.877,98.230,190.181
223.044,93.740,99.495,195.179
221.563,89.956,100.317,199.356
223.056,87.555,101.282,202.410
222.027,84.606,102.187,205.207
222.953,83.670,102.637,206.019
225.517,83.459,103.274,205.910
226.757,83.761,103.109,205.767
227.837,81.835,103.449,206.377
231.226,82.206,100.988,205.111
232.274,83.625,98.773,204.455
234.823,82.625,96.801,204.809
235.848,81.821,95.659,205.733
236.495,81.731,94.921,206.408
236.142,80.787,95.049,207.497
235.588,81.463,94.496,208.125
236.270,81.287,93.715,207.633
236.306,80.793,93.211,208.241
236.461,81.355,92.687,208.678
236.145,80.468,92.020,208.747
236.199,81.548,91.859,207.989
235.550,82.108,91.467,207.422
236.042,82.385,91.036,207.000
234.219,81.641,91.330,207.440
238.441,83.714,90.250,206.749
236.081,80.759,90.660,208.919
235.023,80.426,91.265,209.000
235.770,81.858,91.003,208.313
234.267,80.847,91.626,209.208
235.774,81.893,91.299,207.732
233.240,81.173,92.036,208.632
233.847,83.093,91.410,207.315
232.817,81.046,91.199,207.329
235.686,83.304,90.549,207.022
232.182,80.696,91.294,208.847
234.980,81.751,91.189,207.987
231.414,80.387,91.843,209.356
233.213,81.106,91.527,208.155
232.194,82.779,90.999,207.512
232.727,82.133,91.285,207.220
232.826,82.829,91.095,207.062
231.519,82.366,91.430,207.264
232.587,82.094,91.562,206.898
232.447,82.507,91.825,207.197
231.641,82.108,92.000,207.412
231.801,82.399,92.176,207.213
231.097,82.118,92.664,207.149
229.148,82.340,92.785,207.073
229.443,83.406,92.692,207.049
228.467,82.124,91.457,206.978
227.942,84.225,90.631,207.079
224.214,83.777,91.285,207.668
222.028,86.881,92.385,206.112
223.685,88.634,94.492,203.797
220.322,91.705,99.069,201.154
217.425,95.629,98.822,198.780
215.389,95.013,98.682,198.042
215.785,94.617,100.024,197.022
214.880,95.545,101.302,195.903
210.415,95.054,97.945,195.302
207.367,93.688,92.425,195.201
207.938,92.952,86.792,194.931
208.735,90.830,80.962,193.754
208.129,94.112,76.345,195.458
206.842,92.589,74.580,195.499
206.483,95.850,73.878,196.277
207.333,95.707,75.268,197.128
207.920,97.461,76.263,197.654
206.319,96.331,76.955,197.754
206.334,96.495,77.193,198.717
205.605,95.684,78.217,199.035
204.706,94.333,78.281,197.632
204.886,96.062,77.319,196.584
203.793,96.708,77.535,195.768
205.566,96.857,80.706,194.670
206.886,95.820,80.162,192.366
207.382,95.667,79.864,188.733
205.444,100.329,82.229,189.919
204.068,98.105,83.676,190.826
202.115,98.452,84.170,188.747
203.676,101.238,79.646,184.640
204.406,104.983,75.146,181.442
207.202,106.061,69.856,179.147
207.662,106.996,65.961,176.913
210.590,106.797,62.959,175.914
208.686,107.706,62.796,177.244
210.470,106.031,62.379,179.700
210.692,104.387,62.199,179.866
210.876,104.369,62.193,179.476
