430.000,237.000,160.000,277.000
426.056,234.029,160.492,273.139
425.735,235.636,161.725,272.218
425.101,237.225,163.440,272.847
426.039,237.264,164.690,274.500
427.334,237.614,165.253,275.447
429.225,237.812,165.717,276.439
428.956,239.060,166.087,280.150
432.141,237.463,164.566,283.351
436.021,235.194,163.372,287.776
441.052,234.756,161.883,290.292
444.324,234.673,161.543,293.938
446.305,229.140,159.893,298.086
451.070,229.788,158.696,301.491
453.041,222.369,156.053,304.389
455.997,221.587,154.399,306.778
459.444,226.570,153.749,310.833
463.092,230.507,154.122,314.580
463.327,232.349,154.317,318.588
463.297,234.489,155.869,324.657
464.461,235.505,157.891,328.887
465.607,241.906,158.650,333.743
466.795,238.826,158.543,337.185
468.810,241.172,157.049,338.026
469.202,240.170,156.652,339.296
470.074,243.249,157.175,341.850
470.950,244.291,158.458,342.097
471.870,248.661,158.231,343.588
473.086,248.059,157.646,346.402
473.418,247.974,157.564,348.351
473.807,248.087,157.211,350.815
472.591,251.111,157.498,348.671
473.729,251.017,156.261,347.062
473.488,249.827,155.470,345.014
473.931,253.304,155.625,343.381
474.359,251.656,153.768,342.777
474.862,247.640,152.978,345.594
474.217,239.816,151.475,344.908
472.218,232.231,149.953,343.773
476.982,223.084,148.477,341.457
477.729,221.048,146.435,337.158
478.961,213.398,144.419,332.433
482.570,214.645,141.090,321.717
487.001,211.997,137.998,318.621
489.167,206.611,135.408,316.935
492.489,206.196,133.717,311.816
495.197,203.066,133.052,309.956
497.138,201.123,131.820,306.822
498.411,195.485,131.162,302.410
498.782,198.792,130.552,298.045
498.009,200.682,130.629,297.338
499.327,200.482,130.702,296.635
499.950,200.308,131.464,295.858
498.066,201.554,130.507,291.791
498.062,201.732,131.293,288.052
500.007,202.051,133.199,283.798
501.034,205.078,133.251,280.605
502.027,206.743,131.771,277.749
505.165,210.626,129.559,275.248
505.414,211.077,126.692,274.884
506.439,214.182,124.553,274.007
505.913,214.239,121.518,271.268
506.690,215.079,119.984,270.651
507.519,215.351,118.735,268.945
508.840,216.619,118.728,267.137
509.846,219.110,118.563,265.004
509.545,220.878,118.507,264.715
511.117,222.650,119.949,261.856
510.694,224.573,120.038,258.636
509.241,228.954,120.785,256.017
510.796,229.801,121.192,253.919
512.236,234.096,121.899,251.517
511.291,235.308,121.592,251.081
511.162,233.452,121.640,251.460
511.184,233.118,121.603,250.529
511.562,225.816,121.237,246.867
513.268,229.553,120.507,246.654
512.829,224.993,120.881,244.844
514.183,222.763,122.078,244.196
514.290,222.802,122.317,245.618
513.994,221.643,122.229,247.243
514.091,218.838,122.224,248.331
515.168,220.902,121.293,250.004
512.300,218.260,121.104,253.055
513.600,217.675,122.058,254.462
514.380,215.006,124.922,253.827
513.516,214.874,127.733,254.804
509.981,209.273,129.811,254.036
511.936,209.974,133.161,252.379
509.976,207.404,135.315,250.288
507.177,203.419,135.818,247.425
508.707,203.087,135.902,243.311
510.176,205.695,135.457,243.393
509.932,204.249,134.257,245.812
511.212,205.475,133.999,247.719
513.458,205.713,133.262,248.886
512.270,207.963,131.826,251.558
512.786,207.020,130.450,254.253
514.449,207.992,128.900,255.059
516.390,213.069,129.342,256.558
515.394,213.298,129.234,259.344
512.249,214.894,131.265,261.638
511.239,215.524,132.546,261.406
510.185,218.357,133.454,260.871
506.937,220.080,135.738,258.659
505.090,223.017,137.806,258.445
503.919,225.034,139.159,257.226
502.952,228.293,140.800,256.266
501.307,230.682,142.637,255.904
500.791,231.459,142.916,255.313
502.418,233.539,141.458,254.653
504.118,233.089,138.845,254.267
506.553,233.126,136.396,255.730
506.087,230.972,134.766,255.973
504.987,229.856,134.453,257.798
505.133,225.390,132.985,257.413
505.034,221.417,131.908,256.336
504.809,218.671,131.153,254.957
505.351,216.662,130.604,251.726
505.031,214.636,130.236,251.942
506.845,214.741,129.023,252.217
508.562,213.627,127.727,249.917
510.346,213.480,128.083,247.689
512.239,214.450,128.369,247.478
512.964,213.735,127.954,247.284
515.135,211.765,127.289,243.690
516.956,213.991,126.576,241.548
515.892,209.600,127.129,238.656
518.921,210.332,126.068,234.532
520.375,210.232,124.714,229.626
520.991,207.926,123.930,220.555
523.360,214.271,121.314,217.487
527.077,213.361,121.991,211.447
526.070,216.272,123.939,209.197
528.301,213.501,124.385,204.284
528.558,212.546,126.194,201.653
529.244,214.208,126.974,200.488
527.075,217.749,128.126,202.137
527.095,214.352,129.259,201.017
526.372,217.776,129.915,202.834
525.820,219.346,130.382,203.522
527.026,217.820,133.496,201.109
526.412,218.839,135.040,199.920
526.279,218.956,136.357,197.764
523.363,221.079,137.587,197.943
522.237,219.429,137.195,196.212
520.607,217.840,137.617,194.645
521.866,217.525,140.929,192.402
520.684,216.682,143.658,190.096
517.008,222.835,145.237,191.711
517.869,219.275,148.198,191.533
513.316,216.316,150.927,191.803
513.370,215.542,155.266,190.817
506.778,222.144,156.908,194.378
507.229,216.698,161.267,194.937
503.662,215.927,164.396,196.445
503.677,215.037,166.628,197.111
501.654,214.772,168.545,198.616
500.175,213.474,172.241,198.388
496.828,220.305,173.712,200.618
498.408,213.181,175.357,199.766
495.285,214.640,175.001,202.960
497.633,212.300,175.328,203.641
495.967,211.522,175.480,204.556
497.040,209.868,175.054,204.912
495.007,208.761,174.827,206.557
495.810,207.899,174.494,208.055
494.924,206.099,172.764,208.665
495.159,204.738,171.647,210.603
493.966,203.628,170.109,212.194
495.438,202.377,168.991,213.596
494.480,200.195,168.402,214.778
492.609,199.038,166.910,216.411
494.277,196.771,168.611,217.802
492.061,197.381,166.423,221.992
491.875,192.940,164.026,222.582
493.378,191.298,164.288,222.551
491.768,189.422,163.149,224.780
493.545,187.745,163.243,225.309
489.795,185.148,161.943,227.744
490.329,183.270,160.276,228.103
489.720,181.442,159.584,229.750
489.271,176.159,159.718,230.819
486.469,170.701,159.613,231.455
489.563,168.121,161.257,231.841
488.254,165.059,161.322,233.743
486.622,162.351,161.431,234.261
484.921,163.665,160.355,237.552
486.312,161.035,158.835,239.570
485.904,158.573,157.643,240.504
485.520,162.693,155.462,245.420
486.052,159.173,154.455,248.785
485.607,157.867,153.538,252.326
482.930,158.472,152.112,256.926
483.071,158.843,150.078,263.259
484.105,153.998,148.227,266.377
485.796,148.877,147.306,267.388
487.029,150.726,147.872,270.523
484.878,157.491,148.720,273.792
485.363,152.809,151.065,275.271
483.991,159.071,153.839,276.130
485.077,159.616,157.940,278.204
483.396,166.696,160.278,280.784
481.418,163.679,162.496,280.094
479.247,174.291,161.605,283.679
479.287,175.957,160.083,290.122
478.064,176.301,158.121,295.872
477.386,170.840,155.305,297.516
477.717,173.776,153.316,294.887
477.888,180.445,152.077,294.109
478.957,179.212,151.425,290.700
479.547,182.525,151.229,289.548
479.237,187.478,152.097,289.139
479.314,192.435,155.600,287.302
476.726,191.756,158.850,287.701
477.643,187.249,162.233,290.735
473.517,187.705,163.884,297.192
473.625,189.027,165.519,303.465
471.470,188.356,167.166,306.052
470.011,194.755,168.124,313.776
468.763,197.691,169.877,319.381
464.882,199.541,170.000,323.798
465.130,199.740,169.377,330.618
462.842,197.636,170.082,333.309
461.900,192.671,172.217,332.564
461.125,195.789,173.368,336.507
462.513,197.658,174.980,341.326
461.596,193.829,177.231,341.523
462.369,192.881,178.206,340.341
460.926,196.918,180.221,342.001
459.668,195.964,183.425,347.066
459.676,197.193,185.128,353.326
456.517,189.979,186.916,354.318
460.881,189.082,188.143,356.521
456.608,182.807,190.444,353.220
456.165,183.705,192.126,354.188
453.975,181.070,195.477,353.968
454.570,181.909,198.091,357.417
455.241,183.158,202.843,364.458
453.517,180.480,208.477,369.408
451.794,175.464,215.877,371.972
447.155,170.562,219.968,374.354
450.237,174.234,228.924,374.827
443.923,162.777,236.503,377.026
439.069,161.154,242.172,379.628
432.872,160.072,243.851,385.137
429.523,159.531,245.428,390.380
429.752,156.116,247.267,401.588
428.907,151.315,247.356,414.678
434.014,151.456,249.884,428.556
428.902,144.905,246.441,445.418
432.149,132.032,248.576,450.946
434.298,124.438,251.458,452.025
432.004,117.692,252.223,454.880
426.820,112.126,248.011,458.022
426.656,107.139,248.425,460.542
427.805,106.217,247.538,463.529
428.047,96.553,248.002,460.003
425.815,94.698,248.608,457.374
427.483,106.862,244.690,457.351
429.534,98.918,242.517,456.690
433.778,108.024,238.560,457.073
430.669,101.697,237.472,461.322
434.436,98.697,235.546,466.381
438.759,100.756,237.007,461.751
438.317,114.484,236.042,462.825
437.420,111.036,237.006,457.885
438.616,109.392,236.389,453.613
436.406,96.088,235.632,451.202
441.966,90.855,234.845,451.308
441.936,103.359,233.393,446.252
438.428,104.920,231.017,439.491
446.196,109.423,228.256,436.807
444.451,114.659,228.680,433.786
438.890,117.176,226.853,431.294
445.306,127.017,226.340,433.591
445.042,117.455,227.637,429.759
446.920,119.933,226.801,423.108
443.960,128.057,228.631,423.065
444.913,127.580,227.625,418.797
447.696,128.400,230.597,413.475
448.412,133.236,233.248,413.402
448.203,134.065,233.145,416.523
446.241,120.806,233.984,420.388
443.412,128.598,233.347,423.685
442.285,125.576,236.548,424.533
439.692,130.394,241.232,420.719
440.666,129.310,242.373,424.068
439.812,114.431,239.563,429.775
436.441,126.508,235.615,434.951
429.762,127.315,232.949,439.734
428.226,123.867,232.839,437.910
423.769,122.898,234.179,441.048
430.971,114.290,231.856,443.594
427.238,120.760,233.306,443.536
427.450,115.826,233.130,446.139
426.436,110.409,233.971,443.816
424.490,113.389,237.615,443.087
422.268,113.059,239.721,443.785
417.166,117.000,239.031,448.063
416.526,114.397,237.491,448.122
419.110,119.591,235.969,451.162
420.758,110.830,234.036,446.062
422.796,103.164,235.827,442.845
408.825,110.726,236.980,439.825
397.205,95.802,242.424,435.563
396.657,98.421,243.906,435.029
397.554,105.352,244.919,439.931
394.452,91.597,245.281,439.098
391.378,103.690,243.559,441.857
387.233,95.622,242.450,443.217
383.962,102.221,238.407,451.095
388.214,86.975,236.471,452.036
388.489,100.103,233.430,459.391
388.054,85.222,232.869,461.108
387.238,75.909,231.797,460.459
389.535,78.502,229.769,463.555
387.879,71.353,226.466,470.628
391.377,84.435,223.716,475.016
393.580,74.299,223.014,477.221
393.608,69.154,221.859,483.879
395.018,77.292,220.767,487.234
391.227,75.938,221.118,487.061
387.141,69.875,221.286,489.723
384.248,70.876,221.838,495.667
378.321,63.251,223.126,495.145
369.731,62.462,225.901,493.232
366.697,69.034,227.648,490.863
365.885,69.043,230.046,489.517
365.846,66.433,229.212,486.469
365.367,76.955,227.034,487.357
364.259,71.842,227.211,485.687
363.526,74.520,224.702,481.304
357.260,77.410,225.522,479.856
356.247,77.852,224.441,481.738
358.691,72.222,223.224,478.360
353.875,93.103,221.517,480.510
354.577,83.380,221.916,477.795
351.027,103.806,222.012,482.517
345.162,93.871,223.848,484.187
344.322,80.495,221.548,483.087
343.616,71.996,220.811,483.695
342.607,59.988,221.962,479.703
338.445,61.172,222.436,474.891
337.739,50.773,222.804,466.389
344.841,73.580,222.805,465.563
348.655,70.840,225.807,460.347
358.494,81.278,225.553,458.433
371.835,82.849,225.363,456.001
380.538,104.868,223.319,454.952
380.111,102.806,220.765,451.202
377.042,114.697,218.442,447.989
378.522,104.648,214.653,451.586
384.121,113.936,212.709,450.691
382.551,125.870,214.126,449.679
381.265,106.574,211.686,444.433
385.844,101.635,211.669,437.241
394.161,107.947,212.252,429.071
396.281,111.661,210.542,426.896
398.800,115.063,209.956,428.361
399.801,112.088,209.145,425.074
404.284,119.062,206.828,427.730
405.289,117.849,204.218,426.428
410.322,114.327,203.551,419.258
415.161,122.822,201.116,416.493
418.518,124.351,200.960,412.760
421.707,127.667,200.334,410.597
424.205,130.864,200.790,408.203
426.486,132.322,202.969,405.654
430.094,131.035,206.468,401.307
432.165,134.678,207.256,400.439
439.313,143.522,209.333,401.366
441.634,148.965,211.939,403.829
441.084,153.228,213.447,407.352
445.988,154.321,213.495,407.799
448.969,154.374,212.333,407.851
451.933,156.108,212.186,405.062
452.413,160.308,213.508,407.267
451.357,158.832,211.583,406.156
450.546,159.083,210.281,402.569
452.945,164.682,209.964,397.356
452.769,171.285,209.419,397.812
453.260,176.436,209.712,400.284
450.545,174.999,210.125,404.486
449.106,177.594,209.063,409.930
445.906,173.637,209.933,409.682
444.336,176.128,209.586,412.232
442.881,170.908,209.684,411.138
441.090,171.014,209.566,411.961
439.013,163.781,209.197,407.929
434.896,164.602,209.593,410.341
428.660,156.340,208.025,408.931
427.805,154.581,206.039,408.926
425.761,149.369,203.472,407.722
425.338,135.785,201.370,399.829
423.681,134.544,197.964,396.652
420.060,135.276,197.528,396.296
417.103,128.171,197.990,392.930
415.048,127.122,198.661,392.200
413.233,123.333,200.920,395.576
410.260,121.929,203.569,401.732
411.839,117.668,208.568,407.804
407.094,105.715,212.034,411.231
407.064,94.878,216.245,411.133
401.307,92.925,222.233,410.157
399.208,86.446,227.310,406.825
394.610,81.632,235.407,407.426
392.175,75.275,239.180,406.800
386.325,67.748,239.867,408.703
388.730,65.182,240.785,409.309
379.812,62.668,238.861,408.142
370.820,57.397,239.853,412.165
371.492,57.499,237.373,416.353
366.424,55.381,238.913,423.078
368.049,56.770,236.063,427.424
369.073,56.028,233.604,430.921
368.984,53.078,233.228,433.795
368.979,50.136,230.383,437.106
367.636,47.503,229.027,439.922
364.784,45.758,228.124,441.578
362.217,47.681,228.007,438.230
360.799,48.635,228.350,438.074
357.467,50.633,228.354,434.367
350.282,49.122,229.212,428.711
348.294,51.174,229.989,426.872
346.692,50.137,229.297,421.282
348.856,54.668,226.255,413.855
347.832,54.208,224.485,410.642
350.202,54.547,223.080,413.300
346.322,48.469,223.942,415.950
343.150,40.715,225.609,419.582
335.263,35.832,228.839,420.598
335.702,33.354,230.684,419.999
333.760,25.986,231.010,420.617
333.734,25.362,227.034,413.479
336.164,19.107,223.956,408.619
340.733,18.312,219.280,401.087
342.726,14.526,212.447,393.582
347.797,14.526,207.932,387.652
351.504,10.276,204.215,383.286
351.337,8.434,200.795,379.581
357.117,9.969,198.621,375.195
360.313,9.281,196.103,373.575
366.826,10.463,194.712,376.624
369.737,10.215,191.304,374.464
374.779,11.951,189.024,373.713
379.272,14.322,187.827,372.217
380.883,16.802,185.246,371.066
383.337,19.560,185.682,365.188
387.907,21.536,185.672,362.999
