364.000,150.000,21.000,14.000
363.912,150.331,21.046,14.049
364.477,150.984,21.005,14.303
364.461,150.931,21.028,14.435
364.052,151.830,21.320,14.670
363.220,153.289,21.360,14.789
363.313,154.432,21.405,14.744
363.518,154.323,21.509,14.838
363.388,154.465,21.634,14.815
363.552,154.455,21.743,14.800
363.377,154.465,21.584,14.769
363.177,154.792,21.647,14.847
362.995,155.140,21.220,14.661
363.244,155.781,21.300,14.595
363.633,156.333,21.274,14.653
363.917,157.140,21.372,14.690
364.007,157.720,21.257,14.521
363.458,157.936,21.132,14.376
363.502,157.633,21.237,14.573
363.397,157.542,21.180,14.697
363.437,157.633,21.090,14.715
363.298,157.957,21.146,14.526
363.127,157.936,21.282,14.450
362.866,158.050,21.398,14.347
362.858,158.052,21.467,14.304
362.677,157.499,21.558,14.455
362.816,157.341,21.548,14.367
362.630,157.535,21.475,14.182
362.539,157.309,21.722,14.144
362.489,157.270,21.825,14.060
362.380,157.163,21.925,14.041
362.146,157.244,22.056,14.000
362.085,157.483,22.199,13.930
362.071,157.304,22.232,13.949
362.354,156.925,22.479,14.200
362.343,156.938,22.432,14.178
362.506,157.077,22.495,14.106
362.719,157.043,22.603,14.086
363.338,157.140,22.619,14.023
363.662,157.283,22.647,13.972
363.795,157.638,22.819,13.985
364.270,157.811,22.900,14.053
364.321,157.710,22.974,14.136
364.809,157.763,23.257,14.224
365.022,157.859,23.310,14.316
365.828,157.848,23.657,14.356
366.590,157.809,23.913,14.523
367.437,157.621,24.054,14.656
367.836,157.907,24.124,14.638
368.325,157.968,24.340,14.605
369.204,158.235,24.479,14.609
369.790,158.074,24.696,14.749
370.220,158.045,24.929,14.856
370.172,158.136,24.875,14.839
370.187,158.381,24.970,14.905
370.486,158.748,25.125,15.007
370.615,158.898,25.267,15.121
370.790,159.379,25.235,15.201
370.877,159.866,25.352,15.262
370.956,160.825,25.530,15.258
371.079,161.181,25.650,15.257
371.051,161.493,25.804,15.361
370.799,161.972,25.984,15.418
370.687,162.440,26.093,15.362
370.963,162.673,26.108,15.479
371.025,162.916,26.215,15.579
371.195,163.026,26.277,15.804
371.602,163.208,26.197,15.938
371.863,163.309,26.322,16.139
372.131,163.789,26.270,16.038
372.391,163.700,26.518,16.187
372.542,164.454,26.684,16.054
373.244,165.155,27.034,15.759
373.916,165.742,27.266,15.409
375.187,165.933,27.135,15.349
376.152,166.130,27.189,15.283
376.786,165.962,27.432,15.313
377.806,165.457,27.515,15.441
379.132,164.790,27.406,15.459
379.841,164.317,27.323,15.433
380.148,164.217,27.618,15.397
380.959,163.909,27.690,15.372
382.032,163.263,27.907,15.732
382.340,162.552,28.155,15.998
382.890,162.409,28.448,16.173
383.446,162.067,28.577,16.282
384.063,161.788,28.653,16.565
384.148,161.902,28.835,16.565
384.851,160.886,28.834,16.790
385.181,160.891,28.992,16.792
385.527,159.697,29.036,17.109
385.866,159.578,29.047,17.071
385.952,158.925,29.124,17.114
386.261,158.158,29.453,17.334
386.464,158.416,29.622,17.203
386.256,158.520,29.861,17.271
386.524,158.780,29.982,17.366
386.576,159.387,30.051,17.242
387.132,159.950,30.039,17.165
387.115,160.458,30.215,17.138
387.717,160.726,30.263,17.232
388.459,160.790,30.289,17.269
389.641,160.922,30.376,17.383
390.367,161.281,30.636,17.487
391.291,161.510,30.868,17.705
392.135,162.099,31.065,17.794
392.609,162.427,31.347,17.927
392.983,162.878,31.674,18.019
393.674,162.977,31.804,18.076
394.350,162.898,31.877,18.130
395.078,162.830,32.225,18.205
395.548,162.691,32.275,18.367
396.167,162.461,32.121,18.423
396.852,162.371,32.164,18.473
397.446,161.742,32.218,18.686
397.870,161.171,32.404,18.793
398.421,160.710,32.403,18.881
398.759,160.246,32.474,18.977
399.259,159.894,32.580,19.274
399.679,159.804,32.573,19.307
400.413,159.821,32.611,19.256
400.646,159.553,32.965,19.279
400.806,159.303,33.231,19.251
400.996,158.798,33.523,19.340
401.418,158.762,33.741,19.409
401.860,158.821,33.856,19.392
402.328,159.003,34.032,19.344
402.730,159.734,34.368,19.278
403.486,160.539,34.573,19.290
403.895,161.164,34.906,19.318
404.323,160.930,35.074,19.486
405.272,160.439,34.994,19.465
407.336,158.957,34.890,19.546
407.950,156.828,34.954,19.726
408.351,156.439,35.414,19.842
408.857,156.310,35.592,19.731
409.329,155.936,35.619,19.714
410.035,156.001,35.851,19.788
409.954,157.203,36.138,19.744
409.869,158.152,36.319,19.738
410.336,159.439,36.477,20.141
410.770,160.581,36.807,20.165
411.222,161.714,37.204,20.146
412.154,162.796,37.596,19.996
412.942,163.662,37.865,19.866
413.634,164.365,38.071,19.794
413.492,165.218,38.232,19.859
413.959,166.091,38.563,20.050
414.802,166.839,38.841,20.129
415.342,167.141,39.050,20.343
415.775,166.898,39.285,20.623
416.562,166.605,39.731,20.840
417.462,165.755,39.799,21.125
418.175,165.346,39.865,21.419
418.908,163.792,39.893,21.669
419.575,162.703,40.149,21.845
420.098,162.455,40.375,21.894
420.851,162.454,40.695,21.848
420.976,162.326,40.821,21.880
421.599,162.483,41.065,21.794
421.701,162.754,41.303,21.856
422.121,163.275,41.510,22.066
422.662,164.341,41.726,22.083
422.935,165.461,42.074,22.148
423.406,166.363,42.465,22.303
423.786,167.648,42.816,22.247
424.046,168.257,43.203,22.459
424.248,168.728,43.464,22.677
424.556,168.937,43.724,22.872
424.701,168.820,43.930,22.907
424.673,168.808,44.326,22.899
424.593,168.956,44.591,22.714
424.653,168.805,45.098,22.584
424.930,168.216,45.393,22.589
425.623,167.365,45.471,22.663
425.996,167.235,45.893,22.653
426.145,167.548,46.170,22.496
426.021,167.348,46.457,22.568
425.170,167.540,46.648,22.751
424.096,167.880,46.978,22.879
422.233,168.291,47.237,22.898
420.379,168.598,47.621,22.867
418.735,168.885,48.007,22.801
417.154,169.160,48.473,23.176
415.754,169.228,48.842,23.401
414.415,169.229,49.169,23.646
413.096,169.309,49.301,23.718
412.059,169.057,49.507,23.840
410.928,168.464,49.695,24.229
409.940,168.399,50.127,24.321
408.957,168.775,50.538,24.387
408.513,168.816,50.931,24.322
407.562,168.544,51.233,24.325
406.443,168.207,51.615,24.484
405.148,168.362,51.956,24.506
403.745,167.837,52.370,24.694
402.352,167.932,52.609,24.684
400.286,167.676,53.046,24.773
398.871,167.567,53.367,24.893
397.764,167.288,53.648,24.853
396.156,167.197,54.425,24.941
394.724,166.493,55.097,24.982
393.962,166.070,55.755,25.155
392.776,165.714,56.502,25.028
391.624,164.952,57.192,25.201
390.643,164.143,57.883,25.490
389.974,164.046,58.592,25.775
389.589,163.886,59.154,25.970
388.763,163.517,59.632,26.203
388.586,163.298,60.259,26.463
387.541,163.156,61.002,26.785
386.735,162.509,61.732,27.214
385.746,162.548,61.663,27.537
384.881,161.691,61.998,28.034
384.186,160.921,61.740,28.740
383.949,161.088,61.326,29.031
383.343,160.616,61.438,29.205
382.270,160.887,61.747,29.142
382.255,160.992,61.879,29.058
382.480,161.515,62.198,28.991
382.492,161.610,62.712,29.194
382.777,161.865,63.251,29.738
382.610,162.392,63.769,30.111
382.427,163.016,64.430,30.408
382.363,163.386,64.911,30.402
382.714,164.241,65.087,30.563
382.811,164.390,65.663,30.523
382.899,164.768,66.307,30.556
383.533,165.210,67.256,30.700
383.512,165.654,68.238,30.861
384.161,165.747,69.513,30.941
383.830,166.003,70.679,31.006
384.680,165.746,71.644,30.957
384.743,165.876,72.536,30.817
384.801,166.138,73.040,30.588
385.501,166.648,73.094,30.400
386.439,167.057,73.325,30.256
385.846,167.553,73.835,30.019
386.563,167.935,74.462,29.849
387.752,168.023,75.421,29.651
389.111,168.145,76.198,29.461
390.984,168.447,76.845,29.501
391.540,168.399,77.362,29.418
391.980,168.415,77.636,29.281
392.298,168.463,78.190,29.318
392.221,168.680,78.675,29.377
391.628,168.657,79.126,29.430
391.488,168.979,79.576,29.548
390.720,169.087,80.441,29.417
389.997,169.210,81.112,29.314
388.889,169.275,81.992,29.194
388.304,168.830,82.514,29.419
387.969,168.338,83.174,29.920
388.473,167.905,83.499,30.453
388.568,167.052,83.803,31.121
389.460,166.641,84.030,31.391
389.713,166.137,83.628,31.694
390.639,165.554,83.475,32.096
391.175,165.174,83.054,32.372
391.697,164.975,83.028,32.600
392.064,165.243,82.994,32.846
392.280,165.559,83.050,32.944
392.780,165.701,83.594,33.087
391.927,166.259,84.057,33.248
392.174,166.048,84.787,33.363
391.821,166.667,85.089,33.313
392.101,166.467,85.565,33.467
391.511,166.863,85.998,33.297
391.143,167.017,86.638,33.302
390.563,167.315,86.897,33.388
390.451,167.727,87.714,33.537
389.623,167.391,88.317,33.911
387.004,167.884,89.272,34.030
385.071,168.131,90.055,34.160
383.213,168.545,91.347,34.154
381.174,168.581,92.013,34.327
379.440,168.875,92.933,34.378
376.584,169.209,92.920,34.478
375.038,169.509,92.688,34.354
372.724,169.615,92.829,34.287
371.715,169.308,93.083,34.322
370.306,169.401,92.852,34.312
369.119,169.378,92.898,34.186
366.878,169.764,93.377,34.132
366.004,170.665,94.505,34.077
363.918,172.355,95.379,34.084
362.905,174.007,95.856,33.977
361.531,174.668,96.167,34.209
359.979,174.647,96.585,34.510
358.346,174.745,96.763,34.682
357.539,174.751,96.589,34.709
356.290,174.592,96.363,34.730
355.247,174.619,96.154,34.677
353.875,174.422,96.530,34.784
352.563,173.876,97.105,34.756
351.329,173.497,98.545,34.530
350.289,172.328,99.393,34.647
348.340,172.057,99.255,34.840
347.357,171.318,99.649,35.116
346.640,170.803,99.915,35.390
345.695,170.628,100.049,35.593
344.538,170.774,100.495,35.693
344.533,171.208,100.259,35.405
343.657,171.511,100.525,35.104
343.002,171.681,100.965,34.928
342.745,171.712,101.189,34.687
342.509,171.842,101.200,34.632
341.521,171.832,101.221,34.706
340.504,171.854,101.513,34.824
340.124,171.436,102.448,35.075
340.558,171.612,103.071,35.280
339.373,171.613,103.661,35.586
339.169,171.503,104.104,35.772
340.108,171.804,104.334,35.722
340.351,171.701,104.564,35.926
340.943,172.176,104.552,35.871
342.185,172.381,104.850,35.876
343.480,172.538,104.997,35.765
343.755,172.225,105.231,35.972
343.368,172.068,105.509,35.984
343.726,170.600,105.686,36.109
344.108,169.545,105.695,36.289
342.572,169.004,106.421,36.464
342.402,168.591,106.759,36.424
342.455,168.169,106.675,36.352
342.432,167.427,106.759,36.293
342.486,167.572,106.660,36.165
341.768,167.603,106.861,36.197
341.353,167.846,106.931,36.095
340.750,168.489,106.844,36.047
341.420,169.052,106.764,35.880
341.859,169.927,106.833,35.914
343.131,170.896,106.806,35.817
344.815,171.723,106.626,35.649
346.316,172.787,106.501,35.465
346.463,172.035,106.671,35.765
346.457,171.970,106.889,36.137
346.701,171.473,107.037,36.396
347.510,170.749,107.096,36.509
348.760,169.664,107.158,36.346
347.909,168.706,107.050,36.641
348.743,168.923,107.217,36.750
348.487,168.324,107.242,36.831
347.323,168.100,107.100,36.896
346.753,167.773,107.605,36.870
346.112,168.138,107.538,36.763
344.854,168.644,107.475,36.660
343.986,167.658,107.397,37.453
343.724,167.788,106.727,37.701
341.927,166.792,106.161,38.303
341.249,166.534,105.911,38.503
341.478,165.898,105.763,38.805
340.435,166.584,105.364,38.593
340.500,167.258,105.272,38.543
339.336,167.651,104.881,38.672
338.434,167.802,104.696,39.108
338.132,169.177,105.723,39.175
337.337,170.113,106.994,38.884
334.226,170.174,106.534,38.893
333.810,170.273,106.754,38.711
333.969,169.003,106.578,39.090
333.670,169.393,105.972,39.197
332.401,170.354,105.531,39.104
331.931,170.801,105.428,39.122
331.250,171.529,105.361,39.489
332.528,172.561,106.001,39.718
331.273,174.823,105.454,39.319
331.513,175.994,106.056,39.096
330.029,178.007,104.984,38.098
330.942,179.697,104.961,37.525
330.547,178.825,104.340,37.566
330.986,179.066,104.134,37.240
330.689,178.500,103.650,37.291
331.009,178.177,104.111,37.279
330.760,178.098,104.763,36.996
329.102,178.355,104.540,36.731
328.890,178.386,104.264,36.470
329.305,177.968,103.865,36.313
329.548,177.924,103.583,36.066
329.235,178.150,103.650,35.769
329.150,179.122,103.850,35.644
328.958,179.618,103.572,35.446
328.411,180.296,102.995,35.426
327.636,179.991,102.451,35.980
327.305,179.094,101.562,36.530
326.854,179.292,101.009,36.766
327.244,178.471,100.259,37.029
326.687,178.976,99.353,36.726
326.720,179.758,98.499,36.234
326.788,180.126,97.754,35.873
326.702,179.988,97.210,35.712
326.843,180.197,96.694,35.607
326.061,180.134,96.283,35.612
325.521,179.779,96.334,35.814
326.455,179.235,96.575,36.145
325.982,179.127,96.733,36.091
326.502,179.119,96.607,36.270
327.404,179.347,95.922,36.088
328.056,179.666,94.761,35.903
329.615,180.144,95.046,35.431
330.684,180.763,95.672,35.311
330.602,181.761,94.991,34.924
331.498,182.231,94.782,35.013
331.000,182.365,95.313,35.301
331.111,182.210,95.566,35.692
330.901,180.982,95.403,36.535
331.298,179.134,94.618,37.701
333.609,179.654,93.293,38.156
334.501,177.575,92.038,39.009
337.001,180.015,90.706,38.521
337.909,180.794,89.870,37.586
339.194,181.315,88.978,36.974
339.855,180.568,88.024,36.975
340.833,181.358,87.194,36.659
341.437,179.448,86.388,37.407
341.112,176.072,86.120,39.172
341.775,176.465,86.016,39.668
343.349,176.009,86.022,39.520
342.207,177.382,85.566,38.494
