243.000,1.000,387.000,414.000
230.931,-4.621,383.730,413.692
225.745,-4.954,383.187,414.545
230.188,1.119,381.453,411.694
230.400,-0.073,380.580,411.248
232.517,2.093,377.746,409.845
239.983,1.808,375.744,411.244
240.432,2.832,373.929,410.714
248.068,3.304,370.354,410.596
252.810,-1.451,369.103,408.105
254.053,-1.036,364.610,404.829
259.526,0.843,362.715,401.677
262.406,7.725,360.747,395.894
261.984,10.802,359.152,393.622
264.254,11.592,359.872,393.433
264.700,10.951,358.876,392.022
265.007,9.866,357.028,391.070
267.397,8.377,355.886,389.069
266.193,10.585,354.611,388.096
266.453,7.198,355.887,389.285
266.481,-4.307,355.505,386.740
264.515,4.077,354.708,386.426
262.223,6.669,352.678,386.390
262.580,15.630,350.958,382.286
268.118,21.998,348.364,379.879
273.483,15.390,347.371,379.609
272.705,20.654,346.239,377.819
272.544,21.083,344.409,376.647
279.824,21.967,341.944,376.776
287.396,25.987,340.850,379.178
292.348,22.936,340.418,379.563
290.018,21.961,339.825,375.415
294.812,24.276,337.445,372.313
298.131,23.876,337.558,371.748
298.953,24.990,339.748,369.549
294.159,28.671,341.193,365.902
287.326,25.946,346.935,368.607
280.836,56.150,347.688,368.454
281.139,52.217,345.465,367.421
281.779,52.409,341.752,367.097
287.789,57.263,337.989,361.794
285.922,68.772,337.533,364.219
290.067,68.423,331.572,365.064
294.708,70.636,326.823,362.444
301.958,64.157,321.739,361.473
301.421,64.010,321.143,357.981
297.862,69.111,323.484,356.635
296.663,68.554,323.694,356.896
291.686,67.644,323.922,357.420
289.506,63.688,324.018,357.370
288.884,64.489,321.582,356.642
283.335,65.331,322.367,354.213
287.406,70.360,320.212,350.460
290.476,71.321,317.546,348.428
293.943,71.895,316.065,347.764
295.718,67.876,313.669,346.783
296.252,70.013,312.393,345.587
298.796,73.072,310.512,345.694
301.580,70.702,309.164,345.712
302.751,69.046,309.176,348.131
303.906,51.203,308.187,341.593
305.660,65.592,308.022,342.099
313.908,61.473,306.823,341.972
316.462,69.561,305.056,338.856
316.036,61.073,305.687,342.092
317.050,67.322,303.498,341.387
323.386,70.340,301.441,340.238
329.357,72.910,299.915,340.796
327.497,72.951,300.426,341.484
329.232,76.421,299.118,339.190
327.584,75.926,299.778,337.936
329.870,76.862,297.993,336.603
330.147,73.099,298.401,339.098
333.081,72.216,296.938,338.882
337.880,76.242,297.889,337.998
341.199,76.850,296.374,335.009
340.303,79.418,296.303,335.295
342.280,75.116,296.882,335.948
334.157,73.404,297.101,337.129
334.554,74.034,298.119,337.143
333.910,74.214,298.297,336.714
331.733,73.732,297.124,335.153
327.190,75.478,296.988,336.211
326.736,75.793,297.853,336.416
321.215,75.367,296.755,335.811
321.165,75.640,294.357,335.729
322.053,73.561,293.390,335.968
327.406,74.957,291.178,334.225
328.111,71.021,289.027,336.321
328.454,69.012,288.301,336.872
330.344,69.750,286.874,335.759
332.684,69.261,285.669,335.029
333.819,76.586,284.533,330.840
334.401,74.537,283.843,329.902
334.348,73.520,282.891,332.356
335.070,80.743,281.962,330.182
334.606,80.576,281.630,329.520
335.510,84.007,281.877,327.378
339.321,84.126,280.899,326.882
339.440,87.305,281.158,324.142
339.524,83.967,280.558,321.912
338.847,86.140,279.955,320.211
342.313,80.479,281.541,319.623
337.327,82.132,281.433,320.031
334.855,82.453,281.057,318.772
336.271,83.043,282.222,318.009
336.379,84.204,281.344,316.560
338.886,84.889,282.934,314.493
334.903,86.319,282.562,312.461
332.254,87.751,284.354,311.803
327.642,87.390,288.844,310.587
327.740,87.867,288.541,310.167
334.261,85.790,287.211,310.988
336.181,86.464,285.521,311.037
339.909,86.491,284.008,310.070
344.461,87.507,282.455,308.711
350.316,88.758,281.432,308.479
352.356,83.277,279.798,308.770
358.107,84.473,277.890,310.011
361.344,86.809,278.604,309.310
359.548,85.708,278.482,310.687
355.146,88.080,279.546,312.998
353.145,87.777,279.241,314.087
351.040,88.566,279.554,313.673
347.946,89.149,280.014,313.017
344.286,88.232,280.870,313.426
341.830,90.491,281.612,313.591
339.046,91.548,281.096,312.019
335.677,86.689,281.175,309.991
337.227,86.942,279.225,310.272
343.044,81.956,281.468,312.389
344.442,86.024,278.429,310.519
345.984,73.005,278.566,313.891
345.511,77.238,278.621,316.393
347.576,82.063,279.344,309.820
350.939,88.901,277.673,306.224
355.253,89.427,278.447,308.041
357.075,90.125,278.278,307.818
358.328,90.395,278.085,309.612
359.083,90.532,277.554,308.610
359.196,92.280,278.394,310.186
358.965,85.621,279.670,308.178
356.217,87.414,278.165,308.682
357.939,84.642,277.962,306.411
357.081,86.957,277.172,307.813
357.603,88.258,276.482,306.187
357.998,92.504,275.274,303.772
359.308,89.393,276.403,305.075
358.226,88.742,275.853,304.818
359.384,89.316,274.994,307.208
363.684,85.790,274.542,309.234
365.538,87.323,274.027,309.694
367.293,82.724,274.487,312.358
367.399,89.936,273.771,309.666
364.146,92.101,275.128,310.143
363.155,90.633,275.593,313.719
361.624,86.309,275.528,316.912
358.966,91.201,276.737,315.583
357.000,90.113,277.605,315.743
362.138,88.634,276.574,316.682
364.689,89.822,275.833,314.589
365.900,88.157,275.657,314.465
365.819,91.196,275.502,312.586
366.404,88.744,275.922,309.540
369.304,90.093,278.788,309.329
367.287,91.537,278.047,308.862
371.090,92.514,278.647,307.037
369.370,93.786,277.491,305.826
369.851,91.410,278.752,311.918
372.788,92.694,278.594,312.235
377.274,90.490,277.250,312.345
373.144,83.977,277.985,310.131
369.365,88.754,278.205,310.327
370.403,86.875,278.434,311.077
368.574,87.466,277.845,311.601
372.509,85.788,275.580,310.712
376.480,85.415,274.404,310.321
374.110,83.108,274.373,309.406
378.593,82.378,273.000,308.207
380.646,82.492,272.509,306.656
380.843,81.489,273.076,304.383
379.510,81.633,273.668,307.002
378.355,85.321,274.388,307.749
378.790,87.684,273.840,307.267
368.346,59.676,277.685,314.872
372.704,35.942,275.185,328.510
375.709,91.983,276.758,325.290
378.079,66.135,278.031,308.067
378.342,106.027,274.176,301.818
375.678,88.538,274.907,319.352
381.089,92.544,273.454,314.318
384.768,95.235,275.575,309.719
380.978,94.928,276.451,304.922
375.431,97.929,277.308,302.508
378.898,100.710,278.194,301.021
382.695,105.770,279.758,300.425
380.731,108.102,279.919,299.596
383.525,111.123,280.572,300.788
383.974,113.526,279.590,301.986
383.802,107.985,278.052,300.238
384.982,113.396,278.286,302.521
383.777,111.195,276.499,304.666
382.802,108.216,275.556,302.501
377.323,118.370,278.401,303.364
377.118,117.974,278.571,303.766
373.551,122.195,280.176,304.677
374.311,125.290,281.448,304.646
375.417,114.068,282.810,304.874
372.874,112.529,286.074,304.393
373.197,102.230,288.571,307.267
370.623,89.299,289.323,304.939
373.826,94.315,286.529,302.677
377.322,98.043,285.834,301.674
379.000,104.130,283.152,300.696
373.156,106.070,285.185,302.096
365.702,104.091,289.617,299.456
354.589,107.151,294.488,298.630
357.737,107.461,295.109,301.526
360.102,104.787,293.264,303.505
360.134,100.446,288.698,302.855
357.726,99.573,286.466,301.566
364.391,89.709,284.418,307.920
370.835,101.749,283.295,305.105
380.715,100.663,281.851,302.862
380.723,96.322,283.011,302.844
377.842,96.220,283.418,304.410
385.737,93.041,282.391,305.068
386.122,92.312,283.606,307.107
387.234,94.411,284.532,308.331
386.858,85.518,286.899,308.746
389.122,89.704,286.953,306.074
385.416,91.080,287.162,306.863
375.013,93.191,288.624,307.317
372.620,91.606,289.782,308.236
367.990,87.793,291.052,311.488
360.213,91.993,292.357,311.843
355.145,91.507,290.991,313.032
351.699,92.212,290.699,314.240
349.647,91.617,292.014,315.734
345.045,90.962,292.585,316.245
342.912,91.261,296.428,318.938
344.493,91.553,295.848,319.982
341.459,89.246,297.301,320.481
340.281,88.263,299.244,323.020
338.512,89.925,302.801,324.563
340.879,88.067,301.138,323.837
342.191,88.160,301.323,323.655
344.347,87.998,301.532,324.007
346.410,85.653,303.414,324.662
348.358,86.541,303.535,327.391
347.909,87.660,305.416,329.590
347.039,88.896,303.308,329.889
348.639,86.622,305.067,332.397
347.235,89.586,303.085,332.073
345.907,87.376,304.949,333.532
343.633,87.336,304.538,334.663
343.411,82.653,304.824,336.173
338.115,82.917,304.934,335.142
332.448,83.650,306.401,336.701
327.913,81.443,307.804,337.171
323.144,82.883,310.234,338.630
318.346,82.523,310.021,339.817
310.955,81.738,311.881,341.739
303.936,80.183,312.910,344.023
297.818,82.118,316.804,345.868
295.771,81.637,316.998,345.577
288.533,81.165,318.465,347.625
285.980,82.168,319.632,347.717
277.610,84.241,321.450,348.466
272.159,81.250,324.958,349.695
268.399,79.823,326.462,351.759
264.912,77.483,327.271,353.382
264.274,77.723,327.139,355.617
260.637,72.901,328.427,356.190
261.308,71.801,328.716,356.191
258.793,70.822,328.284,357.014
261.452,66.009,326.222,358.454
262.457,66.372,326.044,359.826
264.279,60.551,326.569,361.263
265.130,63.502,327.474,362.063
269.129,62.670,329.222,364.404
268.092,62.160,328.032,364.068
268.974,56.706,327.244,364.428
268.926,56.871,327.010,363.635
269.172,55.301,326.790,364.864
268.982,54.078,327.582,365.889
270.198,53.545,328.854,366.952
266.063,51.403,331.319,368.708
262.068,50.731,332.620,369.755
258.142,49.111,335.471,371.014
254.589,49.136,335.998,375.139
256.517,46.107,338.727,377.803
254.171,44.436,338.457,378.289
257.901,42.110,339.322,376.452
258.661,43.701,341.595,376.823
260.904,42.881,343.906,377.439
261.140,39.419,344.792,379.041
263.892,36.063,344.457,377.571
259.926,36.397,345.679,377.972
262.230,37.261,344.947,376.035
262.292,35.844,345.308,377.966
264.686,35.546,346.176,377.615
268.414,40.050,344.408,376.090
272.317,36.489,344.847,376.268
268.405,39.612,343.977,376.117
269.815,37.302,345.307,376.927
266.992,36.857,344.012,376.483
265.284,40.966,345.898,377.001
262.513,38.491,346.309,376.063
257.952,41.342,346.768,376.198
255.531,40.637,347.108,377.082
254.163,40.050,346.741,378.905
252.056,38.538,346.034,380.994
250.693,42.558,345.297,378.427
253.559,44.900,343.955,374.500
253.720,48.974,341.774,373.897
260.021,48.437,343.287,375.297
259.740,47.498,345.875,374.545
261.404,45.881,343.484,375.162
263.764,50.729,342.250,373.386
267.806,53.863,339.501,372.251
271.171,56.449,339.079,371.011
277.084,53.466,340.262,371.276
274.213,56.479,342.018,371.920
275.912,57.681,340.797,371.030
278.131,51.776,337.455,366.351
274.736,53.851,337.844,360.564
273.928,59.097,338.543,362.254
277.315,57.291,338.652,364.149
277.331,58.880,337.058,364.662
280.308,57.428,338.296,368.149
277.596,59.942,337.448,366.339
278.414,59.222,336.769,366.064
277.546,63.060,334.605,363.501
279.915,66.078,333.357,360.279
281.135,68.233,331.256,356.844
278.598,71.051,330.324,353.679
278.168,76.459,328.639,351.172
278.619,76.185,325.610,349.369
276.824,75.866,323.564,349.364
277.376,74.690,321.659,348.866
278.953,73.971,320.531,348.031
279.257,74.967,318.079,345.510
284.608,74.240,316.231,343.117
285.053,75.744,314.168,339.216
289.827,80.613,311.286,335.408
294.003,80.664,306.946,331.846
297.606,84.190,305.463,331.321
300.414,86.962,304.387,329.368
306.443,88.386,303.917,324.602
310.336,91.816,298.735,319.364
316.554,91.330,297.532,318.380
323.505,92.500,295.455,316.654
328.764,91.111,292.312,314.678
336.953,94.308,289.701,314.306
339.188,92.480,287.729,312.623
343.098,92.698,285.743,311.805
348.194,93.936,283.940,308.111
345.730,94.994,282.290,306.770
349.101,98.440,282.608,303.450
347.488,101.686,280.303,300.782
353.300,99.689,277.926,299.388
355.894,103.318,274.248,297.044
359.387,101.518,271.000,295.311
360.468,101.624,268.347,293.294
361.282,103.861,265.640,291.607
368.687,105.842,263.496,288.787
369.270,107.620,261.780,284.645
374.289,109.798,259.364,283.307
376.391,111.972,257.527,279.884
379.700,112.926,255.770,278.404
384.093,114.287,253.616,276.542
387.156,114.622,251.898,274.962
391.292,111.867,251.546,273.276
392.445,115.777,251.157,271.208
395.984,115.745,248.964,269.364
398.381,119.758,246.806,266.273
400.124,123.321,243.914,262.902
401.411,127.934,241.777,261.039
402.574,125.457,241.644,260.396
403.094,125.791,239.638,258.608
405.179,125.789,237.648,256.543
406.811,125.138,234.725,254.589
410.110,125.437,231.433,252.498
413.789,129.582,228.657,249.246
420.507,132.091,224.848,246.498
427.184,134.048,223.785,245.232
432.491,136.987,221.510,243.146
439.100,139.441,219.606,241.876
446.857,140.459,217.491,239.842
453.545,142.762,215.828,238.265
457.822,145.000,213.362,235.689
461.851,146.988,210.785,232.735
463.053,147.742,208.968,230.398
463.799,149.244,207.571,227.496
463.784,152.068,206.136,224.875
462.937,151.698,204.070,221.874
457.626,156.724,203.469,220.114
455.931,157.982,202.031,218.682
455.308,158.576,200.489,217.328
456.588,162.576,198.705,214.757
455.416,165.209,197.266,213.415
457.294,165.183,195.095,211.154
458.564,165.566,192.557,210.347
460.391,166.459,190.269,209.564
463.814,163.355,187.394,207.460
468.221,165.266,185.399,205.662
473.528,166.274,183.257,203.725
477.315,167.539,181.938,201.062
480.357,171.325,180.511,198.598
480.206,172.224,179.531,196.922
481.722,172.893,178.441,194.907
480.364,176.527,177.278,192.417
480.424,178.056,175.812,190.612
479.584,178.761,174.504,188.430
478.314,178.034,172.646,186.425
477.658,180.720,170.926,183.571
473.755,181.250,168.719,181.144
471.127,182.441,165.884,178.961
468.625,184.353,163.063,176.319
