771.000,367.000,52.000,25.000
772.471,366.645,55.975,24.699
769.580,366.440,57.121,24.671
770.571,366.383,58.852,24.533
771.277,366.239,60.735,24.705
771.369,366.208,63.605,25.299
769.900,365.316,65.112,25.861
769.250,364.487,66.169,26.036
767.969,364.690,67.952,26.206
766.936,364.856,69.403,25.669
767.568,364.710,72.426,25.610
765.013,364.584,73.860,25.366
765.057,364.892,77.171,25.523
762.761,364.988,79.527,25.793
761.606,365.083,83.244,26.038
759.770,365.210,88.297,26.600
755.546,365.193,92.239,26.640
752.802,365.299,95.928,26.705
751.083,365.816,98.542,27.112
747.946,366.178,101.289,27.274
744.212,365.849,103.655,27.309
743.097,365.912,105.205,27.790
740.237,366.310,105.658,27.744
737.355,366.141,106.379,27.545
736.062,366.513,108.365,27.792
732.311,365.905,110.975,28.273
730.063,364.112,114.936,29.001
727.663,363.949,117.847,29.899
723.840,362.409,120.873,30.964
720.886,363.265,121.074,31.166
717.305,360.668,126.173,32.491
712.660,358.979,129.410,33.186
708.487,358.114,131.859,33.421
705.213,358.806,133.449,33.425
705.758,358.032,135.546,33.527
702.252,358.843,135.168,33.429
701.501,357.444,136.722,34.323
699.270,357.903,136.161,34.122
699.686,358.237,137.420,34.324
697.230,358.742,136.890,34.221
694.332,358.315,136.645,34.901
691.847,358.111,135.264,35.509
688.632,358.255,133.822,35.430
690.442,358.701,138.165,35.445
682.815,358.124,139.586,35.839
687.830,358.464,147.326,36.011
680.926,358.168,154.121,36.236
676.381,358.536,159.214,36.722
673.494,357.242,164.274,37.214
669.977,355.079,168.320,38.461
665.702,353.719,171.711,39.834
662.404,353.094,174.880,40.924
659.108,352.236,176.940,41.875
655.354,349.997,179.203,43.123
655.245,351.786,183.968,43.457
648.984,347.997,186.382,43.838
648.551,348.174,190.586,44.452
646.784,347.074,194.598,45.386
640.632,346.837,195.581,46.217
639.049,346.247,198.428,46.669
635.557,346.102,199.241,47.324
631.093,345.394,199.161,47.781
636.951,346.263,201.615,48.296
629.532,345.195,200.987,48.857
627.154,347.712,201.558,48.929
616.018,346.625,200.564,49.401
613.847,345.138,199.130,50.238
622.994,347.924,200.646,50.537
616.515,346.593,201.141,51.135
616.463,344.610,201.703,51.524
606.206,347.527,200.437,51.023
608.023,345.864,200.042,51.444
595.436,342.985,197.442,52.028
619.803,343.597,202.467,52.337
600.134,343.099,203.129,52.802
600.534,343.995,204.350,53.186
593.562,342.483,203.696,53.707
595.199,342.985,205.083,53.892
590.403,343.796,205.914,53.918
575.018,343.386,204.370,53.635
580.299,345.084,204.084,53.342
570.036,341.875,201.867,53.246
576.320,345.681,201.694,52.797
566.846,344.729,200.131,52.539
575.216,346.448,200.291,52.180
567.466,346.118,199.635,51.883
571.298,348.410,200.805,51.333
566.794,347.129,200.927,50.968
549.526,349.785,202.981,50.264
569.682,348.483,205.538,49.685
550.853,348.483,206.582,49.275
545.595,350.765,208.037,48.830
561.230,348.391,210.655,48.308
548.366,348.902,213.088,47.930
529.252,351.131,215.753,47.447
550.762,349.237,218.794,46.950
531.820,347.992,221.464,46.669
529.847,351.117,224.480,46.363
530.991,349.991,226.862,46.164
527.634,348.258,228.762,46.008
531.194,350.243,231.729,45.731
542.171,347.583,234.224,45.703
528.616,351.799,236.838,45.366
515.093,350.409,239.631,45.304
532.383,350.348,241.855,45.532
550.011,346.372,244.854,45.680
554.254,348.561,247.344,45.960
552.177,346.336,250.403,46.208
514.567,350.324,252.807,46.045
501.409,348.465,255.392,46.269
501.412,348.648,257.432,46.458
502.430,346.650,260.330,46.968
500.928,348.490,263.854,47.110
489.317,347.361,267.630,47.345
424.180,349.255,270.402,47.495
401.424,347.844,271.674,48.112
400.004,348.978,274.547,48.233
393.759,349.296,279.233,48.301
397.763,348.719,282.353,48.680
377.995,349.799,284.502,48.739
365.097,347.567,281.242,49.785
381.668,346.003,280.122,50.441
370.643,348.143,279.621,50.286
372.889,346.845,277.893,50.749
370.374,346.285,275.177,51.087
346.167,349.161,271.384,50.918
379.049,347.790,267.149,51.405
369.195,347.794,263.884,51.197
383.893,346.769,260.533,51.120
368.541,347.019,256.816,50.899
370.298,347.658,249.435,50.570
373.816,347.449,242.897,50.560
379.184,347.604,237.884,50.376
382.344,347.185,233.938,50.130
383.093,348.124,230.673,49.682
388.693,348.294,227.990,49.704
389.841,348.439,224.535,49.540
393.002,348.238,221.777,49.362
392.891,348.646,219.765,49.262
395.029,348.736,218.394,49.393
396.974,347.981,217.738,49.481
398.648,348.649,217.684,49.084
396.409,349.065,217.561,49.038
400.793,349.206,218.052,48.731
397.329,349.557,218.891,48.610
391.731,350.033,218.898,48.414
387.718,351.233,219.734,48.365
390.850,351.456,220.657,48.380
392.290,351.631,222.326,48.516
386.445,351.242,223.176,48.782
391.769,351.315,224.653,48.783
396.242,351.125,226.861,48.768
396.003,350.622,229.520,48.901
398.224,351.215,232.097,48.832
395.379,350.332,234.145,48.924
396.042,350.994,235.953,49.007
388.519,350.365,237.156,49.226
386.446,351.238,238.926,49.033
378.795,351.751,238.961,48.948
387.093,349.928,239.544,49.512
381.349,350.444,240.729,49.558
376.992,348.689,240.666,50.029
380.163,348.676,242.384,50.250
382.586,349.307,244.698,50.293
373.200,349.694,245.531,50.318
369.116,349.542,244.667,50.517
365.357,349.118,243.639,50.681
363.980,350.178,241.517,50.669
380.301,348.749,240.002,51.106
374.176,349.475,239.231,50.976
372.372,349.193,239.012,50.931
376.888,348.143,239.565,51.117
380.781,347.946,241.609,51.132
386.115,346.872,242.529,51.407
381.456,345.800,243.630,51.611
384.147,346.760,245.691,51.589
379.903,347.375,247.388,51.611
380.904,346.699,249.412,51.899
380.029,348.038,251.018,51.877
380.884,349.021,252.109,51.759
377.535,348.242,252.977,52.022
377.069,348.591,254.710,52.061
380.159,348.570,256.709,52.141
380.998,348.965,258.927,52.013
378.012,349.282,260.925,52.008
378.371,348.997,263.267,52.099
391.701,349.600,266.420,52.245
387.329,349.514,268.745,52.421
385.944,349.311,271.939,52.816
379.783,348.333,273.152,53.196
377.541,348.766,274.500,53.326
366.676,348.131,276.224,53.613
371.202,348.440,278.839,53.574
390.269,349.128,281.440,53.828
388.982,347.298,283.555,54.600
383.814,348.994,286.152,54.809
391.234,348.857,290.000,55.218
388.343,348.832,291.712,55.602
383.282,348.779,292.969,56.075
377.555,347.986,295.126,56.514
394.122,347.771,298.123,56.933
379.182,348.121,299.611,57.327
401.834,346.808,302.518,57.917
398.889,346.724,304.849,58.372
397.369,346.750,306.905,58.834
388.212,346.185,308.170,59.592
379.444,345.030,308.508,60.356
376.620,345.785,309.383,60.791
376.384,343.906,308.821,61.747
383.432,343.214,309.802,62.234
383.114,344.411,310.446,62.445
376.719,344.619,311.851,62.758
382.937,342.349,312.775,63.420
392.734,343.634,314.597,63.525
402.510,340.305,317.642,64.241
401.236,340.836,320.918,64.726
400.897,341.794,323.615,65.029
391.474,341.580,325.897,65.470
372.905,341.473,326.952,65.764
361.520,340.418,326.910,66.358
370.090,340.620,328.378,66.332
373.932,342.477,329.759,66.277
370.840,340.784,330.601,66.864
357.820,341.708,330.806,67.137
382.051,339.620,332.350,67.728
371.003,338.126,333.622,68.207
356.214,340.056,333.841,68.431
323.673,337.742,333.874,69.113
334.195,339.860,333.513,69.584
324.125,335.413,334.068,70.513
343.883,335.439,333.649,70.864
339.087,332.750,333.690,71.665
327.120,333.711,335.115,71.867
337.475,334.899,337.249,72.144
343.364,329.801,338.291,73.123
303.254,332.070,337.502,73.471
338.271,329.249,337.738,74.428
321.813,334.340,336.704,74.107
332.149,327.895,335.329,74.985
327.303,329.559,334.262,75.280
306.325,332.532,335.644,75.279
324.090,333.842,336.588,75.457
336.259,329.599,335.408,76.511
343.016,331.143,335.137,76.601
340.250,335.106,334.444,76.431
336.124,329.044,334.500,77.271
344.966,332.745,334.201,77.183
345.379,328.507,332.625,78.043
333.404,330.912,332.923,77.949
345.797,328.050,332.434,78.485
322.555,331.741,332.784,78.167
336.363,329.257,332.852,78.619
333.030,330.466,332.282,78.753
344.007,330.517,332.045,78.801
338.744,329.468,331.340,79.048
335.096,331.491,330.448,78.904
328.894,328.329,330.828,79.550
329.453,328.823,330.764,79.681
340.694,329.960,330.708,79.646
346.039,329.324,330.408,79.831
340.916,331.404,329.733,79.656
358.118,326.840,329.373,80.597
350.607,328.841,328.463,80.355
338.532,332.250,327.612,80.065
338.424,330.952,327.639,80.346
340.602,332.276,327.196,80.160
349.372,329.785,327.849,80.240
344.670,333.347,327.685,79.762
348.531,329.443,327.144,80.131
354.130,332.032,327.379,79.457
343.324,329.112,325.986,79.789
323.684,333.652,325.655,79.415
344.444,328.830,324.627,79.757
341.604,332.612,323.829,78.999
339.713,329.213,322.570,79.350
338.898,331.005,321.681,78.685
332.936,332.311,319.922,78.335
329.337,332.085,318.799,78.309
333.740,329.966,318.345,78.287
327.784,328.334,318.370,78.406
329.573,329.843,317.825,78.034
331.720,332.157,317.203,77.535
327.697,331.024,315.664,77.437
327.462,332.873,314.678,77.078
328.283,333.279,312.748,76.781
326.008,336.420,310.979,76.047
328.108,337.387,308.892,75.751
334.560,336.145,306.238,75.841
321.878,337.135,305.000,75.416
322.011,337.161,302.896,75.172
328.437,334.447,301.707,75.377
335.045,333.657,300.419,75.334
337.598,334.670,299.219,74.958
336.065,337.053,297.745,74.441
332.014,335.487,296.083,74.549
325.241,334.500,292.735,74.419
326.053,334.712,291.391,74.169
326.744,335.136,289.600,73.864
331.721,333.902,288.152,73.707
334.033,332.329,286.608,73.691
334.407,335.747,284.828,72.967
327.631,334.746,281.687,72.806
335.417,333.206,280.158,72.837
336.188,335.862,278.171,72.091
331.415,333.395,276.560,72.084
324.995,333.805,275.688,71.772
317.466,333.988,274.762,71.445
312.277,335.251,274.675,71.019
323.828,336.200,273.507,70.805
308.194,335.011,273.026,70.800
323.305,338.852,272.100,70.263
334.857,337.696,271.537,70.164
326.142,337.255,269.666,70.179
338.375,336.761,268.435,70.059
330.736,337.759,267.075,69.877
332.863,337.564,266.502,69.674
314.771,336.230,265.330,69.723
300.237,338.503,264.937,69.342
305.566,339.659,263.168,69.242
301.990,338.569,261.285,69.182
304.438,338.324,258.946,69.163
300.518,337.923,258.076,68.777
298.817,338.096,257.347,68.236
311.125,338.823,256.622,67.753
312.851,339.957,257.159,66.979
320.367,340.023,257.085,66.453
340.472,340.163,257.553,65.813
349.763,340.899,258.201,65.078
351.745,341.296,259.196,64.295
357.250,340.086,260.354,63.723
375.840,342.814,263.263,62.730
368.718,342.429,263.401,62.327
359.056,341.597,262.684,62.154
375.852,342.708,264.572,61.557
370.452,344.414,265.819,61.016
369.824,344.883,267.613,60.749
389.202,345.113,269.713,60.493
400.210,346.537,271.238,60.131
393.330,348.439,272.807,59.778
385.526,343.177,274.172,59.683
379.303,345.745,274.333,59.096
376.924,347.147,274.293,58.705
373.009,345.807,272.178,58.675
372.774,344.799,271.010,58.557
382.515,345.654,270.335,58.107
384.643,346.249,269.856,57.775
391.477,347.705,270.879,57.466
372.139,344.958,269.161,57.821
371.425,346.885,269.675,57.213
386.394,346.682,271.436,56.923
380.345,346.231,271.758,56.820
377.991,346.425,272.490,56.610
367.430,346.772,273.035,56.453
354.820,346.854,273.268,56.296
372.072,345.916,273.654,56.507
370.442,342.326,271.841,57.288
363.596,345.784,269.761,56.797
367.141,345.779,269.318,56.800
365.423,345.840,268.002,56.944
368.020,345.871,268.124,56.947
374.486,346.315,268.529,56.868
378.843,343.573,268.035,57.409
367.965,344.607,266.126,57.310
371.321,346.427,267.289,57.020
379.713,344.091,267.725,57.314
384.835,342.727,268.459,57.506
374.521,344.081,268.590,57.362
386.622,343.632,269.425,57.423
388.949,343.894,270.467,57.478
376.853,344.021,270.723,57.606
372.757,344.198,270.786,57.694
367.946,344.815,269.597,57.823
364.972,346.320,269.983,57.697
368.399,345.354,269.563,58.057
355.692,345.832,269.056,58.105
372.309,344.889,269.647,58.467
366.689,345.879,268.557,58.408
364.392,346.970,268.816,58.210
375.573,346.266,268.687,58.346
376.988,344.461,268.228,58.643
366.869,344.463,266.643,58.581
358.918,345.868,265.927,58.362
373.226,344.531,266.137,58.321
384.237,344.292,268.127,58.116
380.841,345.062,268.617,57.972
395.945,345.395,271.087,57.881
387.598,345.202,272.331,57.989
383.269,345.522,273.973,57.894
400.772,346.265,276.287,58.015
390.319,346.666,278.532,58.235
384.432,346.071,280.311,58.443
385.209,347.027,282.183,58.496
376.099,346.711,283.467,58.955
374.080,347.046,284.932,59.209
385.747,345.645,285.653,59.907
373.012,346.154,286.478,60.306
371.634,345.119,287.178,60.819
371.935,344.514,287.963,61.157
394.224,343.937,289.278,61.576
384.678,344.194,290.129,61.847
377.067,344.311,291.345,62.022
370.222,345.229,292.061,62.150
367.103,345.688,292.983,62.258
384.670,345.391,294.484,62.550
377.558,344.408,295.191,62.951
381.953,345.352,296.656,62.969
377.060,345.678,297.833,63.050
374.960,345.038,299.010,63.329
380.279,345.464,299.917,63.443
380.489,345.643,300.783,63.641
384.394,346.127,302.833,63.549
377.387,347.474,304.815,63.400
381.048,344.652,307.376,63.537
377.169,343.744,307.849,63.663
387.692,344.931,309.869,63.553
394.395,343.406,312.577,63.770
404.327,342.916,314.621,64.052
413.394,340.769,317.147,64.531
419.591,340.783,319.048,64.900
422.485,340.699,321.223,65.293
411.911,339.538,323.948,65.895
431.211,337.016,326.786,66.429
426.778,335.166,330.663,66.678
413.587,332.627,333.666,67.165
429.056,332.681,338.063,67.362
424.904,333.779,342.420,67.438
409.877,332.188,346.326,67.853
418.089,334.202,348.921,68.080
424.107,335.146,353.132,68.299
424.167,332.437,357.229,68.940
427.257,332.649,360.897,69.168
438.242,329.578,364.763,69.624
402.084,327.700,368.314,70.294
395.343,329.317,371.308,70.547
390.349,330.469,373.790,70.887
382.273,333.167,376.176,71.369
381.661,332.048,377.358,71.972
389.566,334.146,379.050,72.382
375.386,331.633,380.940,73.124
364.623,334.525,381.234,73.445
365.213,332.900,381.258,74.243
367.937,335.048,381.574,74.316
368.987,333.665,381.759,74.895
368.518,334.339,382.378,75.346
362.370,328.461,382.326,76.355
377.581,333.457,385.279,76.210
368.263,332.636,386.149,76.388
360.524,334.318,385.746,76.504
369.095,331.493,385.972,77.036
365.399,334.175,385.927,76.892
353.456,328.554,384.117,77.932
342.132,331.857,383.037,78.327
364.237,331.875,382.529,78.669
348.193,331.139,382.314,78.926
340.747,333.024,381.311,79.234
321.754,326.117,377.732,80.225
330.748,330.650,374.245,80.080
313.026,329.423,372.535,80.655
326.385,335.385,369.898,80.180
336.850,328.306,366.606,80.845
321.249,335.275,365.199,80.524
328.233,329.182,362.957,81.458
338.341,332.622,359.570,81.183
341.709,331.612,357.527,81.597
352.601,329.776,355.020,81.824
355.777,335.955,352.812,81.095
336.761,329.664,349.963,81.355
342.564,334.604,348.023,80.572
349.037,325.428,345.066,80.686
334.583,332.034,343.555,79.989
348.895,329.757,340.682,80.260
345.537,336.319,338.311,79.245
347.979,328.197,335.926,79.569
331.819,334.919,334.427,78.841
346.403,329.141,332.870,79.320
347.108,331.708,331.580,79.017
344.078,329.037,330.003,79.607
363.341,335.877,329.144,78.444
362.131,332.195,327.751,78.914
349.853,329.451,325.356,79.040
353.759,331.628,324.187,78.667
349.411,329.516,322.061,78.988
362.235,332.857,321.939,78.120
374.936,329.158,321.693,77.938
358.597,332.333,320.626,77.219
354.216,332.538,319.680,76.829
353.157,334.076,318.127,76.305
371.960,329.952,318.194,76.450
365.582,329.112,317.182,76.165
366.828,333.852,316.030,75.428
371.812,330.768,315.861,75.619
366.568,333.584,314.834,75.007
361.370,330.734,314.368,75.150
354.020,333.858,313.550,74.837
362.909,331.523,313.486,75.104
357.246,337.027,312.412,74.155
353.775,335.667,311.378,74.389
354.810,333.743,310.085,74.726
354.221,334.589,308.499,74.663
347.748,336.390,307.398,74.337
348.948,332.140,307.449,74.700
355.740,332.801,307.169,74.497
353.058,336.486,305.369,74.087
347.890,333.539,303.683,74.406
354.463,336.716,302.254,73.840
350.334,333.122,301.091,74.176
349.765,333.084,299.818,73.932
354.439,334.531,298.611,73.418
346.813,334.518,296.756,73.317
345.108,335.227,295.038,73.045
340.168,335.257,293.418,72.920
349.011,334.664,290.562,72.747
323.341,334.039,288.983,72.600
340.770,334.342,286.566,72.361
346.791,335.500,283.937,71.848
336.887,334.736,282.295,71.850
350.654,332.915,280.938,71.785
340.598,335.747,278.840,71.048
352.940,336.180,277.518,70.601
345.428,336.338,275.887,70.311
349.684,338.467,274.125,69.789
354.872,338.136,271.910,69.577
354.882,337.304,269.877,69.176
349.102,338.664,268.104,68.293
356.516,335.349,265.691,68.507
352.783,338.215,264.278,67.739
355.006,338.110,262.678,67.284
356.804,338.759,261.547,66.540
364.862,338.146,259.803,66.168
349.592,337.967,258.363,65.837
362.552,337.900,257.720,65.389
353.647,341.360,257.022,64.448
365.443,341.452,255.749,63.936
355.884,341.910,254.979,63.385
358.539,343.318,253.255,62.411
359.209,340.631,251.141,62.223
361.559,342.954,249.679,61.474
355.544,343.130,248.081,60.949
362.800,341.804,245.713,60.683
358.585,344.142,244.269,59.671
349.299,344.442,242.477,59.196
351.520,344.661,240.612,58.507
350.598,344.689,238.165,58.000
350.684,345.818,236.283,57.343
349.750,345.671,234.695,56.877
359.840,345.253,234.415,56.480
358.723,347.075,234.242,55.870
355.117,345.814,234.550,55.580
349.735,346.394,233.549,55.173
343.112,346.116,231.427,54.803
360.714,346.384,231.634,54.251
356.907,347.525,231.625,53.700
343.567,346.925,229.361,53.540
358.363,348.769,229.490,52.884
351.219,347.928,228.211,52.730
361.188,347.976,227.719,52.451
352.246,347.885,225.779,52.265
357.455,348.671,224.877,51.885
348.313,349.322,223.034,51.567
359.988,350.044,222.812,51.162
357.528,348.133,221.060,51.335
373.412,351.780,222.813,50.576
359.003,350.668,222.407,50.473
382.241,349.400,224.891,50.346
366.341,350.438,226.269,50.033
381.624,351.240,229.637,49.731
392.032,351.496,233.983,49.619
390.429,350.418,237.926,49.748
393.693,350.155,242.706,49.880
406.191,348.873,247.555,50.282
419.406,347.142,251.984,50.803
422.497,346.113,254.310,51.161
407.997,347.698,255.010,51.500
401.704,346.694,257.102,52.066
390.154,346.219,260.073,52.772
409.633,346.427,262.703,53.035
396.706,347.280,264.699,53.246
391.870,346.469,266.987,53.772
398.215,345.714,269.261,54.116
394.214,344.400,270.336,54.809
399.091,344.499,272.591,55.223
391.558,344.166,274.325,55.806
396.654,343.401,277.518,56.095
397.655,343.934,279.377,56.179
410.654,341.496,278.026,56.501
400.283,342.648,280.298,56.634
404.867,342.656,285.203,56.780
394.311,343.277,288.507,57.084
396.112,342.853,292.968,57.248
391.845,343.219,295.870,57.530
391.754,343.867,299.145,57.709
388.825,343.712,301.873,57.937
377.843,344.091,302.862,58.314
369.561,343.575,303.497,58.724
378.916,343.124,305.042,58.957
374.314,342.000,306.191,59.540
367.172,341.165,306.076,60.069
368.212,342.595,305.955,60.172
374.275,341.895,307.084,60.590
361.612,340.568,307.240,61.101
374.575,342.881,308.366,61.065
382.008,340.783,310.723,61.522
389.084,341.180,312.492,61.790
377.661,340.888,314.103,62.202
367.200,339.994,314.979,62.873
386.544,339.143,318.924,63.091
408.230,340.069,321.474,63.189
411.875,337.584,326.050,63.724
414.361,334.294,329.608,64.503
428.426,333.708,333.687,64.998
430.205,335.564,337.681,65.160
397.941,336.276,340.941,65.489
398.151,337.090,344.470,65.874
407.247,335.666,348.105,66.423
405.047,335.337,351.353,66.988
412.466,337.297,354.766,67.155
399.203,334.741,358.114,67.732
399.610,336.652,361.004,67.911
409.738,335.527,364.357,68.266
387.640,335.665,366.385,68.509
395.463,334.945,367.495,68.843
355.837,336.672,369.882,68.898
374.618,336.581,373.926,69.127
411.108,334.479,376.746,69.376
417.182,331.068,379.503,69.921
387.567,332.051,381.176,70.494
373.942,332.829,382.317,70.983
386.969,330.967,383.420,71.366
362.791,329.782,383.777,72.408
365.756,335.978,385.722,72.012
432.816,330.080,386.739,72.338
415.067,330.850,390.431,72.628
410.278,330.337,393.824,72.957
390.840,332.336,397.128,72.870
393.845,329.037,398.827,73.609
397.271,327.089,402.716,74.070
406.320,325.682,406.885,74.544
374.373,326.873,409.194,74.947
385.107,326.866,411.267,75.408
384.690,322.963,414.031,76.449
386.737,324.927,417.559,76.548
385.997,327.631,421.391,76.629
381.294,323.440,424.277,77.736
394.139,326.565,428.509,77.887
366.286,326.122,431.226,78.747
391.912,326.038,435.961,79.179
350.589,322.726,437.480,80.284
353.501,322.331,439.396,80.851
376.348,321.589,443.150,81.520
328.339,320.882,442.463,82.129
311.278,321.134,440.075,82.952
331.233,320.964,438.213,83.816
333.912,320.535,437.839,84.381
351.266,318.565,439.339,84.963
358.499,317.805,440.621,85.146
321.090,320.691,442.039,84.915
353.088,320.930,444.921,85.162
347.814,323.276,447.106,85.233
336.689,318.390,447.240,86.256
340.838,318.520,450.117,86.535
322.180,317.449,451.020,87.060
295.426,320.432,447.848,87.401
319.908,323.841,446.182,87.616
293.467,326.061,443.876,87.876
294.228,319.744,439.832,88.982
294.583,322.660,436.354,89.247
290.005,327.307,432.953,89.375
291.686,321.363,430.831,89.877
302.377,317.578,428.353,90.919
296.307,317.935,425.633,91.002
302.179,319.015,423.790,91.007
289.137,320.662,419.034,91.041
302.405,321.141,416.366,91.234
297.428,321.001,412.282,91.307
299.139,317.644,408.801,91.695
307.336,327.049,407.232,90.801
306.741,313.173,405.246,91.005
297.950,317.064,402.671,90.966
295.771,319.182,400.432,91.048
306.057,318.666,399.329,91.358
309.218,321.010,397.105,91.302
294.260,320.696,394.099,91.179
305.616,322.241,392.142,90.955
307.862,323.405,391.216,90.698
305.002,315.578,389.746,91.021
312.436,317.170,388.823,91.063
303.120,319.002,387.090,91.039
324.202,320.910,387.045,91.157
306.010,322.543,385.622,91.054
302.500,319.193,384.053,91.146
306.558,319.910,383.334,91.513
298.094,317.669,382.054,91.622
316.812,320.923,382.095,91.104
301.845,319.372,380.668,90.747
304.525,323.042,379.376,90.435
304.760,316.659,377.735,90.036
295.441,318.298,377.302,89.840
322.987,321.793,377.367,89.710
291.923,321.480,375.987,89.404
304.393,320.444,376.492,89.242
291.321,319.063,375.773,89.334
290.054,328.944,375.169,88.581
312.004,316.571,377.052,88.994
295.652,320.028,376.898,88.541
296.880,321.209,376.863,88.922
297.339,321.448,376.722,88.893
293.160,322.755,376.209,88.925
300.760,319.584,376.479,88.886
294.450,322.136,376.290,88.678
291.734,321.918,376.258,88.789
294.346,322.368,376.507,88.785
299.085,321.461,377.453,88.937
295.948,323.077,377.318,89.087
297.302,316.733,377.668,89.440
291.854,317.240,378.694,89.804
292.593,320.535,379.038,89.731
284.043,319.565,379.577,90.350
292.792,316.943,381.298,90.930
296.439,319.306,381.451,90.816
300.174,316.817,382.930,91.335
283.722,318.857,382.394,91.151
298.039,318.399,384.744,90.987
290.526,314.475,385.086,91.470
292.677,313.052,386.257,91.653
286.710,312.518,386.415,92.085
286.892,313.415,386.812,92.331
286.256,312.234,387.618,92.373
282.649,311.340,388.195,92.593
294.730,310.816,389.789,92.911
295.036,311.466,389.922,93.218
284.446,312.957,389.751,93.343
274.866,310.631,389.715,93.652
281.224,310.336,390.136,93.945
281.363,310.166,390.476,94.278
282.403,309.084,391.137,94.592
279.705,308.403,391.251,94.540
280.294,307.947,391.905,94.767
264.174,306.417,393.934,94.950
283.022,304.628,396.378,95.254
260.445,305.721,398.733,95.543
276.542,305.222,401.099,96.007
262.887,305.758,404.372,96.389
266.900,306.213,405.391,96.671
259.187,305.018,406.673,97.033
264.828,304.131,407.270,97.572
254.934,304.014,409.263,97.705
258.228,302.103,410.194,98.088
256.890,308.166,409.478,98.232
255.916,303.526,409.640,98.464
255.431,302.244,410.992,98.845
253.192,303.216,411.135,98.651
255.665,303.044,411.813,98.965
248.853,303.875,412.617,99.054
255.633,305.167,412.987,99.127
245.965,305.782,414.330,99.208
253.302,304.322,414.193,99.439
250.396,304.699,415.256,99.588
246.413,306.190,414.356,99.831
249.908,304.041,413.070,100.031
246.943,303.899,413.548,100.164
247.195,300.304,414.898,100.348
243.740,305.453,412.535,99.796
240.819,303.777,411.021,99.718
247.163,303.035,410.854,99.714
247.884,304.835,409.761,99.479
239.664,302.516,408.008,99.589
241.408,306.716,406.482,98.893
239.586,303.388,403.832,98.870
243.894,304.766,402.828,98.307
235.818,303.686,400.752,98.239
240.615,305.399,400.331,97.761
235.098,305.170,397.010,97.448
233.814,306.000,394.439,97.088
237.227,307.130,392.648,96.620
234.416,309.287,390.550,95.986
251.626,313.922,390.200,95.065
229.145,317.979,387.178,94.231
244.184,317.988,385.843,93.854
240.266,321.556,384.254,93.129
226.313,319.051,380.980,92.867
234.977,316.336,379.502,92.773
214.089,320.734,376.618,91.489
219.563,322.312,374.043,90.678
236.515,322.280,371.412,89.511
224.858,322.763,372.168,88.710
223.599,324.248,369.984,87.778
228.457,328.499,368.338,86.199
224.525,323.209,367.678,86.155
213.416,324.947,364.558,85.041
229.653,328.164,363.947,83.653
207.816,325.075,362.006,83.176
229.826,326.323,362.255,81.908
235.609,330.333,364.413,79.935
224.408,328.759,365.593,79.393
243.228,331.055,368.940,78.125
355.145,330.663,373.641,77.360
385.922,331.181,377.082,76.152
409.896,328.966,380.768,75.510
381.123,329.683,379.185,74.931
365.167,331.940,377.991,74.082
373.684,332.892,376.294,73.456
373.406,334.709,375.879,72.599
373.250,335.366,376.253,72.186
374.069,334.383,375.345,72.141
330.491,334.976,374.473,71.855
354.034,335.783,373.342,71.574
349.701,325.968,371.987,72.366
335.960,327.443,369.777,72.645
322.000,329.186,367.740,72.727
302.565,332.855,368.174,72.555
