479.000,182.000,139.000,323.000
472.959,180.738,138.549,318.700
471.146,187.688,136.151,312.725
460.665,194.423,136.975,310.931
446.115,189.924,138.281,312.420
430.848,190.133,138.905,313.207
418.523,194.014,139.282,310.807
413.367,193.903,137.190,310.809
410.189,184.898,134.802,317.996
408.395,179.214,133.327,324.802
406.352,184.600,132.870,323.565
404.318,180.243,132.771,325.997
406.383,190.584,133.382,322.594
400.606,185.612,136.776,323.379
400.807,187.490,139.634,322.739
398.187,185.807,144.592,322.117
395.180,184.468,148.370,320.139
394.826,184.646,151.220,319.848
392.898,188.179,154.388,321.043
406.874,188.467,153.069,319.032
406.080,191.633,150.013,317.791
413.255,194.193,146.136,317.005
419.852,199.585,141.342,319.019
424.130,201.130,138.866,320.149
429.855,205.324,135.498,321.600
430.845,202.804,133.099,323.615
433.230,201.030,133.264,323.142
433.722,203.264,135.514,318.703
438.245,198.246,136.410,320.832
440.215,202.207,136.455,316.823
437.228,196.404,138.797,319.341
440.002,196.542,139.131,317.569
435.626,195.099,142.735,316.156
437.255,191.971,142.411,316.765
431.684,190.051,145.676,315.657
432.387,188.314,147.017,311.453
430.652,186.003,149.561,311.633
429.409,182.746,151.101,311.714
429.136,180.130,151.475,311.775
430.918,178.639,150.201,312.753
430.791,179.569,148.644,316.018
429.983,180.084,147.408,318.101
431.136,180.519,145.239,317.055
430.554,185.196,142.872,317.956
431.369,179.437,141.398,320.844
428.427,185.106,140.621,315.957
426.264,170.800,141.459,320.876
427.522,172.084,142.732,319.010
427.455,174.481,144.515,318.524
428.350,169.823,146.574,319.137
427.544,173.913,148.559,317.188
422.505,176.517,151.511,314.661
419.995,179.773,155.682,312.254
413.903,182.497,160.503,310.554
412.950,179.280,162.085,312.513
413.136,172.270,163.633,317.690
413.889,169.989,163.967,318.638
419.881,167.024,161.584,320.841
418.584,164.077,160.327,321.554
424.433,164.289,157.739,322.348
429.904,168.489,155.209,317.899
435.001,177.715,153.638,311.153
442.178,180.215,149.738,311.075
445.654,181.027,145.679,311.331
449.544,180.160,143.941,313.767
447.526,186.762,144.365,308.389
446.015,200.374,147.687,301.353
442.663,186.190,151.060,305.231
437.840,204.307,157.641,299.702
425.002,208.108,168.789,295.513
422.555,205.978,175.699,293.787
403.697,212.397,191.451,290.495
408.255,211.273,194.763,285.212
390.757,213.819,206.796,283.205
375.162,216.707,221.662,282.143
372.048,209.213,230.314,289.964
369.451,211.367,238.736,291.768
380.710,215.801,236.286,290.527
356.361,229.690,239.947,282.692
327.394,227.363,227.693,279.530
311.532,223.331,219.898,284.376
321.116,223.365,200.699,284.023
316.148,217.184,183.469,288.018
307.261,213.654,175.007,291.265
299.146,211.741,169.145,295.275
285.434,204.853,166.133,297.175
257.230,214.294,167.277,304.335
229.329,213.157,175.686,298.721
213.546,229.769,183.529,310.310
192.853,231.110,196.115,323.886
188.077,229.611,207.108,340.170
185.169,214.818,208.743,347.371
159.719,214.366,212.868,346.484
127.277,224.717,217.059,360.750
105.753,230.802,223.865,372.424
88.261,233.189,227.537,383.003
89.241,234.690,227.185,391.756
78.162,226.116,221.534,392.766
59.949,236.275,233.178,395.410
52.105,240.991,238.153,400.679
50.643,234.374,239.453,407.601
41.890,232.292,244.120,408.347
24.695,241.961,250.169,412.103
25.799,241.834,251.100,415.527
24.584,232.823,250.225,431.549
36.797,228.679,246.701,440.884
37.325,229.879,250.131,446.944
54.854,227.949,240.631,450.371
68.109,239.587,230.562,446.791
89.046,243.671,219.302,442.347
98.614,254.217,219.004,436.176
87.674,274.065,226.540,429.251
99.640,259.801,234.706,430.161
105.950,264.262,244.434,434.731
125.315,238.282,250.898,444.963
136.633,237.238,250.003,455.563
158.364,222.736,253.507,469.256
187.207,223.169,253.869,478.074
206.280,221.891,243.150,480.576
223.470,237.868,233.161,478.213
243.384,232.577,234.185,477.804
262.954,241.296,235.596,474.346
267.617,243.143,234.565,468.700
296.001,254.563,234.748,458.843
322.905,249.875,245.433,459.687
315.211,244.204,251.750,459.483
331.212,240.991,254.287,459.876
347.247,232.626,249.083,457.944
364.408,224.442,239.945,455.425
388.641,209.867,225.498,452.410
415.594,200.820,210.485,449.386
433.449,199.644,200.280,440.686
445.654,200.337,193.578,430.026
459.070,203.429,188.163,422.708
470.165,205.479,183.413,411.888
481.265,213.093,178.700,406.291
491.829,215.032,174.716,401.309
502.021,213.934,167.965,396.907
514.537,211.610,162.036,390.765
520.724,210.688,155.994,382.288
522.860,202.356,150.378,381.459
526.384,201.387,145.948,373.544
531.833,196.985,140.853,364.478
534.614,196.969,136.930,356.746
540.097,196.614,135.926,351.065
541.231,195.349,133.721,345.639
544.041,193.333,133.929,337.305
548.543,195.900,133.819,330.369
546.671,201.419,136.541,329.355
543.255,199.893,138.174,324.959
538.898,203.528,143.576,323.539
530.264,205.103,150.163,321.313
523.730,200.874,156.315,318.266
520.391,200.085,159.735,318.012
512.099,193.677,159.213,313.804
506.814,189.451,157.506,314.705
506.041,181.827,153.563,314.578
500.089,177.708,149.028,314.685
498.343,172.255,145.567,316.591
497.085,168.821,143.699,317.253
494.228,167.459,142.316,320.249
490.296,169.061,142.495,321.913
486.268,173.550,144.336,322.669
480.050,174.543,146.428,322.782
479.269,179.586,148.028,320.605
479.627,184.981,147.781,316.560
476.019,181.783,150.508,317.835
475.500,181.683,152.905,314.554
470.129,176.479,160.019,314.948
472.796,173.797,161.201,311.306
467.470,178.597,165.807,310.685
465.994,173.751,163.164,310.237
463.988,171.294,160.557,312.400
463.838,167.858,158.359,315.810
463.008,167.367,157.205,317.715
466.877,166.771,155.143,318.485
471.421,165.356,151.298,318.221
474.768,169.729,148.581,319.984
474.969,166.582,146.750,323.286
476.534,162.157,147.346,325.697
477.095,166.300,147.083,322.817
473.859,168.370,147.775,322.524
476.096,168.459,147.675,320.501
475.382,168.731,147.649,317.449
465.530,171.305,155.765,317.709
463.467,173.128,162.272,317.858
463.719,177.773,164.556,312.468
467.303,178.209,164.695,308.556
469.288,183.855,165.447,303.349
473.383,183.331,167.594,303.639
481.861,184.775,168.371,301.387
490.380,186.383,172.163,297.705
490.938,190.132,177.594,295.826
491.340,197.611,181.248,292.855
491.719,201.201,183.433,287.779
490.244,202.530,187.862,286.199
494.173,201.581,193.426,288.651
494.240,197.183,201.252,288.750
496.610,195.672,209.099,289.391
499.756,195.547,216.826,289.038
500.785,191.621,221.594,290.537
500.560,190.695,223.633,290.257
499.202,190.729,222.181,289.608
498.181,190.977,216.779,289.924
496.900,194.128,212.774,291.320
492.391,195.802,208.554,292.690
489.226,189.640,206.847,294.660
491.993,189.445,204.153,295.335
493.921,189.472,202.449,296.595
495.835,192.707,198.829,293.682
495.285,197.009,198.385,292.560
489.666,201.960,203.068,291.043
486.251,195.822,209.206,293.411
478.090,191.983,217.656,294.408
477.227,184.819,217.632,296.529
473.284,187.781,213.518,296.721
475.287,183.105,205.536,298.956
476.778,185.033,192.036,300.877
479.072,188.600,180.609,298.444
480.761,189.824,172.430,298.781
482.949,186.986,168.133,301.997
490.856,187.829,162.664,301.920
493.552,196.123,161.496,296.922
487.724,195.015,167.994,298.864
485.958,194.987,171.902,300.326
481.620,187.621,174.973,305.202
481.816,191.443,176.337,303.925
481.990,187.682,175.973,304.909
484.729,183.962,173.601,304.060
488.057,182.918,174.002,306.048
487.721,178.054,174.873,310.272
489.542,180.427,173.350,307.635
489.661,181.127,174.256,308.116
488.788,182.994,175.484,308.722
488.303,184.980,174.795,303.683
489.327,187.579,174.029,300.007
482.454,186.409,180.114,301.840
482.291,194.995,182.826,297.931
480.766,210.866,184.501,285.039
483.224,195.936,184.342,293.826
480.727,192.462,186.270,297.854
480.074,184.687,186.954,303.440
483.264,187.762,184.660,300.186
486.189,181.867,183.687,304.737
487.892,187.553,182.592,305.679
491.238,181.699,182.674,309.880
491.381,183.431,184.030,311.868
489.665,184.829,185.016,310.398
489.534,186.669,182.822,309.184
487.735,192.096,184.840,304.989
485.424,205.252,187.753,297.055
485.124,201.827,186.669,294.361
485.634,209.706,187.256,287.767
483.443,204.625,188.141,288.330
487.920,200.853,186.851,293.163
490.411,201.276,184.531,293.689
492.289,200.636,182.892,295.012
497.535,200.620,180.467,294.749
511.427,200.165,174.682,292.136
514.031,198.779,171.432,293.677
514.483,206.567,167.263,289.403
515.407,208.161,164.356,287.167
519.174,216.498,163.577,281.618
520.230,213.266,164.826,282.697
521.721,209.590,166.586,282.138
526.271,204.564,169.401,283.166
528.685,198.039,176.946,291.171
526.653,192.302,182.546,297.706
523.245,188.785,183.044,301.929
523.790,192.058,181.835,301.403
527.816,186.465,182.743,306.121
531.089,191.591,183.740,309.988
534.979,178.923,183.494,318.889
542.207,173.511,177.140,328.625
560.111,171.133,175.007,332.524
565.583,169.974,168.148,333.221
569.271,171.981,156.407,333.888
574.944,175.187,144.413,337.691
582.497,179.639,134.556,335.289
587.198,178.203,129.513,334.544
587.903,178.695,128.740,334.589
586.002,176.751,130.881,338.953
575.879,169.630,137.973,343.248
569.536,166.192,144.886,345.337
563.717,157.800,150.700,347.749
551.828,153.715,160.124,352.105
542.881,149.211,168.984,351.654
537.882,142.816,173.039,348.545
536.622,144.036,174.972,347.275
546.167,142.125,168.960,347.956
541.383,140.215,167.578,351.551
543.061,148.537,165.731,350.564
535.883,147.858,166.771,351.057
533.018,163.601,170.802,344.632
529.393,163.295,173.906,342.437
525.706,170.226,179.064,338.733
520.662,171.106,183.059,329.989
517.424,171.577,187.114,323.363
515.259,180.988,190.589,316.945
510.506,187.136,193.094,308.856
509.491,182.370,195.634,306.826
504.865,185.477,199.182,304.750
504.286,183.853,201.773,305.378
507.510,183.860,200.043,303.438
514.116,181.064,196.086,305.138
520.520,186.313,191.513,305.173
524.179,189.939,188.474,306.677
530.254,188.686,187.162,310.741
533.643,197.027,184.511,307.201
526.483,194.580,186.210,306.107
524.086,202.646,185.967,298.099
510.508,207.469,188.106,291.091
508.791,218.003,188.172,282.445
504.057,218.610,191.742,282.696
505.031,216.374,192.164,282.446
502.223,223.815,194.202,278.462
495.381,223.877,199.928,271.760
490.848,226.645,206.594,269.339
486.618,230.195,214.786,267.065
485.102,218.027,224.303,271.631
476.251,220.738,233.541,270.263
467.619,218.794,243.942,270.986
467.289,213.405,248.860,276.000
457.953,224.660,253.488,275.894
439.038,222.872,258.144,272.684
419.371,218.979,260.329,272.140
407.508,221.954,253.428,272.711
391.705,219.952,242.520,270.540
374.295,214.935,231.525,270.612
352.928,212.137,220.483,273.754
301.036,196.942,222.693,277.595
299.231,196.198,218.062,282.200
269.901,188.162,217.605,282.628
268.772,191.981,212.884,284.156
258.346,198.280,206.955,286.990
255.921,197.160,205.265,283.892
245.799,203.803,200.595,283.716
236.784,214.892,195.853,291.992
234.249,233.735,194.453,299.321
226.130,215.727,194.066,300.856
213.392,227.850,191.030,306.878
208.127,209.234,185.704,299.665
204.203,196.654,179.936,287.448
205.747,201.240,173.541,274.827
204.461,198.769,164.485,261.870
206.544,201.029,154.137,253.152
208.687,202.177,145.958,246.845
216.204,203.667,140.856,243.780
214.031,201.069,136.582,242.586
207.310,202.317,138.415,241.665
201.616,206.606,144.369,240.947
197.712,209.260,150.666,240.051
194.340,211.504,154.070,240.225
192.361,215.901,156.392,242.183
192.000,211.107,159.188,239.074
193.308,214.107,166.595,238.365
197.140,212.331,173.383,237.011
198.272,209.803,180.313,235.159
203.785,206.931,184.107,233.962
217.473,205.665,183.303,234.279
239.505,195.335,177.510,232.672
252.373,195.133,168.577,232.651
259.910,188.677,162.385,231.320
270.381,191.213,158.053,231.950
287.296,184.394,153.694,227.174
297.429,180.250,147.184,225.511
311.026,180.670,142.342,223.426
333.316,180.004,136.584,222.654
351.115,180.434,134.594,222.720
362.545,183.512,127.948,223.028
371.684,187.191,121.138,223.370
376.380,193.590,119.650,220.261
384.794,208.849,119.182,217.464
405.520,198.366,117.906,214.327
419.385,197.974,111.591,213.246
432.775,204.113,103.154,215.412
449.932,206.191,98.452,220.257
463.732,198.168,95.131,224.461
468.967,203.197,95.351,232.324
478.560,191.671,91.933,228.992
485.665,200.165,92.165,228.123
492.717,195.940,90.456,220.466
505.089,196.965,93.919,219.258
514.470,199.409,102.634,219.021
520.378,199.089,113.580,223.790
525.533,197.086,125.333,230.839
524.514,197.052,135.598,234.758
525.008,195.245,140.565,233.526
527.074,199.351,141.379,231.723
534.327,199.241,139.079,232.588
543.608,196.958,133.052,233.484
544.830,195.507,130.712,241.320
548.219,195.966,128.519,245.849
550.074,196.735,127.342,251.117
553.659,200.824,127.868,254.651
558.188,200.999,129.358,259.376
557.044,202.201,133.740,261.118
553.349,204.631,139.431,258.806
551.573,207.697,145.457,259.068
547.973,211.721,151.293,258.746
546.420,208.918,154.774,259.933
541.866,212.021,155.865,261.335
536.975,211.671,150.338,262.000
535.377,215.017,144.780,267.690
538.399,217.463,139.502,276.353
541.973,217.435,134.503,281.795
544.572,214.739,131.357,283.056
542.374,213.361,131.187,284.659
539.510,213.898,132.881,285.755
528.390,213.398,139.121,286.886
525.874,215.022,144.024,288.038
512.502,216.243,152.949,290.680
504.427,224.317,160.216,292.954
498.150,221.441,165.877,293.546
492.408,225.046,170.619,294.675
488.800,226.788,172.280,292.530
487.138,231.430,174.123,288.755
485.388,223.692,172.726,292.817
488.203,225.339,170.443,290.095
489.313,229.898,168.290,287.945
489.556,224.551,167.829,290.588
489.948,231.251,166.978,286.892
492.540,231.417,164.345,283.628
492.022,230.875,166.686,285.681
490.053,233.063,170.674,286.212
486.406,233.104,174.234,289.116
484.295,237.318,176.662,287.923
483.280,239.104,178.850,286.613
483.552,242.781,179.309,281.330
485.406,245.828,178.988,277.410
485.456,245.431,177.477,276.574
485.079,248.988,178.823,276.345
485.609,248.289,177.244,274.558
484.480,250.243,177.323,277.864
483.513,247.373,177.764,280.533
485.688,247.841,176.590,283.242
493.527,243.716,169.176,281.114
503.762,246.216,162.102,277.298
508.158,247.125,155.192,275.129
505.966,245.757,155.346,277.227
507.084,246.800,154.862,279.151
499.994,243.657,159.108,280.643
499.138,246.663,161.499,280.525
498.591,244.522,162.637,280.935
498.834,242.453,164.085,283.504
497.589,247.544,165.253,282.695
498.392,244.396,162.487,283.293
499.243,244.352,158.918,282.169
498.720,244.908,154.433,280.987
498.741,246.109,155.117,280.293
502.482,243.868,150.520,278.422
497.682,248.464,152.725,277.585
495.563,249.946,153.469,275.421
491.845,249.041,154.388,275.292
493.137,253.040,154.504,273.190
492.324,252.777,153.597,273.758
493.869,253.755,153.254,274.279
492.938,253.748,153.638,275.787
489.579,253.573,155.954,277.739
487.713,249.871,156.946,274.423
491.032,253.759,156.568,273.202
484.871,253.006,158.742,273.602
485.707,253.673,159.998,274.603
486.743,251.371,160.370,277.381
486.585,250.529,162.646,280.053
487.976,252.436,163.264,281.680
489.485,253.103,163.015,282.182
489.766,250.865,162.792,283.398
485.464,248.390,164.279,285.161
485.571,251.543,165.249,281.797
479.336,252.987,168.442,281.453
476.562,252.659,170.395,280.875
477.181,257.191,168.967,277.254
476.524,255.375,169.363,278.303
472.224,255.188,171.564,279.513
472.345,258.729,170.904,276.268
474.274,268.246,170.772,271.997
475.591,264.392,167.933,268.237
480.051,264.939,164.418,270.293
489.296,260.131,157.142,271.619
497.843,265.192,149.882,272.285
498.946,262.903,144.692,270.143
502.779,261.354,140.491,267.547
505.537,266.846,139.079,267.498
505.688,267.583,137.119,268.074
504.908,259.362,136.332,270.937
510.898,264.003,137.835,273.484
510.274,253.086,141.532,277.836
510.386,247.423,144.988,285.944
511.322,243.739,149.468,291.413
511.190,238.211,154.108,294.548
509.806,233.676,161.043,299.086
504.694,238.665,162.353,297.672
510.489,230.622,164.334,299.019
510.772,232.937,168.464,299.981
510.543,230.668,169.361,302.005
506.968,231.330,166.127,305.630
508.097,240.675,162.018,305.410
510.851,233.046,155.418,311.180
514.207,232.719,155.263,316.260
514.573,228.249,156.013,316.581
508.336,231.964,160.936,318.006
502.192,229.340,165.670,322.311
490.007,229.417,171.916,322.880
480.035,223.344,179.053,323.660
474.643,217.569,184.730,325.184
467.827,213.171,190.203,324.032
465.548,212.642,190.589,323.205
466.466,212.016,188.767,317.215
473.983,210.025,185.822,314.785
475.009,214.636,184.364,311.860
478.198,217.528,182.595,306.859
479.744,226.284,181.080,301.700
475.726,243.670,184.985,288.556
469.071,252.743,191.207,286.346
466.058,251.101,199.010,275.308
469.923,255.672,197.989,266.648
462.019,255.531,203.016,265.889
460.250,256.747,207.622,265.295
453.891,251.450,213.611,267.461
455.450,250.027,214.373,270.818
460.554,247.246,210.669,272.628
461.835,251.367,207.971,274.324
467.544,246.289,202.529,277.830
472.655,249.987,195.193,277.722
480.042,241.160,186.780,278.549
482.585,249.145,180.573,278.645
480.792,251.947,179.015,280.765
479.856,253.784,178.414,283.331
478.157,250.235,176.366,289.030
480.585,247.528,173.708,292.776
481.536,242.287,172.088,297.787
486.104,239.243,169.373,300.576
485.769,234.548,169.745,307.219
487.075,228.212,171.727,313.589
489.494,222.643,173.085,318.317
490.935,217.635,175.336,325.634
491.447,212.067,179.514,330.985
491.058,213.989,184.740,331.741
491.269,208.264,189.405,334.486
490.717,210.262,190.745,335.159
493.866,212.379,188.222,331.639
497.444,220.837,185.843,327.172
501.916,223.719,183.177,327.173
501.344,231.907,181.569,320.670
502.465,238.929,180.935,311.636
504.873,244.876,183.586,306.171
505.074,254.533,183.909,297.887
508.505,258.767,187.225,291.485
511.730,263.107,195.030,287.719
511.855,268.538,204.261,281.722
507.589,271.061,211.339,275.915
510.117,273.883,219.569,272.152
507.927,276.089,228.633,269.227
503.448,279.619,235.970,265.105
500.979,278.235,243.472,261.875
500.656,279.889,249.027,258.960
499.103,281.110,251.471,255.758
502.620,280.302,254.026,253.083
503.819,281.857,253.228,249.212
507.050,281.617,254.042,247.401
509.849,282.700,254.874,247.072
511.875,280.279,256.946,247.782
505.339,279.795,251.691,248.664
501.463,279.251,247.290,249.782
501.151,280.451,240.908,251.863
500.115,274.689,235.510,251.402
500.698,276.459,228.984,251.954
502.443,274.891,224.322,253.152
499.232,277.527,221.060,252.191
501.489,271.998,220.698,255.986
490.423,264.750,223.749,264.973
495.694,270.064,222.771,269.096
493.797,246.222,222.031,276.846
490.368,249.120,224.625,286.632
486.507,247.336,223.541,286.611
482.134,250.544,227.645,287.468
471.306,245.740,233.468,293.548
465.496,241.298,237.388,296.445
457.478,249.967,242.662,300.234
453.693,246.061,247.019,301.227
454.493,249.362,244.925,293.614
451.291,253.667,240.960,290.273
450.365,250.169,235.487,288.855
449.343,249.554,227.732,286.623
446.644,255.886,221.994,286.746
442.873,254.093,218.807,290.025
444.356,249.065,217.602,295.828
451.827,236.498,213.256,301.052
461.066,231.383,210.353,307.809
473.413,225.560,203.787,310.724
484.237,218.523,199.101,308.969
496.511,217.576,192.780,309.003
509.138,219.686,186.176,307.125
518.767,222.409,182.264,303.399
524.952,225.349,188.665,300.643
535.046,231.981,202.985,297.808
529.808,239.812,214.672,296.137
524.393,240.673,220.101,289.688
525.864,237.418,228.989,289.149
536.400,234.841,234.508,288.934
553.786,232.708,240.954,289.313
571.130,224.968,242.252,284.205
604.974,221.333,237.293,281.381
635.653,219.640,222.724,280.489
661.238,217.687,203.789,280.807
700.660,213.424,178.482,279.301
724.800,215.853,161.510,279.556
741.083,219.637,150.807,280.725
757.677,213.071,148.054,282.343
776.071,214.137,148.566,285.818
781.537,212.567,147.888,285.229
794.317,212.637,143.309,286.523
811.071,207.829,139.957,285.743
819.137,211.729,135.247,286.155
836.694,222.969,136.380,291.410
847.335,207.497,138.092,290.445
858.079,212.831,139.989,292.808
861.787,215.072,138.737,289.725
864.868,211.726,137.478,285.181
867.731,207.005,136.423,282.021
868.240,197.909,133.343,272.184
871.317,202.022,130.730,258.767
870.458,205.782,124.386,249.116
873.189,208.097,119.484,244.419
878.493,209.585,115.656,241.306
881.408,210.987,110.911,239.623
884.855,207.374,104.466,230.416
888.890,209.472,97.909,225.045
889.653,210.166,93.120,224.369
889.985,208.003,90.806,226.261
888.871,208.067,91.187,227.349
887.845,207.043,94.316,228.679
886.440,205.977,99.021,231.358
883.914,204.558,104.174,231.046
877.960,206.332,110.970,232.252
868.085,206.633,120.720,232.870
858.983,211.009,129.778,237.749
853.329,207.561,139.965,242.040
848.585,201.759,149.272,242.837
849.154,202.348,158.022,242.238
834.262,196.038,166.369,238.858
817.525,193.803,171.816,235.902
797.672,198.039,172.429,231.720
803.680,190.853,167.306,228.783
784.029,194.778,158.748,229.054
770.360,191.318,153.763,233.577
767.258,193.126,147.764,241.159
756.531,185.110,141.504,243.363
756.973,185.382,133.193,241.362
752.907,184.203,126.544,238.178
749.450,186.078,123.912,240.059
748.299,195.826,120.853,242.465
745.031,197.571,122.344,245.582
734.162,197.755,128.650,247.095
714.876,196.654,138.630,246.761
703.007,195.641,148.241,245.973
684.853,196.686,154.070,244.160
669.127,198.799,146.882,238.557
659.952,202.215,139.579,233.285
655.611,197.938,134.150,227.351
662.225,201.261,126.964,224.508
651.281,197.964,126.553,221.241
633.092,199.502,129.818,215.966
623.844,205.048,131.651,220.129
614.868,203.980,131.399,225.694
606.780,196.334,129.398,229.302
602.934,196.817,126.733,231.079
593.784,196.151,127.556,236.034
583.065,193.755,129.245,235.457
584.576,191.003,126.206,236.587
572.779,189.331,128.441,240.851
568.546,186.913,127.949,246.837
565.876,184.405,126.177,253.051
562.294,183.395,125.105,259.880
560.482,184.988,123.307,267.010
558.722,186.138,121.786,272.881
555.838,185.312,120.661,276.294
552.497,186.179,119.008,274.848
553.625,189.048,115.650,274.412
553.328,190.740,114.008,271.435
548.477,191.794,115.667,271.232
545.447,193.127,117.455,276.158
544.462,190.306,118.474,281.457
545.189,186.737,119.100,285.739
545.144,183.638,119.873,289.539
545.814,180.885,120.389,294.067
547.331,178.057,121.595,296.445
547.792,176.863,121.684,300.544
548.832,177.290,122.132,310.829
550.338,173.008,121.450,315.563
552.066,169.405,119.606,320.116
554.392,170.540,117.334,322.515
557.266,168.064,115.966,325.810
560.583,166.915,115.222,329.773
561.246,170.139,115.110,330.493
560.920,170.902,115.857,326.428
561.517,175.096,117.227,320.962
552.056,175.694,124.545,319.177
551.362,177.958,126.836,316.821
552.234,180.364,130.031,316.066
551.886,181.064,131.786,318.030
551.242,179.391,132.534,319.884
549.638,175.328,134.146,322.111
550.074,174.710,134.868,324.317
552.685,170.504,136.113,327.978
554.870,169.636,135.891,329.395
554.198,170.989,134.388,328.853
556.009,170.861,131.541,328.947
557.336,173.406,130.341,329.248
559.989,177.959,130.125,328.306
562.582,186.782,132.529,322.275
564.730,192.730,132.223,317.295
563.230,197.115,134.372,314.649
564.242,199.681,135.968,314.233
565.876,202.786,137.744,310.751
566.938,207.628,140.487,306.989
577.423,210.297,140.957,305.018
581.465,217.954,145.048,298.717
587.986,227.160,147.750,291.914
590.614,230.592,146.393,286.796
599.715,231.029,143.512,285.192
604.888,232.942,142.206,296.105
612.452,231.541,139.621,309.567
619.954,229.863,137.916,322.265
627.738,231.543,136.159,336.364
631.631,234.969,139.687,348.968
637.907,238.334,143.043,356.436
643.195,239.213,146.857,360.263
645.550,236.552,153.312,363.709
654.870,233.282,162.748,366.115
659.418,234.537,181.863,363.998
669.143,249.191,195.878,374.814
659.468,250.350,204.670,388.223
678.384,246.780,208.951,399.848
699.433,233.360,207.488,408.334
728.575,237.852,199.337,419.480
755.871,240.303,192.239,434.355
779.560,226.916,196.445,449.121
793.618,225.832,200.888,455.788
812.736,225.055,206.083,464.447
829.271,229.972,212.158,465.099
832.566,248.841,210.863,462.767
845.772,243.827,209.929,458.547
854.712,246.214,211.003,453.567
871.993,252.440,217.008,448.195
885.934,250.855,229.805,449.693
895.486,245.488,236.999,453.253
920.276,238.672,244.546,458.148
950.985,221.160,242.030,458.793
968.635,231.514,239.899,466.266
1001.326,223.766,238.535,470.784
1021.498,220.809,236.341,474.145
1032.533,227.369,232.996,475.200
1046.005,231.034,224.186,470.120
1059.832,235.457,215.613,470.928
1072.806,241.561,206.932,465.384
1083.715,245.523,195.810,462.053
1099.210,247.441,185.150,458.935
1112.566,243.883,175.605,458.126
1122.242,245.390,168.429,459.185
1127.617,237.695,161.244,463.257
1132.498,231.582,153.960,463.436
1136.923,224.419,148.243,460.044
1141.462,219.708,145.509,456.919
1144.133,199.463,143.294,453.777
1146.596,186.544,141.765,450.080
1150.418,201.805,139.047,447.623
1152.701,195.764,137.107,446.408
1155.635,191.475,134.243,447.907
1158.752,208.454,130.279,446.140
1161.809,211.902,127.352,443.316
1166.679,218.994,124.219,441.047
1167.595,218.399,120.472,441.107
1168.570,204.378,118.165,441.072
1166.486,190.419,114.966,436.489
1165.449,183.467,114.162,432.061
1159.077,198.088,113.395,433.157
1156.929,199.060,116.291,433.956
1151.590,174.719,120.183,416.054
1141.457,175.838,126.044,395.095
1129.751,190.163,133.784,379.312
1108.984,212.323,147.753,359.627
1096.773,222.042,161.229,340.983
1079.547,227.536,176.453,326.097
1060.603,232.903,191.526,318.255
1042.103,228.843,200.343,312.630
1023.977,224.262,197.962,309.016
1015.570,219.340,199.657,318.777
1003.166,207.059,203.336,322.180
1000.340,197.723,206.213,332.283
986.358,180.649,202.607,340.501
975.909,172.871,196.378,341.753
961.419,169.176,195.197,345.803
930.470,172.202,201.171,352.312
913.839,183.106,205.954,363.295
889.538,178.875,205.657,371.357
869.359,187.708,204.019,375.618
863.185,187.302,204.429,376.649
849.034,178.529,207.260,372.876
830.146,181.391,207.729,363.414
793.814,181.165,201.274,346.903
779.490,183.186,192.833,335.470
764.119,194.117,183.934,325.420
744.268,199.748,176.955,314.187
730.839,200.700,171.507,308.971
720.277,207.814,169.743,308.634
700.462,204.344,174.373,308.688
694.409,203.216,177.699,310.277
691.949,198.200,174.146,312.122
676.053,210.302,176.671,320.575
659.353,201.258,179.494,322.512
642.009,206.738,176.575,320.765
637.281,214.797,170.379,315.945
603.787,216.439,179.074,314.370
581.242,219.843,191.554,312.729
581.522,219.171,189.006,310.141
570.771,218.785,189.832,308.059
561.327,215.880,191.015,309.655
554.091,215.642,189.353,312.514
547.612,215.521,185.597,313.848
539.812,219.991,184.533,316.444
527.791,221.844,183.939,317.457
522.948,225.141,181.626,318.966
521.055,236.035,178.344,314.687
519.331,237.719,177.676,304.190
523.191,244.234,180.807,303.494
521.573,236.420,182.786,303.307
524.365,240.129,189.067,304.255
528.445,229.759,196.631,306.232
532.215,227.526,203.854,309.296
530.953,221.415,211.947,312.625
532.291,217.370,220.947,317.540
528.564,216.061,225.691,321.650
528.145,218.697,228.105,319.660
530.263,220.342,231.866,319.058
530.610,224.125,238.267,314.914
533.556,225.213,241.769,311.865
537.573,222.913,242.705,310.660
542.035,218.989,238.796,312.071
550.701,216.588,229.374,313.001
563.779,217.542,217.790,312.972
577.483,215.067,205.891,317.871
591.634,211.518,196.361,319.260
594.461,214.035,186.574,319.752
596.272,215.518,182.442,320.731
598.557,218.160,182.369,321.039
598.682,221.676,180.201,318.110
604.552,223.397,179.142,315.894
604.361,221.227,178.115,311.993
605.354,226.258,177.532,311.743
610.452,224.841,181.702,310.477
606.995,223.623,183.288,310.243
613.398,221.256,187.997,311.430
613.450,223.609,193.516,310.161
611.273,224.706,194.816,307.170
607.250,231.947,195.842,304.413
602.071,237.843,193.968,299.673
597.189,239.134,188.539,297.469
595.071,246.038,183.406,298.706
596.496,248.547,176.722,296.453
597.514,259.359,170.282,291.377
600.556,251.570,166.114,291.840
603.267,255.093,165.578,292.059
600.216,252.553,164.509,288.376
598.534,259.033,166.702,289.671
593.730,252.855,172.800,291.384
584.051,252.045,180.270,297.098
576.441,249.814,184.175,299.904
571.590,248.973,186.533,298.926
567.246,244.198,189.382,302.352
563.216,244.519,192.126,303.844
560.824,245.236,194.423,302.508
561.121,246.236,195.682,302.074
559.239,251.705,199.008,299.351
557.653,261.294,200.795,292.700
557.600,258.243,204.886,288.662
549.396,261.809,207.948,287.082
544.881,253.824,206.886,289.703
529.702,255.369,206.441,290.656
527.435,257.513,199.902,289.286
528.596,254.712,194.716,293.396
526.189,259.893,195.371,293.063
515.448,266.866,205.434,290.037
508.405,268.935,213.436,281.733
511.248,274.913,216.109,273.088
507.707,275.248,219.405,269.189
513.329,271.054,223.486,269.987
511.765,266.909,226.129,272.002
495.032,268.434,235.050,272.676
491.571,271.976,235.931,272.139
483.578,257.333,233.817,277.315
472.976,257.317,227.485,278.009
457.272,251.834,210.515,279.552
447.955,244.837,196.298,284.101
433.161,232.549,180.404,295.521
424.342,243.942,170.670,288.218
418.998,227.975,164.997,298.205
407.950,219.748,164.610,302.886
406.027,212.436,161.920,311.626
