605.000,581.000,230.000,78.000
610.032,577.112,230.428,82.319
613.750,583.108,232.464,85.431
617.692,588.852,235.213,87.514
625.575,594.287,240.724,89.928
620.669,601.576,250.808,92.156
614.052,606.265,263.560,92.096
611.527,608.305,276.087,90.836
607.024,609.458,288.927,89.831
603.525,612.370,303.941,88.732
607.003,616.119,317.861,86.702
602.260,616.891,332.473,85.236
594.534,611.785,345.233,87.495
594.005,599.126,357.920,93.224
584.855,588.850,370.672,100.732
576.742,580.532,380.809,105.973
571.999,571.997,393.260,110.251
561.207,566.129,402.196,113.483
573.012,565.005,408.247,115.651
570.558,559.016,411.078,115.160
568.858,557.916,415.413,115.778
566.585,549.777,421.309,116.536
563.299,543.257,429.087,115.116
556.118,539.655,442.247,116.075
560.981,539.934,449.380,116.986
545.642,529.097,459.547,120.527
542.904,520.730,471.039,122.560
535.314,510.823,478.855,123.103
527.185,496.026,486.986,123.878
507.736,485.808,490.600,126.258
489.699,473.616,488.417,137.356
474.695,474.508,472.103,145.627
461.798,470.547,445.235,154.298
460.758,477.455,414.844,154.823
443.598,477.014,386.579,154.906
414.558,493.938,363.765,150.386
439.227,485.063,357.251,149.472
460.866,476.228,366.246,145.323
486.085,471.531,384.114,139.850
518.685,470.863,392.590,136.668
548.193,486.389,393.133,133.090
579.727,506.000,383.606,134.138
587.015,513.300,367.347,136.006
595.769,517.774,354.232,136.222
607.044,521.222,345.199,133.004
605.079,523.760,340.587,130.513
596.771,525.560,334.984,129.099
597.120,527.651,328.908,126.980
595.125,532.172,324.466,124.726
596.319,539.307,322.258,122.044
595.808,547.495,320.586,120.130
597.213,553.900,320.209,117.869
595.392,561.556,321.051,115.900
595.861,566.992,322.150,113.526
577.424,565.851,322.326,113.220
569.917,567.199,323.718,112.928
575.537,568.331,323.385,112.464
579.797,566.792,325.085,112.427
579.201,566.030,330.560,110.956
575.908,564.167,337.215,110.914
581.843,563.098,344.472,109.771
586.078,568.310,350.242,109.447
586.045,571.059,356.079,109.964
583.763,576.035,361.329,110.943
580.562,580.385,360.665,111.430
585.445,581.247,362.367,110.209
590.625,580.710,364.975,110.176
592.741,578.337,360.779,111.594
594.761,577.150,359.099,114.812
584.383,575.166,354.347,117.605
571.459,572.560,348.850,119.486
560.909,571.884,343.637,120.553
565.245,572.304,341.276,121.760
559.921,568.727,340.573,124.030
565.934,574.566,339.414,123.005
576.500,576.425,338.204,122.484
572.734,577.448,338.463,122.332
583.208,577.254,338.463,122.638
587.275,575.708,335.403,122.732
578.528,573.902,330.799,123.068
574.269,571.358,324.092,124.211
580.311,570.969,317.006,124.699
581.669,566.987,310.132,125.709
575.622,563.257,305.307,128.052
572.476,558.672,303.139,129.930
572.702,555.338,300.774,130.301
567.566,552.563,300.197,131.648
564.681,551.983,298.876,132.321
556.613,549.926,297.799,133.728
551.866,549.248,300.159,133.353
548.151,552.287,304.031,133.142
547.412,557.190,309.019,131.139
542.646,559.320,313.633,129.529
546.631,567.381,319.188,126.548
548.359,573.733,323.621,123.014
544.658,574.126,330.075,119.878
546.211,580.000,333.765,117.072
541.494,581.554,338.838,115.381
531.940,583.678,339.601,113.959
528.535,581.750,343.329,115.876
518.710,581.124,345.990,116.561
504.623,577.509,345.647,118.281
498.592,577.125,344.801,119.320
484.056,576.302,344.032,118.845
463.889,579.218,345.822,117.651
461.379,577.442,345.318,117.619
459.054,576.532,344.880,118.590
448.802,575.073,344.113,118.726
451.707,576.541,344.438,118.486
450.447,577.970,344.646,118.865
445.403,579.907,344.147,117.262
447.421,578.295,342.730,117.409
451.726,573.230,342.660,120.353
442.675,568.425,339.739,122.158
449.979,562.340,336.673,124.146
453.336,556.869,329.911,124.856
463.802,551.251,321.974,126.072
475.693,543.585,312.563,125.469
480.800,534.318,302.378,124.218
485.861,530.696,292.491,122.136
491.738,523.749,284.065,118.645
488.683,523.033,276.587,114.825
474.292,509.317,279.640,117.008
473.520,488.493,278.003,123.654
443.056,497.700,284.697,125.140
434.133,502.162,290.818,127.123
429.919,529.178,294.949,128.120
452.564,539.773,296.047,128.453
489.478,548.528,299.697,129.134
348.557,385.862,306.937,136.142
377.838,406.432,306.618,138.996
394.206,441.434,306.199,141.993
437.093,473.722,290.894,146.963
457.256,510.129,276.799,143.633
447.675,511.642,271.585,138.125
442.887,517.215,263.653,128.884
455.786,521.474,255.059,118.471
460.854,526.743,247.994,111.314
471.373,529.624,244.878,104.582
489.689,534.270,241.268,99.255
504.005,540.788,238.880,94.418
506.992,543.881,237.674,89.827
505.586,547.777,237.836,86.465
503.619,550.208,239.114,84.217
504.430,556.216,239.013,81.724
508.127,561.034,237.266,79.519
510.148,562.806,235.363,78.284
514.187,561.330,233.512,78.300
522.831,564.610,230.857,76.652
538.924,568.599,229.759,77.636
545.051,572.448,230.766,79.614
546.032,576.989,231.157,80.637
553.295,583.766,230.067,79.161
556.761,588.183,230.929,77.993
566.035,588.236,232.162,75.904
572.156,585.477,234.128,74.032
588.004,583.651,232.384,72.372
596.988,580.661,231.532,70.682
602.523,573.631,230.466,68.701
607.358,567.773,228.418,67.120
608.284,566.482,225.763,66.170
611.144,558.197,224.775,66.532
606.117,549.866,224.097,66.095
599.477,540.625,224.740,67.574
602.850,546.687,226.038,69.196
606.539,556.050,225.005,70.766
609.361,561.042,224.853,72.378
622.147,565.281,225.109,73.054
623.641,565.525,229.063,74.114
619.982,564.257,229.294,74.718
614.126,557.510,230.717,74.037
600.358,550.190,231.269,71.864
575.623,541.321,230.813,69.350
559.972,531.893,232.786,69.184
544.255,525.616,231.933,72.919
534.990,520.288,229.237,76.886
527.074,518.816,225.400,79.892
521.519,519.578,219.478,81.748
523.250,520.092,213.041,84.070
527.548,519.277,205.534,86.974
530.148,518.090,199.709,90.370
524.510,522.414,193.213,90.858
517.528,522.549,187.039,90.278
502.138,534.018,180.806,87.223
501.090,542.344,174.378,87.467
505.899,530.424,168.974,95.748
535.660,534.756,160.901,105.979
556.513,542.141,163.203,112.004
569.576,546.837,172.749,116.148
571.678,545.111,185.959,117.523
578.903,538.860,196.466,119.456
580.558,522.651,203.000,124.873
594.520,509.637,208.406,129.596
599.885,506.186,211.983,131.120
600.918,506.544,213.741,131.295
604.234,511.196,216.501,130.818
613.890,517.644,218.120,128.577
615.204,524.107,220.304,129.333
619.342,535.155,222.485,125.631
625.658,541.904,224.557,122.654
629.330,543.748,227.137,120.140
630.833,540.794,230.399,117.851
635.461,542.736,232.007,115.077
636.487,545.667,233.501,112.285
632.410,545.856,237.167,109.517
629.794,549.287,239.464,105.803
630.451,557.382,241.341,102.119
626.865,557.841,245.936,100.307
626.133,560.947,249.493,99.151
626.006,566.769,252.024,97.822
628.539,568.424,254.429,97.465
630.956,570.137,255.186,97.155
631.477,575.153,256.543,96.381
629.935,580.401,257.011,94.433
629.578,585.105,257.096,93.759
625.565,585.502,256.765,94.655
620.694,589.176,253.032,94.023
621.304,587.615,250.579,92.012
624.878,584.404,248.414,90.311
625.036,586.440,248.581,89.066
622.174,584.484,248.497,87.201
619.480,581.383,248.328,85.349
618.210,584.072,250.553,85.308
615.225,587.362,252.537,84.578
602.638,582.047,254.354,85.063
592.458,578.610,256.414,83.660
589.012,580.036,258.856,81.845
593.476,582.995,260.862,82.391
600.454,579.260,262.703,86.010
600.011,572.261,263.868,92.660
608.392,570.077,264.363,102.050
603.492,563.059,264.104,105.131
600.998,559.298,261.888,104.004
607.112,560.931,257.832,101.491
612.966,558.805,251.957,97.916
620.942,554.301,243.381,94.265
613.304,547.762,229.944,91.118
607.151,543.037,220.122,84.488
596.192,541.542,216.334,79.021
582.522,534.129,218.372,77.632
571.745,521.257,219.003,79.683
541.340,507.293,222.292,83.967
546.492,512.872,223.942,86.342
540.427,498.990,222.672,89.806
543.992,488.898,222.500,95.587
500.151,483.392,218.340,98.355
494.619,488.089,212.406,104.541
506.747,496.891,212.224,108.507
505.701,484.981,215.402,107.172
495.561,487.027,215.597,105.254
492.577,491.561,215.792,102.394
497.145,493.426,214.392,101.144
485.518,509.858,211.769,99.012
498.932,511.262,209.485,99.905
502.994,511.250,206.426,100.487
513.940,520.193,211.742,97.032
525.768,522.581,218.436,94.068
524.677,519.013,222.056,92.065
523.248,505.552,224.619,93.232
515.615,510.718,225.395,90.945
512.142,517.267,222.809,87.482
506.902,521.141,219.096,84.342
512.958,527.789,217.656,80.754
514.441,527.247,219.594,77.109
