245.000,150.000,257.000,84.000
241.626,146.968,251.964,85.280
242.988,147.322,252.669,85.505
244.588,146.875,252.130,85.847
246.042,146.637,250.320,85.640
247.066,146.175,249.455,85.844
246.222,145.704,248.304,86.247
246.498,145.727,248.313,86.249
246.363,145.441,247.387,86.222
247.797,145.274,247.757,86.032
248.050,144.861,248.072,86.201
248.917,144.450,248.449,86.343
249.293,144.123,249.399,86.536
249.537,144.148,249.448,86.596
249.078,144.718,248.786,86.076
249.462,146.376,248.938,85.563
249.655,148.285,249.774,85.486
249.824,150.700,250.387,85.408
249.241,152.795,249.787,85.125
249.432,154.164,250.755,84.799
250.135,154.554,251.025,84.513
251.488,154.218,250.441,84.479
252.229,153.712,249.509,84.605
250.657,152.692,249.904,85.182
248.208,152.233,249.378,85.617
245.743,151.492,248.829,86.230
245.591,151.468,247.988,86.034
245.526,150.920,246.799,86.167
245.124,150.463,246.309,86.181
244.627,149.670,246.532,86.374
244.409,149.622,247.005,86.178
244.372,148.777,245.720,86.426
244.656,146.711,246.010,86.802
247.417,144.881,246.409,86.884
248.236,142.647,247.576,87.304
248.611,139.957,247.687,87.501
250.991,137.679,247.480,87.533
253.120,134.779,247.159,87.688
256.224,133.638,247.616,87.050
257.889,133.007,246.907,86.786
259.131,133.289,246.301,86.232
258.189,133.515,246.650,86.569
258.273,135.559,247.682,86.987
256.169,138.274,247.377,87.264
255.909,141.059,247.827,87.282
254.971,144.034,247.665,86.948
254.672,146.507,248.526,86.327
253.314,148.407,248.442,85.570
252.598,149.641,249.443,84.929
252.960,150.639,249.618,84.638
253.344,151.557,249.667,84.504
252.382,152.441,249.725,84.443
251.411,153.204,249.779,84.443
250.289,153.736,249.607,84.414
248.488,154.567,249.107,84.548
245.651,155.595,249.617,84.388
241.969,156.482,249.058,84.595
241.102,157.099,249.403,84.414
239.552,158.130,249.729,84.213
238.535,158.409,249.808,84.042
237.286,158.313,249.966,83.923
236.330,158.137,250.346,84.012
235.391,158.214,250.471,84.122
234.433,158.246,250.409,84.231
232.850,158.178,250.316,84.340
232.056,158.151,249.851,84.331
233.140,157.869,250.370,84.135
233.492,157.862,250.865,83.974
233.910,157.500,251.082,83.962
233.983,156.644,251.986,84.079
233.243,154.564,250.201,84.801
234.899,150.768,250.016,85.980
233.808,147.929,249.921,86.453
235.353,142.537,251.641,87.585
234.009,143.343,252.159,86.664
234.644,143.109,252.449,85.886
234.555,143.297,252.964,85.578
233.937,143.418,252.855,85.512
232.922,143.221,252.600,85.349
233.493,141.899,252.854,85.847
233.912,141.037,253.541,86.093
233.647,141.088,253.170,85.904
233.352,141.299,252.636,85.759
233.393,140.968,253.130,85.813
232.911,140.742,253.587,85.643
232.445,140.630,254.184,85.527
231.902,140.573,254.370,85.704
231.238,140.682,254.125,85.630
231.277,140.554,254.330,85.510
230.276,139.630,254.036,85.479
229.859,138.500,253.085,85.378
231.190,136.894,252.743,85.587
230.134,136.153,251.877,85.117
230.284,135.609,253.097,85.205
228.943,136.888,253.645,84.873
227.335,138.636,254.620,85.436
223.895,140.819,254.648,85.363
221.384,142.522,254.130,85.066
221.846,143.025,255.586,85.497
222.121,143.472,254.466,85.591
222.118,143.577,253.832,85.418
222.189,144.170,253.315,85.381
222.226,144.786,252.823,85.295
222.180,145.327,252.465,85.068
222.661,145.659,252.417,84.826
223.217,145.461,252.093,84.772
223.180,145.462,252.333,85.054
223.498,145.962,251.946,84.986
224.759,145.488,253.074,85.026
225.609,145.941,253.683,85.105
226.126,146.490,253.804,85.008
227.116,146.634,254.125,85.152
227.575,147.227,254.178,85.257
227.835,147.734,255.086,85.335
227.367,148.210,255.590,85.544
227.206,148.355,255.619,85.659
227.013,148.289,255.021,85.763
227.835,148.452,254.684,85.641
227.520,148.459,254.691,85.593
228.422,148.319,254.783,85.641
228.986,148.144,253.644,85.272
229.124,147.702,253.294,85.338
227.993,147.333,251.932,85.503
227.502,146.604,251.768,85.848
226.377,145.891,250.860,85.816
226.926,146.395,251.279,85.407
226.370,145.869,251.771,85.587
224.725,146.093,252.388,85.938
222.647,145.986,252.018,85.814
221.874,145.905,252.527,85.976
220.521,145.866,252.103,85.908
219.772,146.028,252.135,85.776
218.078,144.942,250.891,85.919
216.801,144.129,250.799,86.023
216.293,143.876,251.144,85.474
215.840,143.837,251.457,84.955
215.333,143.632,251.391,84.816
214.045,143.761,251.682,85.158
213.176,143.817,252.273,85.485
213.118,144.108,252.998,85.599
213.490,144.186,253.852,85.493
212.789,144.619,253.704,85.463
213.278,144.655,254.422,85.393
215.100,144.644,256.220,85.558
215.878,144.723,255.810,85.413
217.721,144.807,256.094,85.442
217.864,144.924,255.282,85.511
221.312,145.201,254.896,85.464
222.630,145.337,255.252,85.453
224.001,145.421,255.115,85.472
225.189,145.525,254.761,85.325
226.507,145.811,254.554,85.410
227.670,145.828,254.734,85.420
230.440,145.996,254.429,85.394
232.067,146.083,255.006,85.428
234.011,146.187,255.372,85.455
235.715,146.186,255.648,85.477
237.935,146.270,255.185,85.457
240.375,146.451,254.677,85.216
242.106,146.167,254.369,85.472
244.106,145.470,254.021,85.629
245.504,145.128,254.131,85.638
246.080,144.845,254.277,85.974
247.190,144.736,254.564,86.203
246.994,144.679,254.732,86.611
247.326,144.631,255.028,86.871
246.949,144.878,254.673,86.854
247.366,144.398,254.827,87.197
246.258,144.241,254.854,87.220
244.876,144.443,254.975,87.020
243.765,144.653,253.507,86.643
243.569,143.457,252.089,86.468
243.940,143.122,252.252,85.846
244.827,143.381,251.900,85.125
245.200,143.576,251.165,84.638
246.461,143.346,251.991,84.791
247.076,143.006,251.669,84.843
246.904,142.676,250.644,84.771
249.005,141.541,251.424,84.894
251.245,140.139,252.107,85.262
252.018,140.311,248.446,84.703
258.534,141.056,248.159,83.998
261.895,141.335,248.329,84.060
262.982,141.080,247.941,84.337
265.634,141.568,248.343,84.045
268.711,141.944,248.613,83.612
273.571,142.519,247.866,83.217
278.051,142.846,247.541,82.808
281.107,142.491,246.914,82.804
282.015,141.619,246.260,83.329
282.528,140.770,246.116,83.756
282.869,140.462,245.457,83.733
284.591,140.368,244.597,83.574
286.997,138.116,243.542,84.235
289.075,136.055,243.069,84.750
290.319,133.810,242.733,85.401
291.863,133.551,242.614,84.839
293.700,133.796,241.661,84.206
294.939,133.221,241.240,84.276
294.274,132.859,240.568,84.238
294.530,131.854,240.651,84.582
294.960,131.466,240.591,84.544
295.861,130.606,240.674,84.755
294.427,130.615,239.873,84.115
294.505,129.753,240.568,84.278
293.864,128.658,241.165,84.261
294.963,127.378,241.163,84.738
294.653,126.440,240.168,85.075
295.267,125.847,240.008,85.033
294.209,125.478,239.914,84.892
294.835,126.450,239.977,84.785
294.550,130.050,240.060,85.388
293.667,132.916,240.074,85.385
291.757,133.038,240.280,84.520
290.889,131.897,240.943,84.417
290.520,130.752,241.656,84.580
289.996,130.119,242.173,84.467
290.540,129.924,242.560,84.083
292.478,128.746,243.037,84.577
292.592,128.320,242.540,84.503
292.341,127.801,242.175,84.685
291.762,127.614,241.861,84.485
291.564,128.102,240.980,83.925
292.151,127.330,241.678,84.077
292.695,127.794,241.783,83.930
292.069,128.304,241.842,83.746
290.621,128.241,242.151,83.770
290.768,127.330,242.597,84.200
290.978,127.256,243.118,84.184
290.856,127.110,242.872,84.166
291.103,127.266,243.578,83.884
291.083,127.667,243.372,83.975
291.165,128.390,243.464,84.166
291.202,128.968,243.164,84.452
291.377,130.040,243.128,84.465
291.392,130.712,243.512,84.382
292.077,131.594,243.618,84.109
292.246,131.971,244.148,83.938
292.358,132.585,244.087,83.983
292.739,133.346,243.648,83.971
292.597,134.068,243.264,83.985
293.606,134.888,242.773,83.644
293.318,135.100,242.159,83.421
293.626,135.143,241.867,83.541
293.367,135.024,241.614,83.466
293.804,134.919,241.516,83.536
294.492,134.237,241.413,83.992
294.511,133.716,241.311,84.512
294.417,133.754,240.960,84.654
294.731,133.578,241.006,84.844
293.887,133.496,241.114,84.855
294.987,133.574,241.229,84.303
296.046,133.407,240.657,83.999
296.985,133.249,240.348,83.602
297.532,132.869,240.028,83.521
297.877,133.095,239.753,83.217
299.314,133.653,239.587,83.072
299.229,133.659,239.145,83.600
299.615,133.170,239.032,84.043
299.054,132.575,238.223,84.091
301.687,130.700,238.210,84.553
302.101,129.586,237.067,84.476
303.844,129.160,235.723,84.562
306.216,129.564,234.667,84.405
308.501,129.287,232.726,84.731
310.613,129.409,231.462,85.067
312.226,129.728,229.801,85.696
313.393,129.757,229.040,85.839
317.041,129.879,227.304,86.144
319.593,129.420,226.295,86.873
321.729,128.826,224.955,87.361
322.964,128.435,222.413,87.560
325.952,128.668,220.021,87.396
326.743,127.014,216.912,87.654
328.768,125.001,215.096,87.769
331.888,124.424,213.898,87.240
332.733,123.626,210.494,86.938
336.493,122.872,208.963,87.066
337.151,122.031,206.066,87.047
340.114,120.865,204.772,87.303
340.169,120.374,202.044,87.013
342.760,120.655,201.010,86.971
343.628,120.342,198.577,87.142
345.167,121.364,196.811,86.861
346.493,122.083,195.485,86.579
347.501,122.882,194.111,86.181
348.980,124.973,193.800,85.690
349.491,127.671,192.784,86.650
349.730,131.073,191.534,87.131
350.311,131.598,190.946,87.250
349.070,134.223,191.401,86.833
350.218,133.740,192.804,87.676
349.051,135.286,191.820,87.528
350.174,135.158,190.910,88.050
350.472,134.940,189.942,88.504
350.955,135.349,189.141,88.364
351.697,135.983,188.876,88.233
351.277,136.410,188.515,88.238
350.776,136.994,190.385,87.824
345.984,138.433,193.252,87.323
344.271,140.202,197.598,87.023
341.296,142.396,200.278,87.182
339.778,143.846,203.013,86.864
336.308,143.030,205.130,87.607
332.053,145.007,208.133,86.767
326.972,145.739,213.180,87.064
315.494,147.853,219.755,88.191
303.457,151.099,228.417,88.771
293.474,152.127,235.447,88.309
289.209,150.881,239.412,88.083
288.059,146.076,241.903,88.592
287.985,141.960,242.539,88.247
287.040,139.237,243.921,87.710
283.568,137.511,245.584,87.363
279.377,137.434,246.324,86.735
275.734,137.433,246.619,86.265
272.903,137.106,246.324,85.724
271.159,137.025,246.585,85.387
270.908,136.015,247.393,85.380
270.430,134.192,247.600,85.672
272.426,133.478,249.534,85.519
272.040,134.022,249.677,85.174
271.676,134.411,249.752,85.131
271.705,134.977,250.114,85.209
272.881,134.586,250.588,85.995
275.030,134.655,250.510,86.118
277.143,135.698,249.923,85.762
279.092,136.117,249.286,86.073
281.739,136.806,249.186,86.163
283.048,137.353,248.208,86.157
284.535,137.626,247.321,85.598
287.683,135.940,247.471,86.497
288.487,135.652,246.818,86.268
290.155,135.112,246.135,86.161
291.270,135.125,244.971,85.918
292.049,135.118,244.301,85.801
292.586,135.156,243.892,85.554
292.579,135.374,243.667,85.418
293.121,136.216,243.189,85.145
293.161,137.414,242.948,84.934
293.930,138.607,242.562,84.695
293.229,139.229,242.394,84.609
292.921,139.726,242.909,84.499
292.166,139.029,243.927,84.580
290.157,138.906,244.548,84.438
289.373,137.818,245.466,84.745
288.471,135.738,245.284,84.910
287.487,134.207,246.035,85.065
285.471,133.926,247.463,85.035
284.667,134.077,248.153,84.880
283.380,134.230,248.680,84.913
282.613,135.039,248.529,84.558
282.492,135.550,248.648,84.296
282.405,136.266,248.796,83.956
281.355,137.035,248.885,83.884
280.939,137.796,249.353,83.798
280.863,139.091,249.485,83.323
281.032,140.179,249.078,83.240
282.941,140.816,248.911,83.115
283.404,141.617,248.812,83.140
284.461,141.414,248.830,83.653
285.080,140.539,248.501,84.161
286.813,137.581,248.244,84.607
287.256,135.109,247.628,84.998
287.278,133.058,246.775,84.657
289.137,129.923,246.398,85.057
288.891,128.447,246.099,84.426
289.054,127.142,245.300,84.062
289.390,126.340,245.323,83.993
289.850,125.192,244.906,84.184
290.070,124.477,245.160,84.021
289.731,124.282,244.948,83.694
288.754,124.465,244.777,83.130
286.179,124.604,245.072,83.178
284.188,124.779,246.141,83.517
281.881,125.025,247.275,83.676
279.969,125.139,248.370,84.017
277.881,125.501,249.724,84.268
275.337,125.781,249.858,84.393
273.947,125.656,250.486,84.623
272.639,125.303,250.930,84.858
271.578,125.167,251.359,84.933
269.416,125.745,251.608,84.620
267.547,126.747,251.805,84.251
265.844,127.719,251.839,83.930
266.133,129.322,253.487,83.625
264.973,130.600,253.253,83.435
264.287,131.860,253.012,83.293
263.439,133.177,253.889,83.548
262.231,134.916,254.257,83.311
261.014,136.281,253.852,83.167
259.815,137.244,254.070,83.156
258.518,138.328,253.730,83.099
256.952,139.159,254.346,83.072
255.964,140.272,255.099,83.175
254.770,140.944,255.820,83.106
253.566,141.473,256.628,83.239
252.707,141.680,257.726,83.548
251.600,141.625,258.088,83.850
250.609,141.576,258.309,84.091
250.689,141.443,259.008,84.322
250.210,141.271,259.347,84.559
249.560,141.250,259.540,84.594
249.651,140.754,260.244,84.787
249.662,141.090,260.387,84.824
250.732,140.618,260.786,84.868
251.238,139.921,261.541,84.949
251.845,138.747,261.751,85.163
252.779,137.220,262.409,85.383
252.666,136.525,261.960,85.152
253.309,135.298,262.049,85.331
253.500,134.433,261.276,85.224
254.078,134.071,260.589,85.178
255.936,133.404,260.757,85.355
256.938,133.284,260.380,85.558
258.211,132.795,259.438,85.717
259.134,132.687,259.224,85.544
261.341,133.076,256.142,85.229
265.695,133.378,256.329,84.978
265.221,133.817,254.691,84.834
266.121,134.401,254.640,84.858
267.318,134.970,254.122,84.794
270.077,135.262,254.207,84.832
272.178,135.379,254.205,85.199
273.302,134.947,254.087,84.958
275.100,134.813,254.080,84.524
277.684,135.357,253.598,84.499
279.231,135.793,253.889,84.488
278.232,136.505,254.048,84.661
278.567,137.157,254.061,84.900
277.730,137.597,253.929,84.908
276.934,137.737,253.613,85.053
275.544,137.592,253.611,85.150
276.563,137.997,253.557,85.250
275.128,138.190,253.081,85.149
276.205,138.392,253.200,85.158
274.801,138.315,253.057,85.088
274.036,138.181,252.761,84.783
273.999,137.501,252.759,84.933
274.747,136.614,252.971,85.013
275.676,135.322,253.941,85.256
275.420,133.963,253.876,85.744
275.186,133.424,253.682,85.799
275.258,133.414,253.170,85.622
275.017,133.462,252.501,85.400
275.950,133.199,252.912,85.546
275.694,133.620,252.209,85.247
276.160,133.143,252.387,85.449
276.040,133.354,252.094,85.221
276.487,132.702,252.345,85.431
275.969,132.608,251.730,85.216
276.532,132.288,251.496,85.081
275.912,132.451,251.348,84.714
276.149,132.509,251.254,84.405
274.646,132.602,251.089,84.385
274.789,132.618,251.028,84.146
272.668,132.382,251.217,84.201
272.612,132.397,252.691,84.138
270.193,132.651,252.748,84.229
269.215,132.396,253.935,84.358
268.334,131.879,254.360,84.364
268.639,131.959,255.163,84.069
268.130,131.285,255.856,84.143
268.061,130.701,255.659,83.977
269.243,130.162,255.365,83.925
270.579,129.318,255.135,84.323
269.904,127.166,254.647,85.089
269.237,124.919,254.820,85.844
268.255,122.577,255.832,86.490
267.330,120.317,255.704,86.562
266.792,118.121,255.845,86.651
266.006,116.011,255.546,86.657
264.566,114.619,256.022,86.613
263.123,113.695,256.204,86.425
262.415,113.702,255.595,85.950
262.097,113.403,254.781,85.622
261.922,113.541,254.729,85.102
261.674,113.608,254.447,84.714
262.193,112.893,255.200,85.192
261.186,112.178,254.736,85.133
262.798,111.354,255.441,85.139
262.802,110.503,255.027,85.757
262.413,109.411,255.308,86.243
262.940,109.076,255.846,86.065
262.523,108.987,255.388,85.227
265.029,108.940,255.872,85.446
264.243,108.641,255.593,85.638
263.916,109.329,255.117,85.368
264.886,110.185,255.225,85.117
265.025,110.465,254.968,85.226
265.280,110.657,254.818,85.286
265.162,111.035,254.059,85.113
265.309,111.145,254.046,85.057
264.760,111.633,253.861,84.872
264.349,111.784,253.849,84.827
264.187,112.084,254.562,84.886
263.472,112.827,255.845,84.634
262.576,113.395,256.162,84.455
261.926,113.007,256.789,84.659
261.949,113.380,257.110,84.740
261.213,113.516,257.628,84.819
260.975,113.344,257.615,84.885
260.655,113.746,257.953,84.843
260.387,114.253,258.092,84.678
260.775,114.023,258.266,84.625
259.809,114.254,258.171,84.599
260.209,113.762,258.753,84.749
260.526,114.134,258.923,84.478
260.494,113.815,259.320,84.746
260.321,113.672,260.212,84.841
258.954,113.864,260.032,84.625
260.050,114.286,259.686,84.712
259.505,114.824,260.682,84.903
258.834,115.123,260.875,85.037
258.274,115.753,260.142,85.246
259.009,116.357,259.689,85.388
259.784,116.936,259.773,85.141
258.970,116.677,259.353,84.992
259.464,116.625,259.355,84.848
259.563,115.672,259.459,85.014
259.775,115.279,258.078,84.919
260.422,114.196,256.671,85.132
262.211,113.414,256.295,85.298
262.670,112.473,255.264,85.393
265.243,113.131,256.204,85.155
264.782,112.935,256.392,85.450
265.271,113.197,256.824,85.227
267.386,113.913,256.600,85.061
270.088,113.851,257.275,85.267
271.093,114.365,257.062,85.548
272.498,113.923,256.543,85.523
274.425,113.777,256.189,85.723
275.231,113.245,256.378,86.349
276.631,112.614,256.446,86.410
277.320,112.472,256.700,86.503
278.852,112.384,256.747,86.715
279.039,112.227,255.991,87.093
279.599,111.977,255.984,87.303
281.694,111.132,255.666,88.065
281.191,111.971,255.285,87.621
281.317,112.249,255.546,87.444
281.028,113.296,254.991,87.138
281.565,113.546,254.835,87.605
282.308,114.530,254.289,87.886
283.159,113.739,252.859,88.280
284.298,114.664,251.779,88.307
284.964,114.122,251.190,88.477
285.461,113.705,251.073,88.746
286.388,113.819,250.649,88.814
287.956,114.607,249.174,88.679
288.338,115.957,248.623,88.605
288.804,117.032,248.328,88.703
289.583,118.000,248.050,88.970
289.646,118.308,247.634,89.681
290.412,118.723,247.034,89.864
290.989,118.810,246.389,90.191
291.107,119.249,246.380,90.104
291.325,119.851,246.330,89.796
290.535,120.976,246.523,89.307
289.599,121.909,246.791,88.663
288.272,123.139,247.622,87.932
286.949,124.647,248.299,87.390
286.107,125.995,249.184,87.051
285.365,127.121,249.598,86.601
284.093,128.204,250.210,86.385
283.228,128.947,250.609,86.404
283.881,130.978,251.608,86.742
283.550,132.823,251.383,86.727
282.696,134.524,251.103,86.430
282.561,135.956,251.187,85.962
