0.45328069
0.01479006
0.01469564
0.01457095
0.01464891
0.01462603
0.01473713
0.01435757
0.01452494
0.01425695
0.01451635
0.01435184
0.01426840
0.01460481
0.01436877
0.01449847
0.01427412
0.01452088
0.01422453
0.01445889
0.01472211
0.01455235
0.01451373
0.01449013
0.01433444
0.01424694
0.01427889
0.01435685
0.01436615
0.01451778
0.01449490
0.01434779
0.01435685
0.01433015
0.01463127
0.01432276
0.01455259
0.01451135
0.01436448
0.01449513
0.01434469
0.01444530
0.01438403
0.01441073
0.01424789
0.01448846
0.01433229
0.01430202
0.01435447
0.01430035
0.01432490
0.01426888
0.01425743
0.01424932
0.01424885
0.01422882
0.01447034
0.01428413
0.01444006
0.01440573
0.01430225
0.01426959
0.01434207
0.01426315
0.01425409
0.01462984
0.01442814
0.01427555
0.01436734
0.01426840
0.01423955
0.01431847
0.01424789
0.01444054
0.01442671
0.01421905
0.01424599
0.01443195
0.01445222
0.01421928
0.01428652
0.01448417
0.01448989
0.01436281
0.01433635
0.01493621
0.01445436
0.01442456
0.01445770
0.01448417
0.01436019
0.01426148
0.01446557
0.01449108
0.01434994
0.01426721
0.01424885
0.01423740
0.01448417
0.01422334
0.01424861
0.01427889
0.01422143
0.01422668
0.01426888
0.01423049
0.01422644
0.01422524
0.01422620
0.01445651
0.01445317
0.01420283
0.01428890
0.01435804
0.01441407
0.01424813
0.01423669
0.01420832
0.01444840
0.01446772
0.01424289
0.01477695
0.01470613
0.01518583
0.01509023
0.01477385
0.01443458
0.01439166
0.01427007
0.01425147
0.01422977
0.01429105
0.01428580
0.01446509
0.01424217
0.01424670
0.01421094
0.01438689
0.01421332
0.01447868
0.01443601
0.01444149
0.01432967
0.01439214
0.01451159
0.01438975
0.01452589
0.01440072
0.01428127
0.01439190
0.01445055
0.01444030
0.01746225
0.01476479
0.01423049
0.01425409
0.01440787
0.01425886
0.01422548
0.01424718
0.01427794
0.01438761
0.01431727
0.01444650
0.01441956
0.01431751
0.01454854
0.01458573
0.01443887
0.01423860
0.01426649
0.01440763
0.01442480
0.01423454
0.01449299
0.01421285
0.01446056
0.01443577
0.01423454
0.01444530
0.01425886
0.01421595
0.01442075
0.01421881
0.01446795
0.01459193
0.01424646
0.01444411
0.01445055
0.01442552
0.01478910
0.01462746
0.01525211
0.01483274
0.01496863
0.01448441
0.01428628
0.01444864
0.01420665
0.01419973
0.01444507
0.01424885
0.01423502
0.01427722
0.01422787
0.01421666
0.01421070
0.01420093
0.01418400
0.01420879
0.01444626
0.01428699
0.01422119
0.01418734
0.01418853
0.01419663
0.01422262
0.01421285
0.01429272
0.01453710
0.01438498
0.01450300
0.01445866
0.01431775
0.01430178
0.01450467
0.01439023
0.01426005
0.01423073
0.01432872
0.01423192
0.01443529
0.01462293
0.01437902
0.01434231
0.01420903
0.01428318
0.01422310
0.01422596
0.01421642
0.01421595
0.01428342
0.01434493
0.01484370
0.01476955
0.01437593
0.01431155
0.01443148
0.01443648
0.01422381
0.02229691
0.01882815
0.01879621
0.01954842
0.01887608
0.01915336
0.01985621
0.01965976
0.01901174
0.01847076
0.01478434
0.01453996
0.01449776
0.01449132
0.01445889
0.01424861
0.01445413
0.01424193
0.01425385
0.01424646
0.01428723
0.01427865
0.01448464
0.01425123
0.01425052
0.01425815
0.01449490
0.01428437
0.01424050
0.01433444
0.01445913
0.01450253
0.01423979
0.01446414
0.01461959
0.01451302
0.01444077
0.01456022
0.01465607
0.01444674
0.01434708
0.01455235
0.01443076
0.01441789
0.01426244
0.01471853
0.01474953
0.01489973
0.01468158
0.01469231
0.01438093
0.01435637
0.01429391
0.01426482
0.01423669
0.01426387
0.01423311
0.01424742
0.01425982
0.01440287
0.01448774
0.01460600
0.01442289
0.01426983
0.01458788
0.01439834
0.01447177
0.01459312
0.01447153
0.01441908
0.01445913
0.01425242
0.01424575
0.01426244
0.01437664
0.01457787
0.01454282
0.01443481
0.01424122
0.01424885
0.01449227
0.01424074
0.01427579
0.01428032
