0.38648033
0.01561356
0.01546168
0.01497674
0.01489806
0.01480317
0.01497436
0.01494908
0.01490712
0.01515245
0.01526284
0.01504016
0.01516819
0.01509190
0.01520801
0.01537108
0.01515913
0.01514554
0.01544428
0.01518583
0.01523709
0.01553154
0.01540923
0.01539183
0.01556134
0.01553774
0.01541948
0.01548672
0.01537538
0.01536655
0.01561403
0.01537395
0.01547956
0.01541209
0.01538825
0.01545024
0.01569080
0.01536798
0.01537347
0.01538944
0.01532602
0.01533008
0.01562500
0.01552224
0.01536345
0.01542664
0.01533461
0.01530862
0.01534629
0.01525450
0.01537871
0.01534724
0.01539493
0.01541066
0.01523042
0.01547432
0.01534414
0.01521087
0.01526308
0.01543045
0.01551747
0.01528239
0.01522279
0.01520157
0.01522732
0.01521826
0.01522851
0.01519680
0.01553249
0.01544499
0.01571798
0.01539612
0.01532197
0.01525569
0.01536536
0.01520777
0.01521230
0.01528645
0.01539540
0.01540256
0.01528072
0.01526523
0.01534772
0.01541138
0.01539755
0.01525617
0.01540041
0.01554775
0.01545143
0.01547909
0.01546359
0.01575732
0.01553321
0.01553059
0.01555204
0.01568484
0.01576686
0.01555109
0.01555109
0.01547003
0.01525140
0.01533580
0.01545477
0.01544929
0.01578760
0.01556969
0.01555109
0.01548576
0.01549363
0.01549554
0.01563859
0.01555514
0.01576185
0.01568627
0.01556349
0.01545739
0.01542640
0.01534677
0.01532412
0.01533628
0.01534796
0.01531267
0.01531959
0.01533151
0.01533890
0.01532102
0.01499033
0.01504207
0.01508546
0.01501155
0.01496267
0.01499152
0.01502347
0.01498365
0.01483822
0.01487684
0.01493835
0.01485801
0.01513505
0.01499510
0.01491117
0.01489902
0.01462722
0.01457238
0.01449370
0.01438498
0.01439595
0.01438260
0.01455879
0.01466489
0.01461530
0.01475930
0.01449847
0.01450777
0.01453114
0.01508164
0.01463318
0.01445150
0.01443839
0.01441789
0.01437831
0.01441479
0.01443338
0.01447058
0.01439142
0.01448989
0.01449680
0.01461411
0.01450181
0.01457381
0.01452160
0.01454926
0.01468611
0.01461935
0.01465750
0.01452851
0.01452160
0.01455641
0.01453042
0.01445103
0.01447248
0.01453066
0.01449585
0.01471019
0.01480699
0.01461959
0.01453114
0.01448584
0.01467729
0.01486897
0.01491213
0.01484680
0.01479411
0.01471329
0.01472473
0.01467943
0.01467156
0.01477313
0.01478338
0.01494503
0.01487470
0.01469278
0.01469278
0.01468587
0.01488090
0.01466322
0.01469016
0.01470685
0.01489019
0.01466227
0.01480365
0.01481748
0.01481867
0.01555872
0.01516509
0.01485491
0.01463127
0.01489043
0.01479125
0.01458097
0.01468420
0.01461124
0.01492119
0.01473784
0.01455593
0.01460385
0.01450348
0.01453805
0.01448321
0.01461887
0.01454115
0.01489520
0.01475525
0.01445770
0.01453471
0.01446390
0.01453853
0.01466036
0.01474810
0.01477218
0.01472473
0.01510453
0.01502633
0.01489282
0.01482916
0.01480150
0.01483059
0.01515150
0.01506424
0.01496506
0.01478410
0.01478219
0.01474762
0.01475644
0.01475811
0.01477504
0.01479125
0.01478791
0.01487136
0.01478457
0.01478624
0.01481223
0.01493669
0.01491213
0.01500726
0.01509237
0.01517749
0.01512766
0.01491022
0.01495051
0.01489186
0.01489186
0.01466966
0.01480150
0.01469421
0.01484728
0.01479363
0.01487565
0.01489711
0.01501536
0.01496768
0.01479483
0.01485991
0.01475120
0.01486015
0.01497197
0.01490688
0.01474905
0.02042341
0.01852226
0.01878405
0.01876259
0.01875019
0.01587653
0.01483059
0.01492548
0.01477480
0.01494193
0.01470566
0.01497722
0.01474547
0.01476073
0.01472211
0.01471186
0.01470685
0.01475358
0.01488256
0.01470423
0.01466131
0.01465106
0.01467061
0.01467729
0.01467228
0.01469779
0.01479173
0.01491570
0.01494527
0.01489139
0.01488304
0.01481152
0.01485968
0.01486731
0.01500821
0.01486158
0.01510882
0.01500058
0.01521349
0.01573443
0.01516724
0.01497746
0.01505971
0.01508045
0.01495552
0.01477528
0.01476455
0.01473403
0.01485276
0.01482558
0.01482248
0.01481724
0.01489210
0.01484251
0.01483417
0.01502395
0.01491570
0.01508951
0.01493359
0.01492310
0.01493716
0.01520181
0.01498008
0.01502609
0.01493621
0.01494026
0.01490903
0.01508880
0.01488352
0.01489949
0.01499319
0.01504850
0.01489830
0.01492596
0.01514482
0.01512122
0.01525044
0.01495481
0.01504397
0.01515675
0.01497340
0.01495862
0.01495385
0.01497149
0.01515675
0.01494551
0.01512909
0.01502657
0.01509595
0.01513243
0.01523137
0.01508927
0.01514626
0.01520014
0.01524615
0.01523423
0.01528430
0.01539135
0.01541042
0.01522088
0.01514149
0.01526284
0.01521540
0.01520181
0.01526523
0.01529598
0.01533604
0.01528859
0.01523113
0.01533556
0.01546574
0.01538038
0.01532221
0.01530027
0.01535010
0.01569700
0.01542759
0.01544428
0.01529670
0.01534724
0.01526856
0.01512074
0.01513362
0.01510572
0.01510215
0.01522756
0.01533914
0.01535463
0.01523423
0.01518345
0.01499486
0.01504230
0.01501012
0.01513076
0.01516438
0.01514363
0.01501822
0.01528192
0.01517439
0.01499653
0.01499629
0.01494884
0.01515937
0.01496744
0.01494217
0.01499057
0.01507425
0.01501155
0.01499796
0.01503348
0.01512408
0.01537561
0.01566243
0.01560473
0.01578069
0.01565027
0.01564574
0.01559329
0.01785779
0.01566029
0.01554942
0.01549268
0.01549697
0.01546979
0.01545191
0.01545548
0.01546073
0.01545358
0.01547599
0.01547098
0.01549697
0.01551080
0.01544881
0.01552629
0.01563048
0.01551461
0.01547909
0.01550245
0.01550269
0.01551056
0.01549506
0.01554441
0.01549602
0.01548743
0.01548529
