0.37797427
0.01671433
0.01636934
0.01631641
0.01609230
0.01635337
0.01626348
0.01608562
0.01603293
0.01605630
0.01609945
0.01614833
0.01649714
0.01602077
0.01605725
0.01587081
0.01582074
0.01585436
0.01601243
0.01594806
0.01609492
0.01597333
0.01602221
0.01602817
0.01597548
0.01596308
0.01597571
0.01594114
0.01600289
0.01598215
0.01601768
0.01613426
0.01585078
0.01584172
0.01594067
0.01602817
0.01604390
0.01598477
0.01595879
0.01586890
0.01591420
0.01600242
0.01612425
0.01629257
0.01595569
0.01597929
0.01598382
0.01608157
0.01595783
0.01595402
0.01595855
0.01616383
0.01605773
0.01594543
0.01595473
0.01605844
0.01605415
0.01617742
0.01641226
0.01590490
0.01600385
0.01589394
0.01600766
0.01599360
0.01590872
0.01602149
0.01595116
0.01593637
0.01596665
0.01598382
0.01593423
0.01595402
0.01606989
0.01592803
0.01597929
0.01594090
0.01595998
0.01597095
0.01595020
0.01591873
0.01594877
0.01591229
0.01591539
0.01613116
0.01602769
0.01597285
0.01628137
0.01606059
0.01600218
0.01597357
0.01605868
0.01591301
0.01615357
0.01594234
0.01592898
0.01654124
0.01675057
0.01603580
0.01599264
0.01626277
0.01599979
0.01612449
0.01593304
0.01588750
0.01590538
0.01593900
0.01592183
0.01596904
0.01604772
0.01596403
0.01607323
0.01596665
0.01598239
0.01596403
0.01594305
0.01596093
0.01592517
0.01595592
0.01593518
0.01592779
0.01593280
0.01591825
0.01594973
0.01594138
0.01603436
0.01599693
0.01592541
0.01594090
0.01592755
0.01597047
0.01591277
0.01593542
0.01593184
0.01591992
0.01592612
0.01579452
0.01604843
0.01604462
0.01595306
0.01600289
0.01579285
0.01575422
0.01575303
0.01604295
0.01573157
0.01571703
0.01588368
0.01576281
0.01583266
0.01580048
0.01564741
0.01559567
0.01564622
0.01573515
0.01560521
0.01587605
0.01610589
0.01570201
0.01567054
0.01567745
0.01555943
0.01556873
0.01541400
0.01543355
0.01519537
0.01524758
0.01525116
0.01525760
0.01540565
0.01524305
0.01525450
0.01523042
0.01524067
0.01521444
0.01534939
0.01535702
0.01534724
0.01532221
0.01534891
0.01530957
0.01533985
0.01532435
0.01535726
0.01536822
0.01545238
0.01539731
0.01534986
0.01545000
0.01539135
0.01543403
0.01542115
0.01542544
0.01543307
0.01540446
0.01545811
0.01543880
0.01541591
0.01544046
0.01542974
0.01558614
0.01546240
0.01545477
0.01544380
0.01546001
0.01545787
0.01543117
0.01549029
0.01553392
0.01541424
0.01543188
0.01545310
0.01541305
0.01543307
0.01575994
0.01564980
0.01562858
0.01626086
0.01593113
0.01570463
0.01584721
0.01574612
0.01570821
0.01565838
0.01561570
0.01546144
0.01545596
0.01554871
0.01556277
0.01555419
0.01569653
0.01554871
0.01555467
0.01557708
0.01547790
0.01560163
0.01564479
0.01595259
0.01581597
0.01570225
0.01570010
0.01557136
0.01554513
0.01543903
0.01515341
0.01516342
0.01514602
0.01533890
0.01528621
0.01539755
0.01537609
0.01525354
0.01532149
0.01541805
0.01537895
0.01540184
0.01555848
0.01545095
0.01549220
0.01558971
0.01555681
0.01554227
0.01554012
0.01557708
0.01557946
0.01558399
0.01570702
0.01558232
0.01581073
0.01581097
0.01561093
0.01559997
0.01574922
0.01538277
0.01539755
0.01540208
0.01557684
0.01585603
0.01557565
0.01590896
0.01564217
0.01555848
0.01557589
0.01556134
0.01558423
0.01583982
0.01581836
0.01593304
0.01572394
0.01594782
0.01584792
0.01573610
0.01547337
0.01549959
0.01552105
0.01543999
0.01549768
0.01555800
0.01560926
0.01564479
0.01567316
0.01585937
0.01548386
0.01552916
0.01557159
0.01541901
0.01545048
0.01555967
0.01541162
0.01570606
0.01571417
0.01551533
0.01545763
0.01551342
0.01553082
0.01555037
0.01553893
0.01572800
0.01553750
0.01563096
0.01557016
0.01561308
0.01565766
0.01567030
0.01564956
0.01564574
0.01583314
0.01575351
0.01566362
0.01574445
0.01574492
0.01568031
0.01559210
0.01562500
0.01560903
0.01566386
0.01567292
0.01573896
0.01574874
0.01578283
0.01581407
0.01567388
0.01561785
0.01570582
0.01566219
0.01560831
0.01560903
0.01576567
0.01562190
0.01562810
0.01565051
0.01545143
0.01545644
0.01545978
0.01545739
0.01546431
0.01545191
0.01545334
0.01544309
0.01546693
0.01538324
0.01529741
0.01539850
0.01541710
0.01537633
0.01537418
0.01536036
0.01535845
0.01542473
0.01542687
0.01533484
0.01547527
0.01544785
0.01542187
0.01530886
0.01558328
0.01567459
0.01549864
0.01538086
0.01531243
0.01539230
0.01557374
0.01554370
0.01554441
0.01543355
0.01540852
0.01545954
0.01543593
0.01544595
0.01545119
0.01541615
0.01540685
0.01543093
0.01542187
0.01548958
0.01543355
0.01558089
0.01579785
0.01572394
0.01572227
0.01551366
0.01545238
0.01540589
0.01543784
0.01566696
0.01555514
0.01548338
0.01555729
0.01574397
0.01551867
0.01547575
0.01546264
0.01542306
0.01558423
0.01556349
0.01550221
0.01556611
0.01554441
0.01553011
0.01562834
0.01554680
0.01555562
0.01564217
0.01561427
0.01562572
0.01562572
0.01575232
0.01559949
0.01561022
0.01562977
0.01871538
0.01584864
0.01566911
0.01571441
0.01575112
0.01581216
0.01563096
0.01577663
0.01561308
0.01547885
0.01548362
0.01545644
0.01541853
0.01541877
0.01538467
0.01541758
0.01541209
0.01571488
0.01546907
0.01542068
0.01534176
0.01535559
0.01539016
0.01540136
0.01539612
0.01545358
0.01543665
0.01536274
0.01526093
0.01533508
0.01528263
0.01514888
0.01509738
0.01510239
0.01507449
0.01504946
0.01507568
0.01494932
0.01494765
0.01496482
0.01503873
0.01523709
0.01514220
0.01531816
0.01510239
0.01500559
0.01503897
0.01471543
0.01486468
0.01473713
0.01470757
0.01477480
0.01480174
0.01500630
0.01483321
0.01516819
0.01494288
0.01498008
0.01494670
0.01490307
0.01487374
0.01490641
0.01488233
0.01488829
0.01485944
0.01486230
0.01472998
0.01480961
0.01484799
0.01497555
0.01487350
0.01505637
0.01498866
0.01506090
0.01498294
0.01508975
0.01494074
0.01506805
0.01495266
0.01502323
0.01516676
0.01506686
0.01505542
0.01506805
0.01511407
0.01520109
0.01520467
0.01517487
0.01527238
0.01534152
0.01520300
0.01528287
0.01510191
0.01507974
0.01507616
0.01512122
0.01511955
0.01515388
0.01512694
0.01511836
0.01527596
0.01506639
0.01517034
0.01507282
0.01553750
0.01532817
0.01511788
0.01506591
0.01522064
0.01508021
0.01541162
0.01532769
0.01517987
0.01513815
0.01509118
0.01504421
0.01505756
0.01522756
0.01531768
0.01519799
0.01528716
0.01513290
0.01512432
0.01510835
0.01512432
0.01511192
0.01507378
0.01508355
0.01522970
0.01508331
0.01533151
0.01532912
0.01533055
0.01523185
0.01541424
0.01532507
0.01514053
0.01515937
0.01526022
0.01526999
