0.38524175
0.01489925
0.01484323
0.01469874
0.01474261
0.01467347
0.01485276
0.01476574
0.01486564
0.01479387
0.01483893
0.01485062
0.01481485
0.01473570
0.01499081
0.01495647
0.01484489
0.01501274
0.01503968
0.01475239
0.01480770
0.01476908
0.01475334
0.01484728
0.01480174
0.01479793
0.01486111
0.01479173
0.01478386
0.01472139
0.01458216
0.01463103
0.01486993
0.01488900
0.01468444
0.01470280
0.01483154
0.01471639
0.01460409
0.01451421
0.01465392
0.01467681
0.01472020
0.01462054
0.01449776
0.01460934
0.01447463
0.01445985
0.01451755
0.01448321
0.01456523
0.01467204
0.01490331
0.01477313
0.01491261
0.01465130
0.01468205
0.01449490
0.01446867
0.01453090
0.01437998
0.01454186
0.01446915
0.01466560
0.01478648
0.01458549
0.01469421
0.01476932
0.01445270
0.01460147
0.01449203
0.01453066
0.01453853
0.01466966
0.01473904
0.01469803
0.01464891
0.01450682
0.01453948
0.01464915
0.01461506
0.01455522
0.01456618
0.01479840
0.01460862
0.01456833
0.01453876
0.01472020
0.01479506
0.01483893
0.01471877
0.01486182
0.01451182
0.01454091
0.01474404
0.01455402
0.01473618
0.01454639
0.01459241
0.01459789
0.01475978
0.01478481
0.01483393
0.01481676
0.01486683
0.01462650
0.01460266
0.01461482
0.01463270
0.01461649
0.01482463
0.01484179
0.01472259
0.01481247
0.01483202
0.01494098
0.01499724
0.01484752
0.01494789
0.01489997
0.01496744
0.01494741
0.01496673
0.01491809
0.01472259
0.01474786
0.01483345
0.01470804
0.01494479
0.01474428
0.01488805
0.01497650
0.01493502
0.01493311
0.01488137
0.01477766
0.01502228
0.01484871
0.01508713
0.01483655
0.01499414
0.01500559
0.01492858
0.01502061
0.01481557
0.01481938
0.01483727
0.01481557
0.01491308
0.01511765
0.01502967
0.01505804
0.01491070
0.01498532
0.01502347
0.01508331
0.01501560
0.01516342
0.01513886
0.01499200
0.01494813
0.01487255
0.01494741
0.01488829
0.01468229
0.01479411
0.01468754
0.01501179
0.01500535
0.01493621
0.01480818
0.01487470
0.01479173
0.01497626
0.01473498
0.01472425
0.01474261
0.01503158
0.01495910
0.01503944
0.01486230
0.01487446
0.01482129
0.01482606
0.01506805
0.01498532
0.01491475
0.01493502
0.01501799
0.01501083
0.01502967
0.01499200
0.01488948
0.01494122
0.01493382
0.01495504
0.01503277
0.01494694
0.01514125
0.01506591
0.01536226
0.01518226
0.01506305
0.01501751
0.01501727
0.01501727
0.01522565
0.01502204
0.01499176
0.01500416
0.01501226
0.01520801
0.01513314
0.01507044
0.01502204
0.01499963
0.01507258
0.01500416
0.01501179
0.01502991
0.01500463
0.01502419
0.01501203
0.01499319
0.01499200
0.01505828
0.01504111
0.01493883
0.01495218
0.01504040
0.01508975
0.01514149
0.01505184
0.01495194
0.01506877
0.01502967
0.01501989
0.01502180
0.01508999
0.01524901
0.01515365
0.01540518
0.01525545
0.01524591
0.01522017
0.01514077
0.01512051
0.01508737
0.01519465
0.01520610
0.01520228
0.01520896
0.01524353
0.01523352
0.01531816
0.01543689
0.01540589
0.01540112
0.01534009
0.01533604
0.01537895
0.01529002
0.01562619
0.01562238
0.01540899
0.01547170
0.01541567
0.01540327
0.01540232
0.01557636
0.01552033
0.01544619
0.01549220
0.01549649
0.01540518
0.01536036
0.01553297
0.01557922
0.01545954
0.01556754
0.01557684
0.01563883
0.01578856
0.01586318
0.01580477
0.01562881
0.01558876
0.01577067
0.01573157
0.01581407
0.01579571
0.01579404
0.01576209
0.01594543
0.01599741
0.01590800
0.01594543
0.01593256
0.01591969
0.01598382
0.01598144
0.01608968
0.01610184
0.01621771
0.01642537
0.01650667
0.01598549
0.01616764
0.01602244
0.01591754
0.01593113
0.01593781
0.01592159
0.01592994
0.01592851
0.01592016
0.01593637
0.01593423
0.01592255
0.01592588
0.01593375
0.01590538
0.01590347
0.01590919
0.01594758
0.01612139
0.01599717
0.01836205
0.01613975
0.01610041
0.01614094
0.01606297
0.01597190
0.01593804
0.01593852
0.01595545
0.01593304
0.01589680
0.01591921
0.01597571
0.01591849
0.01592994
0.01594353
0.01592517
0.01590347
0.01593161
0.01591682
0.01592374
0.01590967
0.01592112
0.01592851
0.01588988
0.01592302
0.01589894
0.01591873
0.01572037
0.01561737
0.01562428
0.01570082
0.01565361
0.01572847
0.01560712
0.01558590
0.01561666
0.01577401
0.01546144
0.01559567
0.01549411
0.01548147
0.01554656
0.01540232
0.01544142
0.01542330
0.01542282
0.01543951
0.01549602
0.01571584
0.01565623
0.01566148
0.01557636
0.01553273
0.01555943
0.01557922
0.01556420
0.01555681
0.01552629
0.01587844
0.01560545
0.01576090
0.01570916
0.01565289
0.01568246
0.01563168
0.01572323
0.01562238
0.01593661
0.01582909
0.01568890
0.01569700
0.01560807
0.01561236
0.01578307
0.01560473
0.01560640
0.01562357
0.01543283
0.01544189
0.01543784
0.01560593
0.01552629
0.01569057
0.01561427
0.01554489
0.01542783
0.01554680
0.01550531
0.01535249
0.01536751
0.01534724
0.01535058
0.01548529
0.01543450
0.01541471
0.01542068
0.01541543
0.01539135
0.01557994
0.01550865
0.01553154
0.01549959
0.01564503
0.01557803
0.01550961
0.01546955
0.01540780
0.01541829
0.01546812
0.01555872
0.01539660
0.01552916
0.01604605
0.01552653
0.01568198
0.01557851
0.01543665
0.01543593
0.01536632
0.01542473
0.01534367
0.01534128
0.01549721
0.01535964
0.01536751
0.01538801
0.01542544
0.01530600
0.01516795
0.01508379
0.01510811
0.01511025
0.01519632
0.01510859
0.01511455
0.01509881
0.01511312
0.01511884
0.01514792
0.01522255
0.01525044
0.01532412
0.01522708
0.01524949
0.01524591
0.01518917
0.01520109
0.01538587
0.01543212
0.01519489
0.01517034
0.01516414
0.01536989
0.01523972
0.01523137
0.01513004
0.01509261
0.01508570
0.01536322
0.01520276
0.01522899
0.01512933
0.01569557
0.01531816
0.01538515
0.01510191
0.01506948
0.01507068
0.01509118
0.01507783
0.01509595
0.01513600
0.01510215
0.01514339
0.01511145
0.01512289
0.01512837
0.01506805
0.01508188
0.01507616
0.01509094
0.01529098
0.01510382
0.01542163
0.01526523
0.01518464
0.01508594
0.01508546
0.01509571
0.01508737
0.01510406
0.01514053
0.01507735
0.01530957
0.01515412
0.01510024
0.01509595
0.01517439
0.01513720
0.01513004
0.01513052
0.01516771
0.01506424
0.01525664
0.01524687
0.01526904
0.01525450
0.01531887
0.01530647
0.01534986
0.01522112
0.01537681
0.01530766
0.01531935
0.01529884
0.01550937
0.01535034
0.01530576
0.01525545
0.01527667
0.01519918
0.01514864
0.01514888
0.01523042
0.01539516
0.01529002
0.01531816
0.01550245
0.01554513
0.01771069
0.01549339
0.01574659
0.01553106
0.01546955
0.01575041
0.01553106
0.01571369
0.01578045
0.01553917
0.01545501
0.01542091
0.01541948
0.01543117
0.01546693
0.01549268
0.01550388
0.01560688
0.01563644
0.01562786
0.01555848
0.01556015
0.01580215
0.01574683
0.01564145
0.01564932
0.01566315
0.01569271
0.01564646
0.01566124
0.01572680
0.01567841
0.01564908
0.01562977
0.01563501
0.01571608
0.01563454
0.01583815
0.01565552
0.01563668
0.01566362
0.01587439
0.01570368
0.01576328
0.01565528
0.01567960
0.01555419
0.01556706
0.01562881
0.01558447
0.01557779
0.01561475
0.01556063
0.01560998
0.01578379
0.01567888
0.01583934
0.01564455
0.01561475
0.01546144
0.01564407
0.01556063
0.01559234
0.01551914
0.01548028
0.01547861
0.01545811
0.01552200
0.01547337
0.01545739
0.01550150
0.01548958
0.01548839
0.01548052
0.01548839
0.01571107
0.01565266
0.01566863
0.01556849
0.01556730
0.01547313
0.01549816
0.01521373
0.01511955
0.01517487
0.01513577
0.01515245
0.01515245
0.01518846
0.01514840
0.01520276
0.01517105
0.01517463
0.01516104
0.01533103
0.01539850
0.01535749
0.01533079
0.01515675
0.01513124
0.01515269
0.01514459
