1
332.4407,32.5592,40.0458,41.6620
333.8359,23.9230,39.0000,43.6240
335.4409,17.2329,37.8901,44.9331
337.0623,12.2442,37.9445,45.9653
342.6176,12.7656,37.9641,44.6888
347.7518,17.7030,38.0748,45.3733
355.8987,25.6356,38.7594,46.5689
359.3465,32.5501,39.1100,47.0612
363.7522,38.2648,38.6940,47.3076
364.9509,49.0443,38.7312,47.0595
368.4866,56.5897,38.3243,45.8004
367.0755,61.1793,37.6536,44.3687
368.0069,56.3660,36.0462,43.0212
356.1936,47.8373,35.8646,41.9403
348.1505,41.1034,36.0143,41.4493
341.1175,31.4145,34.3128,40.3338
333.6934,27.1096,35.2762,38.7270
332.5201,23.8073,34.5424,37.5037
323.7185,18.8110,36.3495,38.0584
323.6545,16.3095,36.7830,37.6591
322.3389,19.6892,36.5558,39.4762
326.5836,24.6720,34.7614,41.4307
326.5976,27.3580,34.3065,42.3004
332.1149,30.3277,34.5809,42.3966
337.6434,32.5150,35.0366,43.7320
340.2375,33.0887,36.1920,44.1788
340.8265,29.5515,37.8128,45.0799
338.6206,24.3237,39.1714,45.3718
342.9980,18.9022,41.4309,44.9062
349.7687,17.8221,42.0331,45.0105
358.2588,21.9330,39.7476,44.0336
369.9892,29.9344,38.4386,42.9522
381.9866,45.1603,36.7760,41.5553
393.8789,64.7930,35.5125,41.9435
398.5312,79.7307,35.4790,41.2964
397.7327,90.2863,35.9147,40.3701
411.7987,98.8963,36.1665,38.9427
406.2114,105.1464,36.5108,38.8898
398.8852,112.9714,36.6500,39.0022
399.1712,116.0570,37.3450,39.6342
396.0033,120.5734,36.5086,40.3432
397.7318,110.3828,38.5449,40.8550
391.1060,96.0977,40.7679,42.4871
381.4973,75.1130,39.3076,43.4124
366.4665,51.7566,39.1624,45.2577
352.1780,28.8948,42.4407,47.5213
334.1962,16.5598,42.7012,50.0634
318.1741,14.3353,42.5172,48.2252
305.6542,14.7194,42.8261,49.9993
301.6111,15.4704,43.2521,49.8177
302.1328,21.0594,42.5341,48.2480
306.9922,26.7104,41.9898,48.5539
311.0913,27.3362,41.1611,47.4360
312.6897,28.4654,41.7564,49.1366
311.8086,23.1531,42.4506,49.1879
307.5469,19.1787,43.2731,51.0555
303.0867,14.4147,44.2270,53.1885
299.2132,8.8528,45.7798,53.6852
293.9674,9.6680,47.9718,56.0936
294.7015,11.2938,47.5412,57.9675
299.3245,10.9752,46.9956,58.6813
311.6856,7.5669,47.9810,59.3492
324.3714,2.3225,48.7267,59.7544
329.1642,0.7058,52.0671,59.3972
327.1763,3.7424,53.5729,59.7414
322.0277,6.9402,52.7014,60.9962
324.8011,8.9040,53.2221,61.5789
323.8866,10.1030,54.9439,61.4969
322.5624,3.0660,55.5747,61.5912
318.9891,-2.2633,56.0619,59.2038
317.9146,-0.1220,57.1740,58.7791
316.2946,-1.4077,56.6979,58.4284
304.0844,3.0184,57.7828,59.7671
287.7144,5.6501,62.1865,63.0161
278.7366,31.0026,63.9709,71.9000
288.4273,66.8813,65.4867,76.8162
306.2058,110.1555,67.1801,82.7203
324.1500,142.4406,72.5347,84.2928
336.7239,157.7332,73.9482,84.0682
336.3880,180.8454,73.1324,81.0306
328.9629,168.5671,70.4796,80.9780
321.1100,167.5891,70.2690,80.2812
312.3048,159.2361,67.8251,78.8838
296.7907,145.8516,66.2682,78.3251
277.7338,125.2587,65.0362,77.2057
260.1802,100.1905,66.1965,76.8351
245.3919,80.5584,67.5395,78.2935
233.9659,56.9931,69.2926,80.8920
222.4870,32.6806,71.7639,84.4873
205.0641,13.6448,78.6419,91.7565
184.9622,6.3028,80.8585,90.4348
160.7180,21.4652,81.0688,87.5330
148.3107,11.6093,82.7637,90.8062
147.4244,17.9298,84.6845,95.7016
146.0218,22.6750,87.5027,98.5832
149.4611,26.8020,88.2623,99.9509
157.1860,35.0716,89.9614,103.0698
164.4988,30.7298,92.7787,107.7631
166.9496,19.5846,95.7131,114.2782
