1
444.5897,340.9199,41.4795,34.4824
442.6068,340.3299,42.6683,34.3488
441.8427,340.6957,42.8196,32.9657
439.9640,340.9376,43.5367,32.5033
440.7897,340.8572,44.3010,32.2087
440.0633,340.8557,44.2568,31.9895
439.9981,340.0112,45.0636,32.3983
438.5097,339.1719,45.3618,33.2059
437.7287,339.2402,45.9475,33.5192
436.0787,339.2191,46.1513,33.5217
434.3000,338.2980,46.8579,34.5437
433.4859,337.9008,47.7053,34.7728
431.0014,337.9205,47.2092,34.6894
428.3752,335.5219,47.4673,34.7193
428.4245,325.6311,45.5191,33.9790
423.5805,332.6866,43.6029,33.6656
415.2684,327.8752,44.6306,33.3468
408.0405,327.5934,45.5215,33.1926
423.8568,316.9324,45.7345,33.1609
423.0741,331.5179,45.4349,33.3514
418.9415,330.8858,48.0103,35.0432
416.0744,330.0062,48.4686,35.6795
413.3888,328.5404,49.7471,36.4087
413.3229,328.3586,50.5618,36.7301
411.4730,326.8782,50.5568,37.0468
413.2878,325.3240,51.5971,36.8802
415.3671,323.8046,52.2605,36.6989
418.1741,321.5619,51.9570,36.5329
421.4590,320.5190,51.4676,36.9400
422.0468,320.0878,51.7133,37.5651
425.4534,319.2632,51.6366,38.2519
429.3360,318.2260,52.4121,38.8432
432.6291,317.2464,52.9082,39.6365
436.2948,316.0343,52.9703,40.3235
439.3091,314.4842,53.5616,40.3810
439.3410,314.7464,52.7798,40.6411
442.2006,314.3469,54.0075,39.9350
444.4577,313.8656,54.9191,39.5598
443.4857,315.9409,52.0721,37.8270
442.6714,311.6617,52.2283,37.8273
443.8245,299.3135,51.7375,38.0518
442.9658,275.0411,50.6902,39.4709
463.8685,290.6293,49.7334,38.7622
465.9858,305.6527,48.7908,37.4800
463.0237,304.5372,51.3851,39.2603
465.1379,301.7806,53.8674,40.1671
466.9102,298.1768,55.4100,40.8100
465.7878,297.6271,55.2357,41.9215
468.9149,294.0784,55.5007,42.1635
470.9722,289.9405,55.1264,42.6335
472.2930,285.7764,55.8767,43.0080
472.6791,281.2442,56.2578,43.7824
473.2326,275.9433,56.2869,44.4539
473.3688,276.1520,55.7042,44.6637
472.8531,270.6375,56.2384,45.0630
470.6074,264.9727,56.9336,45.6059
467.0810,260.4005,57.3798,45.5236
464.5976,255.3630,57.8552,46.1635
464.7042,251.7770,57.5604,46.3605
464.4281,251.8629,57.2462,46.2472
464.3129,246.9423,57.2332,46.7804
465.1609,242.5064,58.0047,47.0599
466.1460,238.6752,58.6512,47.0371
466.5670,235.1516,59.6001,47.7983
466.5239,230.5684,59.2998,47.5065
466.6455,230.2020,59.1482,47.4863
463.8080,226.6401,59.6367,46.6772
461.5526,224.4556,59.2689,47.5083
457.8143,220.7972,59.0016,46.6150
456.8428,218.7174,58.6192,47.6936
453.8249,216.2304,59.1950,47.7011
453.8010,215.9073,58.9595,48.1588
453.2423,214.3864,58.7796,49.3439
453.4655,212.5390,58.3257,49.8085
455.2090,212.3070,59.3046,49.4112
458.8530,211.7415,59.7250,50.0830
467.2401,211.8228,59.5513,50.9548
467.1763,211.2001,59.3024,51.4623
478.6445,212.5508,58.9122,51.2179
491.7247,214.7090,59.6249,50.7583
505.4393,218.2208,59.5614,51.2900
521.3434,220.7527,59.2995,52.0927
536.3623,226.0279,59.3313,52.5121
536.8320,225.7493,58.9263,52.7196
549.0123,231.0310,58.5129,52.0827
556.0035,236.3266,59.0298,52.1970
561.3743,242.7628,58.9954,51.7484
562.3653,249.2828,59.5791,52.0152
565.6322,255.2762,60.6195,53.1522
565.6965,255.6810,60.7416,53.2851
572.6527,262.8175,60.0646,53.6850
581.0350,269.0778,60.1398,54.7459
589.1962,275.1446,60.5083,54.9559
595.4639,281.5137,61.5340,55.2930
602.6111,285.8282,61.3287,55.0407
602.2553,287.0501,60.7192,54.8838
607.0690,291.3891,60.6631,55.1976
611.3950,297.4979,60.9909,54.5816
615.7744,300.7406,61.8644,53.9440
619.0887,303.0594,62.1720,54.5135
618.6915,300.7389,55.0436,56.3583
621.7276,300.9331,49.7540,57.8645
626.6572,302.2661,51.0202,58.6323
626.4003,303.1399,51.3162,58.4691
632.1310,308.7589,54.2669,54.2774
632.3754,313.6161,57.0464,54.7895
632.3474,314.6758,58.7502,54.5977
632.0606,315.0978,59.2675,54.1548
632.1347,315.9034,60.7030,54.1866
631.9477,316.4327,60.9255,54.7296
632.1514,316.5910,61.5732,54.6991
633.9768,316.3299,61.4897,54.7739
635.7209,316.0836,61.1131,54.5456
635.4881,316.5606,60.7282,54.3509
638.8688,316.3332,60.7984,53.5870
640.0680,316.9347,60.1701,52.8874
639.8411,317.0149,60.1323,53.1964
637.2014,315.6346,60.2106,52.8837
633.7802,314.9135,60.1243,51.0994
634.1609,315.2870,60.1132,50.1298
630.5454,311.1141,57.7120,47.8607
632.2274,312.6862,56.8332,46.2112
628.0188,314.5195,58.5882,48.7531
625.5369,316.1570,60.0427,50.1444
623.3129,315.2310,59.6408,49.2468
623.2442,315.7679,59.5282,48.7847
627.2009,294.1272,60.6239,47.5550
621.4295,306.2550,58.5120,49.8144
617.0576,311.9734,60.2175,47.8888
616.0191,314.2502,60.5936,48.6962
615.6477,315.3637,60.6326,49.4993
615.7908,315.2707,60.4099,49.9139
615.7172,315.5174,60.0337,50.6248
614.8535,316.1024,60.1475,50.8832
613.2797,317.3406,59.1452,50.4912
610.6066,317.5868,59.2417,50.1063
606.9507,317.4743,59.1700,50.1004
606.9457,317.5547,59.2077,50.1184
603.3650,317.0073,58.7756,49.6777
598.1522,316.6629,59.2980,49.5808
593.5676,316.4534,59.0919,49.5681
588.3084,316.6515,59.2850,50.2161
583.5549,315.8957,59.8787,49.7993
582.8538,316.2870,60.6078,49.8954
579.5668,316.5801,60.0822,48.7811
575.7558,316.4494,59.9108,49.2667
572.1127,316.6007,59.6219,49.4347
568.3826,315.9820,59.4707,49.7167
565.4396,314.8240,59.2436,49.7190
565.6390,315.1982,58.8753,49.6510
563.1549,314.5274,59.2022,49.0318
561.5984,314.6534,58.5614,49.0516
559.9870,316.1318,59.1855,48.6330
556.0775,315.4369,59.2400,47.7621
554.4124,315.9802,59.8006,47.5100
554.0426,316.3181,60.0351,47.0814
550.4868,315.6754,59.4298,46.5276
546.8617,314.6890,58.7553,47.2445
542.8170,312.9640,58.6859,47.5788
538.7865,311.5003,58.6134,47.6245
535.1374,310.1118,58.7937,47.7720
535.4629,310.5436,58.8356,48.1591
531.7762,308.2808,59.1512,48.0298
528.1273,308.2244,59.3560,48.2764
524.4821,307.0537,59.1690,47.5080
520.5781,304.3615,58.8345,47.6441
515.9273,302.2182,58.4720,47.7173
515.9724,302.2233,57.9374,48.4498
510.9648,299.9590,57.4193,48.5741
504.8740,297.3906,57.8786,48.3383
497.7875,294.2164,58.3799,48.1964
489.4855,290.3983,58.7434,48.0207
482.1430,286.2037,58.8289,48.1399
482.9319,286.2783,57.8355,48.3439
475.3241,282.2620,57.7019,48.6133
469.1350,278.7139,57.1475,48.4338
462.1705,275.2232,57.0620,48.5090
454.2622,271.0394,56.9032,48.7770
447.3312,267.5140,56.2154,48.7113
448.2047,267.5185,55.3792,48.8208
438.8688,263.3919,54.9911,49.1044
429.3854,259.4493,55.0399,49.3094
421.4091,256.7567,54.9721,48.8249
412.9610,253.3873,54.9305,48.2966
404.8313,250.1353,54.8042,48.3147
405.8206,250.8519,54.1439,48.3766
396.0294,247.8719,54.1270,48.0079
386.9603,247.3715,53.5423,48.0557
380.7059,247.1647,52.7726,48.4591
373.7957,247.2677,52.7103,48.7124
368.0264,247.0710,51.9338,49.2507
359.9431,247.0482,51.4426,49.6667
360.7928,246.9340,51.0547,50.1657
353.7669,247.4000,50.5141,50.7086
349.0216,248.6887,50.5062,51.2340
344.5655,250.9505,49.9517,50.8737
340.2690,255.9593,49.4285,50.6522
338.2390,261.4819,49.6699,50.4491
338.7781,261.3916,49.5604,50.5677
337.2213,267.6494,49.6861,50.9908
335.0337,273.4935,50.7415,51.3149
337.2860,281.1469,49.1769,51.5098
338.7806,288.3599,48.1434,51.4628
338.7982,295.4062,48.0799,51.6948
338.5450,295.5231,48.0801,51.9593
339.9675,301.2252,47.0841,51.4984
341.7040,308.1740,47.4644,51.7494
342.3132,314.0135,47.0548,51.5866
344.9647,320.7709,47.0085,51.0706
347.5192,324.8154,46.3231,51.4797
348.0856,324.7653,46.1795,51.4852
350.6039,330.4784,46.3772,50.8495
353.3748,333.4577,46.4426,51.1185
353.4286,336.5749,48.2347,50.1316
358.2683,338.7617,46.7578,50.4879
360.6386,340.3466,45.8394,49.9722
360.4129,340.2113,45.7661,49.9758
362.5123,341.2124,45.4838,49.9188
364.8220,341.6478,45.3543,49.6296
366.2880,340.9008,45.2017,49.8030
367.0340,341.3308,44.9207,49.0366
368.0169,340.5152,44.8275,48.9006
367.5966,340.7391,45.1241,48.7417
368.5071,339.9201,45.2407,49.2406
368.3226,339.0613,46.0132,48.9558
370.2054,337.9476,45.5754,48.8523
369.7913,335.9082,46.1728,49.2708
371.6941,336.0985,45.9854,48.1639
371.2869,336.5655,45.8558,47.4572
373.2873,334.3376,44.9438,47.7822
374.5743,332.4258,44.1362,48.0792
375.7049,331.8829,43.8521,48.1089
375.3381,329.9745,45.5052,48.6134
374.7088,326.8413,44.4080,49.4788
375.9354,326.6975,43.4724,49.8373
374.1613,323.7104,43.3905,49.7412
373.7910,323.4263,42.9227,48.8254
372.3871,321.8045,43.1369,48.2254
371.0949,320.1197,43.1533,47.5720
368.1964,318.8452,44.0952,47.8168
367.6732,318.6694,44.8116,48.4707
367.8577,318.5210,44.7173,47.0959
365.2945,314.7628,43.8250,47.3238
362.1977,313.7478,43.3458,46.6287
359.1351,311.5534,42.9855,46.4554
355.6047,309.2150,44.0755,46.6158
355.9725,309.1452,44.3649,46.6398
352.3465,307.7448,43.9197,46.0944
348.2905,306.5442,43.9118,45.2119
345.9820,306.7113,43.5423,44.2981
342.2800,303.4524,43.1259,45.2166
339.8608,302.6290,42.9648,44.6211
340.3335,302.7058,42.6386,44.1711
338.3951,302.4037,43.0375,43.8322
338.8416,302.6177,43.9882,44.7218
337.7626,302.6143,42.5827,44.9137
336.7735,303.3659,41.9441,44.5724
335.7986,303.8757,41.4787,44.0409
336.0970,304.1938,41.3057,43.3707
334.5428,302.7606,40.6780,43.8247
333.4607,303.6578,40.5778,43.9225
330.5186,303.4858,41.3635,43.6077
331.0394,303.8907,40.9946,43.4896
329.2251,303.3146,40.5721,43.9509
329.2226,303.9900,40.3658,44.0039
328.9677,304.4618,40.1345,43.1588
329.0723,305.3033,40.3264,42.4029
328.8094,305.9563,41.5410,42.7613
327.3537,306.5782,40.6726,42.6445
325.4193,306.0000,41.2097,42.7355
325.5900,306.0457,41.0761,42.4833
325.1689,306.4889,40.7629,42.4337
324.8112,306.7212,39.8228,41.9525
324.7468,307.0833,39.7348,41.5625
322.5921,307.5679,41.3646,40.7682
325.3017,307.0098,40.4511,40.8026
324.8464,307.4692,40.1450,40.4321
325.7231,306.1045,38.6037,39.6274
325.4591,307.1193,38.9840,40.4690
326.6095,306.6840,39.1174,40.7069
326.3022,307.4913,40.4062,40.9189
327.5410,307.1641,39.2665,40.6340
327.4784,307.2146,38.8918,40.5068
327.3774,307.3443,39.6083,40.4306
329.2977,307.2914,38.9750,40.0416
329.9362,305.9753,38.5864,40.1811
331.2655,305.8626,38.5428,39.9139
331.7192,305.4016,38.7512,39.7674
331.4985,305.4985,38.8744,39.6194
332.2933,304.1091,38.5635,39.6570
329.7960,301.4759,38.7482,39.8497
328.8833,299.0058,38.9898,39.7319
329.9991,296.2529,38.5407,40.1927
329.4090,294.2780,38.7176,40.0995
329.5075,294.3358,38.7852,39.8742
327.4991,290.1498,39.0734,39.8243
325.0230,285.6573,38.9674,39.6736
321.9729,281.1929,38.4139,38.4994
318.9146,276.5045,38.2691,39.0355
314.7839,271.7444,37.8922,40.3094
314.8251,271.5692,37.7910,40.8882
311.0797,266.7413,37.7905,40.4060
306.0512,261.8290,37.9556,40.0958
302.7283,257.9025,37.1468,40.2694
299.0369,253.7564,36.5661,40.2139
295.2828,250.2940,36.5642,40.3972
294.8722,250.7312,36.9069,40.2939
291.3680,246.7103,36.1671,39.9706
287.7372,245.0355,35.8693,39.6506
284.5668,241.7279,35.6336,39.3576
280.6189,239.3989,35.5139,38.8284
276.1608,237.1051,35.2869,38.5246
275.6373,237.5044,35.5141,38.1466
271.3469,234.1548,34.8442,38.9050
265.4271,232.2836,35.2808,39.1124
260.1336,231.4410,35.5142,38.6486
253.9725,228.6338,35.3948,39.3172
247.6548,227.9541,35.5307,38.7375
248.0477,227.9549,35.6877,38.5329
243.1032,227.0531,35.9431,38.0921
239.9752,229.4549,35.3875,37.8202
237.3156,230.9664,34.4335,37.4046
232.1967,233.0889,35.5692,37.4648
230.2421,235.8384,34.9949,37.5761
230.6110,235.1446,34.4557,38.0323
228.1899,238.6296,34.6067,38.3744
228.1013,242.7548,34.8548,38.6242
227.0321,248.1096,35.9144,38.2150
228.4587,253.0208,35.5833,38.4953
230.9482,259.2896,35.2500,38.1290
230.2111,258.7697,35.9999,38.3119
232.9297,265.5012,35.8560,37.7132
235.2195,272.5838,36.3626,37.5478
240.5481,279.2595,36.9420,37.9406
245.7498,286.2533,37.6983,38.0961
250.7076,293.9767,38.1193,37.6461
249.8906,294.4266,38.7718,37.3490
257.3181,301.0756,38.2995,36.9762
258.8634,307.5497,39.1633,36.3189
261.1022,311.5824,39.3926,35.4567
262.4972,315.0189,39.6055,34.5463
264.6703,318.6174,40.0389,33.6594
264.1836,319.0321,40.7289,33.5311
264.8194,320.3386,40.8068,32.9541
262.2224,320.6350,41.1208,32.7710
257.4323,318.9883,41.8306,32.7025
250.4841,317.2031,42.3751,32.2518
244.2698,315.4364,42.3409,31.8650
243.9863,316.0999,42.4513,31.6994
237.6952,314.0322,43.5055,31.5442
230.8908,311.8935,43.9572,31.6056
224.2663,310.7669,44.2291,31.0982
218.8867,309.6182,43.7722,30.4594
212.1527,307.2221,43.4597,29.9122
212.5906,307.1801,43.3251,29.5908
206.2569,305.1014,43.7810,29.7123
200.1466,303.8769,43.3825,29.7053
192.6685,302.1462,43.6405,30.0031
184.0689,300.5722,43.9604,30.0862
177.2274,299.1933,44.0270,29.4563
177.1667,299.3365,43.8802,28.6083
169.6881,298.6876,43.6388,29.0182
161.9721,297.0594,44.1516,28.6427
154.8394,295.3694,44.2244,28.6711
147.7202,294.3727,44.1415,28.7768
140.7237,292.7036,44.4130,28.7097
140.7475,292.9781,44.9905,28.5616
133.6106,292.3354,45.1421,28.2768
128.2682,292.0189,45.4524,27.8806
122.8495,292.3708,45.1884,27.5101
119.1153,293.0400,45.4158,27.0822
119.9497,295.5857,45.0560,26.9458
120.0397,295.7188,45.0958,26.5185
125.5503,300.6651,45.5089,26.1092
135.4094,306.5215,45.5992,26.2890
148.2018,313.2045,45.5149,26.3295
165.3429,321.9857,45.8648,26.8306
183.5404,330.7906,45.6388,28.3229
183.7471,330.1750,45.5626,29.2463
196.6508,335.9474,45.3959,29.6745
209.4904,342.5729,44.3040,29.0648
218.9582,347.6753,44.0126,28.8864
225.5511,352.0585,43.7318,29.2548
230.2820,355.3066,43.4711,29.4104
230.5561,355.4256,43.2300,29.5122
234.2539,358.2989,43.6001,29.1897
238.0470,361.2898,43.2772,28.9792
241.2319,362.8008,43.6244,29.2057
246.6936,365.5406,43.8677,29.0060
252.5510,367.9500,44.1589,28.9932
261.2807,370.5427,43.3963,29.7231
261.7585,370.0307,42.6693,30.3893
270.9689,372.7910,43.3164,30.5530
281.1096,374.5625,43.4624,30.6608
290.6744,378.0927,43.3134,31.5509
301.5457,382.3427,44.0105,31.9643
309.1258,385.1265,44.9837,32.0653
308.7970,384.8291,45.9231,32.5002
318.7956,388.0312,45.4946,32.4225
326.1701,390.5889,45.1708,32.6862
332.2728,393.8076,45.4795,32.2847
338.1226,396.1360,45.0557,32.0246
346.2104,398.4568,45.2062,32.1108
345.5907,398.7084,45.1301,31.7180
352.8896,401.2582,45.7263,31.9906
360.6828,403.2183,45.8352,32.5082
369.6633,405.1582,45.1209,32.8048
377.7874,407.7029,45.7548,33.1009
385.8019,409.1324,46.0602,33.5299
385.0895,409.0536,46.5232,33.9531
394.6007,412.8393,46.0479,33.1335
403.3347,414.3952,46.0286,33.4041
413.0227,417.3687,46.0734,32.9451
423.3999,419.9792,46.1637,32.2023
434.0131,422.3847,47.5201,32.0200
432.9926,421.7388,47.2064,32.0297
444.5865,424.3858,47.8056,31.7560
453.7895,424.2857,47.4329,32.7194
462.1823,425.9957,47.1238,32.7800
469.4715,425.7902,47.0215,33.1078
475.9840,426.3361,47.4846,33.1482
475.1089,426.6943,47.0201,33.0171
480.8992,424.4559,44.6771,34.9179
495.1232,425.2736,44.3634,34.5972
503.5357,423.7781,44.5660,34.6181
517.0115,422.4753,43.6438,34.6346
529.2960,422.6296,43.9228,35.0227
529.0361,422.7601,44.2390,35.3637
542.1545,421.0027,44.2611,35.9977
555.6751,419.7093,44.0673,36.6871
568.9989,419.1229,44.2964,36.9744
578.4141,418.4406,45.2341,36.9179
591.5631,417.3977,45.6520,36.4993
592.0995,417.4493,45.9552,36.2532
603.0529,416.7929,46.5973,35.4663
611.8516,415.4264,47.2731,35.1769
617.6810,413.6989,47.7908,34.9037
620.0005,411.5256,48.2772,35.2359
620.7795,409.5960,48.4188,35.4231
620.5681,409.7238,47.6618,35.3160
620.3121,407.8148,47.2984,35.3752
619.2462,405.8199,47.4948,35.4763
617.8700,403.1101,47.3217,36.0700
615.6906,401.7137,46.9926,36.3212
613.7806,400.5803,46.4616,36.4855
614.4541,400.5528,45.7696,36.5844
610.5015,399.8531,45.3765,36.5296
606.8787,398.7416,45.0944,36.1714
602.1776,397.6078,45.1937,35.7667
597.7028,395.6911,44.5760,35.7871
592.1584,394.2145,44.1661,36.2125
592.2444,393.6827,44.0179,36.7380
589.2031,392.7290,43.0276,36.6523
583.5289,392.0532,43.1031,36.4592
578.9906,391.0160,43.2330,35.8466
573.9679,389.7005,43.0541,35.6901
570.3329,388.3259,42.2469,35.9676
571.3135,388.9945,42.0271,36.2327
566.7449,388.1725,42.6082,36.3099
562.9567,388.0917,43.5856,36.3188
559.9031,387.2304,43.3908,36.6034
556.1588,386.4503,43.3681,36.4890
552.3972,385.8943,43.5872,36.4839
553.3906,386.5507,43.3313,36.0894
549.1784,385.8651,43.7363,36.2428
546.8773,384.7136,43.3799,36.2170
543.8348,384.0189,43.5745,36.0535
542.7382,383.0206,43.1356,36.5306
540.8872,382.3794,43.0514,36.9275
540.9417,382.7549,42.8770,37.2443
537.7801,381.7471,43.2743,37.4168
536.8674,380.6661,45.6796,38.7843
532.6550,379.9982,44.6425,38.6158
533.5138,381.3914,43.9808,36.9809
530.2068,382.1960,45.0148,37.4897
530.3499,382.1772,45.3337,37.8399
529.2023,381.9279,45.1932,37.8305
528.9093,382.5558,45.2770,37.6766
529.5432,382.5553,45.4170,37.7665
530.6170,383.5430,45.9689,37.9271
532.9442,384.1842,45.3685,37.6419
532.9507,384.4853,44.9470,37.3417
534.2136,384.5602,45.3449,36.9127
535.1769,384.0577,45.3235,36.2184
538.5847,385.0360,45.5259,36.2195
541.5776,385.1753,45.5474,36.0723
544.3220,384.8245,45.9423,35.9720
544.7156,385.1030,46.1760,35.9071
549.2794,384.6760,45.7999,36.2447
555.0033,384.7134,46.4176,36.4262
560.9149,385.2831,45.9716,36.0851
566.1554,385.3746,45.8602,35.9132
572.6389,384.8613,45.8756,35.5762
573.0834,384.6110,45.3048,35.4870
580.4664,382.8804,45.6177,34.9682
585.7972,382.1693,46.4938,35.2270
593.5809,381.4971,46.7272,34.8752
601.5134,380.9087,47.4395,34.8144
609.0481,379.6326,48.0052,34.7483
609.1465,379.7409,47.7514,34.6372
616.5156,378.9825,48.3065,34.2147
623.5312,377.8552,48.6990,34.1195
629.1087,376.5152,48.8631,33.5582
633.9700,375.2392,48.3458,33.0795
637.3260,373.0754,48.4796,33.0601
637.7892,373.0342,47.7728,32.9904
640.5742,371.0360,47.4844,32.9413
643.5609,368.7644,47.5667,32.9432
646.5587,366.8504,47.7013,32.7884
648.8870,365.0890,48.7925,32.5270
650.6718,363.3706,49.2969,33.0308
650.2600,363.0499,49.3053,33.5889
652.2365,360.6375,49.4023,33.6308
654.2527,359.0508,49.9360,32.9696
653.2130,357.0436,50.0536,33.1574
652.1683,355.1383,50.0419,33.7543
651.4584,353.1454,50.0712,33.8539
651.4016,353.0865,49.8653,33.8621
649.6472,351.2642,50.0167,33.6928
647.2420,349.9228,49.5256,33.4129
644.0252,347.9858,50.2350,33.2815
641.0419,345.9403,50.2608,33.2168
637.2156,344.5773,50.8039,32.6514
637.0961,344.6348,50.1266,32.7365
632.4456,343.4874,50.2721,32.5504
629.4984,341.6048,50.1593,32.4894
625.9061,340.2451,50.2166,32.1769
620.3256,338.7257,50.5313,31.9813
616.6566,336.1049,50.7590,32.4592
617.0089,336.2115,50.7143,32.6921
614.1961,334.5158,49.9576,32.8467
612.5331,333.7039,50.2622,32.7048
611.6204,332.3423,50.0229,32.2465
610.2588,331.6808,49.6987,32.2614
610.4847,331.2242,49.8283,32.3233
610.4990,331.0980,49.6719,32.3879
610.5890,330.7957,49.6984,32.4184
611.5062,330.4204,50.4086,32.6155
612.9348,330.7051,50.7986,32.1032
614.8547,330.7079,50.7959,31.9490
616.6906,331.6583,50.9677,31.5583
616.3563,331.5747,50.2194,31.3632
618.9985,331.2371,50.4002,31.5344
621.4071,330.9713,50.2952,31.7373
623.7111,330.4833,50.2593,32.0974
625.1207,329.9087,50.3790,32.4377
625.8340,329.5683,50.7480,32.5724
625.4797,329.3132,50.8467,32.8138
625.8882,328.6981,50.5792,32.6717
627.3347,327.9084,50.8211,32.6570
627.3139,326.1588,50.6251,32.5670
626.2903,324.1743,50.6591,32.5709
625.8682,322.2781,50.8166,32.4640
625.9016,322.2285,50.7972,32.6701
625.1358,320.3717,50.8701,33.0688
623.9763,318.0190,50.7689,33.2245
623.3787,316.0103,50.6423,33.0368
