725.000,52.000,190.000,565.000
720.740,43.146,190.337,561.016
727.902,45.523,192.548,561.177
735.638,41.580,196.513,562.321
746.169,37.286,201.708,565.944
753.924,36.689,210.926,568.814
750.145,36.785,213.170,569.788
754.897,42.616,221.958,570.303
752.804,51.933,226.571,564.247
756.130,63.276,227.407,554.962
761.977,79.838,229.007,547.404
764.134,92.759,229.499,536.802
764.010,96.018,228.636,528.030
767.388,102.418,226.468,521.914
771.213,104.499,225.163,520.087
777.614,106.661,222.012,517.815
785.344,108.107,219.176,514.913
789.243,109.732,218.237,513.299
791.445,111.541,216.382,509.897
792.498,113.052,216.336,508.438
792.106,112.244,218.144,508.203
787.759,107.771,221.690,510.264
784.717,94.597,226.429,514.829
777.841,75.867,231.367,526.634
775.718,70.578,232.973,535.325
767.982,57.026,239.667,546.371
760.159,39.880,246.444,563.301
753.244,10.588,253.445,579.427
748.165,-0.232,257.782,588.214
745.432,-5.455,257.542,594.653
744.650,-7.151,256.968,599.892
744.429,-5.812,253.515,602.567
742.747,-0.987,250.072,600.492
735.972,3.504,244.861,598.471
737.903,13.402,234.108,594.409
745.227,27.249,220.436,586.240
749.564,31.895,211.685,579.074
750.167,46.981,205.579,570.850
747.558,53.565,195.522,557.556
742.584,55.440,195.868,555.943
738.102,56.191,199.133,554.949
725.398,53.367,209.981,557.665
725.017,53.540,218.184,560.341
705.447,48.273,227.893,567.526
692.909,42.376,225.679,572.979
689.205,39.156,222.476,581.056
690.338,38.252,219.308,584.890
687.165,38.409,219.229,586.015
686.898,38.516,218.546,582.619
683.574,39.574,218.647,582.221
672.925,44.470,217.400,583.715
665.293,53.555,219.612,582.289
651.057,55.715,221.358,583.001
639.415,55.711,225.622,585.814
640.458,54.612,224.879,583.793
635.917,52.911,223.811,584.460
634.580,48.447,217.240,582.856
639.437,47.625,210.118,588.468
632.327,42.925,211.493,596.610
629.330,43.105,212.622,600.378
633.189,42.071,209.173,600.954
632.943,47.680,209.580,603.046
627.676,46.669,209.941,608.004
622.995,42.242,211.238,613.427
620.225,44.628,213.629,617.253
621.497,46.525,216.827,613.792
618.738,49.747,220.563,614.403
615.235,51.495,224.415,611.792
620.341,54.302,226.334,607.958
622.124,51.662,222.812,605.820
622.522,51.302,219.146,607.247
621.501,51.566,216.969,606.728
620.479,52.121,214.469,605.611
626.561,45.574,213.167,609.005
631.830,43.522,207.733,615.744
629.949,36.894,207.031,623.255
630.084,34.596,209.368,628.362
628.386,34.838,210.339,631.187
629.937,34.487,210.548,632.640
623.499,40.937,210.651,630.585
623.028,46.075,209.273,628.315
621.319,50.000,210.559,626.884
614.006,55.533,215.579,622.556
615.463,60.333,216.681,619.521
613.186,61.372,215.625,614.343
612.225,64.951,216.004,612.849
608.112,68.577,217.914,610.921
605.994,72.309,216.904,607.339
606.694,63.400,214.737,610.272
606.120,50.853,215.919,617.602
609.667,48.604,214.517,620.903
607.168,23.764,220.118,634.966
603.632,-0.082,233.126,648.304
598.961,-16.450,248.230,656.158
590.213,-37.214,258.069,657.905
586.417,-33.871,265.990,657.815
579.737,-33.331,272.508,656.588
582.572,-29.647,270.489,658.400
583.965,-19.133,266.925,661.788
588.229,-10.089,256.398,661.371
597.193,2.507,243.346,654.526
599.603,22.280,231.681,642.445
604.135,24.652,220.953,630.732
607.865,34.325,219.372,627.426
609.883,38.764,210.928,618.266
620.844,44.290,200.792,613.906
624.655,37.861,195.587,613.487
619.189,32.812,196.035,615.509
621.421,35.207,196.055,614.745
623.702,31.040,195.639,616.185
629.143,28.167,197.019,617.721
631.219,28.979,199.447,616.121
638.454,38.145,197.857,613.044
639.561,56.926,196.176,603.113
640.259,60.940,194.016,594.515
646.462,76.928,191.597,586.703
645.353,89.971,189.722,571.524
640.305,90.062,189.189,562.743
645.385,86.045,184.579,559.236
643.241,69.215,189.019,570.395
641.862,66.401,191.466,577.152
649.686,48.025,189.136,586.580
642.080,22.322,192.367,587.453
635.969,13.649,195.442,584.678
642.177,7.199,193.739,578.003
646.639,8.265,197.474,572.267
648.386,11.414,200.859,567.470
647.382,12.795,199.497,564.119
649.768,21.018,199.840,558.370
649.267,30.985,196.343,548.026
646.141,49.280,189.528,535.043
646.330,58.423,184.104,523.365
649.114,61.689,180.644,518.145
652.843,68.794,177.785,513.385
655.819,67.509,173.973,510.498
661.436,67.182,172.567,510.670
665.171,62.586,174.079,512.174
664.383,63.311,174.997,512.174
664.512,64.389,176.035,511.729
665.765,61.557,177.744,512.380
667.305,62.840,179.563,510.891
666.156,59.022,176.158,510.543
664.715,58.181,170.277,513.653
671.652,59.286,163.630,514.906
670.106,56.675,162.320,515.628
676.280,58.397,157.181,516.728
675.494,61.119,155.126,514.294
678.589,64.835,154.862,513.390
675.387,67.828,157.283,510.363
673.752,70.081,159.437,506.438
672.400,72.187,161.216,504.574
674.521,75.157,160.913,501.556
677.965,81.031,159.377,496.954
677.158,81.574,159.290,494.108
679.840,79.586,158.374,495.214
678.462,79.457,158.245,496.415
678.259,77.517,158.287,497.899
681.486,77.777,155.153,498.414
675.748,78.131,157.489,499.194
679.729,77.048,154.850,499.691
685.628,79.758,151.317,498.210
681.697,76.586,154.441,500.339
680.639,74.523,155.028,501.327
679.143,69.677,158.140,502.613
683.050,59.292,161.087,496.946
684.462,63.160,166.757,487.853
685.285,70.205,174.130,492.382
687.157,75.412,178.887,493.696
687.211,77.700,180.495,493.278
687.841,84.233,180.129,487.761
687.038,93.393,180.153,479.244
684.614,100.455,181.446,476.328
682.721,97.992,181.215,473.926
681.181,96.849,180.971,473.547
681.285,97.334,181.148,474.865
679.341,95.682,180.659,478.224
675.978,90.330,177.491,480.109
675.275,94.080,175.965,479.405
676.350,97.833,176.334,476.561
675.447,99.031,177.359,474.059
675.936,100.507,178.606,473.116
671.012,96.951,180.266,475.215
673.970,89.837,178.567,476.429
670.449,68.216,182.416,481.913
670.205,59.458,182.936,483.028
661.224,49.907,179.699,481.089
666.464,50.350,181.179,476.466
658.585,49.365,180.481,475.545
652.080,48.396,181.693,473.990
648.742,53.978,180.626,472.136
648.954,61.315,178.773,469.621
648.078,67.304,174.842,462.047
649.255,66.259,172.215,460.327
649.940,72.423,168.121,452.382
651.513,75.751,164.944,450.569
654.576,78.245,164.613,448.475
655.197,81.910,164.827,446.796
658.679,85.128,162.295,446.321
659.746,84.719,160.534,443.584
661.519,77.981,157.689,444.059
660.233,74.664,156.089,447.286
657.098,69.710,158.104,450.760
656.591,66.306,160.503,452.422
659.037,64.229,160.909,453.759
660.230,62.333,161.455,454.891
663.318,63.423,164.793,454.591
671.860,70.241,165.534,454.892
675.367,71.321,165.307,449.410
682.677,81.569,166.269,443.464
682.883,89.592,167.482,434.546
681.989,92.455,168.280,428.836
680.065,97.530,172.264,420.846
676.391,102.471,174.343,414.256
670.295,101.670,173.482,411.551
664.950,97.461,174.446,413.348
660.446,93.532,172.375,420.991
659.565,93.176,172.017,424.848
655.452,86.613,168.870,430.714
646.596,81.650,170.190,431.923
643.102,78.015,172.018,433.234
642.459,76.266,172.638,430.471
647.570,72.284,170.600,429.135
646.972,72.031,170.701,430.790
649.214,64.300,168.542,435.176
649.884,54.751,168.610,445.167
652.063,51.423,167.293,451.828
654.152,52.303,167.156,450.970
657.005,64.851,164.577,444.910
659.912,67.284,161.175,437.559
662.149,81.300,159.123,428.522
663.885,96.062,157.119,417.419
664.087,103.965,155.566,409.600
664.838,107.908,153.552,404.916
667.259,107.153,151.518,403.460
668.164,107.671,150.561,403.413
667.592,103.774,150.843,405.185
666.301,98.981,154.226,408.958
663.354,93.189,160.063,412.759
662.665,88.864,164.020,416.195
659.748,85.670,168.048,418.564
659.136,82.280,170.607,421.424
656.147,80.970,174.228,424.128
654.587,80.001,175.740,426.232
651.882,81.825,175.143,426.832
652.690,88.219,171.784,420.399
654.122,96.548,166.989,414.037
655.151,98.890,164.188,411.465
657.181,106.590,160.028,405.713
658.202,111.418,156.624,399.818
656.854,112.556,155.017,396.860
655.903,109.522,155.089,398.293
655.093,101.815,158.938,404.821
655.140,100.075,161.632,406.974
654.118,94.671,167.125,413.812
654.237,86.201,173.172,419.059
654.021,81.671,177.868,423.234
650.266,75.851,181.764,428.564
650.190,72.855,183.457,430.750
650.231,70.874,185.253,433.405
647.626,68.167,186.701,435.731
644.024,69.582,188.216,435.391
641.235,74.230,187.057,431.457
639.772,83.479,183.135,427.718
642.223,92.864,175.661,418.503
643.265,97.367,172.023,413.445
645.372,104.568,167.519,405.969
643.993,109.546,165.725,398.452
643.184,111.526,165.377,396.514
639.671,106.599,169.158,398.821
629.192,99.549,183.227,405.047
624.962,95.442,190.429,407.698
619.911,83.938,204.398,414.386
612.678,73.006,220.836,421.412
607.345,57.372,225.108,425.472
601.372,50.311,219.779,431.047
596.620,45.319,215.809,437.248
598.901,40.596,215.186,440.525
591.869,43.153,211.191,442.012
598.595,53.454,195.611,433.553
608.645,68.834,176.625,430.670
614.735,72.593,162.009,424.208
621.806,82.515,152.184,419.799
625.858,84.646,145.486,417.640
631.497,97.250,139.062,416.505
634.362,112.994,134.336,418.516
633.545,123.479,132.385,415.811
632.070,125.349,133.496,413.125
628.712,127.067,136.735,409.865
628.138,128.527,138.219,407.659
628.484,122.600,141.196,410.914
629.695,112.655,145.381,417.467
634.308,101.388,148.832,425.844
636.479,91.642,153.488,434.830
641.097,83.214,155.837,448.249
641.088,78.487,156.917,456.155
643.137,71.077,159.205,463.381
643.237,65.120,160.908,469.260
642.425,61.653,163.227,475.414
641.244,58.710,166.587,480.859
637.632,60.073,170.432,481.543
636.367,59.312,172.640,482.317
630.589,63.950,179.243,483.490
627.244,70.181,181.047,482.745
625.026,80.369,180.693,478.753
626.606,89.989,177.056,476.219
626.931,99.018,174.652,470.471
629.170,100.651,174.424,466.356
630.299,105.544,171.763,462.623
628.968,105.904,170.352,461.082
627.921,102.182,172.346,464.063
629.904,93.566,173.736,470.487
628.661,82.702,177.770,479.506
627.553,77.772,179.875,485.395
629.385,66.323,183.283,496.256
632.148,60.265,186.421,505.338
628.016,54.584,190.768,515.018
628.864,52.485,194.632,521.416
632.294,52.252,197.901,524.707
631.727,51.224,200.857,528.935
633.034,54.467,206.735,530.052
635.556,59.760,209.387,530.045
638.356,64.226,209.227,528.052
640.706,70.893,207.085,521.654
645.806,76.527,203.343,514.194
647.769,79.221,202.393,511.427
648.829,86.365,201.169,505.505
651.157,92.660,200.018,499.212
656.601,91.856,200.276,496.116
657.344,83.767,203.977,500.034
651.345,70.357,212.816,509.172
648.154,68.405,216.954,514.197
638.980,57.330,226.768,524.122
635.052,46.654,237.282,536.718
628.196,36.200,244.149,547.918
620.678,30.010,251.157,554.178
616.048,29.614,253.481,562.440
615.056,30.172,253.327,562.085
613.551,38.607,249.634,556.095
612.428,49.934,246.617,545.202
612.739,67.099,248.163,532.162
611.036,77.240,248.695,522.686
611.646,82.989,248.168,518.602
611.058,85.000,249.107,515.543
609.326,83.333,247.010,515.306
610.602,82.220,244.297,516.182
611.149,82.111,241.964,516.768
612.239,82.769,239.721,516.110
613.781,84.829,238.402,516.753
613.043,85.476,237.919,514.688
611.126,86.043,240.169,514.447
609.354,88.046,241.392,513.283
604.307,87.867,244.839,512.893
601.772,92.236,246.284,509.551
604.933,98.224,245.049,504.653
601.508,100.697,245.773,501.672
609.089,106.325,244.508,498.994
608.979,107.132,245.452,497.743
612.378,107.059,244.941,496.427
615.197,106.342,242.885,493.107
619.093,110.736,243.487,490.503
615.781,110.294,246.309,490.952
616.880,115.540,244.642,483.018
614.630,122.526,247.002,481.529
613.812,122.977,248.637,477.111
607.383,124.896,251.014,475.305
609.089,126.212,251.780,472.008
606.158,128.163,253.646,470.882
610.957,135.636,252.351,466.383
612.096,140.387,249.697,460.757
614.279,149.157,247.012,452.768
616.023,154.261,245.288,446.566
618.168,161.372,242.925,440.556
617.564,161.455,242.313,436.961
620.590,161.487,239.686,437.219
621.099,158.883,237.460,437.295
622.662,157.302,233.181,438.385
625.796,159.084,231.768,439.084
627.214,167.113,231.260,434.053
624.738,163.541,232.023,433.882
624.401,169.873,233.138,430.161
623.274,168.400,235.066,430.417
624.254,161.601,234.096,435.586
623.490,149.310,234.646,445.144
624.418,125.713,236.043,459.092
623.582,122.175,236.040,468.758
620.763,96.208,238.180,484.919
621.267,74.185,237.586,505.425
621.079,40.169,239.053,525.460
620.981,21.862,242.600,541.654
622.487,-4.420,243.326,554.121
621.227,-2.742,245.138,562.725
622.886,-5.409,244.350,571.203
622.773,-9.616,243.011,574.226
626.807,-5.347,240.000,571.777
628.702,5.132,235.006,565.528
633.285,21.792,229.165,557.846
635.415,28.693,225.154,552.427
639.208,40.709,223.501,542.272
639.308,53.898,221.180,529.012
635.698,63.805,219.092,520.356
635.539,70.361,215.651,513.990
633.376,68.788,213.647,509.830
632.581,67.159,210.679,512.452
633.023,65.810,209.756,513.705
635.244,69.870,210.430,514.390
636.893,73.977,209.960,513.464
636.840,79.349,209.512,510.166
635.940,78.785,209.437,508.235
634.767,82.910,207.943,506.440
636.527,81.269,206.217,502.271
637.937,82.016,205.881,501.912
636.751,80.645,206.322,506.310
635.218,74.113,206.179,508.540
633.606,71.503,206.329,511.658
634.039,66.593,205.480,515.581
630.642,60.457,201.723,517.562
627.819,49.679,198.928,521.646
629.863,42.913,203.541,522.724
627.034,43.221,213.209,528.205
626.051,40.509,216.244,530.889
619.609,36.936,210.244,530.387
611.628,40.761,202.491,539.528
614.650,44.148,196.771,539.289
612.096,52.661,189.070,534.020
610.852,57.632,182.636,528.694
612.590,59.732,178.932,527.452
603.748,58.302,177.500,531.457
596.901,54.408,176.337,537.197
578.832,40.498,183.539,537.918
573.555,39.919,189.863,538.720
562.485,32.675,195.171,539.303
561.214,33.287,197.638,537.518
558.647,38.624,197.510,548.267
553.710,38.444,197.293,552.695
550.450,43.767,196.357,550.482
549.358,46.215,195.341,546.489
552.314,53.664,190.458,538.713
554.186,55.411,186.231,533.468
558.974,57.846,178.919,529.803
543.133,50.119,184.455,539.037
542.560,42.618,184.179,545.361
545.329,36.262,181.438,548.704
547.320,36.959,177.978,550.141
549.015,36.269,175.133,551.447
557.060,39.302,166.587,549.431
538.660,46.376,176.280,545.742
544.186,59.050,173.103,539.222
541.562,68.736,172.821,531.451
538.094,69.144,171.158,532.218
536.879,70.181,171.346,531.465
