248.000,186.000,33.000,25.000
246.281,186.085,32.987,24.878
244.357,185.931,32.956,25.082
241.617,185.609,32.834,25.818
240.306,185.324,31.740,26.693
240.591,185.205,30.830,27.190
241.600,185.497,29.579,27.319
240.405,185.729,29.185,27.509
237.753,186.052,29.649,27.402
235.503,186.089,30.408,27.441
232.123,185.936,31.655,27.786
228.814,185.631,33.427,27.793
224.321,186.837,35.760,27.902
225.711,185.958,35.574,28.493
226.120,185.755,35.181,28.789
221.450,186.018,37.080,29.220
217.989,185.975,39.645,29.866
219.830,186.038,38.889,30.490
219.915,184.974,39.289,31.273
221.390,184.742,38.174,31.423
225.156,184.563,36.070,31.917
225.288,184.292,34.690,32.271
222.637,184.869,34.730,32.022
221.760,185.743,35.616,31.536
219.424,186.359,36.577,31.398
219.247,187.029,37.330,31.308
220.268,187.877,37.138,30.892
222.013,187.857,36.477,30.697
223.603,187.620,35.438,30.925
225.016,188.015,34.545,30.983
224.825,188.526,33.843,31.021
224.982,188.680,33.816,31.333
224.716,190.828,34.560,31.129
225.034,190.645,35.493,30.548
225.135,190.400,36.731,30.900
225.862,190.520,37.191,30.808
226.974,188.043,38.153,31.713
225.831,188.148,39.330,32.394
222.044,187.865,41.354,32.972
217.713,187.602,43.889,33.635
210.261,187.698,46.904,34.205
204.854,187.217,48.882,34.597
199.581,186.934,48.488,34.800
193.879,187.670,47.524,34.768
177.883,187.680,45.852,35.001
168.760,187.481,44.608,35.438
159.203,188.190,45.323,35.617
152.325,187.901,46.507,36.315
142.130,191.672,45.465,37.411
138.256,193.362,44.677,37.329
134.950,193.783,44.426,37.166
132.442,195.232,45.133,37.328
129.148,199.398,45.641,37.022
128.089,200.408,46.018,36.816
127.921,201.049,46.046,36.791
129.612,201.704,45.244,36.370
135.202,201.500,41.649,37.165
136.990,201.092,38.788,37.175
137.961,202.240,37.141,37.400
139.246,202.317,35.472,37.653
140.536,203.162,33.961,37.741
142.339,202.872,32.537,37.278
143.895,204.566,31.156,37.023
143.477,203.640,30.468,37.140
141.493,203.536,31.233,37.177
140.010,204.002,32.079,36.856
139.604,205.064,32.639,36.417
141.881,204.963,32.631,36.202
152.339,205.832,31.033,36.675
156.357,206.554,29.060,36.927
158.309,207.531,27.096,36.809
160.333,207.437,25.083,36.457
164.128,206.210,23.864,37.085
164.755,205.841,23.082,37.261
163.308,205.077,22.774,37.121
165.098,205.029,22.317,36.530
167.401,204.711,21.909,36.601
169.502,205.240,21.876,36.440
171.233,205.174,21.939,36.095
172.573,205.330,22.707,35.887
173.770,205.583,22.576,35.767
175.330,205.344,21.952,35.453
177.171,204.915,21.374,35.372
177.267,205.550,21.142,35.117
180.040,206.209,21.158,34.856
180.190,206.230,21.775,34.406
180.041,206.303,22.686,34.018
179.619,205.816,23.689,33.275
180.548,205.459,24.000,33.237
180.182,205.101,24.693,33.425
180.995,204.824,25.889,33.377
182.610,204.765,25.850,33.566
180.194,204.602,26.793,33.302
179.962,204.398,28.071,32.953
178.394,204.372,28.312,32.844
179.041,203.573,28.733,32.725
177.693,203.669,30.498,32.223
176.291,203.780,31.569,31.776
175.419,204.352,32.546,31.178
175.741,204.981,33.603,30.625
175.068,205.541,33.780,29.705
175.237,204.938,34.505,29.335
174.810,204.790,34.544,29.178
174.248,204.985,33.973,29.090
176.508,205.970,34.121,28.921
176.702,206.607,34.356,28.552
175.635,206.959,34.698,28.169
175.387,207.035,34.178,27.580
176.748,207.861,34.142,26.824
175.171,208.030,33.931,26.354
175.299,207.895,33.977,25.944
174.357,207.832,34.175,25.702
172.270,207.524,33.717,25.411
171.547,207.125,33.194,25.132
169.994,207.140,32.400,24.795
169.407,207.460,31.180,24.491
168.755,207.616,30.700,24.347
168.844,207.353,30.500,24.104
168.038,207.477,30.118,23.796
168.796,207.571,29.422,23.646
169.002,207.914,28.308,23.465
168.186,208.198,27.296,23.277
169.584,207.502,25.929,23.260
173.000,205.995,24.802,23.076
176.871,204.296,23.787,23.060
179.860,203.139,22.529,23.126
183.545,201.303,20.893,22.988
187.096,200.102,19.409,22.921
190.875,197.354,18.322,22.510
193.114,194.697,17.342,22.322
194.266,192.174,16.491,22.246
194.988,189.180,15.732,22.558
194.164,186.743,15.796,23.259
194.157,185.700,16.426,23.857
194.308,185.483,17.090,24.329
193.835,186.310,17.728,24.414
193.642,186.707,18.236,24.715
193.674,186.792,18.739,24.808
193.663,186.648,19.060,24.852
195.826,185.708,20.062,24.921
195.551,185.751,20.707,24.916
195.864,185.876,21.048,25.032
196.863,185.577,22.147,25.108
196.431,185.430,23.208,25.108
196.276,184.216,24.179,25.647
197.862,183.098,25.589,26.417
198.250,182.815,25.812,27.496
198.639,182.988,26.307,27.995
197.885,182.911,26.751,28.536
197.471,182.849,26.962,29.211
195.984,182.271,28.242,29.942
196.062,180.835,30.251,30.700
196.322,181.181,32.383,30.807
191.556,181.358,35.046,31.117
191.913,181.659,34.962,31.757
193.013,182.209,35.009,32.119
191.121,183.992,36.549,32.271
188.968,183.452,37.232,32.412
182.042,184.751,37.905,32.660
173.855,186.339,40.373,32.620
172.696,187.377,41.579,32.511
173.023,188.206,42.698,32.287
174.534,189.339,42.989,32.278
175.098,192.038,43.790,32.520
176.112,193.118,45.273,32.635
176.083,193.919,46.643,32.889
179.396,193.890,45.785,33.037
174.932,196.438,46.672,33.596
172.490,197.341,47.119,33.734
165.848,198.336,47.474,33.848
161.963,199.265,47.724,34.181
159.889,202.789,49.212,34.929
159.611,203.532,50.429,35.355
161.880,205.043,49.743,35.247
163.520,207.403,48.927,35.150
167.291,210.081,49.341,35.723
166.523,210.772,49.691,36.116
168.464,211.408,49.293,36.370
171.432,212.566,49.678,36.305
175.812,213.336,47.181,36.511
176.343,214.369,46.883,36.916
177.128,215.938,48.204,36.820
180.149,215.406,49.607,36.466
185.346,215.623,49.026,36.544
188.513,215.865,47.464,36.500
192.394,216.401,46.236,35.797
196.368,217.102,43.859,36.103
200.339,217.574,41.721,36.351
201.271,218.054,39.994,36.199
203.396,217.697,38.057,36.334
205.537,217.883,36.810,36.774
206.770,216.878,37.121,36.643
210.688,217.824,36.459,35.888
212.098,216.886,35.448,35.845
213.961,217.395,34.515,35.213
214.029,214.873,33.853,35.861
214.966,214.224,33.342,36.576
215.188,212.247,32.134,37.478
215.340,213.553,30.923,37.469
216.755,212.703,29.660,38.225
217.475,212.462,28.661,38.910
217.502,212.245,28.011,39.042
219.300,212.873,27.741,38.895
219.983,212.361,28.055,38.103
219.978,212.859,28.437,37.362
219.329,213.258,28.742,36.929
217.855,213.715,29.196,36.682
214.463,214.284,30.231,37.195
212.853,214.785,31.423,37.105
211.536,215.300,32.150,36.950
210.221,214.817,32.813,36.332
207.892,214.328,33.728,36.091
206.867,214.306,34.596,35.899
206.338,215.184,35.301,35.665
205.344,215.642,36.246,35.445
203.878,216.650,36.726,34.885
200.562,216.550,37.763,34.337
198.641,218.295,38.374,33.659
196.362,217.581,39.270,33.057
194.453,216.950,38.001,32.851
194.925,217.379,37.689,32.373
194.001,216.645,37.816,32.209
191.127,216.077,38.140,31.984
188.566,215.136,37.836,32.042
189.344,214.953,36.721,31.701
189.703,215.440,35.848,31.086
186.259,215.064,35.727,30.559
184.948,214.980,37.056,29.978
184.424,214.149,38.278,29.677
183.696,214.665,38.952,29.278
183.366,214.375,38.591,28.912
180.063,213.211,37.844,29.229
181.640,212.702,37.372,29.382
184.184,212.407,37.392,29.233
186.641,212.153,37.186,28.905
186.399,211.322,36.342,29.054
187.329,210.924,35.318,29.264
187.771,210.241,34.105,29.704
188.053,208.817,33.085,29.544
188.928,206.693,32.350,29.058
189.564,206.032,31.887,28.752
189.933,205.886,31.239,28.597
190.387,205.884,29.959,29.103
191.784,204.549,29.104,29.061
191.083,204.018,28.135,28.755
190.971,205.130,26.840,28.431
191.648,204.662,25.970,28.053
191.236,205.071,25.576,27.655
191.247,205.921,25.154,27.093
191.061,206.050,24.783,26.753
190.533,206.651,24.046,26.233
189.401,207.400,22.421,26.022
189.180,207.243,20.869,25.811
188.611,207.101,20.177,25.425
188.759,207.071,19.535,25.074
187.595,205.454,18.657,24.681
186.985,204.402,18.037,24.550
186.930,202.559,17.775,24.595
187.133,200.977,17.820,24.616
188.674,195.391,17.617,25.432
189.881,193.018,17.622,26.097
189.865,190.734,17.069,26.630
191.305,189.365,16.571,27.021
193.813,186.242,16.514,27.630
195.065,185.477,16.268,28.054
195.532,184.740,16.173,28.115
195.911,184.418,16.767,27.891
197.759,183.559,16.992,27.556
198.328,183.479,17.153,27.069
199.087,183.483,17.526,26.783
199.232,183.337,17.119,26.529
200.370,182.843,16.392,26.489
201.135,182.092,15.887,26.338
202.093,181.704,15.861,26.270
202.433,181.176,15.898,26.495
203.158,181.618,15.818,26.582
205.048,181.969,15.735,26.582
206.862,182.379,15.696,26.553
209.505,182.712,15.791,26.159
213.826,185.897,15.896,27.357
214.589,186.176,16.226,28.035
216.920,186.917,16.589,28.481
217.624,188.472,17.118,28.404
221.650,190.964,17.529,28.095
223.272,191.521,17.955,28.013
224.883,192.269,17.999,28.067
226.170,191.882,17.777,28.147
229.976,191.830,17.610,28.289
231.866,191.370,17.618,29.000
232.541,192.310,17.237,29.091
234.022,191.746,16.818,29.742
235.758,192.403,17.097,30.924
236.571,192.426,17.652,32.274
236.986,193.052,18.362,33.810
238.153,192.147,19.009,34.869
237.618,194.513,20.339,35.515
237.688,195.190,21.267,35.964
237.079,197.570,22.439,36.343
236.324,200.284,23.423,36.154
237.358,198.792,24.447,37.009
235.924,200.576,24.816,37.734
237.536,201.279,26.017,38.934
235.759,202.681,26.642,39.673
232.754,202.791,27.575,39.213
235.018,202.557,28.787,39.184
234.522,202.190,31.546,39.801
234.064,201.020,34.516,40.592
232.976,201.052,34.611,40.868
232.169,200.468,35.017,41.301
228.854,199.975,35.748,42.165
224.116,199.325,37.799,42.956
221.179,199.433,40.627,44.135
221.454,199.427,42.521,45.165
221.019,198.563,43.313,45.721
220.575,197.847,44.937,45.701
219.168,200.442,47.383,45.398
220.387,203.383,50.009,44.481
217.486,205.083,53.788,42.885
216.740,207.882,56.240,41.021
209.575,210.136,58.285,39.430
207.845,209.037,59.898,38.420
209.024,210.014,60.050,37.648
203.983,210.037,60.925,36.722
205.123,210.719,59.654,35.818
205.608,211.013,58.878,35.154
201.086,210.611,58.083,34.938
200.374,211.088,58.675,34.776
196.145,210.609,58.672,35.433
194.792,212.395,58.458,35.165
193.075,212.667,58.101,35.039
191.484,212.846,57.344,34.887
188.782,211.987,57.321,35.120
187.765,211.794,57.057,35.219
186.222,211.790,57.075,35.167
183.071,212.048,57.832,35.144
181.017,211.946,58.636,35.257
