483.000,125.000,180.000,592.000
462.159,129.350,179.547,576.723
470.374,126.934,177.551,571.042
469.441,128.364,178.675,567.361
470.364,126.383,177.621,565.521
468.703,122.381,178.095,566.296
470.693,121.676,177.009,569.994
473.698,118.725,175.186,574.572
474.742,112.982,176.017,576.968
475.160,103.919,175.864,583.023
478.979,110.173,174.698,583.531
478.282,98.997,174.910,590.102
483.930,106.339,175.529,587.768
486.932,101.623,178.472,586.851
489.726,94.704,180.012,590.737
496.291,99.991,180.454,586.654
495.438,95.942,182.729,587.371
500.724,101.564,186.997,580.216
496.812,107.209,188.210,578.702
496.734,106.156,189.174,578.564
495.147,107.556,190.790,582.556
495.361,108.689,191.516,581.442
496.800,112.062,191.624,578.649
498.451,109.162,191.854,578.835
500.109,114.619,191.606,574.338
499.137,118.271,188.751,579.127
497.643,119.017,189.156,579.011
493.905,119.442,189.155,579.292
494.742,118.798,186.236,582.402
493.779,117.714,185.256,586.760
493.272,117.694,186.552,583.881
493.477,113.040,185.460,591.757
489.105,112.032,184.676,594.798
486.929,119.163,182.887,591.456
484.345,127.464,182.312,583.448
484.526,127.464,181.512,584.216
479.184,129.961,183.304,582.358
478.842,131.941,183.360,579.354
475.397,133.173,184.879,578.039
476.570,135.652,184.972,573.767
473.862,137.512,187.235,574.327
477.317,138.015,189.885,572.476
470.516,142.311,192.662,570.103
473.094,148.053,194.296,564.356
470.106,149.349,195.503,565.341
475.943,149.725,197.356,560.770
469.658,149.887,198.168,559.834
480.039,151.319,198.444,557.843
474.481,152.836,198.964,558.307
479.964,153.854,201.063,560.603
477.724,151.430,202.730,562.601
485.445,151.999,201.318,561.446
481.913,148.049,200.252,567.528
484.159,148.470,197.610,569.188
483.423,137.419,197.500,575.981
485.781,136.442,196.303,580.074
485.158,136.837,195.070,573.212
484.850,131.960,193.876,574.733
483.930,123.586,193.040,578.638
487.277,108.780,194.564,586.469
485.636,102.032,197.331,582.783
486.063,94.436,201.938,572.910
487.396,91.875,204.269,571.653
486.559,81.489,205.048,572.975
492.341,73.771,205.888,574.851
487.765,70.803,205.984,573.985
493.370,64.930,209.007,587.577
486.496,55.454,209.247,596.724
491.531,50.496,210.916,600.888
487.235,45.060,211.188,612.215
489.893,43.040,213.434,616.497
488.531,37.503,214.143,617.927
489.038,33.917,215.067,621.759
485.896,32.402,215.744,624.049
489.124,28.732,214.297,626.226
494.710,27.324,211.573,631.951
495.553,24.047,207.815,632.809
490.094,24.578,208.595,628.224
488.906,31.791,209.850,625.714
490.151,33.194,206.650,627.485
487.290,37.330,206.269,629.068
487.206,45.039,205.395,624.007
490.986,53.146,206.912,618.792
486.548,55.706,208.683,620.036
494.475,62.484,208.325,614.605
494.521,66.086,209.367,615.551
493.239,69.426,213.883,615.063
494.475,69.719,213.207,613.123
495.976,67.356,212.119,614.591
496.242,63.164,211.364,616.308
496.133,60.105,210.690,620.126
495.914,57.068,210.788,625.824
494.176,44.649,210.133,627.080
499.659,42.789,207.166,615.924
504.723,45.977,204.890,619.394
511.367,27.534,203.550,627.567
509.434,30.858,208.575,627.386
507.790,21.062,211.391,627.684
509.749,0.989,216.373,617.645
503.553,6.081,218.846,617.479
506.862,-10.879,219.449,603.870
505.221,-1.595,219.974,599.272
503.646,3.966,220.202,601.273
500.716,-7.133,217.226,597.979
503.747,-13.371,216.289,589.325
501.559,1.289,214.047,596.221
503.256,-1.923,213.562,603.764
502.710,0.114,215.825,609.112
500.830,2.443,213.279,609.341
502.738,8.586,211.580,607.064
498.706,18.914,210.078,610.654
497.582,34.472,212.021,615.454
499.072,44.877,215.633,619.251
496.704,54.287,216.997,628.172
494.639,48.054,216.893,627.840
495.828,63.473,218.837,615.598
494.258,65.394,216.536,608.796
495.241,75.140,212.002,600.849
496.309,67.124,209.252,602.948
496.636,70.450,205.454,606.353
500.731,62.637,203.779,601.887
500.150,62.709,202.728,598.146
499.691,46.535,201.144,598.124
501.771,50.045,202.588,590.487
502.135,43.833,201.582,594.824
504.872,35.455,199.661,595.189
506.388,29.892,198.529,601.059
506.010,19.568,196.771,601.865
506.916,2.388,193.914,598.288
509.985,-7.755,191.659,587.190
512.009,-10.752,189.460,582.408
512.403,-8.817,190.291,580.249
511.805,-5.567,189.547,583.147
517.881,-13.347,190.308,586.259
516.009,-18.816,190.539,580.350
517.194,-23.418,189.219,575.477
514.532,-23.289,190.984,572.943
513.048,-21.087,191.370,572.634
513.943,-23.610,193.202,569.325
513.591,-20.912,194.435,573.031
517.445,-24.907,194.417,578.703
517.400,-25.858,195.862,578.285
516.496,-25.705,199.523,579.706
514.385,-23.169,199.518,581.065
518.510,-16.805,200.509,584.272
517.082,-10.679,198.415,590.290
514.607,-12.910,198.295,585.023
514.521,-6.937,203.196,585.418
514.344,-3.810,204.303,585.459
511.190,3.416,205.798,585.556
514.744,11.530,206.121,585.645
512.547,18.824,205.865,582.797
514.421,23.822,205.925,578.141
510.429,19.655,207.464,576.492
508.774,35.858,211.519,577.877
507.827,35.890,214.304,576.397
502.575,35.077,214.651,573.531
505.091,35.104,213.759,562.282
508.286,35.125,213.737,558.605
499.063,36.445,212.645,557.957
500.097,34.331,209.319,554.280
497.487,33.006,208.119,553.630
492.808,30.674,207.870,555.739
493.225,34.623,207.803,566.620
495.385,31.916,211.366,577.901
488.980,27.989,215.109,580.497
488.824,22.684,216.089,585.501
486.390,22.168,215.797,590.352
487.413,19.022,215.104,592.925
491.226,18.480,212.428,596.995
491.236,17.382,209.606,598.246
493.574,15.053,202.654,600.581
495.890,14.452,199.528,602.175
497.006,7.413,196.382,594.033
497.428,4.103,194.703,588.137
497.220,9.965,191.250,582.042
499.025,22.935,193.264,586.547
502.845,21.786,194.689,581.345
493.806,20.982,195.605,580.250
493.811,20.487,192.047,578.420
495.531,28.457,192.753,575.759
492.937,31.821,189.149,576.071
488.163,36.122,188.788,572.165
489.762,43.110,189.629,570.342
487.538,42.513,190.571,563.322
484.041,49.691,190.591,556.642
477.893,46.284,189.462,547.022
480.339,55.877,190.863,539.082
479.401,57.732,190.388,529.016
474.125,62.708,187.880,518.043
473.992,70.194,186.651,513.110
471.059,68.293,183.616,506.576
470.297,74.723,184.094,505.022
470.136,77.399,182.887,504.980
479.447,79.158,185.927,500.366
471.542,77.861,185.662,502.092
474.772,77.858,186.111,503.573
472.969,75.241,184.738,501.371
478.079,66.647,187.092,488.108
475.797,75.648,185.785,484.948
483.007,72.279,187.275,469.317
484.565,75.260,184.763,466.136
492.575,76.735,185.569,466.106
488.935,72.428,183.879,462.912
490.887,71.043,183.325,459.994
491.875,73.632,181.649,457.209
499.459,77.100,183.387,457.057
496.360,74.788,183.703,460.327
498.510,72.458,183.194,459.007
502.387,69.238,182.540,458.222
502.541,70.518,180.909,460.394
504.531,67.272,179.026,457.125
506.181,70.140,179.780,457.621
505.765,65.974,178.985,457.007
507.898,61.306,179.741,451.182
505.795,62.039,179.306,446.507
503.590,66.426,180.345,443.471
507.755,70.592,182.028,442.442
506.882,72.095,183.703,441.663
507.849,71.303,184.287,441.869
511.922,77.858,186.594,449.426
513.092,75.414,187.730,451.886
515.630,81.019,188.842,458.764
515.759,80.416,191.253,464.070
513.597,81.713,192.125,472.291
512.360,79.962,193.783,479.161
512.441,84.155,195.837,490.692
512.462,84.856,198.170,506.123
510.930,90.062,201.951,517.837
508.391,84.104,204.472,522.224
513.400,78.911,207.116,526.193
510.034,78.273,206.809,527.607
512.087,71.316,207.406,527.257
513.186,80.120,208.360,532.785
516.888,79.623,212.724,536.105
512.118,80.926,211.383,538.593
513.881,86.174,213.043,544.816
517.760,88.924,217.548,547.207
512.678,83.468,212.898,547.269
520.352,91.044,216.947,556.333
513.789,84.924,215.592,555.031
517.308,90.816,218.641,554.073
512.336,84.700,216.608,553.532
515.346,87.010,218.425,553.095
513.393,86.852,217.351,553.579
513.411,83.405,216.886,548.985
515.850,94.169,219.238,547.281
510.532,92.739,216.834,546.333
517.584,103.687,222.117,547.955
510.920,94.031,219.377,547.480
515.749,97.660,219.454,549.424
513.847,92.594,216.492,547.855
517.132,90.080,217.631,547.333
514.814,93.626,215.653,547.265
520.323,90.222,216.604,543.364
519.300,103.478,216.635,544.946
518.234,93.910,215.584,541.366
522.972,94.801,217.447,540.365
518.914,98.821,215.805,542.592
524.049,101.597,216.027,540.882
519.678,95.393,211.774,539.490
524.235,100.764,213.603,538.065
521.981,98.747,213.836,536.939
524.084,102.703,213.416,538.045
523.741,92.101,211.991,532.372
523.050,98.265,212.785,535.566
528.323,94.601,213.815,534.539
522.489,93.808,215.095,538.106
522.886,91.417,214.830,539.792
523.213,90.650,215.217,542.219
523.095,87.088,214.942,544.593
526.770,92.605,215.578,543.636
526.026,86.360,215.849,539.699
523.805,87.351,214.480,540.422
525.572,88.212,214.538,540.978
527.267,92.474,215.128,545.305
527.930,92.973,213.605,543.104
530.251,94.067,213.451,543.628
527.061,94.420,214.779,542.787
525.328,90.539,213.428,538.326
525.018,97.279,215.945,532.604
521.443,94.250,218.266,537.699
513.923,86.416,215.484,541.321
516.394,95.650,219.104,547.771
515.472,84.444,217.422,544.407
516.117,77.970,216.612,538.440
507.826,85.896,214.862,536.471
511.763,90.349,215.063,540.322
513.879,85.396,212.240,536.477
516.362,91.456,212.988,540.262
513.348,81.832,211.314,540.753
515.742,78.880,210.142,542.266
516.836,80.900,212.907,539.463
515.547,83.608,213.495,540.069
517.342,94.200,215.094,544.721
516.182,90.518,214.737,545.293
515.810,86.336,214.727,549.415
520.288,85.710,214.438,547.538
522.411,96.547,219.641,553.387
514.176,88.124,215.272,554.818
522.913,91.127,220.191,559.051
521.470,93.733,220.750,562.248
523.183,103.251,222.368,574.071
522.273,96.972,224.485,576.610
522.635,96.320,231.646,580.177
517.341,91.647,229.785,582.712
521.854,86.811,237.617,583.447
522.671,84.677,240.979,581.814
516.850,79.254,241.807,588.811
519.131,84.886,241.037,591.123
519.852,74.302,241.367,592.298
518.946,75.645,236.938,596.050
518.406,75.454,235.204,597.935
519.604,74.843,232.594,597.928
521.489,80.570,231.847,594.591
520.076,76.630,228.480,595.529
524.898,81.930,230.416,598.745
521.232,77.479,226.182,599.260
525.362,82.799,224.748,597.192
527.169,74.375,221.961,594.273
525.464,70.993,218.340,594.857
526.893,69.415,212.544,589.049
530.488,80.263,213.258,593.173
533.228,72.485,212.284,593.774
535.911,87.727,211.864,595.739
536.107,94.995,214.531,595.434
536.135,94.857,215.136,593.703
537.829,101.061,216.488,591.297
534.459,100.161,216.463,581.571
533.438,109.974,219.484,580.802
533.607,114.662,220.056,577.505
532.840,115.399,219.140,571.971
532.565,126.857,218.369,570.400
533.809,128.337,219.295,570.329
534.814,135.553,219.822,564.162
528.873,136.029,214.577,562.051
533.385,144.574,212.969,552.957
532.477,144.421,208.253,550.115
534.934,148.352,205.098,547.068
534.154,147.292,204.104,549.329
533.690,148.216,204.457,552.696
533.352,144.328,204.264,553.840
531.008,139.284,203.407,556.580
526.839,133.519,202.972,561.430
528.052,126.477,205.753,568.966
526.276,124.451,206.667,572.653
527.759,119.022,206.912,575.842
530.152,118.664,209.960,582.489
530.717,100.456,210.765,586.100
535.081,99.204,214.709,591.174
532.772,98.560,211.786,591.703
533.914,95.748,212.386,591.826
536.360,94.553,213.553,589.100
537.212,98.531,215.913,592.880
532.734,96.932,213.370,587.496
536.318,94.484,213.665,580.082
534.769,98.464,214.773,578.461
533.787,103.218,214.797,580.584
537.462,104.033,216.334,586.071
534.619,98.398,214.944,581.855
534.302,104.030,217.940,581.763
536.937,98.654,218.067,583.982
532.957,95.856,217.214,577.957
533.670,101.402,215.301,578.648
537.190,107.984,216.402,577.155
532.767,105.877,215.822,572.416
537.723,109.531,214.489,573.148
536.582,112.663,210.785,572.623
538.783,115.327,209.590,567.494
542.094,119.200,207.717,562.869
536.671,121.145,204.013,557.157
541.578,123.053,205.170,558.329
532.053,126.633,203.963,552.393
536.759,130.875,205.970,551.819
534.567,134.571,203.416,549.498
533.281,139.001,202.471,548.737
530.613,139.317,203.523,546.662
534.058,139.578,204.213,550.745
530.893,136.847,201.630,548.961
534.411,142.003,202.298,547.195
532.043,140.332,200.526,544.763
535.992,144.427,200.106,541.330
537.632,149.487,196.527,538.881
536.457,151.888,195.781,536.805
540.914,146.741,195.813,537.653
539.214,146.155,195.330,539.149
539.205,144.266,193.285,537.532
540.536,150.832,194.537,537.971
540.498,147.078,195.521,540.963
539.861,150.674,196.486,539.773
542.164,146.491,196.744,544.648
542.236,140.922,199.445,548.979
540.744,126.751,197.902,551.731
540.243,133.970,196.591,556.811
543.086,131.067,198.230,559.638
544.653,137.211,200.337,560.423
549.942,132.994,197.832,560.537
544.144,133.875,196.894,559.440
545.894,135.035,196.218,555.400
547.631,140.492,195.448,555.714
546.318,140.672,193.923,554.957
545.796,144.013,193.396,546.702
545.734,151.068,193.596,543.020
545.358,155.839,191.128,537.027
545.508,160.338,191.369,534.382
546.951,165.132,190.281,527.024
546.083,170.941,190.029,524.644
549.014,174.261,189.818,521.951
543.426,172.497,189.007,521.966
542.709,173.496,184.986,522.495
546.559,176.051,186.918,523.226
543.800,178.051,186.120,523.695
543.091,171.183,188.385,525.442
540.178,173.555,187.089,526.240
543.873,173.881,187.124,524.819
539.298,171.702,186.094,524.870
540.910,176.634,187.921,524.028
538.987,176.291,185.219,522.768
540.151,179.554,185.400,522.875
540.878,178.198,185.834,521.295
537.057,177.238,184.898,517.177
537.640,183.349,184.565,513.875
540.691,186.821,186.273,514.755
536.774,173.225,185.827,516.937
540.248,184.105,186.743,520.372
539.830,179.377,186.629,519.082
537.398,185.208,184.769,517.663
538.092,187.563,184.051,518.458
538.672,190.494,183.441,516.681
538.914,190.214,181.842,514.419
540.404,194.088,182.910,513.622
541.862,190.989,185.238,511.555
537.382,196.326,184.653,510.372
535.295,196.105,183.257,507.106
534.039,194.407,178.769,505.693
529.737,193.336,179.013,505.753
530.181,193.770,179.124,508.413
523.738,192.424,177.379,506.131
527.802,192.469,177.061,506.182
525.148,193.864,175.473,505.957
525.385,201.205,174.641,502.331
526.757,196.767,174.037,498.327
528.511,206.836,175.992,496.363
524.474,200.884,174.714,495.942
518.761,202.538,174.958,494.517
522.003,200.969,174.984,488.746
520.828,200.817,173.217,487.309
520.162,206.306,173.373,487.641
522.691,212.309,174.706,488.814
520.543,212.324,177.052,484.991
