239.000,91.000,115.000,147.000
232.184,87.749,116.072,148.336
231.571,86.340,115.828,150.730
229.922,88.553,115.329,150.213
229.166,86.988,114.781,149.259
228.646,88.346,112.866,148.383
227.017,88.296,111.906,147.812
224.509,88.346,110.751,146.772
223.570,88.804,110.097,145.382
222.121,89.822,109.408,144.051
222.545,90.305,108.625,142.406
220.868,91.148,107.991,140.420
217.733,90.829,107.680,139.251
215.107,92.334,107.218,137.999
216.619,92.714,105.914,137.919
212.871,92.711,105.678,137.201
214.443,93.401,104.339,136.835
209.639,93.614,104.776,135.115
210.976,94.906,103.846,133.577
210.629,95.198,102.428,131.503
207.169,95.802,102.744,130.315
207.646,96.071,102.032,130.425
204.710,96.178,101.721,129.994
204.307,96.191,101.769,129.275
203.764,96.550,101.945,127.638
203.398,97.059,101.158,126.694
201.130,97.206,100.429,126.345
198.476,97.597,100.688,125.115
195.956,97.275,100.970,124.618
187.638,97.292,103.139,123.695
188.969,98.027,103.213,123.585
189.432,98.519,102.188,122.048
185.823,99.668,102.308,120.535
183.947,99.363,102.594,119.576
183.821,99.422,102.252,118.138
184.134,99.855,101.014,116.510
182.194,100.864,100.444,114.627
182.480,101.913,99.075,112.991
180.141,102.662,98.710,111.145
180.600,103.979,97.843,109.730
179.638,104.262,97.432,107.979
178.381,105.413,96.966,106.484
178.579,105.852,96.342,105.744
179.488,105.924,95.527,105.631
177.192,105.992,94.676,105.327
176.416,106.826,94.399,103.603
175.218,107.557,94.250,102.558
176.854,107.314,92.834,101.981
175.470,106.795,91.428,101.996
176.063,106.190,90.824,101.594
174.422,107.540,89.923,100.763
174.853,106.374,89.301,100.492
173.394,107.041,88.212,99.729
172.530,107.000,87.558,99.079
173.347,107.182,86.418,98.195
172.025,108.030,85.289,98.005
170.907,107.822,84.470,97.432
169.568,108.003,84.181,96.861
169.937,107.800,83.564,96.602
167.947,108.466,83.755,96.249
167.770,109.279,82.728,95.383
166.497,109.662,82.016,94.546
165.286,110.415,81.802,93.406
165.242,110.405,81.463,92.921
165.699,110.946,81.320,92.379
163.952,111.209,81.386,92.460
163.454,110.787,80.886,92.214
163.332,110.965,80.519,91.470
161.094,111.199,80.276,90.504
162.124,111.085,79.898,89.727
160.951,111.731,79.590,88.500
159.331,112.651,79.455,87.695
159.162,113.040,78.744,86.976
161.171,113.047,77.213,86.383
159.184,113.131,76.638,85.716
158.643,113.631,75.665,84.654
156.552,114.392,75.773,84.031
158.512,114.094,74.913,83.476
156.735,114.814,74.230,82.754
157.070,114.961,73.237,82.586
156.113,115.488,72.212,82.274
156.980,115.131,70.736,81.673
155.283,115.067,70.414,81.153
154.160,115.046,70.383,81.391
152.778,114.740,70.457,81.194
154.399,114.640,69.146,80.563
153.090,115.599,69.418,79.330
151.915,116.347,69.659,78.361
151.922,116.723,69.311,77.370
152.793,117.098,68.086,76.649
151.739,118.008,67.377,75.570
152.443,117.842,66.170,74.567
152.307,118.083,65.297,74.014
153.417,118.493,63.758,73.527
152.632,118.064,63.260,73.514
151.226,118.711,62.863,73.154
153.081,118.786,61.764,72.609
151.487,118.397,61.179,72.072
149.168,119.726,62.134,71.041
150.597,119.326,61.325,70.386
148.781,119.380,61.495,70.218
148.152,119.646,61.335,70.085
147.491,119.872,60.882,69.875
147.769,120.365,59.907,69.499
147.480,120.374,59.300,69.194
147.110,120.965,58.694,68.833
147.584,121.140,57.554,68.292
147.612,120.900,56.389,68.248
146.750,121.413,55.605,68.229
145.764,120.992,55.983,68.051
145.794,121.939,55.360,67.261
145.226,122.019,55.304,66.650
146.412,122.123,54.268,66.000
145.795,122.709,53.510,65.509
145.543,122.498,52.976,65.387
144.490,122.911,52.759,65.254
145.042,123.069,52.045,64.794
143.806,123.501,51.693,64.519
140.889,123.050,51.952,64.224
140.281,123.641,52.051,63.443
138.022,123.015,53.165,62.635
138.073,123.179,53.258,61.862
138.640,123.847,52.732,61.390
135.284,124.258,53.649,60.825
136.203,124.032,53.359,60.428
137.007,124.405,52.466,60.399
136.018,124.053,52.295,59.902
134.502,124.114,52.458,59.238
134.004,124.284,52.751,58.898
133.468,123.888,52.846,58.496
132.220,124.158,53.161,57.250
133.301,125.291,52.693,56.640
131.075,125.032,53.300,55.828
131.835,125.095,52.723,55.573
130.978,125.468,52.136,55.093
130.144,125.867,51.909,55.031
130.406,126.012,51.559,54.574
130.297,126.132,51.174,54.162
129.601,126.233,51.202,53.802
130.230,126.650,50.747,53.306
129.901,126.908,50.394,52.976
129.649,127.096,49.836,52.725
128.925,127.636,49.506,52.668
127.414,127.781,49.372,52.143
127.007,127.226,49.666,52.049
127.031,127.063,49.660,51.325
126.197,126.851,49.226,50.821
125.316,127.297,48.646,50.870
124.458,127.225,48.427,50.748
123.992,127.013,48.435,50.663
123.812,127.962,47.419,50.475
123.229,128.371,46.847,50.356
123.420,128.304,46.303,50.341
123.426,128.481,45.882,50.230
122.767,128.418,45.785,50.085
122.792,127.961,45.763,49.833
122.633,128.961,45.696,49.467
122.636,127.964,45.332,49.006
122.365,127.986,44.218,48.784
122.028,128.440,43.605,48.238
122.170,128.743,43.066,47.631
121.639,129.132,42.604,47.050
120.773,129.126,42.510,46.511
119.731,129.248,42.188,45.723
119.536,129.755,41.343,45.278
119.781,129.651,40.915,44.623
119.639,129.664,40.340,44.437
119.198,129.455,39.614,44.006
119.115,129.898,38.825,43.655
119.373,130.183,38.259,43.630
119.350,130.514,37.373,43.597
119.343,130.123,36.625,43.594
118.858,130.299,35.837,43.303
118.341,130.375,35.337,43.356
118.312,130.582,35.025,43.313
117.955,130.159,34.723,42.998
117.622,130.172,34.553,43.025
117.099,130.255,34.535,42.526
117.032,130.450,34.404,42.109
117.028,130.558,34.204,41.955
116.393,130.770,33.903,41.612
115.550,130.952,33.906,41.424
115.388,131.036,33.842,41.014
115.905,131.567,33.569,40.657
116.037,131.413,33.361,40.128
116.001,131.550,32.791,39.603
115.299,131.770,32.737,39.325
115.335,131.871,32.337,39.082
115.219,132.252,31.936,38.845
115.345,132.767,31.290,38.689
113.534,133.062,31.235,38.386
113.410,133.203,30.952,38.202
112.353,132.993,30.622,38.279
113.097,132.363,30.285,38.061
113.825,133.548,29.620,37.915
112.780,133.464,29.432,38.044
112.665,133.653,28.857,37.783
110.920,133.618,28.848,37.642
110.895,134.333,28.759,37.178
111.053,134.878,28.556,36.962
108.302,134.795,29.470,36.569
108.437,134.840,30.074,36.461
107.456,134.725,30.731,36.171
106.901,134.370,31.022,36.058
105.639,134.045,31.765,35.755
106.089,134.116,31.652,35.350
106.473,134.668,31.135,34.865
105.301,134.005,31.275,34.443
106.497,133.461,30.540,34.193
105.062,133.656,30.589,33.772
