209.000,249.000,143.000,59.000
204.931,246.894,146.031,60.121
203.348,247.525,147.181,59.592
203.955,247.583,147.459,59.766
203.922,247.378,147.389,59.789
203.779,247.333,147.330,59.723
203.557,247.286,147.495,59.688
203.753,247.544,147.689,59.469
203.474,247.469,147.540,59.309
203.775,247.364,147.941,59.779
203.282,247.162,147.763,59.795
203.714,246.977,148.157,60.103
202.848,247.455,148.817,60.078
203.606,247.064,148.248,60.152
203.014,247.571,148.618,59.964
203.007,247.110,148.338,60.170
203.293,246.938,148.821,60.623
202.943,247.303,148.835,60.453
203.007,247.435,148.650,60.348
203.432,247.235,148.382,60.385
203.402,247.262,148.308,60.415
203.226,247.607,147.952,60.154
203.112,248.175,148.091,59.833
203.098,248.468,147.875,59.720
203.198,248.428,147.825,59.836
202.949,248.542,147.966,59.790
202.938,248.493,148.167,59.996
202.526,248.814,148.284,60.017
202.482,248.803,148.351,60.066
202.403,249.016,148.285,60.075
202.170,248.585,148.084,60.231
202.278,248.411,148.001,60.300
202.136,248.539,147.967,60.335
202.391,248.501,147.653,60.247
202.238,248.749,147.368,59.981
202.594,248.698,147.173,59.996
202.174,248.860,147.269,59.886
202.410,248.463,147.118,60.138
201.926,248.754,147.052,59.795
202.991,248.624,146.932,59.871
201.686,248.919,147.397,59.691
202.818,248.702,147.128,59.926
201.837,249.014,147.330,59.955
202.616,248.554,147.477,60.402
201.678,249.128,147.286,60.192
202.593,248.909,147.343,60.260
201.995,249.075,147.143,60.132
202.414,248.736,147.078,60.277
202.359,248.866,147.008,60.127
202.457,248.783,146.829,60.170
202.586,248.656,146.770,60.121
202.827,248.689,146.836,60.129
202.430,248.796,146.867,59.973
202.707,248.830,146.947,60.136
202.793,248.740,146.756,60.244
202.868,248.784,146.754,60.242
202.819,248.871,146.495,60.122
202.880,248.936,146.714,60.108
202.914,248.977,146.563,60.070
203.205,249.048,146.523,60.183
203.026,248.469,146.555,60.511
202.778,248.513,146.891,60.475
203.221,248.464,146.632,60.462
202.896,248.578,146.804,60.431
203.274,248.361,146.479,60.536
203.019,248.284,146.768,60.547
202.921,248.352,146.903,60.569
202.842,248.289,147.091,60.638
203.019,247.948,147.033,60.877
202.936,247.690,146.843,60.798
203.460,247.815,146.035,60.533
203.580,248.167,146.226,60.194
203.002,248.192,146.656,60.163
203.310,248.248,146.686,60.057
202.527,248.194,147.142,60.155
203.359,248.287,146.696,59.998
202.671,248.184,146.758,60.074
203.650,248.533,146.448,59.854
203.010,248.366,146.672,60.040
203.184,248.316,146.581,60.078
202.775,248.484,146.616,59.967
203.130,248.629,146.759,59.866
202.710,248.941,146.802,59.933
203.101,248.858,146.952,60.164
202.903,248.872,147.026,60.388
203.023,248.759,146.999,60.599
202.924,248.696,147.025,60.785
203.073,248.527,146.949,60.873
202.742,248.647,146.927,60.817
203.229,248.515,146.898,60.813
203.970,249.335,146.491,60.193
203.674,249.493,147.095,60.089
203.635,249.869,147.625,60.030
203.146,250.485,148.024,59.638
202.791,250.557,148.341,59.805
202.981,250.968,148.579,59.936
202.212,251.856,148.915,59.651
202.471,252.806,148.044,59.458
202.443,253.624,147.724,59.287
202.442,254.182,147.914,59.416
202.478,254.444,148.268,59.806
202.212,254.871,148.198,59.807
203.128,254.737,147.819,60.270
202.357,255.066,147.489,60.082
203.449,255.995,147.196,59.649
203.171,256.463,147.392,59.812
202.897,257.196,147.245,59.568
202.588,257.295,147.341,60.023
203.240,257.436,147.135,60.091
202.880,257.664,147.141,59.849
202.672,258.236,147.384,60.038
202.784,258.688,147.298,59.810
202.594,259.117,147.325,59.836
202.806,259.341,147.278,60.045
202.548,260.151,146.990,59.742
202.559,260.305,147.312,60.192
202.277,260.787,147.301,60.071
202.451,261.442,147.343,59.941
201.724,261.567,147.560,60.177
202.137,262.021,147.488,60.549
202.046,262.753,147.150,60.106
202.137,263.550,147.234,59.795
201.769,263.955,146.942,59.614
202.183,264.731,147.316,59.308
201.900,265.274,147.041,59.029
202.102,265.827,147.690,59.129
201.210,266.301,147.324,59.007
202.661,266.352,147.276,59.244
202.151,266.661,146.859,59.392
201.826,266.722,147.135,59.513
201.834,267.199,147.445,59.490
201.910,267.766,147.354,59.523
201.620,268.103,147.238,59.513
201.504,268.807,146.984,59.507
201.078,269.187,147.142,59.541
200.846,269.877,147.381,59.484
200.467,270.328,147.387,59.342
200.275,271.493,147.000,59.179
199.135,272.362,147.538,58.627
198.694,272.987,147.901,58.798
196.921,273.725,148.035,58.660
195.256,274.912,148.416,58.504
193.386,275.232,147.729,58.530
191.885,275.393,148.500,58.716
189.395,275.991,148.772,58.634
187.391,277.330,148.866,58.358
185.470,278.033,149.626,58.134
183.312,279.389,149.788,57.472
181.944,280.138,149.256,57.282
180.237,281.707,149.175,57.107
179.290,282.296,148.092,57.258
178.179,283.021,148.262,57.336
176.979,284.118,149.299,57.268
173.965,285.178,150.886,56.784
172.560,286.561,151.316,56.881
171.285,287.137,151.867,57.063
170.250,288.158,152.095,57.029
169.683,289.153,151.853,57.105
170.066,290.287,151.904,57.224
168.721,290.573,153.179,56.898
166.952,291.852,151.933,56.359
167.364,293.607,152.037,56.223
166.387,294.615,151.386,55.824
165.425,295.625,151.370,55.944
164.661,296.030,152.873,56.871
163.231,296.982,154.156,56.914
162.804,297.722,154.369,57.107
162.070,299.104,155.045,56.717
160.751,300.078,156.345,56.174
160.896,301.579,156.235,55.939
159.954,303.077,156.798,56.587
159.828,304.280,156.680,57.228
159.215,305.453,158.688,58.045
156.242,306.360,161.257,58.253
154.423,306.832,162.739,59.015
152.859,306.626,163.485,60.244
151.052,306.730,163.573,60.346
152.694,310.015,163.265,61.059
149.451,309.245,163.577,61.220
148.459,310.784,162.813,60.837
146.596,312.385,163.752,61.002
145.093,313.092,165.372,61.566
143.530,313.291,166.424,62.009
140.685,313.632,167.239,62.886
140.209,314.167,167.700,62.704
138.268,317.061,167.905,61.768
137.115,317.863,168.944,61.958
133.796,317.102,169.531,62.085
133.032,319.087,169.727,62.063
128.622,320.138,170.547,62.206
126.710,320.838,171.149,62.665
124.090,320.552,171.139,62.259
123.927,321.624,170.894,61.400
120.942,320.962,170.800,61.328
119.281,321.175,170.684,61.439
118.061,321.479,171.229,61.906
115.962,321.631,171.929,62.189
114.038,322.252,171.703,62.957
113.634,323.971,170.772,63.400
112.936,323.790,167.944,63.569
112.834,322.989,166.823,63.893
112.798,322.942,165.443,64.026
112.752,322.334,164.401,64.456
112.457,322.997,162.147,64.471
113.417,322.676,160.863,63.666
113.042,322.473,160.422,63.656
112.801,322.321,159.300,63.292
112.900,322.786,158.164,62.965
114.288,322.859,157.234,62.323
114.780,323.600,156.936,61.761
114.642,323.549,155.925,60.773
115.866,323.488,155.271,59.834
115.529,323.075,155.545,59.037
118.030,322.080,154.351,58.636
118.865,321.012,153.793,58.774
121.765,319.544,151.904,59.259
124.075,319.187,150.961,58.965
123.714,318.406,149.608,58.765
126.379,317.545,148.195,58.267
128.768,316.892,146.194,57.825
130.951,316.281,143.889,56.980
134.422,314.612,142.567,57.068
137.510,314.590,141.195,55.909
140.175,314.291,139.402,54.551
143.066,313.517,137.164,53.856
146.478,312.863,135.823,53.902
149.154,312.032,134.078,53.670
152.138,310.923,131.798,53.119
155.599,309.972,129.452,53.247
157.309,310.075,128.588,52.851
160.614,308.935,127.274,53.030
164.310,307.907,124.603,52.927
165.815,307.529,123.536,52.916
168.005,305.926,121.774,52.851
170.935,304.352,119.590,52.067
173.171,303.919,117.047,50.825
175.101,302.580,115.267,49.888
176.723,302.388,112.848,48.963
179.879,301.223,111.232,48.619
182.265,300.456,109.452,48.448
184.086,299.815,107.569,47.726
185.531,299.131,105.437,46.952
187.640,298.610,103.431,46.355
189.075,297.975,101.944,45.908
190.577,297.025,100.578,45.574
192.062,296.361,98.924,44.838
193.724,295.948,96.972,44.585
196.192,295.355,94.710,43.954
198.101,294.460,92.636,43.476
199.610,293.957,90.764,42.835
201.519,293.711,88.935,41.919
203.595,293.855,86.989,41.208
205.469,292.868,85.308,40.712
206.788,292.551,83.618,40.246
208.638,292.095,82.460,39.904
209.952,291.814,81.215,39.057
211.586,292.082,79.612,38.207
213.158,291.486,77.925,37.677
215.286,291.431,76.302,37.426
216.788,290.973,74.938,37.140
218.432,290.870,73.377,36.463
220.216,290.649,72.210,35.859
221.564,290.876,70.919,35.116
222.863,290.559,69.864,34.443
223.816,290.580,68.977,33.794
225.668,290.405,67.520,33.104
226.870,290.128,66.005,32.754
228.559,290.266,64.702,32.252
230.107,289.883,63.103,31.833
231.520,289.480,61.692,31.489
