561.000,391.000,63.000,71.000
559.163,390.399,65.600,69.759
558.570,389.682,67.732,69.211
557.336,388.087,68.603,70.249
558.315,386.731,71.345,71.466
557.810,384.504,72.934,72.362
558.051,382.556,75.214,73.117
557.365,380.271,75.434,74.124
560.408,377.446,75.837,76.022
567.274,374.143,75.638,78.143
573.816,371.231,74.251,80.491
589.572,369.126,78.703,82.700
588.351,367.133,83.928,85.177
586.185,363.770,87.915,87.588
583.277,359.365,90.112,89.254
583.958,358.051,91.347,91.691
586.695,355.297,93.541,92.980
584.427,355.214,93.112,94.217
582.500,352.142,92.937,93.924
584.574,352.849,95.458,94.592
580.402,353.644,94.189,94.292
579.411,353.003,93.254,93.492
581.421,353.243,94.309,92.694
582.716,352.903,96.165,93.238
580.497,353.208,96.116,93.185
579.176,351.518,95.611,93.133
580.419,351.255,95.694,92.470
580.564,351.321,96.713,92.108
579.055,352.059,95.750,91.631
580.410,351.973,94.660,90.753
577.040,352.042,92.231,89.667
579.248,351.480,91.548,89.697
575.773,353.005,89.611,89.184
578.732,353.269,88.534,88.477
575.853,354.812,87.045,88.222
579.440,355.762,87.002,87.982
585.119,358.938,90.238,88.960
582.347,357.041,92.579,88.906
581.580,356.239,94.386,89.558
580.346,353.898,95.966,89.300
579.987,354.464,97.825,90.120
578.703,355.747,98.845,91.466
580.100,354.884,99.904,92.934
600.041,365.529,98.740,96.317
598.648,371.099,97.414,99.056
600.590,365.032,95.996,101.365
601.966,363.008,96.578,104.486
601.897,360.863,97.490,107.839
599.792,359.815,98.607,109.896
602.393,350.129,101.246,111.996
598.400,347.826,102.171,113.151
601.634,347.238,104.521,113.721
603.598,347.245,105.625,114.748
600.304,347.557,105.757,113.974
607.278,343.669,105.378,112.595
607.430,343.966,104.864,111.828
606.721,344.993,105.418,112.471
601.406,348.294,106.731,114.297
596.006,346.643,108.293,115.716
603.086,344.240,109.184,115.321
602.667,346.330,109.533,115.754
610.188,343.023,109.850,115.110
614.895,343.561,108.642,114.773
618.133,343.062,107.928,114.608
624.524,340.142,107.303,113.628
627.824,338.955,106.110,112.992
628.852,340.618,103.743,111.747
632.964,340.586,101.211,110.587
634.524,339.818,99.216,109.775
635.650,339.046,96.800,109.440
636.207,339.285,95.730,109.416
636.197,338.753,95.549,109.698
636.087,338.835,95.663,109.801
636.042,338.566,96.146,111.401
635.876,337.284,96.117,112.353
635.798,336.700,95.609,112.856
635.260,336.700,95.109,113.216
634.947,336.513,94.685,113.550
635.037,337.160,94.270,112.891
634.866,338.020,93.736,112.256
633.909,338.780,93.753,111.792
633.944,337.912,94.049,111.936
635.465,338.232,93.336,111.160
633.950,338.824,93.206,110.156
634.917,339.266,94.295,109.455
633.394,340.539,93.059,108.899
631.510,341.042,90.456,108.607
632.262,341.621,88.044,108.800
634.124,343.717,86.612,109.874
633.657,344.571,86.711,110.576
633.495,343.917,86.162,111.574
634.212,343.567,85.682,112.428
633.890,342.615,84.629,112.694
633.512,343.030,83.343,113.625
633.574,342.195,82.609,114.550
633.357,341.899,82.408,115.007
633.782,342.234,83.637,115.332
633.445,340.339,84.646,115.815
633.459,336.987,85.411,116.951
633.084,335.155,86.610,118.139
631.143,331.964,86.085,119.877
630.959,328.832,85.740,121.716
630.393,326.911,86.249,123.674
629.661,326.522,87.184,125.112
628.599,325.849,88.495,126.162
628.068,324.299,88.872,127.262
627.892,323.823,89.041,128.176
625.717,324.566,88.916,128.517
625.991,326.055,88.551,127.621
625.264,327.603,88.586,126.753
624.992,329.253,88.550,125.583
624.711,331.148,88.234,124.196
623.434,331.653,87.435,123.005
623.079,333.093,85.602,121.816
622.463,334.563,82.679,120.997
624.285,334.900,80.128,120.396
624.133,334.754,78.698,120.263
624.400,334.464,77.770,119.811
625.327,335.492,77.380,119.174
621.612,336.605,75.951,118.773
619.559,334.315,75.357,119.465
618.999,336.748,75.202,119.562
619.969,335.866,74.233,119.663
618.646,335.111,74.036,119.989
618.538,336.130,73.545,119.819
617.793,334.629,73.784,120.293
617.198,335.331,74.625,120.481
616.706,335.470,74.768,120.279
617.412,336.800,74.012,119.280
617.573,337.492,73.156,118.554
617.199,338.999,72.711,117.779
616.497,340.673,73.017,116.861
614.924,340.512,74.533,115.436
611.877,341.358,76.917,114.544
609.434,342.533,80.427,113.406
607.165,343.101,83.682,112.293
606.736,345.186,90.010,110.447
602.968,346.719,95.485,107.811
601.949,349.417,99.874,105.019
601.566,354.089,102.838,102.632
607.795,351.556,103.840,100.177
615.709,354.189,102.257,98.218
619.055,355.510,100.076,95.917
620.476,356.255,97.911,93.750
624.946,356.352,95.334,92.041
627.002,354.059,92.852,91.037
632.874,353.910,88.836,89.734
629.033,353.599,87.221,88.663
621.668,353.512,88.367,87.971
613.749,352.512,91.382,87.972
620.527,351.923,90.819,88.665
611.552,351.311,93.615,90.021
604.982,351.107,97.327,91.508
602.038,349.181,101.026,93.549
600.108,346.984,104.396,95.776
597.950,344.895,107.447,97.932
596.749,343.938,109.307,99.941
599.253,342.400,109.117,102.161
600.460,340.686,108.433,104.382
603.343,340.004,107.236,105.838
605.584,340.097,106.115,107.163
605.325,339.652,105.602,107.396
606.586,339.514,104.843,107.751
606.921,339.895,104.714,107.905
607.837,339.832,104.713,108.416
606.386,340.868,105.516,108.368
606.954,341.552,105.404,108.390
607.551,342.001,105.234,108.369
606.571,341.296,104.735,108.205
605.503,340.023,103.413,108.242
603.558,340.452,100.856,108.601
602.694,341.134,97.103,109.190
600.433,339.785,91.495,109.251
602.349,342.009,85.938,109.465
605.995,344.129,81.003,110.872
608.813,345.813,76.542,112.911
611.447,345.390,72.240,114.544
610.380,341.335,69.358,114.064
610.179,344.227,66.685,115.172
608.001,343.595,65.556,115.982
606.772,342.105,65.577,116.457
606.566,341.043,67.151,116.470
606.634,346.388,71.782,118.727
603.786,346.165,76.339,120.381
603.433,346.880,80.263,121.949
598.290,347.010,82.621,122.539
600.373,348.565,84.545,123.167
595.922,349.278,86.451,123.285
588.568,349.112,86.136,123.812
585.148,349.306,84.620,123.749
582.434,349.766,82.356,123.369
581.662,350.607,79.742,123.153
578.903,352.398,76.588,123.019
577.498,351.973,73.782,122.903
578.397,351.689,70.796,122.553
578.470,351.415,67.929,122.817
578.499,349.928,65.975,123.278
578.783,348.386,64.365,123.459
579.536,347.890,63.190,123.666
579.613,346.626,62.077,123.966
579.586,346.996,60.923,124.604
578.428,346.672,59.325,125.024
579.471,346.740,58.338,125.316
578.907,345.323,57.270,125.583
579.127,344.753,56.467,125.852
578.993,345.570,55.881,126.618
578.502,343.480,55.102,126.997
579.320,341.989,54.451,127.214
578.466,342.997,53.820,127.595
578.652,341.297,53.151,127.856
578.692,342.486,52.414,128.408
578.779,341.988,51.991,128.899
577.757,342.032,51.568,129.439
576.969,342.850,51.164,129.781
575.008,342.761,50.670,130.184
572.880,341.173,49.947,130.243
572.667,342.219,49.121,130.445
571.682,340.459,48.747,130.543
570.408,341.234,48.130,130.432
569.473,340.657,47.428,130.073
569.277,342.093,46.927,129.919
567.985,342.419,46.396,129.382
567.152,343.488,46.245,128.936
566.672,344.664,46.228,128.079
566.015,345.108,46.099,127.048
565.760,345.139,46.167,125.904
565.136,346.349,46.444,125.128
564.077,345.253,46.449,124.177
563.409,345.492,46.647,123.488
562.660,345.448,46.689,122.560
561.903,345.623,46.765,122.004
560.360,344.519,46.711,120.734
557.815,344.594,47.307,119.406
556.999,344.685,48.284,117.974
554.147,343.294,48.854,116.248
553.507,346.513,48.903,115.816
553.077,345.275,48.798,115.167
555.580,347.489,49.254,115.087
556.065,343.576,49.559,114.083
557.716,346.260,50.303,113.809
556.653,348.927,50.636,114.812
556.856,352.845,50.968,116.331
556.934,359.112,51.197,119.078
556.897,360.742,51.442,121.337
555.956,371.270,51.510,124.327
555.880,370.733,51.701,126.553
555.267,363.847,52.132,128.555
555.088,367.045,53.095,130.069
554.125,356.052,54.501,131.763
553.978,359.435,56.213,132.938
553.275,363.009,57.725,134.079
552.140,354.670,59.744,133.765
551.283,353.777,61.771,133.706
550.923,355.955,64.213,133.161
549.862,355.758,66.073,134.330
548.600,359.789,67.335,133.624
547.791,357.147,68.971,134.570
540.944,347.971,70.185,133.586
539.147,348.072,70.162,131.289
539.936,346.176,70.147,128.826
539.502,344.578,70.278,126.051
539.103,344.233,69.691,124.607
538.506,342.929,68.673,123.369
538.267,341.818,66.585,121.804
539.529,342.489,65.350,121.604
540.411,344.007,64.466,121.696
540.989,343.688,63.726,121.286
541.163,343.012,62.554,120.848
543.485,344.229,62.182,120.286
544.817,343.214,61.997,119.905
545.053,340.647,61.667,119.723
547.623,343.346,63.095,119.597
547.793,341.185,64.565,118.337
546.385,341.396,66.114,117.216
544.412,339.891,66.339,116.560
543.404,339.898,66.933,115.966
544.983,338.121,67.466,115.899
543.642,337.229,67.292,115.685
542.355,334.971,66.958,115.671
538.503,332.156,66.331,116.224
535.741,331.850,65.732,116.779
535.061,331.617,65.754,117.145
534.103,328.853,65.737,117.865
535.682,332.652,65.884,117.748
532.626,327.842,65.474,118.563
535.236,329.490,65.792,118.927
532.380,326.397,65.551,120.168
529.898,322.402,64.734,122.077
529.567,320.513,63.811,123.686
529.315,319.508,62.676,124.915
528.080,316.963,61.560,126.584
526.705,316.558,60.524,127.664
525.468,321.010,59.682,126.713
523.554,323.783,58.578,123.654
521.602,325.636,58.140,120.892
519.410,328.865,58.232,117.600
517.353,328.238,58.799,115.778
516.062,324.420,59.316,115.481
513.698,325.653,59.057,115.417
511.660,326.337,58.841,114.725
510.658,323.571,58.859,114.556
511.291,326.055,58.828,115.132
510.159,325.759,59.726,114.556
508.324,326.486,59.194,114.747
506.764,327.005,58.124,114.432
507.327,325.259,56.679,114.911
507.227,324.501,54.926,115.914
507.679,323.912,53.741,116.798
508.457,322.796,52.998,117.184
508.959,321.425,52.221,116.972
507.866,319.757,51.804,116.082
507.458,319.658,51.253,115.685
507.932,319.360,50.840,115.039
508.796,319.260,50.322,114.721
508.213,318.922,50.362,114.117
507.275,317.567,50.171,113.853
506.847,317.953,50.245,113.152
507.007,318.299,50.463,112.649
505.694,318.777,51.240,112.148
505.051,318.200,52.756,111.792
502.652,317.231,53.637,111.801
500.740,316.312,55.361,112.089
498.927,317.659,56.577,111.885
495.825,315.848,57.956,112.570
493.124,317.826,59.868,111.745
489.623,315.868,61.524,111.654
485.283,319.494,63.354,110.753
481.475,318.763,65.535,110.506
480.322,319.232,66.905,110.069
479.451,317.859,67.778,110.028
478.337,317.417,68.408,110.017
476.751,316.210,68.491,109.562
475.517,315.358,67.715,109.538
474.184,315.328,65.555,109.455
473.921,314.496,63.858,109.645
473.538,313.983,62.037,109.867
472.770,314.369,60.028,110.571
473.018,313.089,58.243,111.530
472.941,313.083,56.510,112.402
472.654,313.666,54.881,112.961
473.072,313.199,53.410,113.658
473.230,314.017,52.222,113.874
473.863,313.057,50.864,114.625
474.724,313.568,49.777,115.101
473.357,313.266,49.145,114.982
474.280,315.142,48.402,114.880
474.713,312.365,47.590,115.409
474.534,314.089,47.163,115.282
475.177,313.947,46.848,115.059
474.841,313.981,46.706,115.043
475.141,313.679,46.577,115.192
474.804,314.072,46.699,115.282
474.811,313.975,46.715,115.267
475.150,313.302,46.652,115.099
475.144,313.319,46.662,115.281
475.418,313.523,46.518,115.016
475.301,313.533,46.702,114.850
475.374,313.764,46.778,114.424
475.817,315.283,46.848,114.108
475.726,315.007,46.763,113.905
475.564,315.993,46.675,113.540
474.734,315.523,46.652,113.148
474.884,315.471,46.383,112.898
474.936,315.383,46.117,112.906
474.941,315.663,46.071,113.092
474.635,315.695,45.952,113.118
474.532,315.458,45.776,113.171
475.008,315.750,45.524,113.271
474.694,315.923,45.367,113.549
474.747,317.031,45.297,113.372
474.236,317.157,45.270,113.266
474.144,317.550,45.235,113.047
474.047,317.859,45.193,112.601
473.954,317.894,45.107,112.446
473.780,318.104,45.128,112.566
473.759,317.533,44.999,112.716
473.963,318.070,45.085,112.859
473.646,318.036,45.227,112.531
473.417,318.831,45.309,112.329
473.512,318.301,45.422,112.219
473.632,318.646,45.487,111.920
473.643,318.251,45.459,111.802
473.988,319.407,45.774,111.559
474.205,319.838,45.897,111.854
473.464,319.675,46.147,111.652
473.306,319.830,46.407,111.634
473.072,318.974,46.563,111.797
472.941,320.934,46.851,111.540
473.436,320.582,46.767,112.009
472.642,319.156,46.690,111.850
472.612,321.062,47.409,111.288
472.251,319.843,47.239,111.169
472.230,321.621,47.845,110.357
472.005,322.121,47.612,110.718
472.161,321.858,47.398,111.106
472.210,321.553,47.323,111.546
472.029,319.324,47.166,111.585
472.305,322.558,47.986,110.840
471.802,321.006,47.757,110.147
471.930,322.589,48.120,109.583
471.609,320.272,47.637,109.927
471.703,323.179,48.055,109.574
471.692,319.852,47.814,110.338
471.754,323.982,48.554,109.973
471.973,323.164,48.864,110.094
471.188,320.302,48.895,110.921
470.968,323.899,48.936,110.624
470.565,320.505,48.037,111.621
471.116,323.111,48.573,111.298
471.799,321.945,49.150,111.827
472.871,323.613,50.305,111.075
471.600,324.512,50.630,111.180
472.117,322.740,50.728,111.781
472.288,324.414,50.718,112.492
471.687,321.998,50.501,113.156
472.682,323.438,50.833,113.671
471.937,322.245,51.577,114.137
472.221,322.844,52.730,114.140
472.064,323.112,53.788,114.025
472.137,322.919,54.469,113.915
472.202,324.314,54.709,113.684
471.690,323.276,54.939,113.191
472.794,324.926,55.033,112.911
473.991,325.303,55.357,112.937
474.854,326.552,55.840,112.891
474.926,326.259,57.066,113.000
475.190,327.547,58.857,113.133
474.790,328.280,60.406,113.570
474.283,328.140,61.361,113.791
474.045,327.211,62.333,114.120
474.055,329.415,63.398,113.909
474.361,329.298,64.195,113.850
476.014,331.410,64.356,113.286
479.103,332.314,64.226,112.880
481.575,333.218,64.065,112.459
481.929,333.433,64.681,112.186
485.881,332.649,64.344,111.598
485.556,332.483,64.386,111.327
488.274,332.235,64.702,111.097
487.817,332.601,65.098,110.868
489.472,331.750,64.997,110.940
486.435,333.513,66.096,110.779
485.453,333.302,67.532,110.805
482.618,334.394,69.094,110.813
483.886,333.943,69.528,110.869
480.781,335.061,69.974,110.493
478.330,336.252,70.766,110.126
475.288,336.051,71.734,110.221
474.442,336.904,72.340,109.987
474.221,337.226,72.412,109.467
474.302,338.015,72.261,108.786
472.915,339.528,72.495,108.498
472.494,340.988,72.467,107.959
470.836,342.875,72.776,107.756
470.010,343.650,72.795,107.235
468.638,345.365,72.562,107.247
468.100,346.673,71.894,107.093
464.020,346.473,72.543,106.817
464.836,348.328,72.058,107.035
467.623,348.226,70.541,106.603
470.003,349.038,68.792,106.176
471.481,349.148,66.798,105.871
471.777,350.468,64.886,105.109
471.786,350.739,63.296,104.656
470.918,351.385,61.951,105.001
470.522,352.340,60.669,105.733
470.067,353.265,59.739,106.991
469.469,352.412,58.931,107.778
467.451,352.916,59.080,108.797
466.294,353.854,59.265,109.643
464.398,353.546,59.500,109.891
464.169,352.798,59.879,109.632
464.317,353.811,60.431,110.162
463.482,355.641,60.918,111.007
463.220,355.033,61.182,111.589
462.759,354.563,61.476,112.626
462.876,353.860,61.673,113.654
462.154,353.781,61.845,114.389
463.087,353.980,61.538,115.087
464.754,354.642,60.971,115.412
465.149,355.402,60.072,115.126
465.372,355.607,59.164,114.991
465.065,356.393,58.187,114.806
465.015,356.169,57.009,114.540
465.617,359.881,55.865,115.141
465.430,358.194,54.871,114.822
465.966,359.784,54.107,115.066
465.380,359.561,53.395,114.932
464.460,360.203,53.071,114.904
464.364,361.295,52.618,114.978
463.422,361.940,52.221,114.981
463.099,361.684,51.791,114.743
462.918,362.214,51.314,114.811
463.033,361.703,50.752,114.420
463.453,363.206,50.141,114.628
462.349,363.139,49.538,114.493
461.775,363.318,49.345,114.118
460.772,363.813,49.425,113.842
458.803,366.400,49.871,114.204
458.330,366.661,50.488,114.362
457.511,367.406,51.064,114.549
456.576,369.368,51.648,115.158
456.413,369.723,52.043,115.575
455.550,369.581,52.580,115.689
454.638,369.577,52.990,116.027
454.217,371.395,53.390,116.271
453.691,372.526,53.782,116.445
453.348,376.158,53.842,117.140
453.904,376.902,53.769,117.232
454.302,378.577,53.817,117.212
454.286,380.216,53.897,116.738
453.819,383.594,54.138,116.168
452.815,383.820,54.232,115.076
452.387,385.442,54.294,114.161
452.026,387.578,54.392,112.953
450.613,389.218,54.530,111.529
449.016,390.890,54.700,110.457
447.443,391.000,54.821,109.253
445.960,393.016,55.073,108.025
444.635,393.899,55.471,106.968
443.179,392.872,55.866,105.618
442.309,397.702,56.299,104.689
442.034,399.417,56.558,103.880
440.546,407.767,56.839,103.596
445.984,423.354,57.118,104.506
441.923,428.348,57.967,105.482
434.305,426.524,59.275,106.328
439.236,432.907,60.618,107.416
434.846,428.999,61.312,108.546
436.610,437.648,62.197,109.384
441.018,440.033,62.988,110.109
434.252,431.830,63.959,111.869
438.554,437.436,64.739,113.260
433.651,434.103,65.334,114.766
436.385,438.357,66.332,115.900
439.692,440.455,67.317,117.072
443.914,442.244,68.369,117.635
438.333,442.329,69.042,118.258
436.520,446.132,69.306,118.839
455.415,454.186,69.560,118.726
453.731,453.307,70.009,118.704
451.039,450.525,70.672,118.645
453.790,453.506,71.028,118.613
447.349,448.010,71.908,118.195
452.103,452.591,72.631,117.785
449.146,450.181,73.134,117.585
426.364,440.464,71.710,118.740
430.527,449.876,71.056,119.991
437.717,453.109,71.325,120.674
430.187,448.833,70.728,121.518
432.898,449.320,70.515,121.854
429.625,447.426,70.197,122.144
430.695,449.232,70.074,122.219
432.981,452.280,70.250,122.263
428.187,453.933,70.295,122.629
430.761,454.459,70.593,122.933
426.387,456.751,70.810,123.125
423.938,451.990,71.021,123.342
420.180,453.772,71.340,123.388
417.406,454.360,71.608,123.419
419.012,454.415,71.937,123.364
418.213,454.586,72.194,123.344
413.941,452.687,72.394,123.348
415.750,452.910,72.709,123.322
414.456,451.213,72.916,123.163
413.110,453.554,72.868,123.226
414.177,455.969,72.786,123.370
413.478,456.836,72.636,123.636
413.200,459.119,72.402,124.054
413.403,460.701,72.028,124.409
414.029,461.782,71.597,124.963
415.117,463.274,71.302,125.535
415.636,463.576,71.095,126.086
416.997,462.886,71.113,126.393
417.847,463.406,71.275,126.502
414.968,468.631,71.187,127.463
415.744,465.065,71.042,127.812
414.307,467.328,71.243,127.842
415.750,464.682,71.405,128.003
418.413,465.711,71.448,127.955
418.983,465.754,71.539,127.876
421.755,466.605,71.804,127.549
420.750,468.860,71.790,127.730
420.385,470.542,71.897,128.085
419.108,475.689,71.881,128.792
419.938,471.566,71.946,128.793
419.527,474.547,71.822,129.306
420.102,472.382,71.492,129.894
421.450,471.268,71.332,130.257
420.997,476.135,71.134,130.964
412.879,475.999,71.267,131.858
422.213,468.147,70.779,132.142
415.508,475.921,70.607,132.577
418.289,469.657,70.460,133.304
419.788,471.215,70.200,133.744
411.106,480.675,70.203,134.300
416.995,472.825,70.035,134.672
414.781,472.280,70.299,135.405
416.409,474.570,70.039,135.840
414.727,474.808,70.044,136.607
409.095,478.196,70.456,137.042
393.599,486.077,71.677,137.380
374.632,495.057,72.597,137.804
372.383,493.055,73.543,137.886
372.743,493.602,74.152,138.299
368.753,492.205,74.731,138.423
373.736,499.435,75.210,138.670
366.263,501.197,76.047,138.320
366.858,497.241,76.912,138.339
375.843,504.619,77.762,138.223
382.641,486.527,78.581,138.123
378.038,490.625,80.079,138.511
395.439,482.063,80.643,138.217
407.825,474.015,80.913,137.971
403.831,479.125,81.157,138.009
398.725,480.805,81.374,137.774
393.660,480.974,82.209,137.839
403.276,475.474,82.249,137.879
400.781,477.606,82.648,137.820
402.261,477.837,82.825,137.774
396.564,484.037,83.057,138.109
394.501,483.914,83.598,137.808
392.811,480.485,83.733,137.820
395.410,479.430,84.037,137.306
392.469,478.022,84.171,137.391
388.600,480.575,84.011,137.423
383.479,486.316,83.377,137.740
384.523,487.567,83.392,137.656
382.855,485.306,83.063,137.477
384.856,483.460,83.073,137.169
384.863,486.202,83.226,137.270
383.526,487.017,82.977,137.497
384.368,483.921,82.760,137.257
383.288,484.414,82.408,137.646
383.450,482.920,81.895,137.712
383.034,481.574,81.508,137.768
383.522,484.161,81.285,137.771
383.969,483.123,80.716,137.991
385.043,483.272,80.332,137.832
385.233,485.042,80.114,137.499
384.601,485.399,79.719,136.980
387.003,487.791,79.661,136.545
388.604,485.463,79.174,135.941
390.287,486.251,78.694,135.361
390.227,487.112,78.494,135.074
386.367,491.194,78.438,135.086
386.889,490.324,78.468,134.812
389.606,488.893,78.416,134.739
390.671,488.035,78.864,134.573
390.206,488.656,79.340,134.224
386.524,490.376,79.362,134.389
395.047,491.108,79.437,134.351
389.668,492.241,79.107,134.274
393.864,489.834,78.833,133.691
393.221,485.847,77.624,132.856
391.672,490.829,77.279,132.692
392.080,492.208,77.341,132.435
391.994,491.783,77.287,132.048
393.174,493.610,77.300,131.899
386.091,492.467,76.755,132.338
390.016,492.236,76.578,132.399
384.782,488.649,75.915,133.231
384.614,495.470,76.191,133.528
376.785,492.165,76.337,134.127
375.845,494.648,76.428,134.316
375.703,492.351,76.612,134.557
379.333,491.169,76.661,134.690
382.433,498.878,77.028,134.611
373.232,496.588,77.318,134.753
380.953,492.551,77.543,134.756
382.270,488.294,77.485,134.805
380.936,489.665,77.277,134.883
382.296,487.696,76.826,134.830
371.368,493.361,76.743,135.549
371.301,488.049,76.853,135.456
371.981,493.701,76.482,136.098
361.979,504.701,76.707,136.206
368.456,504.512,76.321,136.841
373.129,502.238,76.458,137.119
373.048,501.920,77.486,137.099
366.854,496.664,77.147,137.451
368.984,497.516,77.308,137.051
370.512,495.087,77.282,136.466
368.033,494.405,77.526,136.320
368.154,494.105,77.683,136.066
368.347,492.772,77.824,135.427
367.137,492.201,77.816,134.822
366.053,492.461,77.646,134.871
364.628,493.947,77.419,135.341
366.525,496.393,77.329,135.788
367.172,494.105,77.543,136.135
365.791,490.645,77.689,136.265
366.583,501.115,78.001,135.718
366.528,504.674,78.182,135.127
363.468,507.864,78.127,134.671
366.091,509.094,78.286,133.892
364.188,516.522,78.602,132.675
364.901,520.614,78.992,131.521
362.935,518.021,79.065,130.372
360.172,521.704,79.163,129.197
