785.000,208.000,237.000,377.000
792.792,194.020,233.587,385.069
801.741,198.956,226.108,386.006
803.378,197.174,216.007,388.191
798.006,199.077,210.202,384.624
799.610,199.629,205.103,383.059
795.457,197.655,203.390,384.671
793.810,196.477,203.126,381.773
801.823,198.414,195.586,379.057
800.548,195.395,193.443,379.035
798.550,198.580,189.959,380.169
795.192,197.139,193.486,382.263
796.614,195.310,194.843,384.449
795.623,194.751,195.832,385.919
798.326,194.897,198.339,386.990
794.741,197.550,196.931,386.064
795.884,195.144,200.089,385.406
810.410,196.546,194.492,384.107
803.372,196.985,192.215,385.928
798.007,194.788,194.625,388.565
799.020,192.121,201.075,390.002
797.438,190.377,205.282,391.645
792.240,188.088,205.522,393.448
791.404,186.681,206.582,395.717
783.034,187.844,211.091,394.850
792.258,185.597,214.178,394.609
788.407,188.835,214.152,394.653
784.176,190.071,216.088,392.844
789.426,187.593,218.926,392.291
789.653,190.035,216.895,392.968
791.809,192.629,214.541,392.737
794.218,195.404,213.370,393.379
793.958,197.391,210.812,392.255
790.042,196.085,211.525,393.570
785.667,198.891,214.556,391.396
784.680,201.941,216.651,390.243
790.745,209.224,216.077,386.697
793.832,205.350,214.126,387.308
799.087,208.891,208.620,385.414
798.183,209.482,205.164,386.402
805.127,210.515,201.853,386.183
802.470,221.924,204.652,379.534
800.559,220.514,202.554,376.605
799.012,222.660,198.835,373.882
803.001,214.964,196.059,377.764
799.568,211.985,193.488,381.056
786.528,190.434,197.398,390.398
784.183,176.571,199.063,398.801
775.592,161.663,200.515,403.241
776.379,150.684,199.153,408.112
779.116,140.500,192.673,409.355
780.145,139.204,186.356,412.108
775.524,134.993,183.686,412.448
768.495,125.176,179.194,412.786
764.591,133.929,174.703,409.757
757.153,130.192,171.304,409.939
754.508,127.191,167.143,409.119
753.922,127.221,164.630,409.556
753.876,126.644,163.316,410.839
759.520,124.095,161.101,410.863
744.971,125.097,164.113,414.112
741.501,124.489,169.987,417.559
724.262,123.311,180.197,423.844
725.660,122.783,182.545,427.178
720.969,118.549,185.511,432.210
713.695,116.485,191.773,436.429
704.542,123.849,199.214,444.009
702.981,123.390,208.072,451.188
702.192,119.792,212.707,456.153
703.566,114.031,215.517,461.022
693.210,111.201,222.197,461.267
718.276,115.778,220.787,462.739
700.746,116.535,228.162,467.209
712.445,101.646,224.743,461.578
719.703,102.243,220.886,452.569
724.245,106.801,217.986,445.420
718.600,119.007,218.200,445.126
723.565,114.315,216.644,442.867
754.753,114.434,207.940,436.147
764.856,123.103,201.579,431.632
764.772,125.981,193.830,429.007
774.570,123.420,189.841,423.470
778.621,124.173,183.490,419.826
780.332,122.552,179.956,416.727
781.241,125.205,176.309,415.244
786.999,124.454,172.019,414.704
784.121,116.413,166.939,414.546
788.497,117.984,162.597,415.643
787.034,117.545,161.154,415.317
784.784,119.578,161.518,416.075
774.153,127.313,163.861,416.417
766.329,132.354,166.451,415.548
770.609,129.480,167.451,414.274
759.543,134.569,170.042,414.551
762.027,129.628,168.271,414.510
752.509,132.033,169.740,417.703
756.122,131.403,167.048,420.758
756.197,130.706,165.567,421.736
755.287,138.792,164.440,426.135
746.953,139.545,168.240,432.766
728.966,141.276,175.587,440.949
723.312,137.814,181.221,447.723
726.877,133.272,182.711,454.650
722.735,130.782,186.113,461.451
720.369,125.274,189.462,468.814
726.022,124.432,190.055,473.033
717.963,123.816,189.372,477.028
718.887,126.081,190.093,477.853
713.888,116.191,191.829,476.271
716.907,124.129,192.505,480.041
707.034,110.546,194.744,474.177
717.635,123.543,191.316,479.776
705.651,113.862,193.120,479.057
715.873,121.703,192.721,481.631
710.775,118.147,194.717,479.776
713.780,120.920,196.869,478.979
710.986,110.186,199.131,467.779
717.329,132.384,197.767,469.506
715.025,124.050,198.394,470.187
716.919,117.628,197.707,469.435
723.679,125.119,195.620,475.614
727.087,127.190,193.961,475.159
721.054,123.943,194.188,476.361
729.526,120.649,191.836,474.803
733.674,130.927,188.864,480.528
729.581,125.842,193.281,484.236
735.082,124.920,193.397,486.337
735.357,114.822,195.095,485.169
740.495,118.075,197.104,487.392
749.681,112.132,198.204,480.925
753.151,122.800,202.345,481.584
750.675,120.979,208.091,478.817
755.659,111.780,211.442,467.377
755.176,131.609,215.027,464.138
758.784,122.377,217.861,458.381
760.648,131.937,215.672,454.003
748.748,131.493,216.617,454.561
749.029,137.144,213.367,465.049
745.289,119.391,211.207,467.527
749.948,130.025,208.014,475.007
740.804,128.959,209.318,479.713
733.442,124.610,212.370,487.663
739.265,112.337,213.604,487.998
731.795,121.394,214.456,483.839
721.472,89.553,218.847,473.208
710.706,116.013,224.029,465.234
696.175,94.658,228.572,457.178
699.553,104.191,229.801,448.815
700.808,107.374,231.516,442.269
707.289,117.920,232.147,439.310
702.945,112.143,233.078,431.984
684.473,99.099,240.360,419.861
675.917,108.560,247.037,411.538
668.061,106.449,254.607,397.354
670.017,132.747,260.910,399.414
662.165,118.678,266.890,386.611
665.985,128.668,270.006,381.296
661.859,125.944,273.127,372.802
678.846,133.244,269.718,369.796
669.304,152.765,264.712,371.892
666.931,146.074,259.762,372.708
678.741,149.424,247.079,379.345
682.444,142.278,235.863,382.501
682.427,146.853,228.277,378.284
679.459,145.599,222.620,371.271
683.606,139.459,219.774,359.813
682.643,146.666,218.403,351.186
681.095,161.937,215.368,350.691
679.643,148.704,210.908,344.775
660.967,161.099,199.317,349.739
656.090,141.516,188.518,341.079
660.753,157.523,187.153,338.216
655.207,152.660,186.320,337.844
640.383,151.713,189.109,337.656
635.311,155.114,193.597,347.427
625.255,137.813,198.560,350.147
627.406,148.690,202.842,353.333
623.910,155.051,208.784,354.431
623.767,158.808,217.922,358.289
617.471,151.215,228.865,350.642
616.643,156.990,241.322,345.251
613.733,164.229,252.935,344.922
602.170,159.355,262.929,341.717
603.437,186.129,271.151,351.461
599.352,161.467,283.214,345.146
597.293,168.766,293.973,339.634
600.093,168.311,303.751,332.152
601.065,174.580,312.574,330.924
588.828,163.866,322.609,325.920
589.779,169.193,330.877,322.626
594.796,170.728,337.999,321.044
573.122,164.765,334.173,317.203
597.981,171.428,339.061,313.743
592.228,180.929,341.235,311.276
560.528,178.936,332.386,311.747
593.486,179.364,335.466,308.165
601.952,182.163,340.073,302.658
585.758,186.580,340.156,300.144
599.150,185.433,342.388,296.620
600.084,188.554,343.961,293.261
601.589,192.320,346.694,290.180
600.809,196.278,345.429,290.145
583.704,201.334,339.609,290.640
598.535,200.811,341.665,289.380
595.059,202.265,341.212,289.731
594.078,201.977,342.727,287.445
584.927,203.288,342.915,286.843
587.004,207.713,341.748,286.305
589.527,208.181,339.355,285.670
584.089,207.152,338.886,283.788
578.941,208.645,335.132,280.162
596.280,211.881,340.385,276.586
596.918,207.267,348.445,272.312
589.292,209.683,346.770,266.271
592.416,213.902,353.006,260.557
579.173,211.222,356.507,258.835
560.426,213.265,347.903,259.090
542.782,224.622,337.537,265.517
554.470,209.435,329.869,265.266
567.529,205.410,327.014,262.252
560.138,224.095,320.090,266.979
559.259,218.753,312.954,271.026
562.378,216.139,304.366,276.013
572.472,220.414,296.827,281.587
565.824,215.478,286.158,286.948
572.147,222.170,270.924,296.696
567.525,214.000,249.141,305.958
570.840,204.138,239.719,311.427
537.298,197.846,239.466,313.073
529.480,196.772,242.765,313.717
528.220,207.057,248.078,315.806
541.542,193.787,247.899,316.408
505.505,184.610,257.229,313.215
508.493,188.971,264.621,307.056
498.792,184.437,273.414,304.350
510.797,197.025,276.530,304.533
533.398,192.985,273.238,306.658
506.762,184.368,275.998,305.491
493.630,184.646,284.356,301.539
484.723,194.891,291.873,301.208
501.338,211.538,292.648,306.968
513.078,197.540,291.545,309.020
489.800,207.835,295.475,312.428
465.869,216.824,303.631,316.301
462.441,216.906,308.995,319.571
470.518,214.955,314.869,324.240
495.471,205.626,297.409,333.994
517.528,203.138,283.100,341.944
501.211,193.851,279.312,347.194
506.443,192.496,276.585,348.702
488.603,193.761,277.945,349.789
493.897,190.257,277.773,349.260
492.423,192.754,281.000,349.187
475.752,195.367,286.482,349.505
471.994,199.981,293.690,345.847
484.623,196.365,297.380,344.775
492.866,200.571,296.741,347.117
474.853,196.439,296.391,349.004
482.810,189.825,294.967,347.636
487.155,194.979,292.255,348.382
496.317,198.479,293.814,347.934
470.124,199.688,304.763,348.753
476.312,194.802,306.058,347.509
477.981,193.986,305.531,346.038
464.309,198.405,308.794,344.709
475.111,197.317,310.036,343.252
482.013,195.143,306.503,343.423
495.565,195.750,298.747,341.898
471.671,199.230,301.773,341.766
482.724,198.511,305.247,341.357
496.249,200.822,300.325,341.767
474.052,199.321,301.678,341.299
466.611,198.483,304.033,340.911
479.694,202.135,306.435,341.703
480.879,201.218,303.523,341.365
486.873,201.787,301.264,341.359
491.191,199.183,301.863,342.748
472.730,203.778,306.421,341.967
469.439,197.775,310.383,342.402
476.204,205.490,311.782,342.431
469.481,203.840,314.866,342.615
475.460,203.752,322.385,342.837
469.033,206.407,326.939,343.389
483.280,201.095,327.467,341.931
474.626,206.981,328.133,341.436
495.671,203.783,323.662,341.545
487.971,197.727,320.344,339.336
489.139,206.792,318.426,340.995
507.595,198.510,316.495,340.565
519.538,195.427,308.410,339.315
528.573,194.165,298.840,337.679
521.576,193.785,292.380,335.537
526.453,196.765,288.462,334.110
552.527,190.064,277.278,330.817
544.132,193.085,270.898,327.554
552.189,190.973,263.116,325.838
570.701,190.347,250.399,325.058
584.836,190.369,235.521,320.134
563.431,202.627,234.278,318.266
533.256,212.036,240.927,319.074
549.253,198.662,242.230,316.319
554.901,199.181,236.311,315.435
586.504,199.736,225.163,313.342
601.709,198.268,213.752,311.784
599.461,203.481,209.280,311.916
606.178,201.208,202.793,312.776
611.631,204.276,196.977,313.200
615.052,200.669,192.651,312.445
613.206,200.062,188.256,312.148
613.749,202.372,188.534,309.191
613.140,201.374,185.934,306.847
610.694,204.748,182.938,306.846
615.408,199.824,181.989,305.875
611.679,200.742,181.301,304.874
603.247,199.656,180.759,304.483
601.341,198.373,180.735,304.723
611.016,200.723,178.888,304.642
601.008,196.560,180.597,307.279
606.540,200.109,178.548,307.742
606.770,192.103,178.136,309.901
604.188,194.118,179.509,310.168
600.230,196.708,180.098,310.174
602.745,194.046,179.568,310.590
600.267,191.960,180.013,309.174
600.531,193.607,180.734,309.947
602.711,194.905,179.569,310.149
601.323,192.396,179.894,311.015
603.257,195.728,181.045,310.949
601.833,192.796,181.174,311.631
611.231,194.766,178.630,311.010
605.129,189.973,179.316,311.140
607.027,194.089,180.377,309.608
607.480,193.083,179.629,309.728
610.535,192.420,179.467,309.852
611.781,191.112,179.402,309.490
605.031,194.151,178.275,309.178
608.893,194.131,177.871,308.821
608.287,191.713,178.938,308.999
606.968,192.519,180.835,308.829
607.905,191.691,181.797,308.827
608.451,191.798,182.663,307.329
607.588,193.494,179.560,307.222
605.835,190.066,179.610,307.641
617.550,194.507,179.015,306.972
611.966,191.111,175.497,307.280
614.625,190.810,177.490,307.445
614.595,192.187,176.084,307.427
613.571,192.641,176.830,307.911
606.706,192.680,178.253,308.904
604.959,195.245,179.221,309.422
601.532,196.489,178.817,310.927
607.139,189.106,177.464,312.332
588.530,194.571,184.185,311.724
588.716,195.250,188.229,311.843
577.068,195.870,193.457,310.810
564.975,197.257,201.265,311.223
551.832,201.163,210.439,312.003
546.949,208.541,215.770,313.694
536.566,207.002,224.273,314.037
525.796,203.286,233.782,316.202
529.544,205.130,240.678,316.200
520.296,214.252,247.151,318.773
515.362,212.189,254.211,324.499
533.235,218.355,252.090,333.538
545.850,218.246,241.418,345.516
571.342,220.581,225.573,361.794
591.106,216.366,212.687,374.104
598.048,203.494,198.783,382.861
604.679,208.330,188.797,393.571
614.771,199.386,186.455,395.680
630.798,207.092,196.899,390.519
625.740,208.142,207.598,389.368
631.166,215.346,219.851,384.356
632.037,215.551,232.172,380.242
623.002,206.909,243.034,374.526
614.142,202.922,252.884,364.593
611.128,210.323,261.308,357.311
603.952,208.039,265.937,349.196
603.209,213.027,271.898,343.988
600.177,224.268,277.135,344.467
599.727,218.817,279.326,344.404
598.627,226.487,280.141,347.512
592.966,223.671,278.298,349.038
591.519,226.302,274.375,353.234
596.843,225.303,266.491,360.475
579.166,217.748,252.196,365.239
582.946,215.434,237.916,373.252
592.452,218.867,228.324,380.980
579.589,213.545,218.474,385.834
568.001,196.669,218.249,383.867
557.540,192.403,222.020,375.059
525.431,190.871,232.573,365.578
503.225,200.172,251.094,357.806
511.703,201.509,258.312,353.076
570.936,186.134,250.547,348.334
580.463,181.166,242.673,343.332
556.709,186.853,241.153,338.692
508.552,187.265,251.641,333.280
503.529,189.044,260.982,329.532
487.456,178.028,272.340,322.962
486.441,189.923,280.856,317.929
484.072,200.952,289.804,313.658
493.012,201.994,293.488,313.523
474.291,201.269,300.891,313.971
489.814,202.142,300.834,316.013
516.609,206.908,295.372,317.522
522.615,205.628,290.654,317.970
471.626,215.404,299.288,320.385
474.666,222.561,303.979,324.053
519.583,221.625,287.170,336.356
541.741,229.979,265.282,353.286
570.434,216.018,240.673,367.758
593.143,216.959,225.286,374.268
619.401,220.395,230.170,376.025
614.171,212.634,235.744,370.435
607.340,210.023,244.050,359.578
587.102,208.214,256.121,346.921
560.900,201.958,254.204,336.029
569.231,201.565,255.922,323.904
576.266,209.914,261.801,314.266
592.193,205.331,273.195,299.860
583.001,208.691,284.014,282.850
570.492,206.566,291.998,269.533
574.015,207.182,298.447,258.735
572.520,205.754,302.543,248.454
575.651,202.763,307.600,244.143
581.177,219.823,312.872,242.116
582.762,212.789,316.835,239.746
584.684,204.072,322.029,236.273
578.107,212.152,323.239,235.095
569.809,209.764,323.426,232.777
567.836,222.285,324.436,229.444
552.701,226.889,313.281,228.999
565.050,222.567,310.733,225.409
562.542,246.034,306.988,233.897
554.399,261.477,300.139,251.712
557.399,278.117,288.235,282.348
565.903,282.934,280.398,318.770
561.737,287.473,268.496,355.115
562.583,276.915,257.772,393.427
575.039,289.889,257.142,407.658
567.744,302.651,248.296,410.480
570.546,310.431,245.997,407.836
579.726,320.567,250.948,402.911
588.318,325.135,253.683,395.727
576.816,330.166,251.602,389.887
588.734,334.381,258.954,386.173
597.043,333.657,263.389,383.904
