697.000,27.000,281.000,269.000
693.912,21.597,283.075,267.393
696.582,18.698,283.086,274.548
697.265,13.329,282.362,282.696
694.319,12.161,279.857,291.248
696.838,9.226,276.626,298.090
697.364,8.743,273.180,297.970
692.095,12.013,273.554,298.297
694.643,6.754,272.372,298.975
689.506,3.666,275.007,299.528
684.189,-0.158,280.281,300.406
683.035,-1.022,287.841,300.350
672.804,-2.844,295.174,300.172
664.698,-2.783,301.855,300.133
662.782,-1.375,306.100,302.257
652.864,0.893,313.144,304.668
645.147,2.654,319.597,307.659
644.432,2.508,323.452,307.984
642.804,2.394,326.940,308.418
645.361,4.989,327.705,311.834
652.303,-0.279,327.614,312.628
655.316,-2.947,326.539,313.636
653.497,-2.155,326.489,315.081
648.141,-5.467,327.266,313.845
650.525,-4.337,327.488,311.531
658.131,-11.932,326.917,304.717
667.157,-7.948,324.898,299.608
670.905,-5.632,322.690,294.102
684.282,-10.777,320.432,289.659
696.339,-5.485,317.134,290.643
697.382,-13.202,310.650,284.465
697.762,-11.339,308.331,279.503
698.160,-7.424,305.434,277.631
697.285,-3.850,301.822,277.947
695.977,-3.858,298.771,280.531
695.662,-3.248,295.237,279.888
693.607,-2.907,292.419,282.655
694.791,-0.519,289.097,284.109
691.448,-1.055,287.924,287.839
696.760,-4.630,284.718,289.011
697.175,-0.999,283.731,290.791
698.887,-3.196,283.496,293.355
699.070,-5.037,282.538,294.321
699.055,-8.388,281.267,294.923
688.488,-9.311,280.880,291.769
686.010,-7.217,277.744,290.277
690.935,-4.574,274.923,289.568
692.039,-5.286,274.724,291.046
689.967,-8.968,272.529,289.647
689.221,1.521,269.528,286.086
690.337,-3.070,268.070,288.560
686.331,5.845,267.723,287.839
688.664,16.475,268.464,291.197
691.611,20.748,269.790,293.321
705.804,35.628,269.667,296.512
711.220,28.494,271.431,298.098
707.276,26.118,271.370,297.485
708.966,20.137,274.805,300.857
713.307,15.227,275.823,300.415
716.326,13.945,273.512,298.588
717.459,12.042,273.366,299.669
717.411,12.321,273.223,299.974
716.752,6.437,275.040,299.118
729.547,8.909,274.904,298.118
730.629,22.162,275.538,299.112
730.043,13.740,275.158,299.268
730.482,25.073,272.530,300.626
734.017,18.426,275.217,302.288
740.008,24.887,274.712,302.710
744.951,29.189,272.051,302.339
746.991,28.182,272.168,302.879
753.287,27.553,271.221,303.354
748.008,42.918,271.427,305.180
744.260,37.207,272.045,303.812
746.878,39.688,271.044,303.204
744.924,51.663,270.193,301.797
747.844,63.513,268.504,302.626
746.380,71.330,266.591,303.403
740.034,76.216,265.511,302.786
736.135,78.063,264.452,302.427
731.793,83.417,263.905,304.716
729.242,88.653,262.889,305.487
718.750,92.076,260.571,306.310
708.803,93.694,258.925,308.319
701.268,94.785,256.837,307.342
697.006,97.238,253.245,305.256
685.535,100.396,248.962,304.351
675.428,99.810,248.086,302.646
668.800,105.620,246.718,301.639
660.943,107.850,247.205,300.095
659.112,114.720,245.707,303.719
647.619,115.447,245.376,309.432
636.886,111.224,244.776,311.042
631.231,116.857,245.363,314.481
633.600,112.909,245.105,313.324
634.895,113.103,247.687,314.864
631.229,114.750,249.027,317.415
625.905,105.454,245.473,315.903
625.073,100.315,240.804,316.293
618.461,74.567,238.798,309.440
622.305,72.509,236.178,302.979
621.104,73.827,232.939,298.523
617.915,66.677,230.802,294.351
619.520,72.152,231.223,291.307
617.741,81.869,232.689,292.609
596.533,67.436,237.587,288.536
577.787,54.313,240.299,286.063
552.064,48.561,240.929,284.535
528.132,52.096,247.826,281.896
543.402,56.309,252.977,280.979
543.807,59.282,255.278,276.644
540.620,64.696,259.914,275.804
548.078,68.046,266.067,274.547
540.004,64.494,270.363,274.622
540.149,45.686,268.509,275.157
537.719,43.551,266.926,277.424
535.017,39.479,268.485,278.322
536.752,40.952,268.460,281.164
545.333,42.309,266.666,282.202
553.734,48.687,262.897,282.989
583.247,58.500,266.069,283.260
572.364,51.243,266.680,282.139
583.814,42.259,266.544,282.116
590.971,19.247,264.268,282.584
595.798,13.929,259.429,281.261
603.791,10.888,258.513,280.163
615.374,11.844,255.881,281.743
619.257,10.692,257.331,281.755
630.483,13.767,261.190,282.249
651.365,10.352,264.970,282.537
681.024,3.097,265.616,280.966
706.735,-1.845,260.257,278.077
727.283,-1.480,257.400,275.211
750.106,6.077,249.991,270.229
760.119,3.254,246.112,268.829
774.809,2.972,240.343,266.785
795.376,3.150,236.412,265.159
808.649,1.271,234.282,264.918
826.644,1.913,232.007,262.181
836.295,-2.225,229.707,260.631
853.440,-1.773,229.147,259.281
879.273,-12.017,228.520,249.212
888.529,1.785,227.218,246.318
880.071,1.949,224.080,243.522
844.999,5.286,231.618,242.222
833.965,28.932,230.852,244.131
833.060,31.620,232.790,245.096
800.090,67.198,230.744,236.790
807.430,78.399,227.072,231.628
768.942,121.434,235.520,222.144
746.931,150.724,234.031,205.154
726.033,179.366,224.162,194.293
736.747,194.454,216.110,187.238
697.093,223.687,206.354,183.084
666.693,248.150,200.655,181.202
671.123,238.526,193.781,176.983
685.149,236.192,188.262,170.744
681.766,228.788,179.031,162.047
687.961,220.616,173.119,149.541
692.959,219.706,168.085,139.736
680.805,213.343,159.302,130.858
684.970,209.160,154.402,125.621
691.739,208.565,155.094,122.606
672.930,208.955,145.799,119.511
670.804,206.826,137.753,115.482
674.945,205.259,133.259,112.313
668.263,203.836,125.015,108.283
661.606,202.044,120.886,107.222
657.901,196.118,118.214,106.619
654.571,193.430,116.712,106.731
655.862,191.772,115.238,106.278
651.938,186.216,115.186,105.845
638.115,171.971,117.405,103.857
628.208,172.124,119.732,102.292
622.096,177.640,119.236,101.559
622.873,182.132,119.785,101.078
614.155,185.319,117.873,101.923
610.568,186.830,116.975,102.862
606.868,185.605,116.764,104.513
604.165,184.663,115.589,105.803
596.888,181.922,114.171,108.294
597.679,180.709,113.411,109.784
590.275,179.691,113.799,110.640
583.445,181.762,115.349,111.094
577.443,180.767,119.000,112.342
579.439,181.717,118.849,114.286
577.055,179.833,119.878,115.722
574.729,178.885,118.851,117.659
572.553,178.132,118.028,118.611
569.159,176.459,117.094,119.086
561.867,176.208,118.083,119.523
562.203,178.161,118.106,119.647
565.206,182.551,117.168,118.679
564.987,185.907,117.257,117.501
562.294,187.652,118.051,116.922
558.656,187.716,119.023,116.453
555.142,189.269,120.355,116.023
555.522,191.157,119.780,114.627
553.997,193.311,119.113,114.535
551.422,192.818,120.169,114.500
547.587,191.963,121.210,113.811
546.212,191.331,121.572,112.882
544.380,191.150,122.371,112.286
541.537,188.578,123.666,111.794
537.445,186.817,124.351,112.622
534.226,183.405,125.389,112.926
537.683,186.626,124.876,113.706
536.473,186.172,124.405,114.610
534.726,188.159,122.541,113.976
531.952,190.126,122.290,114.403
532.609,191.625,120.941,114.444
532.717,194.020,120.452,113.781
531.131,196.285,120.323,113.312
527.926,195.835,121.694,112.854
526.668,195.355,121.879,112.228
524.827,194.659,123.255,111.982
525.677,193.036,123.301,110.430
523.678,192.320,124.881,109.767
521.538,192.789,125.698,107.854
522.030,192.016,125.190,105.992
520.908,191.901,125.794,104.591
517.876,194.733,127.947,105.453
523.002,197.075,126.939,105.298
527.322,195.887,125.798,104.723
526.826,193.836,126.071,106.115
526.468,186.520,126.452,106.928
528.096,185.171,127.338,107.909
533.370,186.451,125.461,109.022
535.519,185.418,123.602,110.562
536.789,185.944,122.002,111.780
537.231,186.792,121.344,111.731
536.486,187.493,121.375,111.576
537.441,188.852,120.345,110.517
535.242,189.201,120.216,108.676
530.362,193.331,120.955,106.270
529.733,195.063,120.631,104.226
532.389,193.927,119.039,102.795
528.458,193.233,119.084,101.598
527.924,192.020,118.806,101.535
530.057,195.305,118.070,101.711
533.110,195.134,116.867,100.927
530.287,195.291,117.492,99.791
531.011,193.681,117.277,99.235
524.389,191.876,120.193,99.133
527.186,194.333,120.450,100.123
521.294,195.298,123.159,100.563
526.779,194.595,121.750,101.558
527.096,196.867,121.061,101.875
528.107,195.444,120.238,101.378
531.184,197.953,119.277,101.388
534.138,198.629,117.499,101.061
536.543,196.581,115.748,98.958
533.210,193.570,116.445,97.371
535.801,192.212,114.950,96.179
532.962,193.097,114.801,95.761
533.072,192.817,114.273,95.339
527.337,192.417,114.570,94.112
528.649,190.350,113.765,92.851
528.957,192.135,113.086,93.778
527.677,191.939,112.631,93.512
526.884,191.379,111.743,93.050
524.140,191.591,111.431,93.446
522.552,192.441,111.670,93.873
521.164,191.596,112.226,94.438
521.530,192.375,111.635,95.145
520.061,193.409,111.372,96.537
518.743,193.306,111.763,96.975
515.697,193.853,112.109,97.266
510.679,193.964,113.812,97.663
506.841,195.660,114.898,97.319
508.590,195.144,113.169,98.117
505.884,195.316,112.401,97.110
503.724,196.189,112.152,94.856
500.192,196.456,112.106,92.586
498.882,197.217,112.601,90.942
499.592,198.926,112.703,90.063
499.219,198.871,112.263,88.240
496.591,197.281,111.508,87.244
494.038,196.148,110.878,86.201
492.541,195.199,110.499,85.312
492.155,195.032,110.295,85.261
491.443,194.705,109.993,85.325
490.737,194.243,109.753,86.011
490.029,194.159,110.412,86.416
489.638,194.755,111.124,87.516
490.236,193.476,110.949,88.061
489.823,192.946,110.675,88.587
489.357,191.864,111.259,88.993
489.984,190.780,112.032,89.036
490.546,191.485,112.205,89.294
488.567,190.208,112.620,88.601
487.368,190.016,112.295,87.134
486.601,190.323,112.368,86.350
485.186,189.410,112.764,85.366
485.378,188.601,112.526,84.059
487.299,187.241,111.283,83.632
486.128,185.727,110.780,83.297
487.273,185.248,109.490,83.979
487.371,185.160,108.794,85.563
487.568,184.664,108.358,86.642
489.055,184.318,107.072,87.317
488.836,184.278,106.746,87.863
489.051,184.304,106.508,87.854
489.408,184.912,106.240,88.195
489.164,184.352,105.515,87.634
490.337,184.678,104.881,87.513
491.091,185.094,104.227,87.280
490.836,185.200,104.012,86.346
489.467,185.937,104.383,84.965
487.969,187.275,104.684,84.179
488.439,189.158,104.253,83.569
490.023,190.053,102.585,82.998
490.109,191.866,101.959,82.283
489.859,193.674,102.005,81.244
488.679,196.027,102.087,80.493
489.128,198.619,101.852,80.670
489.730,200.332,101.793,80.925
489.807,203.199,101.817,81.519
491.463,201.348,101.551,81.606
493.200,201.334,101.752,81.261
495.359,203.164,101.999,81.865
496.802,201.821,102.001,82.047
497.211,202.037,102.302,82.710
498.682,201.554,102.254,83.539
499.374,201.731,102.830,84.403
500.369,200.567,103.349,84.808
502.431,199.163,103.802,85.699
505.775,196.380,103.881,86.625
507.608,193.008,104.015,87.186
509.331,191.593,103.174,86.451
511.739,190.851,102.098,84.973
515.424,192.101,101.436,83.985
518.250,193.377,101.081,83.200
520.529,193.664,100.796,82.218
520.350,193.360,101.598,81.468
520.487,192.967,101.761,80.694
523.276,191.163,101.139,80.016
525.209,190.983,100.849,79.828
528.719,186.754,99.483,81.168
531.276,182.009,98.830,81.634
532.439,180.513,97.642,80.843
535.163,181.799,97.400,81.670
536.385,188.082,97.609,82.843
540.750,188.687,97.237,84.773
548.399,194.473,96.908,84.928
556.142,187.416,96.344,85.240
557.344,180.611,95.343,85.490
555.526,177.415,95.205,84.873
557.643,176.805,94.292,84.226
560.728,177.066,93.825,84.435
561.312,180.946,94.476,82.142
561.232,181.861,94.225,81.069
560.465,183.431,93.691,79.703
560.599,184.303,93.482,78.755
561.970,183.743,93.389,78.207
561.542,183.964,92.699,77.938
557.097,184.802,92.231,77.745
551.947,185.805,94.070,78.789
549.578,194.401,93.564,80.666
549.039,202.471,94.060,82.278
