1
712.9951,232.7991,24.1197,21.5546
715.2686,234.0242,25.7119,19.7226
714.5312,234.4660,26.4586,18.4451
715.0842,234.2941,26.7125,17.8055
716.9271,235.0109,26.9599,16.9074
717.7817,234.4688,27.1011,16.2273
717.4902,235.3905,27.0789,15.4444
718.7179,235.1238,26.8407,15.1833
719.6404,235.2222,26.7632,14.9056
720.3119,235.3266,26.8077,14.5430
720.4971,235.4819,27.0874,14.2719
720.9738,235.4107,27.2454,14.1633
721.2941,235.3452,27.3628,14.0300
721.1489,235.3092,27.2462,13.8362
721.2667,235.2907,27.1555,13.6712
721.2849,235.4082,27.3812,13.4805
719.6744,235.2728,27.1668,13.3235
719.0336,234.7060,26.5597,13.3700
718.5499,234.8535,26.4950,13.3267
718.5483,235.0262,26.6398,13.1678
716.3631,235.2148,26.5951,13.0337
715.4424,235.2866,26.3986,13.1221
713.7515,234.8824,26.2928,13.1859
712.0299,235.3945,26.0633,12.9621
711.4999,235.3264,25.5312,13.0472
709.8991,235.4224,25.5280,13.1931
707.3705,235.4997,25.3585,13.4098
705.4833,235.5107,25.1120,13.4641
702.4674,235.4490,24.7848,13.5935
700.2161,235.4241,24.1178,13.8894
698.2803,235.4861,24.0049,13.6840
695.2880,234.8602,23.9422,13.8843
692.1293,235.1711,23.6973,13.8344
687.4973,235.5763,24.1624,13.3580
684.3102,235.8768,24.2648,13.2378
681.0634,235.8204,24.1198,13.2708
674.7868,235.3805,23.9454,13.1395
670.5886,236.0131,24.4925,12.6069
663.4737,234.9804,23.9272,12.9031
660.2217,235.3291,23.7309,13.2332
657.5292,233.7408,24.9963,12.9465
652.3514,221.8878,24.4892,13.6103
642.3022,234.7345,24.8535,13.4346
633.7492,234.1797,24.4037,13.4535
627.5207,232.4269,23.8944,13.3736
625.7249,234.6353,24.5315,13.2392
637.0754,234.5146,24.8212,13.2449
644.5385,234.5372,25.1854,13.2776
652.6829,234.3375,24.5646,13.4975
659.6106,234.3510,24.6890,13.7369
663.4307,234.8556,25.0466,13.2777
671.4083,236.1204,25.1659,12.9451
678.7442,236.7875,24.7243,13.5525
686.2477,237.1617,24.7858,13.6903
690.8595,237.6649,24.6931,13.7287
695.8209,238.5907,24.2173,13.7979
702.3915,239.1816,24.0630,13.7458
705.9631,239.9394,24.3508,13.5331
711.9499,240.6323,23.9761,13.4185
716.3599,241.8250,24.2325,13.1706
718.7949,242.2204,24.4142,12.9318
723.2347,242.9671,24.5375,12.5892
726.5872,243.5652,24.9722,12.5172
729.8915,243.8341,25.4992,12.3593
730.8882,244.1848,25.6640,12.0938
731.5585,244.3219,25.8214,11.9355
734.2556,244.7588,26.1952,12.0070
734.9362,244.6712,26.2504,11.9873
735.9213,244.2254,25.9922,12.0470
735.9799,244.4128,26.3158,11.9338
736.0568,244.2587,25.9200,12.0469
736.0922,243.8830,25.4494,12.1363
736.6865,243.7400,25.7426,11.9636
735.2087,243.2878,25.7102,12.1330
733.8263,243.3288,25.6908,12.1134
732.3715,243.4266,25.8506,12.0107
730.9677,243.1067,25.7601,11.9979
729.6451,243.0742,26.0657,11.8142
727.4867,243.5870,26.4629,11.6153
724.7415,243.4323,26.6705,11.7530
720.2748,243.0300,26.2792,12.0186
718.0833,243.1787,26.1093,12.1542
712.2156,244.1134,26.3934,12.3559
710.4089,243.0163,26.0820,12.9160
707.7179,243.7435,25.9834,12.9962
701.7448,243.5577,25.6730,13.2534
697.4550,243.6799,25.8304,13.2540
692.4550,243.8490,25.4769,13.3739
686.7023,243.6142,24.7368,13.7659
681.6467,243.5089,24.3251,13.7528
673.9860,243.9770,25.1679,13.9422
667.1624,243.3537,25.6605,13.8548
660.6420,243.0184,25.6322,13.7905
652.0095,244.2437,25.8305,13.7484
647.6786,240.2710,26.3365,13.6254
640.9522,245.1682,26.8958,13.6529
649.2925,243.6937,24.5397,14.9482
656.5111,244.2843,25.0482,14.8493
665.1808,244.2136,24.8982,14.6854
671.6025,244.5500,24.7584,14.5473
679.3281,245.3530,25.3977,13.8810
686.1046,245.7022,25.2587,13.9285
690.5212,246.0496,25.4529,13.8973
697.7054,246.6602,25.3885,13.9207
702.4440,246.8852,25.1402,13.9882
709.3953,247.6203,25.0832,13.9829
713.1684,248.2260,25.6423,13.5328
715.5719,248.8577,25.8552,13.2641
721.5357,248.9944,25.7173,13.5282
725.1111,249.3698,25.4418,13.5234
728.8624,249.5160,25.6933,13.3573
732.4172,249.7225,26.1646,13.3415
734.6658,249.5028,26.0737,13.4860
737.2189,250.2034,26.3209,13.5412
740.0131,250.3048,26.2127,13.6430
742.3408,250.6109,26.0248,13.7251
743.4822,250.7878,25.5329,13.8006
744.1591,250.4926,25.0349,14.0805
745.1677,250.8665,24.9613,14.0716
745.8364,249.6918,23.8717,14.9827
745.3740,251.3626,23.9216,14.8644
744.7637,250.8613,23.1695,14.9924
745.7291,251.6225,23.4599,14.7434
743.4608,251.1103,23.4964,14.6477
742.8340,251.8710,24.0494,14.2251
739.7890,251.3539,24.0546,13.7904
737.5188,251.3675,24.1633,13.3572
735.2720,251.0238,24.4932,13.0971
732.2697,251.0131,24.3252,12.8528
729.4645,250.9005,24.3696,12.7075
723.0908,250.4238,24.5309,12.6131
721.0628,249.4777,23.9772,13.0653
719.2557,249.8028,24.7448,13.1834
712.5427,248.3787,24.9514,13.3491
707.9218,248.0582,25.5790,13.3901
698.1595,247.6322,25.0331,13.4792
693.2615,246.9439,24.2843,13.7995
687.4354,246.6346,24.3378,13.6079
679.6670,246.2352,24.0467,14.1152
673.3399,245.7902,24.7289,13.5084
664.9368,240.3780,24.7973,13.5575
657.3843,245.0397,23.5923,14.5633
649.6565,245.6080,23.5688,13.6345
638.8541,244.4494,24.3331,13.2393
642.6573,245.0664,24.7711,13.3519
653.6062,245.0377,24.9092,13.2385
661.7949,244.2393,24.1852,13.7947
668.2651,244.5502,24.2182,14.1778
676.6685,245.2350,24.8440,14.1277
682.9072,245.5385,24.7596,14.5123
691.8778,246.3920,24.7157,14.6615
697.8145,247.2910,24.7645,14.8005
705.3613,248.4581,24.4847,14.8908
710.9613,248.9159,25.0291,14.7606
714.1168,249.8733,25.3684,14.7355
719.4659,249.9932,24.6434,14.6350
724.0853,250.7352,24.9494,14.6074
729.5554,251.6139,25.2011,14.1266
732.3570,252.1273,25.5251,14.0222
736.2668,252.5299,25.3984,14.5041
740.9772,253.2715,24.9420,14.5583
742.9059,253.1165,24.1304,14.9055
746.5261,253.9701,23.6551,15.1230
749.3971,253.9029,23.5300,15.4275
751.5794,253.7579,23.4236,15.9769
753.3234,255.2903,23.4816,16.0399
753.3368,254.7129,23.2189,16.4360
754.9455,254.5373,23.5539,16.6162
754.9155,256.0934,23.6443,16.4638
753.5490,255.6793,23.3283,17.0036
752.5887,255.7160,23.3772,17.3413
752.8516,256.0984,23.9393,16.8643
750.4762,254.9724,24.9349,16.6308
746.7622,255.1729,25.1921,16.2901
745.3915,255.1172,25.6938,15.8440
740.7868,254.5598,25.4986,15.4452
739.4384,254.6779,26.1306,15.2241
735.6341,254.5338,26.8118,14.9759
728.1609,254.5354,27.3926,15.0928
725.8837,253.1407,26.3614,15.3963
720.9987,253.0336,25.9229,15.1982
718.0337,252.9286,26.6471,14.6468
710.7116,251.7245,26.8209,14.8230
704.3776,251.8598,26.5919,14.4221
700.6960,251.7167,26.6055,14.1355
692.5850,250.9943,26.1011,14.0241
687.1518,250.7230,25.7108,14.3022
677.9724,249.4572,25.9234,13.9813
671.4779,249.2194,27.3555,13.4874
664.9861,248.7021,26.3521,13.5262
656.6266,247.3537,25.5414,13.9535
647.8066,247.5760,26.5060,13.7815
652.9800,246.6062,25.5695,14.8773
659.3624,246.0015,24.8725,15.4903
665.2541,246.5249,24.5098,15.5759
672.9317,246.8447,24.5396,15.3094
677.3041,247.0003,24.9758,15.0554
684.9585,248.2324,25.3401,14.8472
689.4786,248.5618,25.2557,15.2394
693.3351,248.9218,25.2060,15.3588
698.3817,249.8146,25.4861,15.5216
701.8080,250.9794,26.1108,15.0482
705.9598,251.9476,26.2935,14.8309
707.7759,252.5029,26.5717,14.4543
709.2758,252.8400,26.7416,14.2061
713.8231,253.5844,27.3308,13.7131
714.5663,253.2593,27.3124,13.5304
717.7367,253.8580,27.6372,13.4855
719.4815,253.7475,27.5631,13.2164
719.7127,253.6938,27.1824,13.0803
722.1386,253.8088,26.8610,12.8807
724.1964,253.4353,26.4855,12.9793
723.4763,253.0683,25.8725,13.1959
724.0964,252.5727,25.3939,13.5538
723.1898,252.9459,25.2472,13.6058
725.7951,252.0449,24.6520,13.8595
724.3079,251.0576,23.8422,13.7016
725.3290,252.9489,23.9686,12.8673
724.6536,253.4209,25.0072,12.1207
725.2578,254.1015,26.0951,11.4841
722.7678,254.0002,26.3943,11.1844
720.4207,253.8997,26.5819,10.9876
714.5600,253.8567,26.9819,10.6572
712.7457,253.3182,27.0854,10.6824
711.9047,253.2758,26.8667,10.6416
707.6348,253.4812,27.0250,10.4198
706.1375,252.6171,26.5447,10.4260
701.7036,252.3840,26.6217,10.2921
700.1209,252.0836,26.5468,10.1791
702.3142,251.7520,26.7215,10.1439
688.1749,246.3992,26.2921,10.2506
688.3461,249.5805,26.5388,10.1334
683.2949,249.9337,25.8721,10.0075
681.6194,248.4879,25.6520,10.0000
679.7731,249.2753,25.8195,10.0000
673.8522,248.9833,25.2530,10.2370
671.4778,248.8049,25.9891,10.0291
664.3749,247.7657,24.8655,10.3708
662.9542,247.3778,25.4051,10.5847
653.1267,247.8716,25.8044,10.6761
647.1194,247.1036,26.2970,10.6553
649.8353,240.1927,26.9727,10.4711
641.5446,246.1900,27.3398,10.3858
644.2861,246.1531,28.0431,10.3791
646.7636,245.8311,28.6630,10.3149
649.7495,245.0185,28.4447,10.3985
652.6039,245.2523,27.8405,10.4706
656.6399,244.9473,27.1989,10.4057
658.1065,244.6843,26.5747,10.6172
660.9437,244.3803,25.9921,10.8527
661.9154,244.9057,25.5860,11.0633
663.4418,244.6553,24.7855,11.1060
664.0347,245.1643,24.8451,10.9056
664.9875,245.6543,25.2891,10.7354
667.8804,246.2377,25.6080,10.2577
671.0247,246.2890,25.1748,10.2493
669.8849,246.0951,25.1435,10.1504
675.7839,246.3437,24.8002,10.2554
676.4620,247.3308,24.4236,10.3555
678.5492,247.0124,23.7222,10.4046
679.0314,247.1859,23.4263,10.2596
681.2568,247.2180,22.9307,10.0641
682.2833,245.6662,22.7018,10.0000
684.5170,246.5395,22.1571,10.0502
685.1873,247.0436,22.6901,10.0000
685.8997,246.8804,22.3516,10.0000
686.9409,246.2617,22.4528,10.0000
686.5619,244.7926,22.4478,10.0000
687.9987,243.7286,22.1420,10.0000
689.5492,244.4256,21.9213,10.0000
689.7299,246.2043,21.8440,10.3063
691.4182,245.5635,22.5749,10.0817
690.3712,245.5461,22.9077,10.1157
690.3734,245.1888,22.6271,10.3607
698.7744,235.2492,19.9469,12.0846
693.0163,244.9607,21.0743,11.3333
692.5468,246.0600,21.1508,11.2542
693.0010,245.4280,21.3205,11.1334
692.5292,244.9410,21.4176,10.8623
694.1660,243.9677,21.6137,10.4579
693.2491,243.6766,21.7855,10.0507
693.8369,243.5956,21.6137,10.0000
694.2623,243.1322,21.3805,10.3512
694.0932,244.0982,21.5602,10.3586
692.6983,243.6948,21.7807,10.0735
693.7505,243.4777,21.5342,10.0116
695.7453,243.3269,22.0668,10.0000
694.7715,243.0783,21.8037,10.1411
695.9129,243.9634,22.0616,10.0000
695.6154,242.2590,22.2045,10.0000
697.6033,242.7039,22.1020,10.0000
698.1761,244.2635,21.9790,10.0000
699.3188,244.4259,22.5350,10.0000
699.5320,244.4314,23.2964,10.0000
696.7619,244.0073,22.8885,10.1693
696.2806,244.2163,22.6277,10.0000
697.9552,245.2560,23.3008,10.0000
694.0355,242.8083,23.0190,10.0000
692.5688,243.6054,23.5404,10.0000
697.7993,245.1812,23.2239,10.0000
699.4930,246.1141,23.2336,10.0000
699.9684,246.1198,23.5837,10.0000
702.7274,245.4796,24.2517,10.0000
706.3815,245.7591,24.6989,10.0000
704.8737,245.2381,25.3520,10.0000
698.7888,245.1277,25.5782,10.0000
699.5956,244.8533,25.9045,10.0000
701.1223,245.9326,26.0606,10.0000
700.9760,245.6540,26.5467,10.0000
694.4461,243.4169,24.6781,10.4783
701.9330,243.6246,24.5732,10.4346
702.8160,246.0144,25.2183,10.0000
710.7295,246.0168,26.2531,10.0000
710.2947,246.2879,26.8478,10.0000
710.5656,246.7738,27.2410,10.0000
709.1633,246.9703,27.4972,10.0000
705.9011,247.6397,28.0764,10.0000
695.0630,238.5508,27.1865,10.9516
699.3403,232.1406,26.6563,11.6221
700.4711,230.1699,26.5942,11.9662
687.6403,244.1656,26.8673,11.6122
695.7363,243.5465,26.9012,11.6829
694.9259,245.2907,26.7883,11.9758
696.9849,241.6224,27.4084,11.2158
693.2578,242.5125,26.6056,11.6963
695.6989,241.6041,24.9991,12.9096
698.4286,241.6315,25.1790,12.6459
696.0459,241.9639,25.0034,12.6794
693.4805,241.6531,24.8827,12.7223
690.3995,242.7849,25.0563,12.6327
689.1941,242.1757,24.2396,12.8044
688.3757,243.0545,24.7301,12.6236
685.4584,243.5184,25.2003,12.3957
682.4162,244.1933,25.0596,12.4380
679.8400,244.4573,24.8863,12.5958
677.9302,244.3875,24.4099,12.9222
675.8430,245.2287,24.7111,12.8795
674.2965,245.3150,24.2171,13.1109
671.5055,245.2663,24.0743,13.0864
669.7655,245.4549,23.8276,13.3679
667.8206,245.6574,23.7778,13.5353
665.6160,245.7159,23.5970,13.8441
664.2961,245.5529,23.5255,13.9159
661.5851,246.3920,23.9633,13.6659
