853.000,378.000,155.000,339.000
859.735,367.629,152.879,343.771
871.163,363.136,150.141,347.549
885.332,356.408,148.554,353.053
900.310,344.429,147.240,359.656
906.706,333.617,146.752,369.375
914.100,327.605,146.070,375.582
928.015,321.671,145.054,380.477
935.020,324.144,145.970,384.931
942.795,322.703,145.877,386.880
948.010,323.481,146.187,387.272
954.162,319.488,145.881,386.082
954.787,308.443,143.532,386.601
958.733,309.903,143.272,386.791
941.168,297.323,139.667,383.418
934.747,304.240,136.711,380.809
926.724,301.059,134.056,381.592
920.933,299.400,133.504,380.728
922.347,305.663,133.589,380.542
930.413,301.084,132.121,374.127
935.541,300.786,131.532,373.400
938.454,288.648,131.404,375.815
945.004,283.437,131.826,379.084
941.661,281.927,131.701,384.374
941.552,284.574,132.598,387.943
947.247,287.231,134.201,390.693
951.883,288.840,135.665,392.568
954.733,284.861,138.203,394.198
959.068,286.915,140.007,395.613
954.858,293.038,142.228,389.510
957.628,300.616,144.512,384.807
959.925,306.775,145.670,381.750
960.786,307.602,146.263,381.259
958.077,308.076,146.339,381.438
953.751,309.571,145.873,377.768
954.518,318.295,146.773,377.973
956.976,320.508,149.149,378.177
950.539,325.565,151.193,376.616
946.752,331.537,152.830,375.745
940.648,342.908,154.166,370.802
945.394,342.351,155.490,367.061
950.583,342.158,155.722,362.591
953.362,341.210,156.589,363.156
946.869,339.647,156.118,366.151
940.200,339.225,154.005,365.897
943.417,344.359,152.754,365.822
947.865,346.770,150.157,365.922
947.119,350.790,145.595,362.356
943.681,360.917,141.342,356.230
943.306,363.295,138.011,356.980
947.384,370.099,135.654,351.436
947.258,372.657,133.202,347.181
936.573,371.476,128.870,345.951
919.196,371.513,124.890,344.854
914.566,370.751,123.293,343.660
909.901,369.314,123.368,343.763
903.039,365.908,124.707,341.066
899.758,367.828,126.197,338.019
900.690,373.126,127.947,335.990
903.717,379.737,128.258,333.093
904.573,383.348,128.029,331.194
905.187,381.934,127.430,331.600
908.981,381.580,127.145,331.271
908.760,382.390,125.683,330.861
905.227,384.288,123.104,328.888
898.634,387.333,120.973,324.716
893.831,390.071,122.640,322.705
884.527,390.665,124.155,322.304
876.046,386.185,126.572,323.451
868.077,378.108,130.655,328.957
864.766,379.434,133.533,330.142
861.587,380.245,136.929,329.096
861.597,380.390,138.491,324.757
855.278,383.308,138.701,324.416
850.805,383.351,137.719,324.082
855.411,381.357,135.421,320.702
860.029,378.431,133.105,320.290
857.967,377.996,128.714,318.300
853.916,382.204,125.571,317.596
857.877,381.357,123.094,315.771
861.536,384.527,121.659,315.058
861.590,384.788,122.822,314.908
860.191,384.402,125.687,314.161
851.689,386.178,129.034,318.351
837.717,377.538,137.508,323.386
825.978,376.963,146.914,326.248
820.884,379.254,150.908,331.122
811.072,375.933,157.512,333.711
821.779,372.665,158.272,336.905
841.556,366.333,152.063,339.320
849.087,367.032,147.213,341.608
856.226,369.789,144.449,336.205
859.889,359.352,139.728,325.965
865.422,354.580,136.172,316.786
878.539,342.117,133.971,309.544
893.357,325.752,130.716,302.729
901.107,315.744,129.632,297.277
903.876,315.734,128.262,293.694
913.718,321.287,127.272,292.800
922.545,322.905,125.848,292.793
926.864,322.490,124.026,293.769
931.358,322.912,121.487,296.177
928.681,330.277,119.142,300.740
924.378,342.320,117.447,309.460
915.330,347.373,116.910,316.395
908.578,348.262,116.210,321.130
912.127,342.818,115.564,325.397
906.873,344.387,116.280,326.414
900.828,346.338,116.496,324.484
898.023,342.743,116.023,325.904
894.844,337.022,116.049,330.384
893.135,338.791,116.215,328.612
890.962,339.959,116.921,323.199
892.980,348.152,119.628,321.395
890.939,356.335,122.875,319.343
890.930,365.737,125.031,318.693
893.847,369.658,127.191,316.074
898.315,372.306,129.159,313.388
895.850,375.253,131.414,317.245
887.138,375.100,133.416,321.612
879.261,374.649,133.680,325.012
875.688,366.796,133.267,328.580
871.068,366.010,136.623,335.139
865.900,367.603,140.634,339.476
855.070,374.209,140.587,339.650
849.402,376.912,142.069,338.901
858.023,375.162,144.530,340.040
856.878,364.637,148.083,344.280
851.889,359.308,154.161,350.907
841.163,357.679,156.137,353.881
834.288,352.765,152.657,357.278
838.326,352.087,146.167,360.404
843.205,352.071,140.582,361.763
846.769,351.480,139.292,362.465
849.238,350.357,139.784,366.600
857.512,347.895,140.277,368.376
870.331,340.994,137.410,371.830
880.592,334.077,134.860,376.548
875.482,328.686,133.873,384.760
869.344,324.626,131.557,388.384
873.140,322.558,131.840,394.146
875.158,305.471,132.215,403.692
872.896,300.021,133.322,413.214
867.509,298.126,135.403,420.816
871.021,316.654,139.926,412.284
872.137,319.749,143.285,401.580
868.310,321.680,145.015,395.244
859.555,331.155,146.131,389.615
856.309,333.982,147.507,385.165
859.927,336.480,148.988,382.281
863.885,336.768,148.659,378.291
859.978,344.271,147.281,372.373
853.006,347.781,146.213,369.346
853.858,342.810,146.663,372.463
856.460,340.416,147.699,373.652
857.778,338.944,148.453,376.194
858.947,336.067,148.572,378.454
862.310,332.517,149.123,380.599
863.153,334.946,148.197,384.007
860.073,333.926,147.460,385.146
859.816,324.378,147.002,389.543
866.671,322.115,147.893,391.316
872.874,320.580,146.702,392.656
870.819,324.109,144.542,393.100
865.613,325.948,143.519,391.159
868.164,337.208,142.382,385.587
872.781,341.438,142.290,380.076
875.101,342.218,142.048,376.293
875.716,343.093,141.576,373.368
871.574,343.741,139.673,372.988
864.696,346.344,139.402,373.854
867.587,345.970,141.393,372.111
870.964,342.802,141.951,372.717
874.400,343.797,142.466,373.442
884.772,338.567,141.402,371.126
898.215,326.664,140.713,377.546
902.098,320.615,140.313,384.747
906.496,308.673,140.488,395.445
918.525,297.505,140.788,405.915
928.768,295.463,141.649,413.928
931.847,313.516,142.157,412.089
930.315,315.317,142.042,408.494
937.227,320.090,142.573,403.399
939.805,324.420,143.377,397.353
936.309,330.042,146.059,389.668
928.833,333.525,149.611,382.852
931.255,335.151,149.829,377.621
933.515,340.355,149.771,374.991
935.005,338.367,149.117,373.345
931.580,335.561,147.588,371.412
930.665,334.097,147.913,372.763
929.011,335.191,147.781,373.376
925.601,331.125,147.168,376.513
927.347,329.933,146.664,378.243
923.168,327.224,145.750,381.414
911.604,322.881,145.301,385.462
911.137,329.187,144.747,386.807
911.845,331.610,143.679,386.356
910.474,333.344,141.740,385.023
918.647,330.059,140.702,385.554
921.716,332.816,137.073,384.784
905.360,339.418,134.747,382.619
888.326,346.500,133.449,379.035
891.542,354.749,132.777,373.067
891.775,353.101,132.409,371.200
885.411,350.750,130.409,369.516
869.977,352.775,128.206,368.808
851.366,357.986,125.019,364.969
841.134,358.362,123.612,361.090
841.887,360.869,122.603,358.075
844.613,363.966,123.589,355.012
840.459,371.816,123.322,347.509
832.775,384.255,123.873,338.596
835.381,392.383,122.987,330.170
843.228,392.143,120.507,325.699
848.055,403.190,118.925,321.385
847.702,402.743,116.399,317.327
838.628,402.148,115.179,316.995
832.285,414.196,114.605,309.893
835.901,409.299,113.946,308.720
848.367,403.738,113.308,310.890
857.810,392.657,115.267,317.081
862.957,390.051,114.716,320.720
862.488,391.410,115.394,319.147
859.826,390.878,116.653,320.036
863.058,390.290,118.432,323.288
865.731,384.386,122.105,326.534
876.182,380.530,123.042,326.415
879.955,381.818,123.013,323.399
886.785,387.776,121.252,320.124
890.018,386.797,120.505,318.963
894.200,370.950,119.280,313.856
899.952,367.999,118.235,312.071
900.413,370.143,119.045,313.422
899.953,370.726,119.973,310.615
897.771,377.676,121.424,313.840
896.644,375.368,125.351,314.959
906.284,366.705,130.353,317.538
904.090,363.419,136.963,319.822
886.689,360.757,145.423,321.501
874.025,357.180,152.145,325.123
884.647,351.241,153.954,329.511
888.465,342.720,156.015,333.573
876.311,341.351,162.878,335.573
880.166,345.686,163.310,337.477
882.617,351.922,159.475,336.741
887.183,351.531,152.372,331.744
886.500,349.732,146.446,323.801
885.120,353.751,140.356,314.302
879.157,358.324,135.566,309.310
874.314,361.504,131.503,303.748
873.169,361.663,129.411,298.861
869.255,365.048,127.086,295.362
874.564,357.370,125.356,289.895
883.245,357.005,124.195,291.799
893.330,354.413,123.608,295.572
888.056,356.661,122.531,297.643
879.566,360.650,120.563,302.554
880.961,360.248,119.530,308.671
887.850,352.873,119.498,317.954
889.288,362.842,119.554,323.561
883.294,376.768,118.789,329.007
880.036,379.573,118.026,329.933
882.129,377.076,119.765,332.558
877.684,374.708,120.202,332.215
872.694,370.159,121.575,333.023
876.776,367.054,123.099,329.590
879.636,360.990,124.225,329.222
884.090,364.583,125.135,326.042
889.201,371.880,126.630,323.030
900.744,372.792,126.968,319.431
913.201,365.117,128.093,318.076
920.522,366.926,129.626,317.044
929.619,368.775,132.488,316.301
939.479,369.621,135.364,317.726
942.421,372.133,137.826,322.228
940.030,368.408,141.180,325.933
940.847,365.822,147.512,330.742
941.251,367.371,150.540,335.152
945.487,363.156,153.955,337.914
944.708,361.831,155.033,341.272
944.805,363.027,155.233,342.397
945.475,364.375,153.601,343.618
955.496,359.759,159.270,343.686
951.694,349.751,165.027,344.676
939.206,345.430,165.414,346.562
932.393,343.850,162.574,348.374
921.487,343.446,157.963,346.626
921.741,340.367,149.747,345.762
920.988,342.495,144.849,348.454
926.312,338.206,140.207,348.856
931.055,337.928,135.915,354.443
924.357,328.952,131.104,363.393
922.049,318.958,127.717,369.606
926.536,311.432,126.429,372.205
926.320,310.910,127.296,375.890
923.809,307.971,127.993,383.995
926.297,308.341,130.362,387.310
925.136,318.810,133.770,386.375
917.774,325.623,134.704,385.896
910.683,327.312,136.305,383.256
911.021,323.414,140.168,383.105
913.182,319.686,141.728,382.325
911.513,317.639,140.309,378.995
911.507,317.608,139.656,377.451
904.670,315.623,138.567,375.362
898.886,321.498,137.051,372.711
898.538,319.382,135.614,370.579
891.351,320.129,134.914,371.918
882.093,322.141,134.118,373.547
877.709,326.938,135.475,377.566
874.902,322.928,137.950,382.178
870.442,322.487,138.717,383.864
864.308,325.396,138.904,384.471
863.851,325.337,138.466,384.841
865.844,325.288,139.930,385.624
867.172,321.084,140.072,387.030
868.846,318.846,140.354,389.372
869.914,321.426,140.984,389.558
869.843,326.932,140.994,387.823
870.744,332.268,141.555,386.140
874.505,335.985,141.826,383.192
874.260,338.114,141.897,379.967
868.199,336.252,141.652,378.992
861.775,338.018,141.554,378.154
857.165,335.291,141.788,377.831
849.995,330.201,141.247,380.846
843.953,322.858,140.365,386.540
846.007,317.492,139.939,388.533
847.291,310.783,138.517,393.241
845.863,317.088,137.970,394.333
838.767,312.701,136.433,395.268
840.410,307.990,137.347,393.800
842.679,300.846,138.920,395.134
838.248,302.387,140.949,399.527
831.430,304.960,142.052,405.133
827.250,308.381,144.559,404.241
828.536,309.122,146.261,402.864
825.256,312.389,147.418,399.681
816.187,322.426,148.733,391.952
801.317,325.555,148.335,387.812
795.783,316.562,146.853,385.529
798.141,314.412,147.203,380.517
797.583,312.620,145.533,377.760
795.625,315.255,144.951,373.340
794.857,320.003,145.556,370.984
794.080,327.099,146.421,372.963
790.596,332.730,148.289,374.834
781.436,335.883,150.588,374.316
779.375,335.564,151.499,373.306
781.603,333.338,152.874,373.583
783.741,333.526,154.076,373.451
787.148,335.355,154.641,373.065
788.077,334.833,152.311,371.947
791.670,334.376,152.531,374.664
797.294,333.229,152.217,375.986
800.865,332.519,150.713,376.743
804.867,333.278,149.143,376.834
812.004,333.101,147.521,378.488
820.705,335.649,145.764,377.343
829.975,336.786,143.245,377.265
839.260,337.733,139.731,376.956
844.775,337.273,133.925,373.824
852.219,340.790,128.945,367.661
851.059,345.616,126.572,362.904
846.317,343.120,126.734,355.286
851.662,342.911,127.850,349.336
860.895,341.435,127.255,345.846
861.764,346.490,128.088,340.016
860.639,349.148,129.117,336.703
864.853,348.702,129.114,334.499
871.026,337.850,130.186,332.263
875.760,327.524,129.320,328.808
877.708,318.612,129.168,327.054
882.253,318.318,129.026,332.104
887.467,316.151,127.353,340.280
893.367,323.267,125.726,341.810
897.758,315.524,124.819,347.433
897.858,309.666,126.322,351.545
895.166,311.888,128.249,350.058
890.465,312.246,130.153,348.575
887.412,313.474,133.264,344.649
885.611,315.703,134.373,341.379
887.535,317.500,133.856,337.846
887.921,316.224,133.948,333.004
886.606,318.829,133.402,328.778
884.814,320.118,130.541,322.493
882.410,322.422,129.814,320.416
880.797,317.842,130.473,317.653
881.835,319.703,131.079,318.754
873.768,325.370,133.054,319.407
860.162,331.876,138.075,322.389
847.298,331.149,145.421,323.766
840.428,332.285,153.715,325.408
840.986,333.200,158.385,329.153
838.445,339.907,162.733,329.217
825.464,352.614,170.574,331.578
825.537,356.495,171.760,337.397
844.225,356.567,166.352,342.046
852.851,350.851,160.865,342.900
858.418,352.310,154.851,342.258
858.417,350.926,147.676,337.525
858.501,352.820,140.983,330.026
858.508,357.979,134.852,318.980
857.004,368.175,131.326,312.128
862.360,376.690,128.263,306.473
866.480,381.810,126.792,301.767
870.488,390.831,125.196,299.512
868.311,396.837,124.490,300.768
868.119,400.539,123.612,303.106
867.533,400.517,122.245,305.492
868.730,400.460,120.588,307.338
863.074,402.523,118.834,310.873
856.935,401.837,117.827,312.893
851.959,403.018,116.277,314.824
856.087,407.921,117.114,316.071
860.054,411.040,119.039,313.542
863.179,410.286,119.128,310.935
863.347,414.783,119.626,308.648
863.355,412.515,120.368,306.526
861.005,412.974,121.712,305.088
855.984,416.714,124.180,303.514
854.147,419.254,126.154,301.219
855.550,423.349,128.922,298.163
854.056,428.661,131.109,293.247
843.930,434.015,131.536,287.527
842.990,437.346,133.653,283.859
845.811,433.148,135.218,283.879
845.469,426.203,137.135,288.418
846.405,419.892,140.456,294.314
842.789,411.289,142.090,301.157
835.943,408.008,144.524,305.872
834.410,409.362,147.324,307.663
843.513,408.476,153.396,307.920
853.142,403.535,159.105,310.221
859.122,400.098,162.754,315.794
866.986,395.855,168.338,319.630
865.438,396.563,168.028,323.563
860.904,388.265,168.079,328.863
857.673,383.874,166.873,334.422
852.973,379.150,165.124,337.895
854.412,373.926,157.084,339.896
855.030,372.146,149.990,341.292
855.370,371.835,144.162,343.025
862.790,369.018,141.865,345.193
870.226,368.581,139.011,348.348
871.657,367.858,136.421,351.427
873.514,368.753,135.244,352.698
