590.000,500.000,57.000,49.000
589.257,500.319,57.597,50.321
589.829,500.678,57.778,51.175
590.359,501.397,58.044,51.673
589.862,502.228,57.669,51.834
589.739,503.459,57.316,51.986
589.571,503.962,57.115,52.139
590.215,505.401,56.933,52.209
591.051,505.944,56.752,52.032
592.615,506.091,56.768,51.877
593.313,506.456,56.525,51.850
593.629,507.490,56.311,52.039
593.582,507.402,56.461,52.094
593.668,508.475,56.287,52.182
593.755,509.258,55.970,52.047
593.428,511.129,55.977,52.293
592.424,511.033,56.164,52.286
591.872,511.071,56.044,52.141
591.756,511.117,55.709,52.000
591.900,512.055,55.734,52.029
591.039,512.013,55.302,51.825
591.282,514.212,55.021,51.852
592.331,515.573,54.567,51.838
594.476,515.185,54.431,51.750
598.758,514.519,54.212,51.671
603.206,513.737,54.031,51.730
607.263,511.049,53.910,51.524
613.676,506.397,53.583,51.502
621.088,499.436,53.684,51.434
628.814,491.397,53.387,51.521
634.088,484.668,52.946,51.543
637.088,482.477,52.318,51.260
640.118,484.380,52.387,51.197
644.339,489.165,52.403,51.743
650.790,497.806,52.184,51.726
659.472,503.383,51.745,51.546
667.136,506.368,51.586,51.736
671.669,507.261,52.238,52.001
673.894,507.437,52.330,51.850
675.852,509.281,51.825,51.427
677.837,508.519,52.739,51.751
679.414,509.725,53.134,51.920
681.430,512.500,53.548,51.981
680.297,516.524,53.830,52.598
678.520,521.580,54.064,52.791
673.336,526.309,54.234,52.882
665.918,532.034,53.439,52.988
660.107,536.312,52.935,53.050
652.773,542.810,52.885,52.964
647.513,549.044,52.151,52.740
645.427,555.746,52.152,52.918
642.625,560.071,51.788,52.685
639.182,564.685,51.579,52.857
632.255,568.031,51.174,53.058
623.666,570.889,50.814,53.085
614.519,575.735,50.652,53.100
607.811,580.056,50.694,53.143
605.186,584.146,50.995,53.194
603.485,588.001,51.106,53.209
601.975,592.521,51.399,53.485
600.682,596.197,51.657,53.642
600.504,599.349,51.747,53.597
599.867,601.653,51.322,53.531
597.475,603.916,50.676,53.305
595.890,605.633,50.585,53.015
594.702,605.950,50.325,52.671
594.039,606.317,50.540,52.447
593.984,605.389,50.766,52.394
592.552,604.797,50.370,52.179
593.769,603.347,50.118,51.791
594.778,600.967,50.404,51.821
597.613,597.075,50.600,51.580
601.329,590.124,50.585,51.272
605.210,579.299,50.278,50.898
611.046,564.543,50.958,50.983
618.473,549.446,51.718,51.153
626.272,536.553,52.370,50.905
630.368,526.850,52.812,50.828
634.398,518.633,53.085,51.038
638.796,511.362,52.997,50.634
642.343,506.019,53.190,50.228
644.557,501.495,53.771,50.135
646.155,496.949,54.043,50.350
646.228,493.246,54.030,50.489
646.366,489.977,54.643,50.922
646.247,486.488,54.888,51.348
647.508,483.700,55.235,51.645
646.733,481.649,55.745,51.796
646.770,479.221,55.743,51.784
645.950,477.136,56.645,52.073
645.649,474.528,56.959,52.222
644.562,472.982,56.529,51.742
643.601,472.184,55.830,51.131
643.855,471.843,55.484,50.950
643.168,472.248,54.546,50.877
642.568,473.967,53.998,51.183
641.842,475.799,53.645,51.317
641.257,478.119,53.467,51.605
640.819,479.610,53.145,51.374
639.265,481.671,53.174,51.666
637.254,483.772,53.023,51.680
635.470,486.373,52.449,51.549
633.181,487.728,51.868,51.218
631.774,490.211,51.856,51.179
631.537,493.560,51.786,51.096
630.186,497.056,51.627,50.966
628.790,501.149,51.634,51.012
627.685,504.639,51.606,50.979
627.338,506.872,51.530,50.686
626.937,509.613,51.391,50.668
627.085,511.908,51.457,50.719
626.998,513.680,51.835,50.495
627.162,515.755,51.767,50.683
626.131,516.909,52.216,51.026
625.397,517.678,52.341,50.813
624.719,518.095,52.081,50.403
623.834,518.855,52.266,50.343
622.440,519.732,52.626,50.507
623.045,521.668,52.829,50.392
622.686,523.858,52.902,50.723
623.430,527.435,52.913,51.010
622.970,531.909,53.159,50.908
622.700,537.278,53.570,50.814
621.400,541.629,54.036,50.979
620.420,544.626,54.282,51.391
620.041,547.314,54.743,51.391
617.965,550.038,55.382,51.658
618.079,550.481,55.545,51.544
618.186,552.440,55.309,51.320
617.339,552.841,55.314,51.070
616.642,553.608,55.589,50.937
615.484,554.280,55.531,50.821
613.167,554.850,55.782,50.807
611.416,554.540,56.073,50.715
610.505,554.051,56.622,50.801
609.006,554.744,56.925,50.491
607.494,555.141,56.973,50.190
606.903,555.473,57.327,50.137
606.712,557.130,57.108,50.074
604.898,558.186,57.369,50.148
604.490,558.802,57.527,50.378
603.774,559.279,57.851,50.529
603.143,559.032,57.650,50.613
601.206,560.441,57.703,50.630
601.244,560.782,57.551,50.774
600.931,560.655,57.580,50.910
600.264,560.934,56.858,50.669
599.799,560.305,56.070,50.601
599.930,560.198,55.424,50.575
599.873,560.150,54.780,50.477
600.426,559.525,55.020,50.553
601.260,559.834,54.143,50.011
601.668,558.192,53.397,50.081
602.286,556.392,52.863,50.165
601.679,554.020,52.631,50.439
601.024,551.452,52.441,50.380
600.761,549.405,52.318,50.291
601.301,547.339,52.122,49.986
601.678,546.819,51.781,49.542
601.704,545.316,51.895,49.592
601.868,544.482,51.984,49.404
603.001,542.921,51.901,49.433
602.037,541.860,51.360,49.231
602.699,539.963,51.464,49.548
602.276,538.528,51.860,49.666
601.961,537.024,51.926,49.536
602.178,535.111,51.241,49.670
602.601,534.374,50.482,49.640
602.459,533.186,50.073,49.541
603.710,532.705,49.639,49.352
603.056,532.192,49.586,49.239
602.609,531.750,49.591,49.174
601.674,532.114,49.755,49.177
602.608,532.109,49.808,49.236
601.860,531.314,50.197,49.428
600.482,530.729,50.457,49.523
600.051,531.453,50.446,49.667
600.095,530.103,50.581,49.613
598.928,529.155,51.118,49.737
599.364,529.424,51.214,49.708
599.306,527.353,51.688,49.696
598.414,526.941,51.954,49.567
598.599,525.181,52.062,49.875
597.277,523.805,52.337,49.706
598.087,521.736,52.650,49.903
597.235,519.798,52.483,49.841
596.390,519.112,51.888,49.815
596.662,517.813,51.742,49.961
597.010,516.768,51.665,50.233
596.792,517.072,51.730,50.190
595.747,516.753,51.478,49.753
595.578,517.036,51.041,49.409
595.813,516.776,50.856,49.468
596.745,516.644,50.893,49.378
593.636,516.781,51.418,49.683
594.110,515.128,51.304,49.604
593.501,514.396,50.788,49.875
593.622,514.028,50.434,49.709
593.859,513.318,49.992,49.646
594.270,513.585,48.945,49.123
594.375,514.149,48.561,48.966
593.854,514.655,47.877,48.813
594.133,515.370,47.548,48.379
592.331,517.058,46.850,48.329
592.357,518.384,46.682,48.021
592.871,520.472,46.534,47.423
593.327,522.568,46.366,46.938
593.263,525.099,46.375,46.842
594.109,527.363,46.531,46.849
595.250,529.527,46.461,46.702
595.540,530.890,46.043,46.864
596.202,533.166,45.851,46.667
596.506,534.657,45.858,46.488
596.827,535.599,45.561,46.440
596.368,536.872,45.530,46.264
597.168,538.420,45.695,45.972
597.974,539.071,46.232,46.091
598.931,539.401,46.486,46.164
599.772,540.874,46.430,46.199
600.648,540.550,46.176,46.151
599.737,542.720,46.532,46.291
600.667,542.109,46.869,46.439
599.266,543.182,46.930,46.203
601.345,542.788,47.428,46.419
601.332,543.544,47.580,46.398
602.531,543.269,47.637,46.455
601.990,542.985,47.545,46.525
603.056,543.105,47.681,46.345
603.055,543.022,47.101,46.142
604.069,542.940,47.929,46.208
605.110,541.970,48.611,46.254
604.127,540.753,49.539,46.537
603.329,538.549,49.685,46.518
602.506,537.967,50.361,46.636
600.884,535.963,50.740,46.559
601.081,533.917,50.810,46.603
601.136,532.967,50.950,46.793
599.954,532.417,50.624,46.784
600.397,530.858,50.673,46.902
600.302,530.010,51.208,47.103
598.399,529.134,51.453,47.036
599.411,529.238,51.721,47.031
599.717,527.359,52.201,47.185
597.904,526.314,52.183,47.194
597.552,526.946,52.876,47.014
597.868,525.976,54.115,47.383
597.244,524.487,54.714,47.494
596.382,524.364,55.721,47.728
595.517,522.851,56.518,47.902
593.938,522.013,57.255,48.082
593.619,522.217,57.750,48.276
593.257,521.339,58.086,48.671
593.910,520.013,57.765,48.715
592.978,520.270,58.280,49.088
593.667,518.792,58.305,49.526
593.274,517.701,58.267,49.689
592.428,516.833,58.074,49.511
591.784,516.342,57.865,49.523
592.059,516.105,58.171,49.492
592.082,514.797,58.181,49.448
591.294,514.771,58.239,49.540
589.844,513.435,58.641,49.551
589.683,512.048,58.679,49.407
589.006,511.335,58.990,49.590
587.478,511.616,59.409,49.705
587.724,509.844,59.562,49.893
587.437,509.758,60.436,50.065
586.138,509.542,60.874,50.164
586.311,508.452,60.907,50.246
586.144,507.822,61.137,50.271
585.547,507.088,60.824,50.075
585.685,506.810,60.930,50.114
585.414,506.327,60.990,49.999
585.375,506.259,61.317,50.003
585.320,506.325,61.777,50.128
584.291,507.006,61.644,50.023
586.107,507.159,61.734,49.897
585.842,507.475,61.925,49.659
584.440,508.923,62.327,49.636
586.064,509.260,62.331,49.692
585.803,510.407,62.258,49.756
586.080,512.336,62.011,49.494
586.455,514.278,61.700,49.232
587.494,515.273,61.644,49.313
586.263,517.847,62.126,48.792
585.765,519.968,62.387,48.429
586.440,522.325,62.586,48.089
586.138,523.854,63.192,48.380
586.167,524.755,62.679,48.760
586.031,526.784,62.702,48.778
586.340,527.173,62.260,48.948
585.210,528.088,60.882,48.708
584.912,529.334,59.479,48.562
584.859,530.295,57.919,48.471
584.869,531.547,57.352,48.248
585.946,532.626,56.599,48.236
584.823,533.269,55.648,48.110
583.652,533.966,54.418,48.091
585.309,533.999,53.319,47.877
583.959,534.630,52.432,48.079
581.737,533.967,51.857,48.045
580.007,533.556,53.105,47.822
580.038,533.397,53.183,47.334
576.277,533.430,53.247,47.538
576.384,533.106,52.445,47.639
576.539,531.429,51.082,47.911
575.440,532.449,50.199,47.874
575.357,531.090,48.772,48.140
573.059,530.504,48.434,48.260
571.991,529.852,48.270,48.252
571.311,529.457,49.264,48.648
571.287,528.661,49.577,48.173
568.726,528.383,50.656,47.942
567.185,528.286,51.209,48.528
566.054,527.539,52.211,48.802
565.325,527.291,52.945,49.065
564.425,525.685,55.652,49.106
561.898,525.385,57.909,48.993
560.871,525.409,59.979,48.897
560.101,525.654,61.918,49.050
559.327,525.491,63.228,49.062
559.775,525.055,63.897,48.862
558.957,524.942,64.360,49.034
560.674,523.393,65.840,48.168
559.947,523.730,66.859,48.030
559.232,523.947,67.595,48.342
560.406,524.050,68.660,48.284
562.186,522.083,69.777,47.537
559.675,522.735,70.064,47.650
560.682,522.582,70.330,47.980
562.133,521.959,70.245,48.318
558.848,519.389,70.020,48.395
557.712,519.016,69.255,48.786
558.254,518.146,68.442,49.513
559.174,517.065,67.956,50.122
559.141,516.221,67.656,50.706
558.759,514.738,67.253,51.354
559.512,513.664,67.127,52.029
559.910,512.706,67.042,52.301
559.724,512.799,67.209,52.389
560.452,511.564,66.918,52.612
560.409,510.089,66.464,52.735
559.420,509.547,65.973,52.596
558.515,508.841,65.422,52.336
556.915,509.052,63.807,52.256
560.159,509.326,62.809,52.160
562.479,508.537,62.587,51.833
559.427,508.229,61.549,51.124
562.762,507.687,61.338,50.840
560.637,507.568,60.737,50.462
560.809,507.267,60.047,50.509
562.558,505.336,59.903,49.732
563.262,505.348,60.203,49.564
563.581,505.327,60.598,49.500
563.704,504.421,60.792,49.512
562.983,504.537,60.862,49.515
564.347,503.824,60.603,49.298
564.394,503.869,60.256,49.420
565.448,504.360,59.827,49.605
566.834,503.578,59.758,49.607
566.875,503.621,59.620,49.660
566.986,503.674,59.921,49.615
567.803,503.223,59.777,49.581
568.246,502.695,59.732,49.478
567.870,502.411,59.624,49.294
569.174,501.619,58.902,49.420
569.213,499.676,58.321,49.596
569.948,499.602,57.815,49.852
570.349,499.145,57.167,49.622
570.680,498.442,56.563,49.581
571.439,498.368,56.027,49.533
572.333,497.859,55.490,49.572
573.066,497.677,55.221,49.606
573.866,496.882,55.090,49.681
574.264,497.160,54.983,49.436
574.270,497.538,55.049,49.421
575.043,496.760,54.653,49.505
574.684,496.987,54.169,49.324
574.893,496.430,53.486,49.397
576.311,496.467,53.346,49.534
575.414,496.805,53.146,49.627
575.305,496.911,52.888,49.547
576.128,497.217,52.936,49.766
575.669,498.639,52.957,49.685
576.446,498.572,53.003,49.100
576.298,498.971,52.884,48.810
576.444,500.408,52.751,48.568
577.019,501.528,52.626,48.368
576.983,501.909,52.471,47.877
577.110,503.424,52.239,47.531
578.396,504.515,51.477,47.117
579.989,505.750,50.448,46.756
579.964,507.726,50.100,46.691
581.073,508.883,49.265,46.440
582.124,510.477,48.539,46.532
582.530,512.575,47.888,46.185
585.625,513.126,46.809,46.060
588.482,513.342,45.380,45.888
589.032,514.196,44.556,45.921
590.047,514.339,43.909,46.051
590.474,514.174,43.372,46.033
590.800,513.890,42.943,46.168
591.507,513.357,42.927,46.254
590.244,513.863,43.169,46.493
590.568,514.174,43.237,46.606
590.349,514.664,43.404,46.760
588.376,514.504,43.733,47.170
588.677,514.176,43.606,47.212
588.758,514.069,43.506,47.267
586.680,513.859,43.997,47.489
586.619,514.681,44.140,47.672
586.742,514.558,44.296,47.873
585.352,514.893,44.512,48.062
585.121,514.945,44.625,47.992
585.113,514.975,44.812,47.965
584.592,514.882,44.903,47.866
584.317,514.901,44.623,47.732
584.238,514.894,44.075,47.466
584.195,514.557,43.877,47.398
583.826,514.644,43.597,47.415
584.273,514.186,43.251,47.407
584.619,514.246,42.678,47.347
584.894,514.169,42.449,47.186
585.252,514.228,42.081,46.989
585.605,514.343,41.792,47.085
584.471,513.684,42.178,47.006
584.846,513.108,42.101,46.813
583.985,512.340,42.178,46.790
583.591,511.829,42.164,46.747
584.415,511.220,41.910,46.741
583.797,511.164,42.053,46.853
582.406,510.950,42.257,46.932
582.721,510.970,41.840,46.840
582.555,511.300,41.528,47.016
582.002,511.085,41.431,47.157
581.632,510.439,41.335,46.921
581.473,509.632,41.232,46.825
580.959,508.703,41.217,46.752
580.406,507.935,41.182,46.698
579.861,507.579,41.085,46.620
580.203,507.419,40.617,46.607
581.455,507.653,39.947,46.774
580.927,508.297,40.027,46.929
581.032,508.511,39.917,46.884
580.273,508.455,40.214,46.681
580.335,507.483,40.007,46.412
579.624,507.305,39.914,46.323
580.415,507.241,39.099,46.250
580.814,507.976,38.559,46.098
581.894,506.791,37.998,45.811
