244.000,108.000,53.000,43.000
243.651,107.022,52.399,43.996
243.118,107.012,52.298,44.790
242.842,107.316,52.549,45.729
242.516,107.194,53.280,46.391
241.994,107.383,53.750,47.099
241.785,107.452,54.103,47.737
241.306,107.460,54.290,47.818
240.641,107.655,54.408,48.087
239.757,107.262,54.446,48.650
239.017,106.915,54.361,49.070
238.650,106.882,54.406,49.691
238.235,106.714,54.861,50.252
238.326,106.155,55.052,50.869
237.605,106.196,55.338,51.292
237.062,106.209,55.520,51.539
236.937,106.131,55.651,51.576
237.295,105.328,56.166,51.593
237.572,103.892,56.796,52.098
237.293,103.199,57.341,52.707
237.547,103.584,58.228,52.474
237.939,102.745,58.791,52.235
238.411,102.094,59.109,52.207
239.215,102.710,59.679,51.707
239.747,101.308,59.894,51.803
239.993,100.440,60.330,52.427
240.333,98.808,60.734,53.151
240.971,95.668,60.876,54.910
241.165,94.108,61.432,56.685
241.518,92.538,61.798,57.484
242.780,93.714,62.258,56.644
242.959,92.545,62.531,56.115
243.566,90.617,62.865,56.512
244.203,89.253,63.316,57.044
244.607,88.451,63.984,57.771
245.433,86.801,64.444,58.321
246.266,85.782,64.672,58.965
246.535,84.565,64.883,59.620
246.670,84.895,65.360,59.764
246.550,84.244,66.052,59.656
246.836,83.462,66.571,60.025
246.482,83.722,67.027,60.326
246.351,83.293,67.420,60.461
246.006,83.336,67.496,60.702
245.673,83.081,67.588,61.426
245.204,82.167,67.770,62.724
244.637,81.345,68.207,64.434
244.564,81.788,68.356,64.821
244.427,82.814,67.940,64.583
244.123,83.737,67.518,64.486
244.674,85.354,67.381,64.015
244.589,86.056,66.931,63.692
244.540,85.435,66.823,64.495
245.329,86.489,66.704,64.542
245.341,86.566,66.600,65.240
245.810,89.629,66.429,64.397
246.030,90.854,66.125,63.849
246.441,91.691,65.720,63.617
247.351,91.468,65.768,64.279
248.142,90.903,66.161,65.030
248.766,91.773,66.131,65.009
249.149,92.598,65.766,65.112
249.416,93.261,65.600,65.111
249.811,93.809,65.584,65.368
250.439,94.204,65.358,65.110
250.810,94.597,65.299,65.239
251.243,95.325,65.025,65.537
251.858,96.391,64.685,65.472
252.192,98.377,64.489,64.486
252.333,99.610,64.283,63.852
253.030,100.380,63.869,63.771
253.795,100.757,63.368,63.717
254.602,101.128,63.141,63.929
255.103,100.647,62.990,64.447
254.973,102.549,62.761,64.153
255.661,105.108,62.474,62.710
256.101,107.332,62.325,61.334
256.255,108.089,62.034,60.408
257.133,108.580,61.756,60.260
257.022,108.529,61.832,60.772
257.444,107.411,61.518,61.234
257.323,107.780,61.378,61.745
257.510,106.862,61.462,62.563
257.612,108.390,61.432,62.443
257.500,106.938,61.801,63.567
257.340,107.031,61.763,64.204
257.184,107.872,61.621,64.474
257.549,108.800,61.431,64.359
256.950,109.311,61.607,64.627
255.687,109.922,61.152,64.831
254.854,109.081,61.829,65.530
254.446,109.011,62.180,65.460
253.567,109.579,62.253,65.106
252.807,110.124,62.047,65.195
252.317,110.009,61.813,65.387
250.734,111.072,61.617,65.304
250.613,111.195,61.348,64.956
250.008,111.843,60.637,65.120
249.485,112.599,60.538,64.579
249.319,113.092,60.554,64.324
248.660,113.020,60.873,64.005
247.829,113.481,61.333,63.898
247.540,113.532,62.432,63.779
246.141,113.764,63.156,63.444
244.355,114.256,63.167,63.180
243.001,114.012,63.632,62.906
241.141,114.112,63.693,63.125
239.301,114.129,63.914,62.935
238.226,113.738,63.987,63.262
236.286,113.635,63.939,63.271
234.329,113.704,64.369,63.291
232.025,114.192,64.163,62.861
229.963,114.257,64.510,62.809
227.465,115.037,64.520,62.796
225.228,115.329,64.675,62.930
222.687,116.453,65.089,62.968
219.994,116.471,65.374,62.788
216.771,117.884,65.812,62.920
214.395,118.081,66.531,62.945
211.757,118.419,67.086,63.010
208.069,118.582,67.808,62.883
205.320,119.212,68.319,62.958
202.014,119.969,68.943,63.145
198.869,120.850,69.559,62.901
196.341,121.678,70.205,62.346
193.890,121.839,71.064,62.166
191.030,122.092,71.820,62.218
188.169,122.703,72.384,61.928
184.847,123.345,73.240,61.934
181.359,123.474,73.960,61.758
178.708,124.167,74.849,61.650
175.143,124.385,75.797,61.340
171.728,124.685,76.454,60.889
168.557,124.617,77.067,60.679
165.127,125.716,77.641,60.216
162.080,126.072,77.697,59.952
159.040,126.037,77.816,60.369
155.392,126.585,78.440,60.435
152.326,126.749,79.538,60.567
149.182,127.213,80.609,60.328
145.207,127.069,81.572,60.361
142.725,127.956,82.099,59.529
140.207,128.527,82.264,58.936
137.222,129.993,82.769,57.699
134.122,130.514,83.124,57.194
131.250,131.643,83.526,56.439
128.313,132.129,83.811,56.031
125.664,133.138,84.578,55.419
122.957,134.273,84.978,54.807
120.364,134.641,85.289,54.772
117.902,135.133,85.757,54.598
115.160,135.916,86.137,54.165
112.252,135.442,86.429,54.626
110.270,133.583,86.252,55.767
108.099,133.222,85.895,56.072
106.352,134.010,86.178,56.031
104.871,135.217,86.682,55.881
103.441,136.047,87.114,55.690
102.715,136.170,87.668,55.629
102.430,139.077,88.432,53.956
103.178,137.642,89.344,54.019
103.516,140.518,90.562,53.053
105.821,140.842,90.852,52.564
109.310,140.346,90.708,52.709
111.893,141.222,91.091,52.042
113.595,141.379,91.618,51.288
115.757,140.806,92.333,51.190
118.311,140.503,92.792,51.171
120.061,141.106,93.146,50.524
122.010,140.840,93.760,50.697
124.534,140.068,94.414,51.566
125.398,138.789,94.979,52.167
127.619,138.005,95.355,52.545
129.262,136.854,95.756,53.965
129.979,136.230,94.857,54.467
130.793,136.172,94.141,54.192
132.006,135.673,93.944,54.134
132.755,135.360,93.145,55.175
133.049,134.950,93.798,55.662
132.729,134.671,94.901,55.596
131.679,133.810,96.057,55.532
131.414,133.026,96.884,55.465
131.599,132.403,97.976,55.006
131.521,130.899,98.272,54.710
131.921,129.241,98.455,54.209
132.641,127.680,98.851,53.476
133.411,126.157,99.127,53.586
134.008,123.598,99.361,54.429
134.075,121.928,99.235,54.899
135.109,119.196,98.750,55.643
135.939,116.216,98.673,56.215
135.876,113.641,98.407,56.469
137.241,111.128,97.810,56.603
138.488,108.978,97.640,56.792
139.345,106.444,96.620,56.930
139.459,103.633,96.502,57.176
139.677,102.210,96.736,56.855
139.796,100.874,96.959,56.677
139.799,99.896,96.472,56.223
140.350,99.171,95.955,55.729
139.962,99.944,96.012,54.823
141.170,100.272,95.959,54.228
141.679,100.917,95.680,53.611
142.800,101.473,95.208,53.027
143.569,102.200,94.565,53.223
143.529,103.829,94.622,53.096
145.110,104.902,94.506,52.698
144.717,106.096,93.761,52.160
145.150,107.618,93.265,51.644
146.769,109.192,92.435,51.142
147.490,110.865,92.666,50.973
149.063,111.344,92.028,51.246
151.033,112.291,91.225,51.831
153.100,113.910,90.622,51.946
155.442,115.633,90.114,52.149
158.696,117.346,89.295,52.498
160.659,118.198,88.851,52.195
164.041,119.268,87.872,51.394
167.934,120.257,86.572,50.841
171.357,120.959,85.001,50.409
174.525,121.308,84.466,50.551
178.372,122.597,84.035,51.112
181.896,123.548,83.313,51.582
185.056,124.794,82.591,51.664
188.858,125.395,82.251,51.514
190.910,126.704,81.913,51.165
194.195,128.594,80.810,49.919
197.613,130.229,79.585,48.678
200.577,131.547,78.369,48.038
202.911,132.423,78.007,47.922
205.616,133.201,76.886,47.545
207.671,134.262,76.801,47.092
209.397,134.712,76.819,47.185
211.473,136.035,76.284,46.766
213.057,137.093,75.576,46.406
214.099,137.704,74.718,46.181
215.518,139.007,73.743,46.177
217.008,140.177,72.790,45.456
217.571,141.181,72.407,45.062
217.836,142.283,71.794,44.869
218.923,143.131,71.185,44.934
219.613,143.845,70.665,44.787
219.845,145.273,70.206,44.056
220.537,145.997,69.374,43.517
220.552,146.685,68.859,42.979
220.579,147.757,68.789,42.652
220.196,148.489,69.471,42.173
219.664,148.953,69.812,41.978
218.833,149.298,69.236,41.610
218.928,149.411,69.093,41.341
218.049,149.893,68.938,41.175
217.278,149.891,68.407,40.815
216.848,149.840,67.454,40.325
215.521,150.400,66.322,39.696
214.500,150.312,65.326,39.015
213.524,150.348,64.325,38.443
212.213,150.514,63.589,37.970
210.972,150.849,63.301,37.380
209.653,150.503,62.834,37.313
208.073,150.935,62.560,36.887
206.709,150.646,61.715,36.754
205.850,150.694,60.960,36.456
204.246,150.688,60.450,36.106
202.618,150.124,59.971,36.048
201.179,150.507,59.905,35.881
200.638,150.517,59.194,35.284
200.591,150.038,58.355,34.550
199.655,149.522,57.639,34.045
198.877,149.237,56.997,33.635
198.332,148.590,56.639,33.033
197.341,148.297,56.209,32.908
196.468,147.712,55.805,32.687
195.432,147.060,55.563,32.055
195.087,147.208,55.126,31.779
193.606,147.009,55.334,31.347
192.737,146.408,55.478,31.044
191.082,146.212,55.570,30.738
190.588,145.763,55.250,30.843
189.409,144.987,54.650,31.086
188.023,144.260,53.839,30.847
187.489,143.756,53.612,31.074
186.090,143.203,53.748,30.992
185.897,142.910,54.293,30.902
185.242,142.558,54.221,31.261
184.736,142.127,54.212,31.635
183.355,141.592,54.689,32.182
182.952,141.220,54.875,32.540
182.835,141.107,55.162,32.716
182.496,140.993,55.286,32.901
181.925,140.414,55.066,33.204
181.952,139.976,54.585,33.362
181.835,139.317,53.839,33.567
181.370,138.861,53.008,33.742
181.254,138.493,52.626,33.774
180.618,137.805,52.749,33.983
180.026,137.505,53.176,34.473
179.013,138.524,53.796,34.073
178.471,138.640,53.906,33.962
177.974,139.016,54.132,33.657
177.275,138.974,54.405,33.752
177.437,138.784,53.880,33.882
177.219,138.857,53.893,33.976
177.025,139.194,53.893,33.780
176.295,139.353,54.037,33.784
175.760,139.466,54.531,33.920
175.162,139.447,54.778,34.130
174.602,139.091,55.257,34.600
173.981,138.614,55.754,35.194
173.465,138.078,56.037,35.801
173.077,137.816,56.203,36.193
172.740,137.633,56.775,36.766
172.593,138.670,57.448,36.587
172.222,138.948,57.948,36.645
171.844,139.457,58.416,36.733
171.442,139.374,58.880,37.080
171.694,139.555,60.015,37.332
171.062,139.577,60.370,37.668
171.222,138.955,60.055,38.330
171.511,138.302,59.850,39.011
172.475,137.679,59.269,39.712
172.886,136.894,58.643,40.718
174.185,136.657,58.235,41.366
174.137,136.734,57.598,41.804
175.042,136.533,57.166,42.398
175.788,136.743,56.861,43.148
176.006,137.676,56.260,43.676
175.969,138.231,55.851,44.426
176.604,138.917,55.481,45.174
176.889,139.280,54.926,45.915
177.973,140.439,54.094,46.618
177.933,140.994,53.568,47.521
179.181,141.557,52.778,48.302
180.268,142.031,51.694,49.207
181.194,143.313,50.837,50.134
182.362,143.347,49.920,50.894
182.674,144.548,49.353,51.661
183.297,144.845,48.727,52.508
183.860,146.195,48.222,53.244
185.013,146.843,47.236,53.606
185.623,146.875,46.678,54.405
186.734,146.043,46.275,55.162
187.548,146.113,46.806,55.725
189.070,146.244,46.739,56.608
190.755,146.272,46.967,57.290
191.689,145.796,48.464,58.843
193.306,147.617,49.930,59.748
194.152,149.218,51.799,60.090
194.678,148.134,53.957,60.920
194.575,144.507,56.565,63.082
194.649,144.767,58.987,63.521
194.733,144.100,61.750,64.284
195.140,143.863,64.163,64.735
195.590,141.504,66.591,65.142
195.624,141.761,69.057,65.075
195.584,141.363,71.638,63.912
195.384,140.252,74.065,63.357
195.303,138.437,76.104,63.714
195.403,138.029,77.917,63.371
195.569,136.375,79.716,63.428
195.780,137.680,81.737,62.110
196.724,139.020,83.804,60.819
197.613,138.324,85.359,60.290
198.781,137.828,86.505,59.595
199.928,138.014,87.477,58.601
200.721,137.933,88.492,58.078
202.003,136.942,89.321,57.951
202.686,136.589,90.109,57.456
204.210,136.074,90.788,56.638
203.889,134.773,91.889,56.636
204.658,134.696,92.318,56.158
205.872,134.787,92.676,55.425
206.020,134.061,93.731,55.131
207.032,134.487,94.217,54.818
209.242,135.520,94.930,54.061
210.338,135.374,95.164,53.854
213.975,135.501,95.009,53.980
216.094,137.199,96.386,53.346
216.381,138.659,97.646,52.967
217.687,138.701,97.026,53.152
219.632,139.768,96.264,53.349
222.747,140.896,95.665,53.256
225.384,142.437,94.848,52.768
227.888,142.861,94.728,53.183
229.148,141.608,93.798,54.653
231.495,142.066,93.582,55.505
233.873,143.983,94.082,55.412
236.099,147.038,94.457,54.505
236.883,148.136,95.299,54.313
239.759,148.736,95.903,54.953
241.929,148.407,96.483,56.145
242.984,146.640,96.758,57.453
247.475,146.941,96.561,59.156
248.967,147.488,96.371,60.172
250.841,148.189,96.737,60.981
251.917,148.133,97.544,61.223
254.559,147.751,97.709,61.059
257.635,148.393,97.409,60.622
259.695,148.736,97.263,59.732
261.272,149.302,96.747,58.334
263.213,151.087,96.256,58.159
264.053,151.137,95.978,58.498
265.068,151.867,96.024,59.380
266.249,152.548,96.510,61.155
266.579,152.429,96.604,63.010
266.855,151.817,96.452,64.542
267.123,150.076,96.359,64.383
267.636,149.508,96.092,63.418
268.337,149.969,95.158,62.183
269.457,150.128,94.250,61.384
270.212,149.984,93.598,60.668
270.344,150.899,93.213,60.459
269.562,151.552,92.889,60.079
269.868,152.166,91.437,60.004
271.210,153.033,89.456,60.251
272.533,153.521,86.699,60.882
273.053,153.533,84.642,62.758
274.324,153.445,81.355,63.060
276.320,152.768,77.518,62.406
276.964,152.821,74.438,61.952
277.396,153.425,72.334,62.209
280.774,153.855,69.403,63.643
283.211,153.957,67.311,64.688
285.357,153.159,65.174,64.422
286.600,152.378,63.294,64.103
287.629,151.560,61.901,63.373
289.851,151.762,60.690,63.812
286.917,150.670,61.293,64.595
286.563,148.554,61.491,64.950
286.812,148.003,61.883,65.082
285.797,146.413,62.738,66.181
284.804,144.643,63.944,66.921
284.432,142.283,65.029,67.339
283.508,139.798,66.690,67.103
281.840,135.808,68.451,64.550
280.426,135.544,70.504,63.407
280.210,130.806,71.622,59.946
278.887,129.680,73.560,57.139
277.190,128.173,75.688,55.880
275.755,127.585,77.744,55.476
274.208,125.844,79.286,56.318
271.829,123.984,81.508,57.027
270.545,122.910,83.423,57.641
268.579,121.869,85.236,59.396
266.439,120.098,86.734,61.167
264.757,118.328,88.243,63.035
261.988,116.517,89.908,64.691
260.087,114.847,92.151,66.220
257.490,112.630,95.143,66.900
254.595,111.551,97.439,67.258
251.475,110.865,99.322,67.357
249.466,110.387,101.874,68.363
246.545,108.868,104.445,69.468
244.167,107.841,106.723,69.961
241.635,107.252,108.853,70.145
239.153,107.091,110.493,70.327
236.559,106.611,112.400,70.630
234.062,106.026,114.118,71.560
231.224,105.479,115.880,71.829
228.289,105.200,117.591,72.064
225.899,104.447,118.113,72.023
223.458,104.217,119.519,72.561
220.041,104.044,120.840,72.723
217.629,103.194,120.781,72.940
215.199,102.723,121.123,73.100
212.674,101.319,121.520,73.447
209.501,99.223,122.510,73.405
206.786,98.066,122.768,73.798
203.522,96.837,123.409,74.205
200.367,95.201,124.313,74.548
197.268,94.225,125.424,74.245
193.602,93.394,126.446,73.612
190.237,92.486,127.235,73.286
186.421,91.726,127.911,72.766
183.708,90.999,128.386,72.485
180.422,89.588,128.618,71.867
176.767,87.605,129.145,71.456
174.145,85.523,129.258,71.335
170.792,82.995,129.513,71.153
167.789,80.195,129.974,71.054
164.037,77.818,129.571,70.941
162.266,76.229,128.690,70.990
159.617,73.807,128.122,71.127
157.872,72.107,127.379,71.268
154.343,70.803,127.314,71.248
150.902,69.175,127.191,71.076
147.438,67.840,127.476,70.760
144.255,66.540,127.646,70.375
141.874,65.192,127.550,70.176
139.736,64.353,126.950,69.489
137.959,64.101,126.266,69.243
134.756,63.276,126.872,68.604
132.066,62.193,127.316,68.065
129.023,60.907,127.672,68.048
127.671,61.043,127.479,67.669
126.695,60.960,127.111,67.627
126.393,60.961,126.020,67.585
125.446,60.205,124.925,67.957
125.483,59.426,123.015,68.282
126.700,59.240,120.449,68.080
127.897,59.135,117.753,67.760
129.527,59.641,115.005,67.335
130.715,60.010,112.204,66.854
131.270,60.747,109.682,66.114
132.270,61.079,106.453,65.449
135.365,61.361,102.766,64.698
135.624,61.616,99.746,64.110
137.515,62.192,97.076,63.730
138.776,62.805,94.464,63.311
141.648,63.653,92.051,62.753
143.846,64.388,89.454,62.197
144.733,65.329,86.772,61.413
146.788,66.308,84.077,60.551
147.475,67.641,81.877,59.640
148.840,68.288,79.694,58.723
150.876,68.878,77.180,57.906
146.952,71.029,77.380,56.752
143.942,72.247,78.421,56.032
145.271,72.909,77.386,55.651
137.494,73.572,80.728,55.135
140.857,73.353,79.293,54.934
134.979,73.746,81.691,55.201
127.197,75.694,85.440,56.598
122.791,77.420,87.480,58.221
120.254,78.830,88.797,60.321
118.612,78.709,89.847,62.497
117.256,78.429,90.514,64.866
116.007,78.366,90.787,66.496
114.367,79.269,89.938,67.482
113.767,78.403,88.743,68.641
113.731,78.192,87.369,69.497
112.778,77.943,86.051,70.726
112.381,78.125,84.227,71.746
112.192,79.392,82.753,71.480
112.438,79.122,81.237,71.517
112.318,79.343,80.145,71.350
112.295,79.151,79.249,71.501
112.779,77.773,78.026,72.107
112.824,78.104,77.077,72.340
112.658,77.387,76.032,72.282
113.163,78.461,74.894,71.822
114.509,78.944,73.352,71.117
116.122,79.497,71.715,70.445
116.886,79.242,70.654,70.104
117.457,79.055,69.298,70.152
118.140,78.101,68.236,70.615
119.549,77.578,66.878,71.137
119.783,77.454,64.812,71.351
121.663,77.476,63.117,71.076
122.832,76.617,61.250,71.381
124.537,76.537,59.673,71.105
126.087,76.758,57.738,70.795
127.492,77.011,56.606,70.715
128.798,76.290,55.249,70.403
130.551,75.624,54.125,70.491
131.998,76.562,53.629,70.518
133.678,78.378,53.446,70.814
135.242,78.995,53.833,70.751
136.524,80.241,54.232,70.778
137.513,80.654,54.796,70.955
138.357,82.168,55.646,71.529
138.665,82.519,56.679,72.373
139.153,85.589,57.644,72.351
139.595,86.368,58.644,72.239
140.196,87.993,59.724,71.859
141.332,89.123,60.626,71.991
141.673,91.782,61.948,71.789
142.967,93.932,63.297,71.751
143.844,94.235,64.232,71.917
144.930,94.457,65.275,73.008
146.085,96.229,66.415,73.060
149.372,102.027,66.878,71.076
150.348,103.516,67.479,70.390
151.499,105.555,67.883,69.552
152.774,106.900,68.192,69.068
153.915,108.612,68.685,68.631
155.261,109.988,68.799,68.532
156.390,111.522,68.932,68.379
157.374,113.068,68.664,68.008
158.755,114.268,68.488,68.105
159.910,115.044,68.507,68.270
160.987,115.465,67.931,68.491
161.812,115.797,67.443,68.714
162.450,116.341,66.594,69.045
163.477,116.968,65.895,69.077
163.628,115.832,65.251,69.912
163.810,115.437,64.555,70.772
164.651,114.051,63.485,71.772
165.057,112.214,62.476,72.575
165.049,112.225,61.986,73.257
165.322,111.748,61.741,73.481
165.407,110.694,61.476,73.614
166.241,110.617,60.487,73.649
166.509,110.085,59.860,73.433
166.897,109.839,58.883,73.110
166.827,108.298,58.521,73.463
165.634,106.622,58.128,74.136
164.159,105.605,58.254,74.591
162.758,104.359,58.197,75.341
161.426,103.164,58.974,76.262
159.385,102.277,59.918,77.141
157.214,104.190,60.640,76.595
154.917,103.670,61.707,77.121
152.597,103.365,63.036,77.132
150.942,102.878,65.159,77.242
147.503,102.112,66.618,77.584
145.306,101.310,68.395,78.110
142.621,99.831,69.846,78.857
140.536,98.775,71.322,79.347
137.456,98.066,72.931,79.857
135.057,97.135,74.167,80.219
133.200,97.147,76.248,80.061
129.852,97.112,79.398,79.510
126.729,96.151,82.310,79.632
123.673,94.578,84.163,80.314
121.085,93.781,85.637,81.240
119.496,95.463,86.780,80.321
116.604,96.878,87.523,79.437
112.563,96.717,89.442,79.504
108.358,99.505,91.544,78.346
106.298,100.918,92.299,76.997
103.875,101.727,93.857,76.342
101.385,101.403,95.237,75.910
98.771,101.974,95.921,74.900
96.127,101.851,95.612,74.474
94.252,102.582,95.707,73.521
91.868,103.686,96.138,72.849
88.932,103.010,97.015,73.530
85.398,102.924,97.788,73.375
82.044,103.574,98.765,72.920
76.985,104.316,100.108,72.213
73.747,103.740,101.585,72.154
70.612,103.814,102.303,71.831
67.626,102.781,102.726,72.206
64.850,103.279,103.173,71.698
62.357,103.552,102.949,71.300
59.368,103.436,103.114,71.063
55.768,104.171,103.769,70.264
52.699,104.732,104.503,69.713
48.888,105.250,105.274,69.130
45.646,104.490,105.418,69.345
42.955,104.745,105.608,69.403
39.863,105.590,105.520,68.940
36.891,106.778,105.973,67.977
33.841,106.834,105.787,67.392
30.660,106.415,105.679,67.045
28.553,105.432,104.640,66.934
25.327,105.012,103.555,66.437
22.452,105.087,103.009,65.649
20.610,104.988,102.620,64.940
17.891,104.993,102.385,64.195
15.514,104.229,102.996,63.579
12.703,103.058,103.182,62.925
12.225,101.174,103.049,62.642
12.308,99.109,103.170,62.433
11.805,96.898,102.803,62.741
12.178,94.144,102.196,62.904
12.919,92.028,102.963,62.183
12.913,90.641,102.949,61.892
13.953,89.051,103.494,61.441
14.692,87.054,104.154,60.934
15.764,86.143,103.861,60.468
17.400,84.864,102.769,59.781
18.961,83.858,101.899,59.978
20.491,82.852,100.691,60.094
22.068,82.143,99.269,59.845
23.867,81.795,97.666,60.029
25.537,81.776,96.138,59.913
27.444,81.429,94.524,60.044
29.572,81.341,92.800,60.373
31.245,81.017,90.730,60.846
33.670,81.005,88.489,60.597
35.802,81.503,86.735,60.093
39.013,81.488,84.628,59.997
41.780,82.177,82.614,59.803
45.108,82.792,80.166,59.350
48.324,83.465,77.663,59.052
52.053,83.971,75.172,58.842
55.890,84.755,72.523,58.819
59.384,85.139,69.763,58.849
63.424,85.702,67.245,58.810
67.826,86.076,65.291,59.076
71.555,86.273,62.978,59.132
75.707,86.711,60.634,58.992
79.901,87.207,58.404,58.416
84.316,88.071,56.025,57.712
87.984,89.621,53.800,57.397
92.997,90.888,51.648,56.402
97.328,91.253,50.187,55.627
102.207,92.378,50.818,55.169
105.999,92.923,49.984,54.363
111.965,93.292,52.271,54.308
114.603,93.672,53.570,54.032
117.237,94.399,55.186,54.104
120.144,93.963,56.936,53.698
122.808,94.208,59.063,53.642
126.180,94.029,60.326,53.439
128.086,93.937,61.888,53.368
131.070,94.023,62.800,53.473
134.688,93.884,62.655,53.205
137.514,93.717,63.811,52.890
140.170,93.714,65.259,52.798
142.674,93.781,66.663,52.441
145.933,93.673,67.355,52.266
148.819,93.767,68.048,51.769
152.975,94.120,68.469,50.868
156.968,93.516,68.964,50.657
160.041,93.764,69.302,50.066
163.659,94.342,70.035,49.341
167.313,94.212,70.651,48.769
171.004,94.366,71.846,48.222
174.767,94.525,72.789,47.824
178.189,94.896,73.892,47.299
182.172,94.991,74.862,46.579
186.033,95.395,75.750,45.598
189.911,96.052,76.406,44.771
193.737,96.229,77.050,44.100
198.739,96.127,77.208,43.582
203.552,95.900,77.121,43.244
208.157,96.125,76.748,42.808
212.702,96.366,76.605,42.546
216.972,97.221,77.347,42.037
221.981,97.514,77.253,41.569
227.365,97.699,77.470,41.111
231.788,97.922,77.807,40.890
237.560,98.271,78.278,40.257
242.614,97.759,78.476,39.990
247.770,97.966,78.226,39.780
253.176,98.100,78.386,39.465
257.738,98.196,78.555,39.117
263.654,98.232,77.811,38.872
268.241,98.389,77.785,38.739
273.807,98.713,77.896,38.745
277.998,98.506,78.082,38.933
282.394,96.964,78.261,39.675
285.553,97.184,78.698,40.104
290.097,95.833,79.379,40.941
293.349,96.748,80.037,41.386
297.577,95.556,80.802,42.302
301.482,95.701,80.382,42.980
305.628,96.027,79.285,42.934
309.065,96.198,77.880,43.351
312.353,96.695,77.248,43.442
315.095,97.753,77.059,43.171
315.811,96.222,77.704,44.222
315.510,95.186,78.809,45.432
316.848,95.724,80.536,45.791
318.643,96.668,80.430,45.726
319.880,95.580,80.425,46.437
320.209,95.138,80.452,47.028
320.985,94.986,79.589,47.090
322.552,94.428,78.548,47.572
323.363,93.943,77.559,47.803
324.162,93.681,76.786,47.853
