10.000,73.000,137.000,66.000
11.840,73.212,135.081,67.063
14.634,74.675,132.832,67.287
19.199,74.879,131.801,67.380
23.212,76.277,129.069,66.793
27.176,77.412,127.342,65.785
31.271,78.722,125.568,64.810
34.866,80.688,123.704,64.423
38.393,80.818,121.991,64.156
41.276,82.400,120.078,63.912
44.868,84.035,118.720,63.613
48.677,85.128,116.504,63.354
52.094,86.456,114.383,62.750
55.922,87.855,111.400,62.743
60.024,89.335,108.876,62.705
63.735,90.463,107.127,62.885
66.764,91.486,105.544,62.735
69.714,92.613,104.075,62.581
72.616,93.253,102.263,61.381
75.643,94.311,101.040,60.324
78.342,95.661,99.503,58.800
81.220,97.813,97.907,57.171
84.254,98.954,96.662,56.531
87.407,99.777,95.531,56.092
89.145,100.402,94.593,55.704
89.860,101.077,93.825,55.490
91.239,101.600,93.713,55.451
92.334,101.238,93.518,55.004
93.092,101.713,93.578,55.003
93.979,102.027,93.981,55.131
95.684,102.325,95.087,55.149
96.155,102.527,95.988,55.167
97.120,102.882,97.118,55.191
97.205,102.669,98.036,55.095
98.082,102.836,98.976,55.143
98.431,103.047,99.519,55.193
99.898,103.207,99.682,55.183
99.980,103.359,99.469,55.468
100.195,103.363,99.345,55.518
100.785,103.778,99.079,55.619
101.776,104.568,99.545,56.106
101.958,105.074,99.956,56.227
102.710,104.701,100.128,55.446
103.226,104.963,99.866,54.886
104.348,105.244,99.196,54.258
105.617,105.228,98.479,53.499
106.584,105.380,97.732,53.200
107.476,105.573,97.407,53.069
108.373,105.810,97.413,52.931
109.155,106.413,97.342,52.934
109.940,106.343,97.369,52.759
110.544,106.411,97.232,52.609
111.282,106.638,97.303,52.346
111.789,106.252,97.138,51.880
113.010,106.390,97.137,51.600
113.928,107.376,97.157,51.833
114.861,106.451,97.043,51.272
115.769,107.096,96.998,51.129
116.642,105.889,96.770,50.222
117.452,106.245,96.821,50.399
118.618,106.611,97.794,51.398
118.654,106.497,98.752,52.201
119.140,106.086,99.601,52.855
119.767,105.710,100.447,53.090
119.755,105.367,100.684,53.285
120.440,105.110,100.787,53.518
120.943,104.919,100.788,53.710
121.367,104.883,100.831,53.953
121.666,104.907,101.038,54.134
121.770,104.707,101.472,53.985
121.830,104.665,101.763,53.520
122.688,104.758,102.054,53.267
123.737,104.669,101.959,52.774
124.039,104.350,101.296,52.268
124.785,104.565,100.471,51.784
125.407,105.508,100.276,51.800
125.906,105.352,100.125,51.870
126.401,105.425,99.985,52.014
126.729,105.089,99.592,51.869
127.525,105.181,99.310,51.741
127.873,105.459,99.193,51.600
128.402,105.570,99.260,51.568
129.085,105.639,99.766,51.372
129.397,105.517,100.522,51.430
129.698,105.599,100.624,51.291
130.215,106.106,100.717,51.209
130.360,106.077,100.751,51.467
130.647,105.578,100.616,51.440
131.183,106.115,100.492,51.405
131.803,106.088,100.144,51.478
132.327,106.026,99.972,51.587
133.083,106.394,99.841,51.628
133.352,106.037,99.335,51.362
134.148,106.262,99.198,51.436
135.070,106.803,98.992,51.797
135.152,106.518,98.474,51.949
135.983,106.488,97.984,51.999
136.578,106.781,97.594,52.655
137.115,105.797,97.123,52.263
137.904,106.663,96.634,52.715
138.420,106.271,96.173,52.831
139.085,106.401,95.960,53.140
139.692,106.179,95.789,53.360
140.114,105.917,95.728,53.495
140.402,105.821,95.708,53.700
140.691,105.888,95.559,53.938
140.842,105.887,95.258,54.104
141.190,105.516,95.047,54.116
141.382,105.477,94.878,54.118
141.569,105.689,94.978,54.418
141.679,105.671,95.021,54.498
141.783,105.438,94.914,54.400
141.881,105.643,94.879,54.421
142.261,105.500,94.738,54.402
142.508,105.282,94.414,53.974
142.926,105.755,94.343,54.084
143.301,105.201,94.173,53.599
143.834,105.711,94.542,53.931
144.117,105.701,94.551,54.061
144.397,105.742,94.668,54.242
145.058,106.480,95.030,54.827
145.371,107.055,95.353,55.605
145.257,106.306,95.470,55.096
145.172,106.807,95.615,55.696
145.062,106.253,95.612,55.403
145.224,105.320,95.570,54.630
145.316,105.491,95.677,54.510
145.314,105.351,95.742,54.336
145.413,105.834,95.722,54.596
145.594,105.630,95.716,54.723
145.707,106.099,95.478,55.362
145.982,106.393,95.282,55.902
146.136,106.487,95.395,56.376
146.324,105.999,95.709,56.435
146.503,106.137,95.856,56.681
146.660,106.323,96.190,56.974
146.854,105.822,96.648,56.667
147.094,106.277,96.875,56.853
147.156,106.251,97.174,56.739
147.260,106.099,97.407,56.729
147.054,106.066,97.160,56.686
147.336,106.252,96.983,56.696
147.583,106.621,97.001,56.873
147.562,106.596,97.232,57.082
147.691,106.150,97.203,56.789
147.819,106.352,96.691,56.852
148.400,106.585,96.157,56.975
148.902,106.478,95.992,56.963
149.232,106.657,95.509,56.994
149.748,106.434,95.218,56.755
150.242,106.947,94.738,56.721
150.788,106.540,94.335,56.455
151.249,107.298,93.622,56.757
151.695,106.883,93.187,56.537
152.043,107.016,92.785,56.379
152.104,107.084,92.546,56.160
152.674,107.214,92.361,56.045
153.007,107.443,91.985,56.110
153.428,107.186,91.777,55.910
153.974,107.056,91.752,55.582
154.557,107.195,91.823,55.505
155.211,107.534,92.059,55.745
155.601,107.957,92.393,56.237
156.025,106.931,92.655,56.064
155.827,108.034,93.155,56.448
156.452,107.551,93.870,56.317
156.367,108.156,94.125,56.582
156.652,107.437,94.579,56.350
156.811,107.924,94.867,56.581
156.753,107.810,94.931,56.688
157.047,107.702,94.802,56.661
157.564,107.772,94.794,56.829
157.812,108.038,94.607,57.077
158.039,107.763,94.493,57.055
158.180,107.590,94.261,56.977
158.436,107.949,94.029,57.217
158.886,107.726,93.728,57.046
159.092,108.023,93.380,56.949
159.425,107.818,93.041,56.567
159.607,108.014,92.703,56.447
159.774,107.298,92.783,55.727
159.685,108.282,93.064,55.733
159.935,107.546,93.242,55.072
159.982,108.690,93.129,55.387
160.363,107.291,93.097,54.415
160.322,107.900,93.060,54.370
160.197,107.701,92.919,53.735
160.332,107.030,92.639,52.860
160.601,108.015,92.400,52.675
161.221,108.567,92.522,52.706
161.000,108.664,92.469,52.673
161.145,109.011,92.656,52.935
161.240,108.970,92.696,53.028
161.226,108.564,92.745,52.712
161.315,108.693,92.711,52.593
161.600,108.541,92.566,52.264
161.454,108.550,92.394,51.888
161.375,108.487,91.898,51.448
161.631,108.687,91.510,51.312
161.896,108.649,91.310,51.185
162.228,108.757,91.016,51.029
162.670,108.873,90.723,50.938
162.526,108.903,90.433,50.884
163.130,108.769,90.249,50.796
163.306,108.786,90.071,50.609
163.888,108.848,89.902,50.455
163.823,108.995,89.823,50.463
163.882,108.826,89.658,50.353
164.174,108.862,89.300,50.220
164.433,108.965,88.965,50.125
164.788,109.032,88.661,49.932
165.165,109.087,88.365,49.844
165.291,109.001,88.072,49.605
165.532,109.161,87.815,49.585
165.427,109.352,87.704,49.628
165.679,109.191,87.677,49.544
165.923,109.264,87.661,49.701
166.058,109.181,87.463,49.709
166.246,109.164,87.335,49.821
166.441,109.180,87.255,49.988
166.717,109.074,87.376,50.024
166.820,109.000,87.358,50.010
166.988,108.960,87.477,50.014
167.002,108.939,87.588,50.040
167.155,108.949,87.667,50.025
167.596,109.319,87.701,50.072
167.560,109.465,87.776,49.770
167.518,109.694,87.888,49.602
168.001,110.017,87.795,49.375
168.208,109.679,87.869,49.097
168.694,109.950,87.799,49.107
168.910,110.045,87.631,49.150
169.645,110.015,87.534,49.164
169.806,109.963,87.651,49.137
170.531,109.943,87.415,49.153
171.506,110.050,87.035,49.286
172.323,110.101,86.829,49.501
173.143,110.261,86.789,50.083
173.037,110.030,86.348,50.464
173.207,109.804,86.074,50.661
174.869,109.638,86.252,50.913
174.845,109.706,86.261,51.235
174.984,109.399,86.409,51.290
175.087,109.449,86.601,51.470
175.407,109.277,86.950,51.367
175.228,108.974,87.095,51.181
175.231,109.096,87.403,51.109
175.142,109.163,87.795,51.029
175.268,109.337,87.978,51.156
175.168,109.469,87.870,51.213
175.327,109.786,87.703,51.374
175.659,109.811,87.505,51.320
175.906,109.929,87.502,51.215
176.390,109.851,87.780,51.315
177.313,109.809,88.382,51.312
177.724,109.903,88.986,51.102
177.389,109.906,89.566,50.943
177.595,110.020,89.929,50.915
177.668,109.941,90.172,50.893
177.671,110.114,90.458,50.651
177.771,109.992,90.527,50.436
178.262,110.292,90.464,50.064
179.124,110.591,90.509,49.901
179.441,110.879,90.605,50.060
179.480,110.959,90.529,50.415
179.832,111.061,90.652,50.951
180.098,110.788,90.796,51.084
180.357,110.817,90.984,51.157
180.217,110.797,90.987,51.145
180.415,110.628,91.040,51.086
181.577,111.253,91.692,51.034
181.641,111.227,92.425,51.109
181.632,111.210,93.008,51.147
181.687,110.984,93.856,51.061
181.769,110.873,94.594,50.760
182.187,111.795,95.574,50.621
182.568,111.982,96.565,50.613
182.732,111.939,97.479,50.519
182.498,112.098,98.482,50.523
182.156,111.894,99.343,50.320
182.091,112.143,100.146,50.369
182.577,112.372,100.948,50.390
182.428,112.259,101.305,50.363
182.948,112.550,101.664,50.364
182.528,112.287,102.056,50.372
182.749,112.382,102.732,50.667
182.573,112.516,103.159,50.903
182.395,112.443,102.906,51.246
182.118,112.515,102.935,51.446
183.029,112.473,102.614,51.833
183.384,111.471,102.383,52.402
183.651,111.297,102.425,52.473
184.389,111.685,102.014,52.255
184.868,111.322,101.654,52.093
185.696,111.220,101.300,51.941
186.242,111.575,100.815,51.987
186.519,111.700,100.425,52.063
186.773,111.400,99.975,52.090
186.699,111.503,99.659,52.087
186.717,111.107,99.149,52.148
187.010,112.048,99.166,51.902
186.958,111.654,99.128,51.923
186.484,111.777,98.976,52.109
186.670,112.218,99.104,52.150
186.179,111.862,99.044,52.276
185.566,112.148,99.218,52.017
184.941,111.789,99.102,51.693
184.463,112.227,99.115,51.390
183.885,112.173,98.871,51.270
183.926,112.014,98.949,51.227
183.052,112.130,98.938,50.888
182.732,112.259,98.820,50.562
182.760,112.456,98.783,50.187
182.767,112.583,98.504,49.948
182.863,112.430,97.787,49.910
182.472,112.321,96.637,49.773
183.420,112.575,96.072,49.627
182.942,112.354,95.252,49.797
182.775,112.622,94.529,50.022
182.349,112.454,93.812,50.215
181.466,112.456,92.888,50.120
181.524,112.532,91.963,50.139
180.349,112.628,90.668,50.170
180.558,112.538,89.441,50.103
181.602,112.866,88.852,50.133
181.312,112.818,88.354,50.081
181.548,112.803,88.110,49.942
181.294,112.681,87.833,49.838
181.072,112.709,87.436,49.732
180.522,112.672,86.912,49.686
180.638,112.876,86.593,49.674
180.889,112.937,86.637,49.727
180.150,112.938,86.534,49.719
179.551,112.955,86.290,49.776
178.964,112.846,85.833,49.777
179.584,112.911,85.978,49.790
178.230,112.722,85.367,49.790
179.297,112.747,84.923,49.826
178.023,112.786,84.610,50.076
178.876,112.681,84.633,50.113
177.806,112.574,84.102,50.173
177.330,112.458,83.297,50.189
176.395,112.550,82.121,50.199
177.280,112.243,81.201,50.360
178.036,112.143,80.920,50.426
176.790,112.214,80.329,50.593
177.463,111.954,79.642,50.640
177.247,112.082,79.198,50.646
177.394,111.960,78.633,50.587
177.987,111.790,78.635,50.383
177.732,112.304,79.026,50.322
177.324,112.112,78.821,50.457
178.382,111.903,79.153,50.422
177.852,111.937,79.705,50.456
177.030,111.868,80.057,50.402
177.202,112.232,80.507,50.718
177.208,111.999,81.396,50.809
176.967,110.906,82.336,50.607
175.329,111.733,82.876,50.712
175.789,111.850,82.663,50.780
176.651,111.975,82.631,50.871
174.840,111.360,82.558,50.769
175.554,111.830,82.360,50.840
175.966,111.757,82.369,50.774
175.754,111.663,82.935,50.636
176.312,111.708,83.716,50.500
174.724,111.781,84.361,50.305
174.646,111.766,84.342,50.266
174.510,111.819,84.299,50.312
174.860,111.902,84.520,50.316
173.872,111.964,85.057,50.327
173.005,111.805,84.915,50.392
172.999,111.656,84.471,50.395
173.065,111.501,84.123,50.382
173.928,111.644,84.348,50.540
174.798,111.800,85.691,50.733
174.321,112.049,86.619,50.817
173.269,110.982,86.698,50.508
173.053,111.010,86.643,50.295
173.403,111.775,86.550,50.501
173.178,111.156,86.120,50.560
173.067,111.547,85.883,50.719
172.040,111.071,85.071,50.724
170.879,110.961,83.895,50.609
171.635,111.425,83.167,50.844
171.132,111.393,82.154,51.059
170.565,111.644,81.127,51.305
171.316,111.543,80.506,51.428
169.510,111.169,79.320,51.301
170.448,111.342,78.574,51.243
171.260,111.752,78.454,51.272
170.486,111.316,78.179,51.094
170.013,112.094,77.870,51.069
170.496,111.617,77.855,50.938
169.828,111.736,77.818,50.880
168.517,112.290,77.222,51.013
168.497,111.754,76.887,50.929
167.836,112.047,76.405,50.972
167.159,112.193,75.807,51.140
167.450,112.080,75.239,51.080
168.250,111.618,74.883,50.796
168.182,111.957,74.739,50.723
168.213,111.707,74.417,50.498
169.204,111.009,74.305,50.191
168.566,112.020,74.164,50.231
169.280,111.428,74.057,50.029
169.073,112.299,74.077,50.092
169.503,111.908,73.921,49.928
