574.000,309.000,113.000,177.000
573.436,304.584,111.133,178.875
577.487,305.221,109.481,180.941
578.327,307.360,108.512,181.844
579.211,309.408,110.250,184.723
579.791,312.509,110.622,184.769
583.486,318.052,110.886,184.567
585.468,323.852,112.318,182.904
588.680,326.741,110.525,178.833
591.316,331.769,106.269,175.946
596.509,338.659,106.622,174.186
606.383,347.549,101.875,171.565
612.163,354.299,102.132,170.081
617.918,361.552,101.554,167.262
624.045,367.542,99.275,162.592
633.501,373.259,97.684,158.880
639.467,379.033,92.666,153.795
648.868,384.709,89.990,149.374
654.342,384.405,85.470,148.313
662.398,384.379,84.817,147.666
665.786,384.063,81.763,147.648
670.534,385.197,80.715,149.068
673.940,383.336,79.560,151.766
677.264,380.751,79.782,153.069
679.361,380.033,80.407,156.704
680.741,378.848,80.463,161.084
681.932,379.039,80.441,164.306
675.197,376.902,80.031,167.375
665.570,379.047,81.422,168.841
657.582,380.348,82.517,169.513
654.078,383.128,81.636,170.687
648.054,385.530,81.863,168.767
637.475,385.736,79.401,165.635
634.120,389.789,78.612,165.064
629.621,389.074,77.790,164.322
625.735,393.513,77.181,162.968
618.193,390.253,78.870,161.497
614.077,389.078,81.682,160.843
610.031,387.227,84.925,160.250
606.688,386.283,87.412,159.654
607.720,384.086,89.020,158.653
607.280,378.580,89.684,159.588
607.592,372.359,90.232,161.374
610.326,367.260,89.114,162.918
610.960,358.847,89.949,166.574
610.565,350.563,91.568,170.409
608.060,340.955,93.610,174.418
609.054,331.877,94.001,178.294
605.724,322.531,96.062,180.589
605.757,316.093,96.739,182.467
600.649,309.186,101.756,182.531
598.332,305.096,105.478,180.160
598.791,307.393,107.717,180.498
599.391,305.251,110.042,179.132
599.314,309.919,111.531,176.138
603.005,312.782,109.898,174.894
604.324,315.989,107.271,172.452
603.815,319.758,106.474,172.406
603.149,326.234,104.432,168.046
604.596,334.590,100.788,164.786
603.982,340.740,95.991,163.232
604.771,340.005,90.791,159.586
608.032,341.643,88.529,158.282
610.751,339.314,87.038,159.156
612.460,337.807,85.351,159.489
620.279,335.311,86.529,159.403
632.081,326.113,85.836,161.941
641.769,318.551,85.864,166.108
646.472,312.665,88.444,169.652
650.915,306.911,90.948,172.934
652.391,297.126,92.314,177.415
649.762,284.203,93.004,181.771
650.842,273.933,92.911,186.419
652.967,266.391,89.198,190.060
655.605,262.374,88.487,192.904
653.937,260.444,89.481,195.110
656.318,256.430,90.328,197.640
651.702,256.961,90.037,198.021
657.471,265.491,88.568,196.511
650.833,271.218,86.847,194.394
651.274,278.376,86.377,191.404
652.266,289.904,84.894,186.125
652.333,296.885,84.949,180.314
649.048,308.873,83.933,175.438
645.344,315.066,84.445,170.684
640.512,324.584,83.299,167.860
639.006,327.069,83.281,165.301
638.045,330.871,85.621,164.297
631.338,332.456,86.894,163.518
623.532,332.410,88.833,165.773
617.839,329.053,93.462,170.194
608.971,323.234,100.837,175.920
604.168,316.875,106.829,183.627
599.624,312.095,114.732,190.953
583.247,308.296,121.416,197.139
580.549,302.515,128.426,205.078
571.885,296.358,130.617,209.843
575.055,294.959,131.816,212.106
572.813,292.490,136.071,214.251
576.648,292.338,137.376,216.289
572.120,289.335,140.030,214.368
572.872,294.352,143.319,210.728
574.777,300.951,145.092,206.622
588.129,308.171,142.511,202.784
592.031,316.033,140.921,198.688
600.607,317.004,139.656,193.060
605.854,319.664,138.049,186.388
604.007,323.218,139.116,178.299
612.800,329.128,135.314,173.581
630.520,330.770,130.339,169.188
643.685,329.850,126.279,166.119
651.844,330.289,122.368,165.648
662.618,325.188,119.830,167.097
669.237,322.102,118.488,169.437
676.358,318.817,119.319,173.265
673.444,313.581,121.845,179.283
661.313,311.304,122.529,182.977
656.283,298.816,123.976,189.631
651.106,298.200,122.272,195.646
645.481,294.732,118.464,202.422
636.099,287.400,114.334,204.441
630.784,285.857,113.082,207.470
628.229,279.988,114.144,209.042
627.258,280.684,116.296,209.245
622.635,278.858,118.119,209.001
614.057,278.042,119.683,207.592
613.834,281.605,123.380,204.579
606.708,283.641,124.903,200.857
604.383,291.036,126.956,195.419
607.812,297.383,129.858,190.309
610.051,299.809,131.113,189.883
608.662,306.025,131.113,183.297
606.362,311.708,131.251,174.871
596.545,317.400,128.926,168.708
601.287,320.841,129.580,165.173
603.220,323.868,127.290,161.872
606.871,324.161,122.442,159.332
611.629,325.728,117.984,157.189
620.061,323.208,114.224,156.225
623.325,317.468,113.754,156.096
627.773,314.245,113.238,157.517
631.790,310.808,113.337,160.514
640.396,305.542,112.235,163.816
645.973,297.114,111.712,167.985
648.044,289.692,111.465,170.886
652.927,285.212,110.997,174.180
656.001,281.262,110.046,177.769
655.190,276.083,108.505,180.334
654.216,271.960,108.337,182.087
652.541,268.311,108.913,182.918
648.986,268.117,111.134,182.889
646.373,267.938,112.263,182.753
643.448,267.488,114.005,181.056
638.677,268.428,115.687,178.733
632.976,269.817,116.191,176.687
622.286,274.321,115.294,175.896
622.569,277.350,118.969,175.242
617.468,279.659,119.582,170.934
617.135,284.988,118.925,166.976
619.454,286.747,119.219,162.581
610.967,289.194,117.407,159.490
631.607,293.189,118.515,155.448
658.133,288.100,119.165,154.872
697.659,286.022,120.499,156.663
733.198,277.771,121.859,159.059
764.193,274.637,121.680,164.027
786.255,265.413,120.770,167.364
799.309,259.347,123.215,170.918
803.958,250.596,125.216,175.372
807.391,242.097,127.404,178.786
808.490,235.143,128.838,180.955
805.797,223.538,130.025,182.947
804.792,216.350,131.745,181.644
807.862,214.519,134.752,180.027
811.159,208.244,135.169,178.785
811.872,200.094,135.701,177.558
825.403,197.619,133.950,176.432
823.546,203.299,132.954,173.305
830.614,203.017,133.172,171.901
831.899,211.768,132.142,169.734
833.537,210.043,131.956,168.142
827.011,213.893,132.282,165.430
822.486,212.157,132.427,162.460
815.398,204.744,131.898,161.711
817.103,200.933,128.984,160.827
812.894,197.325,127.731,160.763
807.728,192.856,126.870,160.626
806.867,190.177,124.883,160.092
796.691,189.655,124.070,160.314
794.232,183.309,124.117,160.887
793.955,179.840,124.199,161.851
787.578,179.727,122.445,164.332
779.404,166.265,119.760,165.190
776.761,168.034,118.069,167.378
770.797,161.663,116.016,166.833
763.190,159.601,114.658,166.161
751.402,159.454,114.698,165.733
745.623,159.884,112.869,165.240
729.370,159.511,110.333,163.614
713.398,160.479,109.495,161.288
699.975,168.162,107.918,159.726
688.281,175.209,105.836,158.775
676.715,181.859,105.606,159.532
664.865,184.539,105.566,159.499
655.411,187.749,103.895,158.002
646.198,191.845,102.858,157.347
636.637,197.481,100.228,156.901
632.301,199.220,98.197,158.737
626.904,200.798,97.159,158.504
622.645,204.739,95.971,156.041
620.018,209.650,93.906,155.636
613.956,212.888,91.136,158.682
606.998,216.866,89.696,160.433
599.754,222.201,89.350,161.899
592.215,225.964,89.479,162.591
582.095,228.710,91.234,161.353
572.645,231.470,90.639,160.310
567.459,234.521,87.304,160.346
566.267,240.576,83.488,160.023
564.098,249.654,81.154,159.563
561.131,258.152,78.603,158.171
559.992,265.688,77.962,156.333
557.531,269.968,77.826,155.337
555.635,273.681,77.025,156.326
554.602,273.339,76.215,160.626
552.430,272.198,75.776,164.920
549.811,271.455,75.977,169.354
547.325,269.499,77.255,173.500
544.214,269.292,78.856,177.392
540.036,266.805,79.778,179.451
540.450,266.950,80.010,180.444
538.463,266.857,81.299,180.265
539.430,274.223,81.688,181.234
535.742,276.074,82.596,181.011
533.906,282.274,82.963,180.087
533.990,290.278,83.361,179.742
532.131,294.703,85.434,178.922
532.908,304.399,86.700,177.462
523.219,315.256,88.051,175.871
518.751,315.832,87.069,171.981
515.110,329.092,86.446,167.903
509.346,331.626,87.109,164.757
502.207,334.166,86.976,162.884
488.276,335.508,85.535,162.420
483.347,333.458,84.931,164.219
473.146,331.285,83.184,166.306
464.821,320.620,82.131,169.310
455.477,314.737,81.307,171.542
449.301,314.686,81.168,173.912
441.410,314.436,80.532,175.611
431.481,311.019,81.752,177.914
423.652,305.542,82.859,180.662
413.517,300.561,84.015,183.491
411.215,295.013,85.122,186.665
408.445,291.201,86.747,190.568
402.100,290.676,87.491,191.449
400.509,288.727,89.097,191.678
399.403,293.312,90.295,189.454
398.754,299.046,90.240,185.203
399.754,304.078,89.399,181.362
399.665,306.303,87.951,178.533
402.209,303.650,85.826,177.942
404.201,302.540,85.054,179.145
406.947,298.399,84.854,182.085
410.514,293.256,86.982,185.482
421.148,284.512,88.925,189.408
436.125,279.298,90.826,193.905
450.344,274.919,91.416,198.254
464.993,276.628,92.669,201.546
482.908,278.864,96.529,202.591
493.093,281.630,99.815,204.227
499.750,283.254,101.516,206.477
507.660,283.108,104.316,210.119
514.898,286.686,107.001,212.782
525.163,291.359,108.166,215.174
533.966,297.794,109.286,216.085
540.500,305.869,108.656,215.296
548.063,314.316,107.403,213.135
552.226,319.301,105.388,210.820
558.590,321.365,103.936,209.344
561.919,319.994,102.353,208.041
571.321,317.887,101.133,208.488
575.697,315.091,99.091,211.053
581.902,307.441,96.272,215.394
582.965,300.663,94.509,218.836
586.511,294.927,94.108,222.241
595.428,288.031,96.725,226.627
603.587,278.647,101.885,230.851
600.759,281.292,107.441,234.459
607.123,271.935,115.555,238.695
602.670,277.649,120.249,241.157
609.758,275.205,119.538,243.929
611.184,276.555,120.878,246.096
609.700,272.181,120.541,248.855
604.674,273.826,121.500,249.170
599.621,280.181,122.653,247.293
597.240,281.467,125.435,245.858
592.231,284.771,126.944,239.869
589.488,290.083,128.948,234.569
586.706,297.957,131.576,230.765
579.824,302.197,131.415,226.796
573.889,303.576,132.127,224.689
567.236,295.596,134.282,223.136
570.994,289.617,134.243,222.199
581.319,279.187,136.497,221.865
597.993,271.467,136.586,222.940
600.473,266.340,135.816,224.240
606.554,245.686,133.287,228.854
624.212,231.238,129.832,232.205
623.023,223.006,130.492,234.513
624.013,214.691,129.965,239.244
634.477,212.170,128.956,238.985
635.463,210.092,128.597,237.782
643.121,212.532,126.583,237.483
645.745,215.796,124.874,242.153
655.843,222.936,126.189,239.555
660.238,229.513,124.992,233.771
668.266,239.174,123.701,228.426
678.744,246.812,120.177,222.803
689.170,256.901,113.796,217.064
697.445,265.679,109.243,211.164
702.816,274.698,104.459,201.868
709.154,278.049,99.682,194.806
713.127,275.248,95.182,193.361
718.856,273.081,94.938,196.032
717.438,266.664,96.577,199.491
720.333,260.432,97.660,204.550
722.223,251.879,97.512,209.525
725.167,242.044,98.897,211.810
722.183,231.427,100.485,212.605
726.122,224.218,97.907,212.871
723.371,218.369,98.968,213.060
719.557,213.530,101.143,211.769
721.581,216.778,98.697,207.102
723.225,220.872,97.548,201.525
723.649,228.928,98.689,201.887
722.404,233.022,99.970,200.306
720.418,241.195,99.288,194.948
724.460,248.672,96.942,189.862
726.779,259.918,92.427,184.536
727.120,274.855,86.712,177.714
727.521,283.625,81.395,173.849
730.302,291.702,77.575,166.475
730.283,297.375,75.940,161.835
730.613,297.754,75.265,158.434
728.215,296.448,75.732,160.911
727.078,290.089,76.345,162.674
725.184,282.320,78.363,166.376
722.202,271.795,80.325,170.263
720.025,257.407,82.734,174.157
717.994,248.089,85.572,176.039
714.814,239.514,88.656,176.751
711.120,229.314,90.344,174.230
708.698,222.344,91.598,171.848
706.738,214.992,92.163,168.466
704.483,208.770,92.873,166.083
701.874,206.597,94.214,160.111
705.251,209.559,93.724,156.035
705.748,215.512,93.428,157.257
711.803,215.554,88.849,158.633
708.157,215.326,84.229,159.323
706.258,220.274,80.132,158.112
703.575,228.624,77.233,157.104
702.655,237.827,75.270,154.472
698.922,246.316,72.120,152.897
697.108,254.144,70.274,151.653
694.022,263.473,69.200,148.878
688.052,268.995,70.656,143.969
676.855,272.177,74.930,141.244
674.672,272.613,79.096,140.790
671.555,268.258,82.531,144.473
662.303,261.770,85.602,148.218
661.048,256.497,88.043,152.633
646.507,240.145,90.256,158.072
636.093,233.023,88.805,161.788
627.750,224.904,87.599,161.487
620.192,220.030,85.246,157.195
614.090,219.682,83.032,151.966
609.419,223.590,79.630,147.885
607.520,230.439,76.235,147.057
605.588,236.618,75.335,142.678
591.579,245.960,74.577,142.851
584.665,250.942,74.456,143.946
578.382,256.413,74.146,144.807
573.253,266.535,72.349,150.019
570.136,273.186,69.527,154.435
566.026,281.518,69.244,157.993
561.599,289.265,70.440,162.398
566.461,300.019,70.256,162.334
569.140,311.756,69.704,162.162
566.407,319.752,72.298,157.582
563.599,343.726,75.438,151.553
557.298,358.668,75.591,147.027
566.326,373.429,74.729,148.940
570.716,386.283,75.591,151.583
572.213,385.662,75.509,149.375
578.692,385.133,77.223,144.121
574.271,388.853,78.650,138.998
575.063,384.843,80.906,138.470
572.756,381.464,81.781,138.887
578.858,375.478,84.983,137.852
582.720,369.515,88.419,133.575
584.961,356.494,94.187,130.121
593.669,345.241,97.052,126.690
597.036,348.530,98.555,124.974
590.571,342.122,102.992,122.377
580.007,353.211,110.736,120.191
588.382,363.128,112.189,122.803
587.154,362.507,115.537,126.399
587.009,361.143,118.543,129.997
594.309,364.078,118.092,133.535
602.795,364.981,115.039,137.134
608.092,361.921,109.210,142.367
613.793,366.189,104.527,143.349
616.331,375.461,101.225,141.493
621.874,388.687,98.796,135.145
626.455,399.986,98.079,131.594
623.679,412.142,92.785,131.925
621.406,425.274,93.055,126.726
617.259,440.454,93.315,122.615
