97.000,170.000,217.000,179.000
90.074,164.085,211.532,181.045
90.826,163.144,207.749,181.541
94.142,161.387,205.407,180.749
97.105,160.987,205.342,178.649
99.773,159.710,206.160,176.624
103.402,157.994,208.155,173.831
106.721,154.360,211.277,170.100
106.704,152.830,214.980,166.990
105.340,155.277,220.945,165.028
97.408,154.112,216.776,163.292
92.396,152.893,209.879,161.232
91.144,154.186,208.191,160.150
88.478,157.691,207.681,159.565
85.050,161.784,208.828,158.924
85.330,162.192,208.986,158.592
89.019,160.816,210.212,158.237
91.466,159.243,212.038,158.660
88.415,158.273,212.303,157.670
72.907,156.753,214.991,156.680
65.482,157.858,218.067,153.555
65.613,157.677,219.741,150.611
68.534,157.886,220.503,148.164
68.655,157.729,220.733,146.579
66.824,157.882,220.316,145.882
66.755,156.561,219.386,145.903
66.558,156.721,219.478,145.856
67.288,159.172,219.070,144.754
69.523,160.193,218.670,144.391
73.402,160.525,218.789,143.190
76.527,160.431,218.936,141.982
79.792,160.738,220.767,140.902
81.421,158.831,223.026,141.033
85.438,157.194,226.589,140.911
89.454,156.178,228.529,141.313
93.177,155.119,232.564,141.320
93.171,155.204,232.976,141.164
93.818,155.471,232.308,141.211
96.690,157.262,231.118,140.665
103.715,159.465,232.111,140.486
107.427,161.773,232.849,140.692
112.791,162.472,232.683,140.707
115.894,161.063,231.469,140.786
116.948,153.660,231.759,141.308
117.576,150.893,233.547,141.529
113.997,148.743,228.994,142.387
106.211,148.056,227.232,143.768
99.681,150.597,228.109,145.145
92.933,152.796,227.622,146.386
95.621,153.935,225.789,147.022
103.665,154.352,225.053,147.735
109.568,153.151,223.764,147.472
113.802,151.454,223.640,147.057
120.967,149.565,221.430,146.232
121.916,149.405,219.863,143.956
123.045,148.756,220.652,142.954
122.684,150.221,222.228,141.106
121.512,148.736,224.575,140.418
117.985,146.987,225.640,140.855
113.937,145.656,226.656,141.446
111.965,145.790,226.836,140.855
109.408,145.765,227.435,140.697
106.417,146.458,229.244,140.256
105.274,146.358,230.252,139.850
99.408,147.563,232.033,138.851
94.402,149.458,232.576,137.734
90.094,150.700,232.932,137.400
83.676,151.210,234.935,137.824
77.314,154.874,237.852,138.628
74.412,158.002,239.873,138.790
75.616,159.279,240.199,139.862
73.897,159.907,242.038,140.798
72.806,158.443,243.456,141.356
68.953,157.832,244.380,142.719
61.585,159.157,244.131,143.350
52.897,160.244,244.534,144.001
51.399,160.556,242.481,144.721
50.403,160.793,241.490,145.284
50.648,160.875,238.970,145.234
53.897,159.774,238.114,145.186
59.511,156.686,236.270,146.039
63.022,155.217,234.388,145.328
63.691,154.618,233.751,144.824
59.118,153.843,233.682,144.154
61.058,152.082,233.173,144.343
64.318,149.691,232.001,144.285
63.891,147.157,232.868,144.242
56.430,148.426,234.663,143.455
57.467,148.793,233.340,143.320
54.045,148.738,234.460,143.370
58.156,148.649,234.197,143.279
60.711,146.303,234.548,144.643
61.926,143.032,234.999,147.649
61.420,142.942,236.955,151.696
61.551,150.714,237.841,153.821
65.193,156.239,239.301,154.730
74.039,160.221,239.627,154.806
85.594,163.561,240.421,153.692
87.085,164.888,242.387,154.437
88.244,168.791,243.378,154.632
85.250,172.713,246.059,156.040
86.984,177.525,247.883,156.776
88.198,181.368,249.397,156.939
89.046,184.695,252.776,156.067
87.163,187.559,255.572,154.225
82.875,187.221,257.483,152.799
81.225,185.329,256.928,152.474
83.730,181.760,257.323,150.891
87.225,178.052,256.241,151.120
92.975,175.756,254.966,151.346
98.623,170.089,251.447,150.393
103.794,163.529,247.404,149.018
105.761,155.004,243.367,149.008
101.999,150.516,240.834,149.825
91.994,143.883,241.768,150.920
83.531,141.565,243.643,150.224
83.737,138.501,246.611,148.612
85.878,134.158,252.999,147.689
82.026,130.799,261.801,147.839
62.861,130.065,258.572,149.191
57.902,131.382,266.849,150.435
45.161,134.332,266.082,151.511
38.061,136.351,263.102,152.608
38.906,136.192,262.423,153.849
43.127,134.229,262.362,153.539
46.262,133.001,262.616,154.453
39.506,133.793,263.048,155.543
28.536,136.081,264.038,157.373
26.255,138.744,265.104,159.095
30.560,139.623,265.120,160.866
36.670,137.122,264.689,164.765
40.020,144.018,264.671,163.923
43.510,143.335,262.694,164.837
49.758,140.242,259.604,166.566
58.816,135.634,258.171,168.302
67.125,133.126,256.639,169.688
73.014,132.677,256.729,168.972
73.700,132.733,255.982,168.191
78.791,132.247,253.265,166.481
88.332,131.250,253.228,165.724
96.575,130.276,251.322,165.459
105.772,129.174,251.185,165.183
111.658,128.688,250.409,164.013
116.125,129.117,251.758,163.897
119.952,128.468,250.067,164.511
126.446,128.332,249.163,164.266
132.384,127.840,250.069,164.570
136.071,128.007,250.208,165.067
135.374,129.184,243.222,165.283
143.894,128.776,239.757,166.108
146.607,130.610,240.085,167.677
142.700,132.509,236.566,168.802
143.580,133.453,235.582,170.350
145.145,135.074,233.340,172.157
145.610,137.963,230.345,173.273
143.828,142.303,226.109,174.176
142.932,146.502,224.371,175.766
139.984,150.205,224.114,176.172
136.693,152.030,222.881,176.788
136.140,151.353,221.733,178.793
137.539,151.043,222.200,178.438
138.642,149.998,223.336,178.005
141.219,148.903,223.597,177.491
144.152,146.771,223.110,177.773
149.555,148.403,222.105,177.080
152.751,147.478,219.489,176.435
159.620,147.216,216.997,176.348
167.224,146.262,222.200,175.943
171.322,144.505,231.047,175.445
172.772,141.873,240.753,172.552
167.642,139.676,242.716,171.296
166.986,137.797,246.597,169.982
166.099,136.518,247.109,169.566
166.598,137.913,244.609,168.913
163.726,138.402,237.363,168.369
160.548,138.629,227.310,167.868
158.650,140.042,222.353,167.493
158.760,141.570,220.187,167.461
159.035,144.182,219.392,167.706
158.144,144.866,219.852,169.073
156.617,145.145,222.467,171.135
154.261,147.198,221.960,171.237
145.441,151.940,217.965,171.494
140.858,151.373,211.177,170.516
142.395,149.244,205.581,170.663
150.282,148.741,200.132,170.409
154.379,149.434,197.496,170.150
159.286,148.769,195.360,170.328
166.029,148.911,197.682,170.506
176.620,150.786,204.780,170.115
183.167,149.774,213.824,169.774
181.844,153.004,218.372,169.133
185.118,153.827,220.883,169.117
186.429,155.081,226.281,168.633
185.848,154.033,224.259,169.075
195.216,149.996,219.141,168.886
198.977,146.872,209.593,169.910
200.229,143.505,200.823,169.897
200.456,140.104,195.988,169.589
202.117,136.853,193.050,167.525
204.845,134.101,191.945,166.271
212.700,130.037,190.762,167.463
219.099,127.955,190.946,167.850
218.393,125.057,193.010,168.280
223.120,125.103,192.883,169.229
230.022,129.353,192.761,166.310
232.714,132.988,196.986,163.467
239.726,135.538,203.183,160.493
242.010,134.168,205.460,158.235
233.898,134.279,213.163,158.006
236.644,136.362,214.944,156.524
239.546,134.616,210.704,154.802
238.482,133.461,211.025,154.735
227.258,137.150,212.372,154.265
214.769,139.920,209.347,154.752
208.790,143.882,207.331,154.003
207.828,146.948,207.069,154.290
213.139,147.365,205.185,154.288
223.270,145.660,201.221,155.262
215.950,147.189,203.700,154.541
218.490,147.690,205.718,152.894
216.959,147.855,208.569,152.753
223.487,148.919,207.067,152.547
230.298,150.607,204.856,151.245
236.613,148.091,199.492,150.956
232.045,143.768,195.724,153.381
228.554,145.851,194.355,152.128
228.253,146.830,194.216,150.798
224.406,146.166,194.926,150.286
222.689,144.930,195.882,150.502
214.662,145.889,199.580,150.608
201.538,149.585,205.982,150.186
201.314,155.786,209.025,148.825
203.726,162.313,209.570,145.998
200.224,164.051,212.842,144.132
200.057,166.853,213.476,143.196
202.296,165.340,210.982,140.696
207.427,164.903,208.210,140.246
200.862,166.211,211.277,138.764
182.541,166.683,219.995,136.666
169.858,166.235,227.752,134.730
168.931,165.366,232.341,133.110
168.036,162.888,233.069,132.024
171.163,161.692,235.535,130.739
159.859,160.298,239.726,129.768
152.916,159.160,240.333,129.239
158.441,161.656,237.622,128.247
148.787,162.490,241.519,127.241
153.867,160.983,242.582,127.132
159.519,161.796,243.033,127.528
160.565,159.708,243.184,126.956
166.021,158.509,243.017,126.549
156.461,155.367,242.273,126.458
167.263,153.398,238.300,126.284
173.538,151.266,234.463,126.514
178.429,152.292,229.384,126.593
178.041,152.512,227.729,126.926
191.977,152.448,222.326,128.054
196.668,152.985,219.626,128.369
206.132,157.282,215.714,128.671
212.142,155.031,215.838,129.446
218.335,151.342,216.759,131.266
215.440,151.328,213.722,131.961
208.654,153.314,210.625,132.069
212.021,148.100,210.971,134.290
208.385,150.997,213.745,134.146
215.046,155.928,214.475,133.092
202.149,159.755,219.829,131.832
195.897,161.840,225.256,131.650
197.690,161.627,227.968,132.283
198.227,158.418,228.387,131.840
196.161,153.125,228.732,130.635
189.517,150.881,231.398,130.407
180.312,148.424,236.875,130.185
186.302,146.888,238.789,130.972
189.504,144.270,238.903,131.065
197.253,141.438,235.840,131.033
201.586,140.907,232.448,131.136
197.284,138.196,231.019,130.519
193.384,136.755,231.988,129.661
191.891,135.511,231.709,129.791
194.712,135.319,227.620,129.619
184.495,136.548,231.408,129.500
187.152,138.844,229.934,129.494
175.811,141.478,231.366,129.247
183.628,145.133,234.648,129.035
172.012,148.838,237.722,129.152
172.855,153.511,237.251,129.568
165.869,157.913,240.262,129.166
163.634,159.753,240.223,130.864
157.282,164.015,236.262,130.709
153.676,166.067,235.369,130.840
155.461,163.857,232.310,129.260
164.216,160.323,229.824,129.355
153.187,159.453,233.436,130.533
143.595,161.072,237.769,130.760
138.247,165.153,239.648,129.749
137.103,164.593,239.641,129.588
144.023,162.892,236.999,131.371
147.470,161.436,235.882,131.915
156.789,157.489,231.307,131.843
159.550,151.720,229.221,133.374
165.747,150.152,224.486,134.038
165.636,146.619,223.633,135.568
163.921,146.916,225.722,135.360
167.644,146.742,226.133,135.812
167.190,146.213,227.381,136.025
171.914,145.919,226.958,135.983
175.852,145.714,227.108,136.574
181.782,145.770,227.348,137.271
187.631,148.441,229.726,138.037
194.113,151.540,231.269,138.590
193.564,155.003,235.250,139.123
197.533,158.692,233.826,138.839
198.122,164.345,232.201,139.338
198.092,171.522,230.001,139.614
196.098,174.066,232.922,139.742
194.319,174.508,237.130,140.680
187.504,174.816,238.633,141.390
177.997,173.663,241.811,141.350
171.767,172.786,244.142,141.809
174.210,173.612,246.679,142.381
177.182,173.536,247.921,142.872
169.855,172.959,250.379,143.920
171.718,171.840,249.001,144.157
172.134,170.140,246.037,144.009
172.333,167.646,242.231,143.785
172.134,166.923,238.513,143.909
171.746,166.906,235.190,144.384
170.386,164.693,232.411,143.594
178.576,161.931,233.153,142.244
182.287,158.359,235.535,141.253
182.411,155.363,246.701,140.328
177.369,152.254,250.664,139.467
173.110,149.391,255.822,139.775
167.839,148.387,254.867,139.487
159.928,147.634,251.207,138.470
162.195,149.704,245.628,137.704
155.103,152.572,244.214,137.099
147.854,155.885,244.173,136.804
142.001,156.949,244.693,138.288
134.810,158.545,245.124,140.344
128.815,161.942,246.069,141.095
119.411,166.029,245.828,141.274
111.847,166.740,246.986,141.982
113.670,163.573,244.860,138.747
113.347,154.784,241.218,136.905
101.277,152.541,235.483,138.707
86.735,152.177,230.376,140.609
73.378,150.192,226.320,142.719
65.507,146.705,226.255,145.479
68.205,146.100,221.484,147.046
66.605,146.475,218.487,147.116
61.228,148.483,219.020,144.920
57.496,149.563,221.778,143.545
55.459,149.588,223.889,142.972
56.870,149.305,225.077,142.858
60.200,149.186,226.436,142.485
64.377,149.645,228.001,141.702
67.541,146.582,230.869,139.800
72.921,145.377,232.939,138.689
76.831,143.086,231.331,136.953
68.714,140.420,235.625,135.883
65.587,138.898,238.189,136.195
63.244,136.083,240.626,135.239
61.860,131.561,241.114,135.625
60.439,126.422,238.295,136.879
54.807,123.411,236.136,138.709
47.631,121.940,233.272,140.059
45.974,119.349,231.729,141.814
53.615,114.664,228.687,144.228
71.921,113.805,225.992,144.351
76.694,113.638,225.658,146.127
79.672,118.484,226.461,145.186
84.722,121.911,227.275,143.908
92.352,125.511,228.307,142.990
101.950,125.874,229.629,143.611
111.216,125.335,233.244,144.826
116.576,123.720,234.927,142.843
121.409,122.571,237.411,141.998
127.151,122.146,238.428,140.785
134.601,121.713,238.635,141.592
139.630,120.802,238.752,141.738
138.605,120.065,239.315,142.832
136.166,122.204,239.354,144.284
127.683,127.564,237.764,145.205
118.412,130.739,236.452,147.339
110.949,135.047,234.076,148.200
100.576,143.417,231.247,148.764
87.848,153.006,227.820,146.877
84.955,153.435,223.046,146.782
84.418,153.209,220.275,147.557
84.160,152.181,218.808,148.630
74.641,149.696,218.773,150.445
66.779,143.845,218.824,152.390
66.559,140.485,217.027,152.558
65.244,137.477,215.703,149.188
56.875,133.614,216.476,149.326
44.708,131.273,218.475,148.681
42.478,131.522,219.826,147.829
46.779,130.511,222.672,146.250
52.155,130.478,225.319,145.427
56.290,129.869,226.964,144.850
58.685,126.829,228.228,144.833
58.562,122.333,228.345,143.450
54.324,122.197,229.367,144.651
56.217,122.828,231.050,145.119
61.949,124.030,236.586,146.183
65.191,126.520,239.466,147.046
65.191,129.170,240.726,148.857
67.658,134.069,237.555,149.025
86.360,134.227,232.171,147.906
102.548,133.451,234.021,146.545
98.273,126.559,234.134,145.287
91.458,125.331,234.770,146.295
89.479,124.138,239.360,147.911
76.837,124.329,238.166,149.178
71.609,120.948,237.843,150.418
72.913,116.043,237.165,153.261
85.650,114.368,236.077,153.985
95.234,116.877,233.506,153.534
103.336,118.193,232.911,152.260
106.796,120.100,234.154,149.199
108.238,119.857,233.746,146.464
112.132,117.627,233.236,143.451
114.404,116.228,233.215,141.710
115.219,115.187,232.430,143.168
113.910,114.066,232.369,144.310
110.345,114.494,230.031,144.777
106.666,115.569,227.977,145.798
101.140,119.173,223.660,146.860
98.334,124.506,219.451,148.853
100.198,128.135,216.797,148.007
103.272,124.619,212.629,148.494
105.955,121.411,208.817,148.934
102.779,118.279,206.527,148.757
79.320,116.440,206.389,149.756
60.437,113.458,209.348,149.442
65.391,110.804,210.295,149.266
71.242,109.954,210.642,147.730
69.097,108.165,211.323,146.618
57.664,106.282,212.934,146.296
51.879,105.413,214.796,146.519
50.542,106.673,218.764,147.052
52.738,109.200,223.163,147.612
52.551,110.618,229.152,147.686
52.596,112.169,231.407,148.240
54.502,112.425,232.662,148.930
53.753,113.998,229.516,150.292
52.134,117.753,225.618,151.482
55.747,120.042,221.089,152.786
63.878,123.761,218.230,154.034
73.607,130.884,216.451,154.699
82.378,137.725,215.450,155.691
95.453,140.072,215.151,152.450
99.072,137.660,215.571,150.492
97.277,138.488,218.560,148.132
95.120,141.772,219.457,146.246
90.219,144.205,222.444,145.138
82.377,147.906,225.328,144.352
73.118,150.608,228.200,144.262
74.384,147.842,230.220,142.140
77.914,143.191,230.541,140.526
72.663,142.241,232.724,139.971
62.175,135.600,234.541,139.648
55.116,130.944,236.785,140.488
54.849,124.225,234.777,140.353
54.019,119.866,231.809,141.519
47.959,114.483,229.705,144.215
40.679,111.448,224.134,146.420
31.003,111.692,220.889,149.412
24.971,109.746,219.508,152.427
24.333,111.254,217.788,154.687
30.439,115.955,217.660,155.768
43.185,118.887,214.402,156.026
49.407,110.640,211.058,158.173
44.765,109.883,210.480,156.646
32.921,116.190,211.979,154.819
32.908,116.049,212.526,151.711
35.636,114.965,213.595,151.380
35.726,117.660,215.807,150.364
33.680,116.225,218.255,149.526
28.933,115.579,219.513,150.391
21.035,115.449,220.485,150.041
15.830,113.834,222.987,149.713
12.154,110.187,224.195,149.882
10.762,108.758,225.195,150.292
11.100,107.153,225.860,151.257
12.120,105.333,223.853,151.764
16.772,106.815,223.728,152.960
22.876,107.887,226.043,153.242
28.214,105.443,227.838,152.942
31.767,107.289,228.118,152.724
38.569,109.806,226.376,151.506
60.078,112.721,219.015,148.748
85.647,110.050,214.691,145.334
103.022,108.902,212.706,143.756
115.288,111.528,210.741,143.442
120.311,114.492,209.972,144.381
119.902,118.988,208.047,144.940
117.838,121.448,206.278,145.339
128.116,122.420,206.999,143.593
147.146,119.269,208.878,142.837
163.362,115.992,209.164,142.346
168.513,110.809,208.441,142.668
166.939,107.272,207.103,142.796
161.025,104.879,204.543,143.787
154.868,107.318,201.439,142.892
156.265,106.686,199.981,142.811
163.472,101.877,198.108,143.713
169.385,101.326,198.623,143.854
168.183,103.185,200.127,146.133
161.848,105.235,202.659,147.474
155.153,108.322,203.333,147.587
155.410,113.635,204.562,147.076
157.832,119.442,203.766,147.975
157.093,127.288,204.624,148.011
153.945,130.111,204.513,147.715
151.811,128.188,203.686,148.656
144.713,132.834,206.527,148.870
139.122,130.506,206.603,149.868
140.291,128.963,208.200,148.617
137.294,125.575,205.199,147.996
125.743,121.669,199.002,146.659
111.444,122.057,196.305,146.101
104.906,123.742,197.080,144.090
105.356,121.121,197.445,144.019
105.043,122.813,197.620,144.522
100.875,122.223,196.364,143.205
98.266,121.117,197.713,142.187
87.434,124.595,196.706,141.152
79.023,130.857,197.201,140.423
72.033,134.374,197.375,139.273
75.984,135.167,197.398,139.219
88.091,139.070,197.305,136.634
97.407,126.546,195.591,134.418
101.167,121.670,195.945,133.733
94.936,120.862,194.673,133.961
93.226,123.192,195.486,133.918
86.928,124.262,196.722,133.887
80.212,127.316,199.275,133.021
81.229,129.130,203.163,132.031
87.681,129.391,203.573,131.350
101.305,128.700,202.721,130.458
109.580,126.652,200.153,131.460
117.945,126.177,199.713,130.759
120.929,125.345,198.792,131.177
123.396,124.647,195.614,131.160
123.619,122.162,191.849,131.327
127.986,119.931,192.853,131.584
126.427,120.566,195.662,131.442
116.071,122.964,193.225,132.428
111.722,130.203,193.279,133.264
105.342,136.723,194.647,133.112
96.532,144.119,193.062,133.419
93.843,153.520,193.164,134.446
96.771,152.766,192.402,135.118
112.138,150.335,194.287,135.708
119.863,146.458,194.953,136.265
112.365,144.543,192.469,136.582
94.991,141.850,192.568,137.375
86.759,137.354,190.125,137.589
86.052,134.608,188.269,139.142
87.444,133.986,188.216,139.236
87.638,130.689,186.894,139.089
83.415,127.569,185.128,138.323
81.836,126.113,183.644,138.383
79.394,123.258,180.747,138.436
75.709,126.296,176.322,137.569
74.465,126.056,173.703,136.796
76.067,122.228,171.707,135.187
77.242,118.137,169.958,134.155
75.346,121.477,168.736,133.522
68.353,125.752,166.489,131.810
70.209,129.500,165.148,130.626
74.556,135.650,164.746,130.249
85.461,144.884,162.282,128.182
108.052,145.568,160.677,126.078
120.544,139.648,157.688,124.643
134.522,132.488,154.108,124.532
138.527,126.890,148.544,125.778
138.343,126.457,147.493,126.625
130.735,127.393,147.628,127.276
127.603,127.377,148.679,128.745
128.831,128.384,147.355,128.415
144.330,128.957,146.937,128.634
158.882,130.013,146.802,128.554
169.000,131.987,143.166,127.231
175.784,133.526,139.429,126.602
179.037,132.159,135.539,126.233
176.999,133.336,132.489,126.592
179.510,131.554,132.336,126.678
175.273,134.415,129.754,127.770
172.803,135.206,126.329,129.017
171.481,139.270,121.342,130.550
167.460,146.124,117.886,131.311
163.022,152.895,115.112,131.944
153.813,159.872,111.625,132.309
149.735,166.188,108.517,132.685
155.152,160.621,106.298,130.884
167.699,154.415,108.421,130.364
172.677,140.290,108.069,128.974
177.787,134.592,113.718,128.617
157.122,128.333,112.600,129.619
152.313,126.762,113.105,129.652
145.313,122.227,113.075,128.882
132.410,118.222,105.369,127.950
133.750,115.494,98.823,127.248
133.863,116.096,93.428,126.424
138.210,122.623,89.608,126.649
141.973,125.916,86.121,126.540
146.391,129.226,84.058,126.980
154.049,130.851,85.122,127.533
153.203,132.270,82.050,127.098
159.196,133.329,80.517,126.524
160.787,133.665,78.367,126.435
161.802,134.579,74.483,125.127
172.780,137.499,73.736,125.569
181.470,139.610,71.786,125.214
183.681,135.490,68.767,123.609
185.397,131.503,66.514,121.618
191.825,130.119,65.071,120.111
193.485,124.702,63.012,119.201
193.706,125.201,61.334,118.447
192.233,121.908,59.668,117.715
188.825,120.020,58.295,117.558
182.905,116.792,57.971,117.707
181.763,117.471,57.773,118.975
176.240,117.344,58.241,119.928
175.441,118.642,57.565,120.033
