341.000,135.000,163.000,116.000
341.880,137.470,163.173,113.872
343.583,149.626,163.509,110.963
334.935,158.775,163.054,108.669
319.543,150.323,161.827,108.033
318.390,168.107,161.290,107.899
320.518,175.854,162.104,106.990
327.044,176.431,165.300,104.829
338.921,174.767,171.878,101.944
328.727,168.033,171.999,98.820
336.903,156.036,170.846,96.362
344.688,147.684,166.777,95.732
355.011,143.950,157.809,95.794
351.998,138.900,150.629,97.028
343.917,134.894,143.444,97.728
346.039,128.135,134.241,102.159
354.605,127.063,125.271,108.312
360.864,125.724,117.009,115.385
359.497,123.444,111.703,121.862
361.269,123.382,108.933,126.466
366.594,118.258,105.737,131.210
361.390,116.330,105.140,134.013
361.881,113.492,103.872,135.669
361.595,109.687,102.146,137.426
367.021,108.832,99.565,138.696
373.087,107.553,96.670,139.317
374.253,104.745,93.485,140.941
377.542,101.131,90.381,143.013
370.091,100.536,90.569,144.132
375.452,106.041,89.663,143.511
381.633,105.291,89.358,143.179
377.876,105.163,91.804,142.826
375.571,109.032,94.462,142.132
374.028,111.482,97.173,141.718
377.939,110.122,96.954,141.974
381.981,108.070,95.340,142.827
385.495,103.103,92.127,144.907
384.620,102.267,88.827,146.219
387.159,102.572,86.970,146.170
382.330,104.269,87.727,145.559
375.172,102.083,90.091,145.320
377.959,100.062,91.986,145.741
380.504,98.283,95.033,146.657
387.268,94.261,96.058,148.606
388.288,90.771,95.206,150.628
393.581,98.630,93.688,150.627
396.848,101.925,91.990,150.493
399.956,107.223,90.075,149.343
405.009,105.919,86.934,149.839
410.017,106.627,84.056,149.763
417.294,109.905,81.874,148.654
418.878,108.220,80.101,148.423
421.038,109.312,78.395,147.764
422.551,110.417,77.213,146.765
424.508,106.484,75.708,147.246
431.821,100.908,73.026,148.194
437.385,97.447,70.143,148.471
441.591,100.888,68.221,148.026
445.222,96.880,66.144,148.215
445.508,96.327,63.839,148.214
452.412,99.218,62.821,147.279
457.007,101.186,63.712,145.750
458.265,105.628,65.627,144.372
462.575,107.531,68.008,143.369
460.271,113.157,69.278,142.358
461.739,117.081,70.682,141.988
463.224,115.313,72.490,142.089
462.997,116.941,73.822,141.552
463.431,113.600,75.519,142.720
463.664,114.944,76.442,142.423
459.944,111.933,74.567,143.155
461.048,107.611,72.329,144.868
461.478,102.479,70.211,146.017
462.267,104.598,68.791,146.979
464.364,99.730,68.446,147.036
467.104,100.625,70.072,146.448
468.293,102.385,71.162,146.265
467.157,102.884,72.142,146.673
463.584,107.181,71.424,146.427
461.850,114.561,69.417,146.666
471.034,119.676,66.293,148.542
462.585,123.086,63.480,148.504
457.523,119.300,64.400,148.514
460.807,119.421,66.983,147.821
460.214,116.061,68.754,149.672
453.682,107.920,69.680,153.061
459.322,101.750,69.301,156.005
465.757,97.999,68.145,158.503
466.740,89.054,68.183,160.202
462.706,81.699,68.353,162.946
459.937,77.859,70.907,164.977
461.792,77.370,72.640,167.249
466.419,76.271,73.029,168.558
470.359,75.342,72.578,169.270
471.221,85.519,71.432,171.010
474.317,84.919,70.501,169.632
475.782,91.559,67.631,168.487
482.558,102.397,65.227,167.181
484.272,98.408,63.273,166.076
485.920,106.970,60.992,164.559
492.715,103.054,62.764,162.143
487.744,104.845,65.369,161.789
489.994,102.683,67.982,161.824
487.497,91.029,70.486,163.917
481.863,96.682,71.349,165.748
494.357,75.913,73.727,169.016
489.633,74.989,76.619,172.463
487.384,68.466,78.883,175.180
493.246,64.311,80.847,178.021
490.085,59.541,84.196,180.562
488.127,61.611,86.038,183.310
488.424,60.833,88.027,184.680
493.178,62.906,88.944,187.298
483.856,68.672,88.223,187.645
490.282,78.748,89.072,187.164
485.323,92.225,87.188,185.282
480.857,101.507,84.850,181.725
490.250,103.375,82.604,180.517
496.031,112.345,80.272,177.615
491.481,113.120,79.574,175.283
495.237,101.056,79.781,177.139
494.769,90.392,80.028,180.412
499.711,77.736,79.103,184.814
495.196,70.817,78.452,187.866
502.979,61.454,78.398,190.321
507.512,47.131,78.725,194.050
504.492,42.421,78.723,195.976
502.250,30.052,78.776,197.384
499.703,27.125,78.004,198.282
499.290,32.587,77.697,198.561
494.793,27.721,79.401,198.791
492.344,37.440,81.219,198.792
490.938,43.574,83.279,198.741
484.613,49.446,86.825,198.849
476.827,59.187,87.795,197.231
477.512,83.148,91.537,190.322
476.760,97.484,95.322,184.851
472.366,105.942,95.039,179.678
464.263,111.518,92.904,176.108
460.039,115.949,92.196,173.869
450.918,107.614,93.393,174.598
451.832,97.765,93.308,177.699
455.656,89.226,91.495,181.801
452.415,79.363,89.972,185.432
452.700,65.348,89.820,191.667
457.461,50.331,86.491,197.619
453.396,38.516,83.660,201.011
452.164,29.003,80.662,204.000
451.917,21.771,78.317,204.733
450.443,19.825,75.491,204.949
442.276,16.110,73.351,205.592
443.027,16.324,71.641,206.097
439.489,19.392,70.844,207.659
438.209,18.154,71.006,208.196
434.697,22.708,71.029,208.805
428.326,36.747,72.118,207.901
424.238,47.817,73.696,206.907
427.845,57.104,77.236,205.965
426.501,69.055,78.635,203.268
428.698,86.417,82.465,199.530
426.633,105.786,81.137,194.299
425.775,113.481,78.620,189.177
422.321,121.356,77.302,186.515
419.102,116.109,76.398,185.262
419.852,105.335,76.145,184.469
424.175,84.822,74.603,188.516
428.757,72.148,72.228,192.622
427.989,59.042,70.595,196.542
427.653,44.065,70.566,199.124
423.070,29.706,71.832,201.261
419.418,14.394,73.569,199.276
418.288,7.662,75.790,196.733
421.709,3.859,77.071,194.838
420.351,6.298,78.190,193.913
417.035,6.125,79.244,193.777
423.124,10.784,79.077,193.941
422.889,12.048,79.779,192.576
424.341,24.567,81.196,190.498
424.491,24.370,81.330,191.991
425.644,35.583,80.758,192.404
427.749,56.200,79.347,193.721
427.580,69.379,77.245,193.259
429.952,84.749,75.148,190.687
432.757,99.199,74.337,188.213
432.558,106.318,74.083,184.251
426.688,112.105,73.453,182.412
424.195,109.216,73.225,182.379
419.876,94.263,74.011,183.528
421.613,83.971,73.741,184.868
426.673,68.516,72.634,189.441
426.731,42.868,72.440,191.341
426.766,27.858,71.856,195.090
423.792,15.260,71.485,198.196
422.288,5.499,70.949,199.832
422.113,-0.534,72.183,196.934
415.432,-9.828,74.960,190.999
417.150,-13.395,76.287,187.014
416.031,-12.318,76.704,182.226
421.309,-9.220,76.547,178.623
422.752,-8.951,75.842,175.820
419.922,1.491,73.983,175.237
414.624,2.426,73.712,176.558
414.268,5.434,75.434,178.702
409.265,7.891,77.744,180.910
410.042,17.848,79.577,181.701
410.130,44.562,82.797,180.737
411.270,66.570,85.286,178.461
406.340,83.662,84.509,180.769
411.454,96.427,83.477,182.803
408.926,104.453,80.708,180.221
398.822,115.018,82.829,179.268
388.438,102.057,84.561,180.047
387.373,94.621,88.113,182.641
377.126,74.816,93.771,183.805
370.625,67.565,98.807,184.174
355.508,39.415,107.927,175.717
347.023,24.584,118.870,164.595
363.183,9.836,125.031,151.174
365.345,7.051,129.270,142.810
359.718,-1.167,130.953,138.871
351.106,-4.204,128.055,138.543
345.019,-4.421,127.205,138.839
361.226,-13.971,125.687,137.175
364.090,-18.242,125.671,133.165
364.819,-24.109,126.064,128.144
337.854,-12.976,128.976,125.877
329.689,-15.834,131.255,121.579
328.480,1.071,131.073,122.856
328.650,12.558,130.021,127.529
328.627,24.853,128.798,134.324
336.819,42.797,123.546,149.060
334.782,54.868,119.093,162.726
333.098,65.377,115.055,173.311
351.152,76.643,105.176,184.940
349.094,87.175,98.926,188.792
326.312,104.048,102.877,189.237
320.721,111.728,108.077,185.830
315.041,105.019,112.799,180.697
309.746,101.690,114.914,172.680
302.537,100.073,114.525,162.628
276.182,99.157,122.088,152.781
270.294,110.571,128.305,145.252
268.545,118.134,130.681,144.585
254.896,124.179,135.019,145.564
250.961,123.511,140.007,149.237
240.018,126.592,137.103,153.062
231.114,123.067,136.761,156.385
220.105,119.828,138.506,158.642
216.210,116.896,144.233,159.684
212.988,114.005,146.672,160.033
193.323,102.905,143.453,162.910
184.911,103.203,137.444,164.917
176.422,98.976,133.835,167.199
170.339,92.803,133.477,170.214
165.516,89.003,131.284,174.064
160.232,85.581,128.532,178.745
150.485,84.279,123.342,183.735
138.135,78.910,114.179,188.716
133.046,73.031,107.182,192.454
127.227,73.512,100.545,195.469
108.211,76.986,100.803,196.004
95.070,71.764,102.053,199.167
94.608,81.597,105.049,198.521
89.456,69.472,104.401,201.916
90.132,71.260,101.455,202.270
78.714,73.303,98.211,202.217
74.970,67.919,93.071,204.120
70.407,77.206,89.221,202.616
68.375,72.349,85.433,201.616
73.323,67.517,83.413,201.662
70.500,68.617,81.662,199.714
73.465,67.861,80.950,197.825
74.994,69.737,80.998,196.794
66.429,66.964,80.669,196.445
67.633,64.924,81.480,196.288
