94.000,117.000,1183.000,353.000
117.895,110.984,1143.030,356.952
128.701,114.458,1111.165,353.961
152.304,118.423,1087.246,351.136
169.674,123.046,1055.017,345.451
188.141,130.395,1036.563,341.312
199.405,130.491,1012.720,331.720
225.504,138.795,1001.576,328.302
235.971,142.541,981.228,319.954
258.934,146.358,970.007,317.740
265.080,152.684,955.235,313.234
266.212,156.979,946.962,306.582
281.132,159.340,937.091,304.506
286.693,166.951,916.160,303.325
299.102,170.341,896.251,299.014
314.427,175.348,882.439,296.675
315.148,176.791,858.052,290.955
337.954,174.425,848.733,290.375
328.081,183.046,833.182,281.821
332.634,182.514,818.436,278.238
334.856,183.853,804.781,273.030
343.078,195.763,794.276,263.916
326.683,194.059,783.376,261.075
350.983,198.053,754.646,257.409
346.451,194.700,756.835,256.463
333.184,198.943,755.989,252.320
326.402,201.668,743.420,249.445
349.195,204.122,726.432,246.424
347.924,201.584,721.590,243.592
359.817,198.611,704.121,240.145
313.090,207.836,712.814,235.094
303.185,204.187,719.559,234.283
293.841,210.548,727.467,227.974
297.106,207.335,729.070,227.848
289.867,214.149,729.954,223.995
282.349,209.755,721.779,222.295
287.754,214.337,719.842,219.223
305.853,216.301,715.440,216.880
260.758,214.731,722.310,216.308
291.486,218.093,715.497,211.765
306.697,220.188,710.229,206.981
287.767,220.611,714.179,203.637
289.509,222.477,714.927,202.421
288.509,229.083,723.684,199.193
220.237,232.288,760.652,198.452
245.776,224.801,765.082,194.754
249.704,230.861,798.690,193.588
300.492,226.426,819.369,191.031
218.904,233.202,870.009,190.911
257.557,223.105,886.078,188.006
224.306,224.946,913.246,190.827
182.147,233.436,952.877,190.280
177.121,232.262,988.607,191.046
157.551,239.355,1025.086,194.731
183.088,229.322,1029.369,197.252
149.486,229.343,1042.345,198.479
156.228,233.057,1047.663,199.344
148.590,230.022,1056.295,200.392
161.372,228.635,1056.622,204.192
139.938,231.618,1066.402,206.474
144.349,230.519,1075.174,208.813
142.849,234.948,1075.313,209.057
121.984,232.654,1083.271,208.258
140.664,238.210,1081.650,211.946
157.023,236.502,1080.863,215.276
142.053,237.359,1088.918,214.969
130.997,242.111,1100.270,216.897
118.248,236.061,1107.788,215.847
131.553,229.210,1103.821,218.283
133.100,233.258,1095.629,216.416
144.656,234.494,1087.178,215.143
156.576,236.095,1088.246,216.882
153.858,226.404,1085.617,217.688
155.953,236.007,1074.809,215.159
152.261,239.505,1079.791,216.162
140.675,235.569,1082.857,215.759
141.789,237.561,1086.649,216.087
114.615,235.343,1097.902,215.092
127.222,232.308,1103.856,216.064
144.038,227.463,1102.830,218.637
139.530,237.966,1100.640,219.275
118.968,226.558,1106.757,215.590
153.481,228.241,1096.449,214.399
144.775,240.256,1091.047,217.139
134.757,225.569,1088.264,213.659
133.427,238.582,1089.042,213.934
155.648,242.200,1083.450,214.897
149.752,227.086,1086.239,217.737
143.807,237.150,1082.435,218.487
144.036,248.414,1083.774,221.035
141.350,245.071,1089.989,219.593
128.680,233.922,1093.173,215.530
170.956,230.291,1083.003,214.444
158.058,232.974,1078.799,213.032
145.159,232.474,1082.252,214.691
172.349,236.694,1071.073,217.776
129.646,239.157,1082.045,215.891
134.660,235.387,1085.030,215.053
164.528,230.004,1077.869,215.817
174.459,225.379,1067.030,216.609
162.881,237.846,1061.624,216.364
192.218,227.467,1058.121,215.568
194.719,218.804,1052.354,214.658
146.805,239.985,1057.994,218.262
175.301,231.715,1066.060,214.409
176.404,226.548,1066.357,212.659
162.453,219.209,1065.103,213.220
162.170,231.362,1063.012,215.012
194.287,220.000,1060.094,215.732
160.196,218.995,1062.112,217.606
158.111,216.865,1061.190,221.083
173.831,209.764,1055.739,224.718
130.981,219.932,1070.255,226.064
171.058,224.417,1071.550,225.967
168.022,223.826,1071.484,225.072
192.337,213.372,1062.198,223.604
174.177,220.081,1061.908,224.212
163.438,213.495,1064.498,222.787
153.729,206.468,1068.673,223.714
165.615,199.869,1069.816,225.219
152.166,205.466,1072.039,226.120
172.823,215.851,1070.514,227.858
145.929,217.902,1076.392,225.982
161.238,216.681,1077.726,224.145
155.779,214.612,1074.118,223.215
154.057,216.559,1077.123,225.199
152.211,213.032,1077.856,225.247
165.897,205.741,1078.590,225.378
162.979,205.005,1078.059,224.888
185.455,203.300,1072.212,226.815
177.844,186.022,1071.956,228.160
174.421,208.192,1065.832,229.212
157.100,200.453,1074.597,228.951
183.369,193.870,1072.450,231.365
199.618,181.139,1060.839,230.739
163.384,217.420,1060.523,231.971
178.021,192.362,1057.463,232.888
201.252,190.936,1052.455,232.453
205.170,194.722,1052.833,231.343
190.509,187.695,1049.153,232.928
151.060,205.156,1053.304,232.492
175.842,195.023,1054.957,232.170
177.957,199.350,1056.176,231.302
208.823,170.152,1046.097,230.228
148.898,200.002,1050.883,230.960
209.304,175.528,1047.254,232.205
153.423,209.953,1052.377,232.357
167.214,222.627,1052.471,236.091
202.889,196.600,1051.403,236.137
190.447,216.307,1050.183,237.756
189.298,207.936,1051.336,241.279
165.590,186.426,1058.702,243.291
176.032,210.511,1053.405,243.991
171.921,187.858,1061.115,244.488
179.891,212.942,1056.907,244.577
160.125,198.042,1057.319,245.671
187.738,173.870,1056.733,246.216
133.240,192.251,1062.123,246.827
156.402,180.537,1061.297,249.174
138.604,208.778,1066.248,250.181
142.443,197.313,1070.347,252.442
162.207,181.025,1071.504,254.111
149.442,182.687,1069.836,253.336
198.804,189.024,1065.761,253.053
178.527,185.748,1065.769,252.037
183.236,181.392,1063.773,252.223
190.526,169.484,1059.601,252.191
152.243,181.726,1064.494,252.461
205.477,174.125,1056.180,251.297
171.019,169.593,1053.497,250.268
156.397,179.779,1058.716,251.605
169.077,170.715,1058.460,249.897
156.656,174.311,1063.163,248.674
174.704,215.927,1063.336,251.316
172.671,150.574,1065.648,251.040
168.602,154.666,1067.585,252.192
168.888,155.139,1067.985,250.315
168.410,178.767,1067.687,251.081
178.866,226.200,1066.533,252.361
189.056,198.337,1066.087,252.817
172.733,157.783,1069.498,253.735
172.953,140.396,1068.705,251.810
182.978,205.120,1068.374,253.271
168.073,97.193,1068.250,250.781
172.848,152.493,1070.955,251.840
186.709,192.063,1070.915,252.055
193.818,182.317,1068.145,251.062
184.996,149.051,1065.081,249.582
190.088,181.572,1063.555,251.741
175.283,160.763,1065.991,251.392
137.840,199.770,1067.070,254.876
175.960,190.464,1072.758,255.553
201.625,162.282,1070.694,255.055
164.167,163.580,1074.061,254.610
144.404,185.909,1076.537,255.117
168.912,201.590,1074.605,257.105
195.899,174.112,1076.911,256.889
165.853,161.269,1077.373,257.695
175.481,140.596,1074.790,255.889
190.639,202.711,1077.374,255.371
179.502,182.895,1076.869,255.121
166.486,215.963,1079.401,257.603
141.305,221.107,1085.607,260.265
158.496,197.803,1086.795,260.973
137.775,197.456,1083.172,266.833
123.382,199.887,1080.180,271.857
154.650,177.960,1080.572,270.618
159.326,222.525,1085.517,267.254
167.646,216.884,1085.396,265.185
136.546,229.282,1088.698,266.858
152.166,218.117,1089.204,263.647
177.813,210.599,1090.507,260.578
158.546,218.633,1094.922,259.761
145.102,224.128,1097.991,258.869
152.511,185.526,1095.783,260.637
120.829,231.593,1093.007,267.464
107.054,207.305,1091.034,276.832
134.180,205.966,1093.870,276.778
143.108,227.253,1095.495,276.143
125.436,214.272,1096.490,280.391
152.891,214.113,1099.475,278.048
154.230,213.787,1102.256,273.911
146.685,213.797,1101.705,271.965
157.473,214.252,1099.896,270.746
151.851,219.059,1097.403,270.004
143.378,218.558,1100.285,269.036
147.921,181.440,1100.033,269.582
137.332,232.897,1096.069,280.299
108.685,208.295,1097.131,283.575
142.320,216.646,1101.731,279.176
139.976,166.348,1104.019,279.996
137.278,219.686,1101.755,281.244
113.162,201.075,1104.868,280.198
135.498,216.612,1103.835,280.118
120.941,211.887,1106.654,280.188
122.070,214.434,1108.978,279.631
91.519,222.989,1110.273,284.383
121.954,204.240,1112.039,284.421
131.394,219.353,1111.740,283.517
125.988,181.134,1111.995,283.481
116.544,203.399,1110.006,282.649
120.884,227.722,1110.515,279.245
111.842,223.436,1116.461,274.593
120.208,221.703,1119.033,277.399
116.951,227.427,1122.803,275.865
106.184,221.992,1121.370,278.574
104.514,232.334,1121.406,282.178
104.031,233.978,1125.223,279.003
105.740,222.917,1128.382,277.154
114.031,230.106,1127.803,277.713
105.543,211.502,1124.853,278.693
110.040,212.928,1127.712,276.549
98.924,235.036,1131.588,274.506
103.083,240.799,1132.465,273.600
103.354,216.577,1128.947,276.295
121.952,232.137,1125.193,279.678
100.645,209.160,1125.103,281.691
122.419,221.967,1123.652,282.205
107.081,223.573,1126.306,283.117
101.974,233.064,1127.316,284.997
88.795,212.216,1124.334,290.013
102.428,236.757,1128.211,287.560
91.578,226.751,1126.355,287.275
98.003,242.801,1129.750,286.963
78.565,228.808,1127.619,290.128
91.456,231.452,1126.739,294.841
93.887,242.072,1133.451,290.539
80.867,233.641,1133.131,288.040
113.392,246.617,1134.666,286.982
109.335,230.323,1136.706,284.678
113.182,244.667,1138.446,279.867
108.274,232.530,1136.795,276.546
109.631,243.184,1134.274,272.085
100.451,279.472,1132.712,279.883
121.781,245.904,1128.976,278.432
100.858,245.648,1127.749,282.853
99.021,251.897,1127.322,283.621
92.008,253.766,1132.609,283.705
88.190,243.621,1136.209,285.253
105.556,257.812,1135.213,286.369
97.594,221.803,1132.692,286.963
74.844,254.707,1134.455,285.051
94.044,249.427,1139.075,285.176
103.293,242.830,1137.115,283.711
110.468,273.683,1135.850,281.191
88.116,228.276,1130.897,285.641
81.229,265.344,1125.672,289.161
100.541,243.423,1128.792,285.678
109.113,263.725,1126.847,283.368
106.907,213.405,1123.854,285.567
76.313,262.996,1124.609,289.069
121.330,234.593,1124.651,286.521
112.130,260.838,1128.784,284.191
90.560,273.954,1129.313,287.756
102.046,221.358,1125.140,288.244
102.275,254.129,1124.440,287.664
103.889,257.494,1124.669,284.821
107.895,265.649,1124.268,285.458
93.628,229.891,1122.477,290.929
92.600,265.924,1118.493,294.862
84.315,256.389,1123.473,293.139
94.439,244.639,1123.798,293.223
105.798,284.567,1124.662,295.605
78.442,260.566,1126.631,296.123
99.795,230.708,1126.978,295.218
86.322,278.684,1126.238,302.670
92.530,263.778,1127.929,301.338
109.536,209.047,1122.668,301.568
98.531,247.893,1122.268,301.806
70.172,230.879,1121.998,310.763
111.371,245.662,1122.251,308.447
87.975,255.767,1126.121,309.246
94.704,238.259,1126.706,306.297
122.838,215.859,1128.820,303.170
70.954,270.982,1128.756,309.526
117.084,247.392,1130.866,300.046
91.977,229.317,1129.513,305.900
116.066,269.931,1131.377,303.538
113.329,242.049,1133.027,299.082
80.464,261.356,1136.016,295.995
82.558,221.939,1130.273,300.601
77.509,254.582,1131.277,295.390
106.289,223.679,1127.021,298.331
81.450,268.994,1126.747,300.048
80.058,236.379,1124.264,301.349
103.862,276.352,1124.875,305.176
108.326,229.249,1121.995,303.545
77.284,267.799,1124.480,301.998
100.560,236.599,1129.109,295.571
90.983,263.440,1129.310,293.421
