81.000,87.000,240.000,93.000
78.781,83.424,235.304,88.470
80.025,83.376,232.549,86.397
80.319,83.936,232.848,85.814
81.792,83.354,231.999,85.464
82.357,82.991,234.283,85.349
81.711,82.776,235.407,86.029
84.704,81.509,235.285,86.300
87.286,80.208,236.450,87.363
89.089,77.739,235.877,88.674
91.076,75.441,234.916,90.260
89.112,75.627,232.288,89.107
91.412,75.812,233.838,89.024
92.116,75.415,232.015,88.470
98.389,73.672,229.767,89.125
104.449,70.506,228.363,90.318
106.386,67.675,226.009,89.875
110.362,67.176,226.827,90.612
110.982,66.962,226.495,92.054
110.477,66.139,225.973,91.830
110.172,65.865,225.894,92.328
109.180,66.207,226.639,92.693
108.153,67.557,226.502,92.631
104.830,68.682,226.983,90.613
101.790,70.061,227.820,88.664
99.382,71.833,227.538,87.618
98.396,73.703,228.220,87.774
96.978,73.487,228.166,87.382
96.365,75.540,227.612,87.247
94.304,74.460,227.417,86.964
94.849,75.821,228.392,86.824
92.491,74.582,228.031,86.885
93.316,75.870,228.792,86.308
91.048,75.353,227.992,86.286
92.286,75.141,228.610,86.391
93.249,76.051,229.261,86.015
93.226,74.599,228.097,86.013
95.476,74.724,228.332,86.242
96.126,74.430,227.158,86.706
96.732,74.230,226.634,87.005
96.942,74.925,226.333,87.455
97.592,73.970,226.011,87.810
97.105,74.166,226.648,88.662
99.362,72.336,225.492,89.291
97.243,72.970,226.446,89.867
99.798,71.820,225.212,89.503
100.203,71.926,225.355,90.621
101.674,70.921,224.637,90.113
99.767,70.790,224.383,90.082
100.694,70.319,223.794,89.326
100.253,73.348,223.678,89.567
99.381,71.583,221.980,88.665
98.047,75.732,223.105,87.491
96.100,75.416,223.308,87.147
92.635,78.169,223.660,86.476
91.408,78.045,224.714,86.139
88.666,79.152,225.328,85.992
84.957,80.249,226.788,84.994
83.927,82.345,227.934,85.178
80.046,82.685,228.744,85.135
80.166,84.749,229.791,84.297
81.353,85.510,232.097,84.797
79.436,85.294,232.124,84.524
80.593,86.171,233.297,84.803
79.690,85.706,232.059,84.612
80.589,86.742,232.420,85.670
80.115,85.345,232.032,85.873
79.401,85.360,231.086,85.136
79.472,86.467,232.531,85.957
78.543,86.365,232.763,86.670
78.333,86.547,232.170,87.065
77.838,87.485,231.356,87.264
76.927,88.170,230.669,87.396
75.376,88.953,230.543,86.597
74.922,90.309,232.025,87.671
73.996,90.249,233.488,87.777
72.687,90.316,234.621,88.276
72.024,90.667,235.715,90.087
68.559,92.255,236.532,91.582
67.389,95.022,237.992,94.834
65.874,95.315,239.228,95.965
64.559,95.503,240.573,99.455
67.211,97.773,237.761,106.118
66.018,90.148,232.564,120.281
86.266,74.659,219.943,141.249
120.157,65.013,202.063,161.193
129.644,61.406,192.198,173.585
131.176,47.504,180.234,183.003
135.270,36.678,170.794,191.984
137.926,30.481,163.886,199.130
141.276,26.738,159.099,204.337
140.690,25.323,156.660,204.464
140.288,26.438,155.640,202.483
141.083,26.712,154.329,203.499
142.636,22.673,153.613,207.421
137.494,26.788,151.570,210.812
137.091,28.063,147.441,215.962
136.481,29.830,144.190,218.888
138.626,34.805,141.523,225.249
136.669,36.227,138.434,223.358
135.518,35.112,132.835,225.947
139.926,37.855,128.738,228.088
139.523,28.992,127.275,228.976
141.432,32.028,125.140,232.983
139.609,22.677,123.355,233.914
150.172,23.633,124.880,233.728
144.175,25.761,123.175,235.564
151.425,20.407,121.985,235.538
151.385,21.790,120.909,237.911
155.552,8.387,116.665,238.036
157.125,8.795,114.091,237.452
157.604,7.960,111.952,236.093
159.760,7.386,110.126,235.656
157.921,6.385,108.107,234.857
164.480,8.179,105.423,234.602
167.203,5.669,101.449,234.028
175.875,3.725,98.803,234.083
174.723,7.059,96.725,234.109
176.508,6.055,94.408,233.943
181.988,7.034,91.813,234.614
179.828,0.610,89.494,229.920
182.756,2.513,87.768,229.714
184.128,3.260,86.089,228.655
182.918,1.464,84.486,226.055
182.946,2.199,83.221,223.817
182.911,2.405,81.765,221.450
182.903,5.121,81.014,220.577
181.682,4.636,81.577,219.316
179.904,5.433,83.105,217.824
178.604,8.383,83.085,217.423
177.439,8.593,84.186,216.594
176.287,10.251,85.414,216.335
176.561,9.670,86.244,216.192
176.842,10.942,86.715,215.784
178.579,9.826,87.932,216.362
178.496,11.429,88.794,216.211
178.097,13.088,87.912,217.242
179.196,12.077,87.477,218.524
178.556,13.238,87.336,219.521
180.353,12.216,88.222,220.275
179.305,14.114,88.962,220.755
179.941,12.980,90.795,221.417
180.010,15.176,91.626,223.280
178.741,15.267,92.933,224.492
176.396,14.261,94.854,224.357
175.442,16.947,96.591,226.094
171.265,17.251,99.889,226.810
167.990,19.973,101.796,227.892
168.294,21.640,103.374,228.808
169.504,22.197,106.181,229.274
168.340,20.618,106.567,227.313
168.073,16.722,109.076,224.189
167.487,13.173,111.685,219.898
170.507,15.716,110.372,219.488
174.788,13.434,110.441,216.012
175.612,16.307,110.707,214.479
170.758,12.485,110.104,209.799
171.157,17.067,110.524,207.847
169.614,19.522,111.405,205.579
171.234,17.873,112.573,203.456
169.894,19.858,113.254,202.074
171.324,17.548,116.421,198.670
168.720,18.339,117.575,196.994
166.147,16.958,117.320,194.726
164.850,16.033,117.249,190.605
166.908,16.815,116.588,186.528
168.611,17.993,116.641,182.528
165.672,18.109,109.857,182.683
167.372,26.541,102.829,191.450
170.904,27.743,100.982,198.193
170.158,23.934,100.183,202.473
171.633,24.827,100.606,207.196
170.215,23.275,101.197,211.019
167.405,23.684,102.407,214.585
170.029,23.822,102.842,218.078
164.752,20.550,104.925,217.551
170.922,21.937,106.314,219.130
167.629,20.439,106.014,220.311
168.428,21.640,106.291,221.695
167.951,22.972,106.264,222.695
170.344,20.876,107.023,223.871
170.198,22.192,108.066,226.489
169.183,18.512,108.091,225.862
171.930,21.590,108.466,227.414
168.962,17.493,107.236,227.218
168.881,21.202,107.352,228.381
166.886,19.100,108.144,228.116
164.303,21.201,108.966,228.366
164.997,17.664,110.917,226.873
162.692,20.097,110.729,227.262
161.755,19.894,113.054,225.285
160.056,23.952,112.987,226.106
159.426,23.563,113.274,225.183
154.425,24.845,113.374,222.716
153.573,24.851,112.831,220.705
151.610,27.485,112.479,218.101
151.666,27.047,111.543,216.203
151.330,29.103,110.496,215.345
151.031,29.778,109.880,215.346
150.756,30.491,108.551,214.555
152.019,29.320,107.168,214.646
149.541,29.711,104.946,214.129
157.234,29.183,103.873,213.649
152.480,29.375,101.999,213.354
158.211,28.682,99.416,213.746
153.690,30.231,98.330,213.383
158.618,28.141,98.040,214.467
153.446,27.496,97.374,213.883
157.311,28.134,98.296,213.204
152.153,29.223,98.229,212.235
158.085,26.711,96.025,212.328
154.349,29.416,95.526,212.726
153.977,25.769,95.633,212.536
152.566,25.266,95.554,211.128
151.683,26.722,95.800,210.766
156.710,28.623,95.548,212.594
153.106,28.200,95.905,211.500
160.693,27.409,95.798,211.865
158.244,26.085,95.579,212.374
157.262,26.960,98.797,212.508
159.371,29.622,102.234,212.585
163.750,28.791,105.953,213.595
166.874,27.830,108.865,214.527
167.644,26.239,114.901,214.307
169.744,15.409,117.921,217.474
175.711,16.233,118.702,220.391
172.037,13.464,120.009,221.943
173.455,9.865,120.022,223.578
185.550,14.274,115.767,226.156
171.738,21.681,123.479,225.884
168.034,18.487,130.211,225.355
159.890,22.158,138.264,223.376
157.584,24.629,147.256,222.579
157.640,21.593,153.478,225.121
156.758,25.829,159.392,224.549
156.839,27.174,163.187,223.472
147.907,31.852,168.492,220.892
145.549,41.168,174.981,218.495
144.164,44.820,179.091,217.491
137.558,42.878,179.204,214.000
138.597,43.616,179.616,208.733
125.258,63.113,183.793,198.389
102.304,88.240,200.068,179.838
80.584,105.831,212.220,156.882
69.141,119.496,220.680,135.085
61.279,136.032,227.341,121.877
56.770,145.141,232.271,111.776
57.899,148.221,232.685,104.812
60.703,152.394,232.912,99.574
62.471,150.072,232.648,97.046
63.050,150.606,233.341,93.850
64.587,152.554,234.469,91.436
67.092,153.823,235.772,89.746
67.450,152.960,237.619,89.752
70.598,148.757,238.787,91.071
70.589,149.373,238.644,90.895
73.377,148.012,239.116,91.664
71.455,144.903,238.895,91.544
73.397,144.535,238.600,89.407
73.019,143.972,238.811,87.141
73.000,144.587,239.433,84.882
71.829,145.947,240.073,83.338
71.407,147.232,240.350,81.225
69.874,148.286,240.592,79.422
69.905,149.364,240.754,77.841
68.709,150.880,240.173,77.335
69.317,149.952,240.691,75.118
68.336,151.339,240.881,74.810
66.975,147.432,240.328,73.680
70.507,147.057,241.148,75.882
66.792,141.789,240.741,79.255
68.257,141.385,239.659,85.659
75.954,137.088,237.778,88.546
79.262,142.232,235.406,87.767
84.988,146.454,239.439,87.732
84.387,154.353,244.734,83.616
88.656,155.828,248.933,82.766
91.734,152.898,247.700,83.659
96.039,149.665,244.597,86.586
97.461,147.154,242.493,88.359
98.142,149.243,239.781,88.584
98.318,144.864,236.696,91.502
101.287,144.499,232.385,93.705
101.371,141.446,228.987,96.420
103.561,137.242,225.225,99.446
110.633,116.549,219.864,110.570
119.853,88.142,213.696,129.139
128.562,79.555,210.621,142.994
130.897,67.086,208.301,157.463
131.522,63.051,207.097,167.624
133.686,56.176,206.606,176.493
135.936,59.683,208.333,181.136
132.704,61.897,209.051,184.593
129.037,56.837,205.293,189.712
130.761,61.792,202.636,191.584
134.886,64.027,204.448,188.357
131.307,61.834,204.174,188.355
132.874,59.728,202.253,191.408
136.830,57.024,202.654,193.633
133.379,51.966,201.717,197.052
137.506,53.087,204.037,197.630
134.657,50.240,204.892,198.911
132.417,48.629,202.502,200.594
136.479,52.359,203.715,200.497
134.466,47.023,204.363,200.992
133.431,49.467,202.375,202.498
133.500,47.090,201.105,203.279
133.563,45.698,199.208,203.911
133.950,45.489,197.054,204.236
136.112,43.452,197.061,203.189
136.840,46.632,196.224,205.074
136.414,44.808,196.353,205.233
138.772,46.416,197.527,206.441
136.516,43.810,197.769,206.151
138.708,46.122,199.471,206.775
133.318,44.599,198.526,206.295
133.145,49.126,199.974,204.863
135.856,51.025,202.931,203.520
132.686,48.283,203.187,203.802
133.783,51.753,203.867,203.067
134.737,49.873,205.731,202.779
136.265,51.615,209.139,200.622
129.474,53.036,208.541,199.284
132.778,56.165,209.022,198.323
130.637,57.538,206.908,198.567
134.632,57.808,209.069,195.556
131.030,59.555,208.290,194.418
129.110,64.070,208.182,192.251
133.817,68.775,213.129,186.685
126.584,73.380,215.531,182.410
126.477,81.991,218.285,176.531
122.648,92.175,220.886,168.821
122.187,103.162,225.007,157.568
122.240,113.094,227.678,143.630
122.013,126.273,229.592,127.745
121.928,138.441,230.602,113.247
120.282,145.033,233.696,103.650
120.797,146.534,239.867,96.997
122.214,149.679,237.649,90.348
126.234,150.880,241.916,88.837
128.217,148.136,247.195,87.311
134.016,145.642,248.482,85.997
144.225,144.288,248.383,84.268
156.255,144.045,241.662,84.917
171.118,143.146,232.836,89.427
184.712,136.071,223.521,90.974
192.472,137.217,216.132,91.255
193.789,139.183,210.894,90.702
188.880,139.687,210.179,90.897
181.997,138.154,211.806,93.039
176.626,139.580,212.016,93.281
163.658,141.385,214.995,90.110
144.320,145.759,224.005,88.630
132.339,146.376,225.433,90.150
128.020,143.541,225.422,94.167
123.329,133.377,224.780,101.541
122.075,124.602,221.256,110.654
118.958,120.270,217.309,119.852
97.994,129.498,217.373,115.960
95.556,120.956,215.516,119.634
96.250,106.985,212.930,128.385
122.940,72.058,199.640,150.689
132.635,64.050,191.553,167.077
139.325,61.503,190.196,179.367
131.607,55.148,188.664,186.484
141.270,46.875,190.728,195.293
142.715,38.591,196.713,200.299
147.453,35.925,202.270,203.921
206.119,25.263,187.248,219.609
209.890,24.369,172.460,229.352
216.128,18.976,161.280,237.926
225.335,15.180,152.106,245.222
236.310,16.624,143.237,250.902
242.717,17.302,136.259,257.539
232.247,20.937,133.253,262.384
232.047,10.026,131.964,264.853
223.407,14.992,133.299,264.931
233.627,21.579,133.660,272.552
235.296,17.852,135.470,275.932
239.213,-2.065,141.842,270.241
247.925,16.668,149.037,272.196
237.212,-2.427,159.891,263.861
231.774,4.252,170.852,256.277
256.109,8.253,174.270,250.449
258.593,9.375,176.761,244.240
271.475,0.578,178.446,236.191
263.712,8.126,181.244,229.323
280.254,-0.125,182.098,222.118
268.967,9.078,182.837,216.484
252.722,14.633,184.760,214.583
233.340,20.909,188.564,215.092
248.736,16.122,187.796,214.078
261.108,9.207,186.266,211.908
253.043,18.280,185.588,210.160
262.746,8.033,185.602,206.193
255.582,19.045,185.980,203.490
257.617,8.970,187.467,199.740
261.317,19.898,187.023,198.224
255.065,10.959,188.224,193.786
250.626,20.745,190.751,191.286
252.261,14.226,192.425,188.433
240.628,23.487,195.936,186.224
247.421,17.338,197.697,183.033
238.918,27.063,201.127,181.022
253.281,18.646,201.837,178.218
258.290,23.270,202.524,175.857
269.865,22.415,201.381,173.127
262.604,24.021,202.351,170.977
275.833,20.220,200.773,168.366
264.938,29.547,201.840,166.336
272.510,20.319,201.388,164.328
267.807,27.987,201.463,162.811
251.545,28.376,204.906,162.260
267.014,23.707,203.956,161.018
255.073,30.635,206.018,160.801
263.244,27.587,205.935,160.186
265.658,28.660,205.792,158.845
269.900,27.844,205.092,157.636
270.142,29.363,203.650,157.460
272.573,30.538,203.151,156.773
269.195,30.747,202.611,157.177
271.454,33.036,202.722,156.817
272.413,28.360,202.507,156.754
269.963,29.964,202.525,156.424
273.366,25.083,202.489,155.699
265.746,29.720,203.281,155.654
272.421,21.213,202.506,155.008
277.708,27.562,202.004,154.529
277.438,19.446,201.986,154.027
277.512,27.738,201.542,153.585
266.608,21.950,202.542,153.452
261.856,27.320,203.402,153.716
268.070,21.396,203.171,153.593
268.969,30.715,202.771,154.799
262.510,23.779,202.979,155.157
263.782,29.821,202.947,157.030
266.862,22.368,202.634,157.065
267.548,27.654,202.070,158.170
267.257,22.415,201.121,158.521
267.594,25.292,201.192,158.972
262.314,23.213,201.517,159.288
264.727,25.374,201.885,159.734
262.423,23.856,202.145,160.131
265.741,25.877,202.076,160.371
269.099,21.305,201.962,160.705
269.447,22.025,201.729,161.948
269.748,22.342,201.795,163.165
268.415,20.764,201.564,163.885
267.120,22.473,201.616,165.138
266.642,20.918,201.410,166.081
264.237,19.055,201.869,166.532
261.253,27.652,202.803,167.984
264.310,18.539,203.372,168.145
261.318,26.080,204.026,169.475
262.531,17.993,204.602,169.725
261.960,21.652,205.130,170.501
260.646,19.031,206.031,171.071
261.797,17.448,206.663,171.851
262.237,18.800,207.163,172.311
255.985,22.984,207.088,172.576
245.052,21.104,209.126,172.488
229.897,28.084,212.237,173.826
226.621,40.277,212.985,179.485
223.628,38.005,210.506,187.739
223.067,31.029,208.023,195.295
218.790,33.839,204.160,207.290
154.429,63.267,201.057,217.010
163.667,48.067,201.739,225.390
222.619,20.230,200.048,233.612
233.598,8.373,196.610,236.653
224.227,13.013,192.345,243.941
210.321,12.727,189.757,248.022
151.375,24.658,198.382,246.290
132.247,32.902,200.161,243.978
132.231,37.394,200.330,240.318
133.836,33.689,202.273,237.523
134.214,21.918,202.856,238.411
131.586,22.711,201.630,237.176
133.573,21.569,200.773,235.741
131.177,18.213,199.483,233.912
133.502,20.030,198.907,233.972
132.150,19.898,197.189,233.131
131.483,21.718,195.481,231.924
134.151,20.347,195.978,231.510
133.895,16.488,195.213,231.116
136.641,20.052,197.730,231.537
131.322,15.435,196.285,233.179
130.780,16.994,195.147,233.961
131.992,12.157,193.794,236.458
134.494,37.886,195.610,233.744
132.451,39.608,194.687,230.960
129.276,39.472,192.520,228.694
131.656,38.998,192.400,226.020
133.524,41.109,194.074,224.650
135.200,42.050,194.592,222.441
135.501,41.746,194.236,219.973
135.798,40.633,194.686,219.455
134.355,38.242,194.723,220.674
138.431,34.421,196.855,221.949
141.782,31.525,198.829,223.549
205.810,23.548,186.393,235.022
217.280,18.926,177.450,238.345
195.137,24.728,175.709,238.637
239.832,10.772,167.682,244.775
248.350,6.361,156.725,251.221
231.556,11.494,154.645,253.025
173.506,16.139,166.244,248.231
159.818,14.377,179.278,243.790
165.121,10.524,179.914,243.484
172.326,13.930,176.424,245.596
173.213,17.941,173.361,250.340
172.646,13.413,171.470,253.701
154.513,14.051,172.764,253.572
139.895,11.910,177.653,253.625
134.880,12.670,181.495,252.249
133.425,11.220,184.220,252.975
131.699,7.676,186.250,252.006
129.820,11.672,188.155,251.503
130.598,14.027,191.266,252.823
130.561,13.489,193.442,253.609
129.157,9.090,194.658,253.120
129.337,15.639,196.384,256.201
138.568,11.358,197.534,254.823
151.957,12.181,197.548,259.408
176.848,18.245,197.279,261.049
155.800,23.649,204.075,261.951
154.471,22.207,213.336,261.222
157.486,22.571,221.993,261.443
138.999,38.478,223.776,263.552
143.447,28.405,228.332,263.164
148.071,24.139,235.475,260.517
144.363,25.373,240.723,259.140
138.992,26.449,243.841,258.097
143.778,26.804,247.880,257.317
140.170,30.034,250.345,257.195
136.996,29.715,252.090,255.417
144.858,26.471,257.155,252.443
146.599,26.040,262.323,250.057
168.185,24.065,275.045,248.056
141.204,32.155,277.279,247.840
161.006,23.003,288.108,245.741
167.574,24.785,295.667,243.957
188.592,24.137,293.060,242.962
190.262,16.632,293.157,241.936
191.667,8.180,292.114,240.527
195.536,17.734,287.509,243.505
186.171,9.049,289.762,243.132
159.715,24.483,296.137,244.901
176.147,18.796,297.051,244.224
176.673,26.221,299.412,246.630
172.824,21.003,300.768,245.698
155.763,26.009,308.137,245.846
157.529,28.398,310.921,245.634
148.800,29.709,316.257,245.312
166.984,25.673,312.540,245.932
149.039,25.190,316.113,242.945
163.467,21.607,314.337,240.735
148.885,24.975,317.422,237.915
145.437,27.509,320.972,236.561
140.331,31.989,322.810,236.579
140.442,38.049,323.435,237.508
135.665,35.898,323.925,236.389
132.741,35.636,324.399,237.151
138.576,35.031,324.151,237.834
132.608,33.183,324.381,237.217
155.057,30.151,322.640,235.574
138.096,32.306,323.396,233.627
136.623,38.139,324.076,234.744
137.158,32.167,324.378,234.071
138.027,36.339,325.727,235.050
136.591,32.796,326.398,235.200
135.672,34.598,326.233,235.164
139.310,34.401,326.939,235.507
138.143,33.694,327.415,235.400
139.718,37.661,328.069,235.881
140.347,29.305,328.017,234.495
143.888,30.726,327.730,235.074
139.982,35.335,328.431,234.929
140.874,31.938,328.304,235.039
143.865,32.359,328.383,235.307
141.984,35.938,329.504,235.586
140.559,33.431,329.411,236.668
158.423,24.196,325.279,235.348
172.490,20.239,319.730,234.279
161.192,23.307,318.293,232.958
147.631,25.773,320.892,230.616
140.581,27.794,322.869,230.142
137.231,30.791,323.302,231.060
