202.000,260.000,585.000,356.000
281.725,245.945,571.923,343.956
361.802,283.715,555.005,335.266
328.557,292.745,532.523,316.169
320.534,320.043,524.561,316.950
303.723,322.038,518.800,312.442
320.840,331.140,508.244,310.950
298.879,314.039,501.876,310.114
325.168,327.630,506.099,305.767
317.744,332.008,500.960,301.633
348.358,331.988,503.954,297.807
317.774,327.620,493.081,295.656
308.444,336.024,484.768,295.696
296.901,331.322,474.361,294.360
292.666,325.299,465.549,293.411
335.893,327.207,473.366,292.249
350.876,330.612,469.460,295.425
351.608,318.328,459.410,299.810
372.402,321.723,456.645,301.930
359.052,322.177,456.292,298.807
365.270,327.273,446.158,298.108
320.836,308.099,436.142,298.622
341.387,323.188,439.923,296.746
338.143,325.773,435.064,292.488
330.740,316.842,427.914,289.883
341.274,323.899,434.142,291.212
354.600,332.641,438.051,291.763
353.138,317.345,445.239,290.791
348.028,322.409,448.308,292.021
352.791,320.143,443.168,293.181
351.989,315.431,438.232,294.397
338.636,310.703,433.495,293.462
311.265,318.396,437.912,296.267
313.240,312.455,444.814,294.075
300.541,309.554,455.262,293.595
311.048,316.486,458.786,289.687
333.732,311.130,467.053,290.177
328.985,309.210,471.088,291.630
339.686,307.785,475.454,291.909
309.571,303.204,479.055,292.506
333.184,298.376,477.875,298.258
303.662,297.184,477.471,298.670
299.629,296.438,464.045,299.125
300.736,296.831,460.066,303.343
289.588,314.303,469.013,303.965
272.146,305.831,463.976,301.837
258.371,325.730,448.289,303.880
309.866,298.702,455.831,304.068
308.543,282.613,453.235,303.845
328.486,292.288,463.739,305.123
334.101,292.948,460.908,306.379
352.029,286.991,460.797,304.586
319.558,283.570,454.604,309.165
314.930,285.336,443.873,316.762
273.893,305.000,432.953,323.110
283.671,292.748,425.881,323.797
275.117,297.441,417.834,324.125
306.320,296.180,417.070,327.903
331.010,272.915,412.759,327.783
326.715,294.541,410.017,326.954
334.591,276.972,409.326,323.389
311.937,300.783,409.235,323.260
313.561,289.240,404.992,322.152
285.141,309.627,402.279,326.082
273.153,303.000,398.604,326.092
266.348,302.204,393.012,323.975
290.998,290.640,399.405,317.858
328.401,308.326,400.839,318.361
324.518,288.896,404.326,314.757
302.316,287.948,401.293,318.356
319.501,283.606,398.758,326.091
293.245,302.384,397.260,327.992
259.994,299.647,401.632,320.410
248.894,328.354,395.651,317.703
266.664,310.213,399.404,320.350
260.869,304.592,420.052,317.403
251.934,301.684,440.610,308.457
251.823,296.795,460.452,306.368
256.224,301.976,475.996,313.911
243.193,297.338,488.078,314.515
245.051,293.119,492.939,320.256
216.757,301.689,488.755,320.211
218.864,317.816,490.583,316.914
215.925,320.939,495.818,308.676
204.751,322.487,505.366,301.752
202.550,319.921,510.788,294.036
210.806,325.949,516.561,289.804
212.006,328.176,519.252,289.789
205.863,333.281,521.966,289.588
212.941,325.697,524.769,291.214
205.872,335.124,508.007,292.343
201.951,345.220,499.787,291.206
177.475,330.357,486.922,291.911
173.352,316.805,485.862,299.046
182.627,301.569,490.534,301.825
192.408,300.151,497.542,303.447
200.343,296.682,503.222,310.057
205.087,285.238,506.233,314.888
185.064,283.638,511.262,325.622
156.678,264.341,496.091,327.722
163.887,295.013,493.356,328.205
151.271,288.828,477.761,326.067
164.931,302.072,475.100,327.619
168.004,299.083,468.363,327.916
181.526,297.902,472.079,333.702
181.024,289.353,483.258,330.178
171.613,303.305,494.803,326.054
182.623,313.341,503.581,326.633
179.972,305.527,500.007,324.934
172.968,301.469,499.253,327.290
139.040,315.746,491.565,333.896
144.183,323.395,490.194,338.092
130.809,326.383,490.818,332.744
134.219,335.671,491.585,325.411
135.856,317.896,494.805,324.269
142.220,317.913,497.614,326.661
167.630,305.806,499.048,329.768
179.979,318.932,507.692,337.508
167.442,308.224,506.096,337.393
183.456,302.510,520.622,338.897
185.835,286.632,534.563,345.719
165.755,292.373,548.902,354.029
159.820,277.795,563.143,363.213
140.116,266.798,577.216,364.707
142.824,270.716,581.165,368.764
150.610,268.727,591.091,380.400
168.489,284.996,589.769,383.771
183.301,275.724,583.865,379.362
181.925,288.655,582.382,367.559
188.608,301.882,585.806,359.152
182.590,308.752,588.986,344.739
191.956,326.040,590.445,332.532
187.602,324.862,587.561,329.132
191.096,330.915,585.189,321.873
191.208,338.839,581.035,316.656
192.405,355.514,585.889,309.435
202.574,338.649,583.744,309.806
226.604,356.141,573.930,311.316
197.128,333.413,569.250,303.676
202.155,339.236,559.696,298.202
201.299,337.064,555.903,295.729
241.718,367.875,561.771,297.032
227.320,360.527,568.107,298.327
215.712,340.306,572.898,297.792
245.112,327.510,577.685,295.870
194.057,346.091,585.498,288.917
169.037,346.310,582.631,283.893
136.087,321.158,589.803,282.604
157.660,320.118,590.722,281.223
64.648,307.883,613.358,287.990
115.020,296.879,630.109,289.243
162.932,302.467,624.699,289.997
194.131,321.113,622.023,286.993
209.111,338.889,616.929,286.818
179.875,326.890,625.186,285.795
193.040,349.077,627.336,284.212
150.123,348.486,622.505,285.081
178.382,339.953,622.907,290.652
197.809,341.755,621.150,284.004
208.905,342.060,616.176,282.439
247.001,351.059,612.686,280.939
241.526,355.969,608.812,280.042
235.673,352.608,596.304,274.659
219.984,358.607,593.748,270.964
229.325,348.740,590.411,266.038
227.364,359.879,590.194,259.213
204.005,352.946,586.814,252.086
229.999,370.256,580.637,248.023
250.221,364.603,575.408,247.368
221.655,353.753,573.315,245.199
228.739,366.323,572.135,243.435
212.662,360.417,572.514,240.560
274.519,366.760,559.512,242.335
260.270,345.016,555.292,247.548
260.336,352.202,539.235,247.234
278.670,344.048,531.873,248.977
284.879,350.798,528.053,252.607
251.777,340.640,520.927,256.313
253.734,352.699,521.736,254.028
251.862,345.559,519.247,256.757
249.073,347.211,521.544,256.512
263.620,349.122,519.241,255.989
252.019,347.329,509.915,257.391
237.899,327.355,502.686,260.760
237.464,338.907,505.681,262.415
225.762,332.551,511.344,266.594
207.725,325.202,521.359,271.655
230.141,326.721,525.864,275.067
231.459,329.509,528.286,274.638
204.339,324.938,532.590,276.693
230.583,315.279,539.978,278.355
233.966,315.130,536.734,285.796
181.957,295.669,541.639,288.225
171.713,302.304,533.961,292.430
214.320,309.155,529.841,291.150
236.555,310.921,539.680,295.398
213.091,319.903,545.273,296.598
207.337,320.823,546.651,298.733
214.702,318.490,556.900,296.523
187.028,308.494,558.271,295.178
200.337,309.985,563.152,292.443
195.262,307.621,568.759,293.110
169.164,316.799,567.270,297.575
139.134,321.328,559.587,300.042
158.324,310.183,556.204,303.958
181.420,299.906,568.384,305.930
195.676,311.667,581.438,309.219
225.809,319.311,582.598,305.893
227.367,324.592,582.644,299.917
209.030,301.012,572.836,304.178
196.579,310.526,580.997,305.810
141.243,311.057,579.802,307.330
134.282,315.031,580.945,307.481
135.327,305.404,579.707,307.555
184.854,319.690,581.040,310.447
228.058,325.576,578.443,312.231
247.043,334.612,570.003,310.925
213.723,311.762,556.036,317.853
172.752,322.421,548.557,317.308
162.294,320.084,546.954,320.063
128.735,312.502,544.840,321.110
177.130,292.269,553.961,320.202
193.727,264.108,555.785,317.370
261.002,279.295,555.533,304.635
251.224,307.063,560.993,289.112
243.834,311.611,568.352,280.064
265.958,316.443,564.626,277.361
257.431,299.054,569.286,278.206
256.756,305.796,572.484,276.146
308.924,299.882,581.055,273.793
263.562,300.075,591.115,272.146
258.056,306.659,597.377,273.009
275.239,311.783,599.125,272.951
305.043,303.578,603.639,275.716
302.789,295.360,610.098,278.036
350.073,317.038,621.899,277.444
358.792,305.625,621.306,276.173
330.144,317.557,625.508,271.114
338.798,310.556,619.150,266.764
305.220,318.065,601.751,264.443
342.039,304.866,597.178,263.162
352.747,312.450,591.586,261.361
325.997,293.427,590.642,265.361
313.472,307.934,590.047,264.086
315.726,298.986,595.243,263.836
301.934,293.537,599.884,265.008
310.556,287.162,605.439,260.504
276.955,293.519,605.746,263.736
276.123,295.115,602.326,266.954
229.996,303.279,593.050,271.817
291.397,309.804,587.305,274.572
251.820,332.014,578.634,279.165
317.411,288.377,578.245,284.010
259.285,276.221,575.622,288.057
312.926,286.479,580.267,289.954
286.375,276.117,588.300,297.577
270.983,293.686,585.248,298.752
248.350,307.612,578.872,303.384
291.485,300.548,580.807,304.059
258.259,270.984,591.461,308.875
218.281,290.930,594.831,306.042
256.371,284.933,600.664,310.432
254.921,288.098,612.429,312.749
232.341,274.649,628.268,312.807
198.369,297.251,642.075,316.386
179.836,268.147,675.216,295.153
147.601,279.218,690.234,280.393
122.133,296.351,692.385,272.224
133.730,318.829,698.114,273.868
112.071,296.344,697.727,273.595
94.898,326.506,694.930,280.259
74.285,338.628,683.270,287.212
68.632,317.029,675.374,296.746
76.373,363.524,671.242,297.248
93.808,364.566,667.629,294.875
76.109,348.029,658.372,294.887
43.611,301.259,653.826,292.937
43.514,269.340,661.372,278.320
59.291,281.496,655.589,269.366
46.224,291.185,664.326,262.893
45.379,292.656,664.266,257.467
28.615,293.291,666.587,252.246
108.824,294.111,645.169,251.800
52.329,291.034,644.423,248.656
110.079,296.783,616.796,251.993
87.126,302.456,620.568,254.991
118.558,295.295,612.900,258.627
113.552,302.163,608.534,259.697
110.416,305.082,609.325,258.189
116.013,305.137,609.669,258.948
109.480,296.833,607.043,259.831
127.638,308.993,604.438,262.465
84.287,292.957,610.331,260.237
123.249,311.332,603.794,264.177
82.780,292.099,603.137,265.852
87.102,298.943,609.363,259.230
65.378,292.570,631.402,256.014
48.013,299.395,655.722,249.227
64.372,294.074,670.189,248.591
61.423,299.689,679.794,247.348
44.899,290.228,685.668,251.842
80.326,304.529,679.071,256.994
53.102,272.512,679.849,261.642
54.890,274.502,665.261,269.007
107.978,287.081,641.483,276.673
38.768,259.441,640.063,281.466
62.928,266.432,631.016,286.614
102.227,275.234,612.685,291.149
78.005,278.553,618.275,292.424
49.741,273.450,629.929,292.097
83.837,270.815,620.797,293.408
94.542,281.958,627.223,291.534
122.848,292.965,626.143,290.596
121.192,301.555,614.966,290.877
107.550,297.627,620.519,288.418
89.407,289.931,646.240,282.375
80.768,278.422,666.759,279.138
83.799,288.607,680.344,275.744
95.365,290.391,689.209,274.357
97.938,295.126,705.435,271.010
84.870,297.452,706.858,273.397
132.293,289.053,709.711,274.801
139.190,292.279,718.946,275.664
141.431,289.875,729.495,275.664
197.646,282.318,747.049,275.537
173.364,282.666,751.194,276.963
180.019,294.490,754.879,280.061
213.366,270.168,760.695,282.797
181.893,288.227,750.570,286.678
182.961,309.996,743.653,289.672
172.028,308.656,740.209,295.507
227.372,287.165,732.453,302.609
186.467,325.776,723.552,308.892
214.311,362.729,716.664,313.863
195.427,340.870,711.942,319.144
238.547,305.355,725.222,320.337
242.620,274.935,748.063,316.682
224.627,270.989,769.088,311.917
212.677,279.576,795.312,308.000
182.562,277.836,796.284,315.467
183.826,274.877,815.558,313.163
172.491,272.232,822.117,315.572
210.445,273.054,840.956,312.184
217.558,270.317,830.624,305.155
214.562,290.049,835.710,300.269
175.211,289.256,822.142,298.936
180.749,282.881,800.883,302.664
248.674,286.898,788.408,305.277
240.488,295.958,778.496,307.128
238.098,299.995,758.550,304.640
276.755,313.644,764.323,302.100
219.267,308.151,753.391,302.066
223.560,318.132,745.789,300.736
205.177,310.681,725.709,303.063
174.985,300.780,710.537,308.489
197.837,317.939,686.865,321.219
225.038,300.038,672.888,324.730
207.505,315.236,654.726,331.702
263.778,303.221,627.339,336.763
265.430,299.162,609.763,340.880
255.353,292.833,591.691,345.508
271.686,300.196,582.334,352.203
266.461,307.498,576.476,359.144
271.373,299.054,566.270,370.699
247.366,264.372,571.024,376.980
363.359,271.509,556.774,383.789
288.952,259.774,554.190,394.377
241.539,225.248,554.831,400.976
252.807,188.267,549.027,405.548
223.393,202.254,546.904,413.257
263.498,220.107,541.756,418.071
223.277,197.185,538.212,428.321
182.747,159.668,536.546,435.677
160.512,144.937,541.016,439.179
193.297,156.549,542.991,451.132
152.155,133.313,544.654,451.192
123.121,136.715,554.599,453.009
90.862,138.455,562.701,451.673
83.011,152.922,571.109,451.445
119.284,134.930,572.951,455.990
237.197,168.318,568.316,461.618
228.822,147.459,565.288,462.309
290.037,178.582,555.376,471.311
224.676,144.076,546.322,473.210
280.427,172.090,535.833,478.531
219.158,145.662,522.081,483.111
235.300,125.480,520.433,483.479
274.877,146.837,511.136,486.638
266.290,125.864,512.875,487.540
310.786,149.456,514.169,490.646
295.914,116.079,508.210,489.672
344.485,156.006,502.649,494.105
313.233,127.100,494.048,494.191
352.279,147.226,488.217,491.605
337.217,141.810,485.943,494.955
334.892,158.659,482.912,494.285
317.058,127.599,480.977,493.717
292.715,147.640,478.536,490.623
323.633,148.068,476.859,491.250
316.929,144.258,475.835,487.856
313.677,141.956,473.834,491.922
322.121,138.321,474.225,492.706
310.677,136.072,469.564,492.411
285.878,135.361,469.672,489.960
306.150,141.393,471.204,485.442
318.362,132.209,471.760,479.295
307.339,121.038,468.039,476.040
341.799,140.871,463.890,476.037
340.736,134.205,461.410,473.511
296.119,133.835,456.875,472.085
319.815,148.146,459.009,471.151
349.060,139.597,454.297,474.198
303.939,145.821,456.215,473.654
268.518,155.178,452.010,476.137
328.226,148.236,444.299,483.944
334.595,139.572,435.182,490.854
352.473,144.611,429.604,500.298
354.226,134.847,424.444,505.788
323.784,132.911,424.020,511.526
339.661,123.924,428.305,515.019
357.700,129.791,428.842,521.799
358.158,134.032,426.834,524.635
373.572,144.806,425.621,524.933
366.331,124.357,426.666,529.080
378.404,111.864,421.871,533.379
387.913,111.472,418.067,539.308
392.646,119.664,416.200,536.904
421.047,122.579,414.266,535.672
421.289,122.521,412.885,539.891
389.376,124.427,409.867,543.613
382.513,134.352,420.160,546.530
356.012,123.536,430.313,546.251
372.086,120.484,442.933,546.201
378.478,98.168,452.863,536.757
389.437,134.970,462.878,535.189
380.989,118.314,473.024,528.799
413.427,118.331,476.789,516.045
403.675,145.730,483.714,507.043
374.570,153.514,489.367,499.103
449.216,151.800,502.464,481.579
426.543,163.783,510.808,461.869
429.703,179.154,514.116,444.920
450.056,173.501,521.127,440.971
434.922,181.487,545.260,431.169
