407.000,32.000,503.000,685.000
409.119,14.765,493.340,681.721
426.573,-0.244,486.336,683.460
441.259,-13.448,480.763,691.786
448.008,-23.870,475.838,699.409
432.127,-25.593,483.417,700.267
436.353,-14.419,474.949,696.683
433.331,-22.977,475.524,702.113
425.769,-17.523,474.458,700.857
428.878,-19.525,476.884,703.125
419.003,-22.466,479.580,702.271
420.377,-6.633,478.417,698.103
406.780,-24.347,485.137,705.570
411.777,-17.068,488.526,706.261
396.101,-8.812,489.398,698.427
401.033,-12.305,490.599,701.865
393.004,-13.989,500.290,702.410
390.211,-8.988,500.463,698.685
374.218,-11.179,505.062,701.813
383.972,-3.546,496.147,697.848
387.408,-6.027,494.552,693.396
385.279,-7.339,493.393,695.411
384.523,-3.113,494.231,692.532
387.122,-8.153,494.835,694.271
392.246,-8.734,494.273,692.875
380.008,-0.582,496.008,687.989
384.160,-6.892,495.136,692.323
388.127,-11.779,492.741,695.154
384.671,-1.791,498.154,693.368
383.512,5.515,491.903,687.138
373.542,8.008,496.531,684.542
352.087,-0.799,500.712,686.910
353.346,6.602,491.289,684.737
357.106,15.244,480.435,680.002
371.092,21.401,471.400,671.453
370.081,13.239,474.051,675.106
371.454,10.635,468.625,676.139
372.369,5.381,470.612,682.917
381.174,-3.601,476.060,691.297
379.590,-6.018,478.479,698.229
374.280,-16.879,481.304,701.130
369.921,-12.410,487.111,699.552
376.573,-18.737,488.342,703.211
377.249,-17.780,498.359,704.280
390.469,-26.145,502.378,706.952
402.573,-16.034,495.316,704.208
403.912,-16.934,481.307,704.451
407.439,-14.766,487.153,703.738
406.312,-24.663,488.144,708.708
416.944,-25.968,489.388,706.654
425.116,-19.214,495.620,706.505
431.804,-20.958,496.257,708.874
437.358,-16.162,483.058,707.072
443.291,-16.055,475.227,705.220
449.274,-3.194,479.184,699.978
442.255,-2.781,483.132,698.106
446.339,-1.227,480.734,696.621
446.206,1.380,478.130,695.971
448.618,5.391,479.810,692.925
458.706,0.257,481.838,690.473
462.252,9.869,476.446,685.305
474.420,11.188,471.566,683.318
473.291,14.229,477.165,681.156
470.255,17.277,485.145,680.262
480.420,12.318,489.294,679.899
475.697,21.920,488.268,675.911
479.710,24.197,487.446,675.157
475.988,25.184,490.554,676.206
477.513,23.089,487.649,672.519
468.230,26.809,490.819,672.111
467.561,25.478,486.072,674.543
477.287,16.405,486.927,680.649
479.291,15.071,480.868,681.193
481.697,6.250,472.281,685.439
480.556,10.099,480.228,687.351
467.537,7.644,477.434,688.672
468.515,6.303,467.735,693.224
461.049,9.218,462.345,693.428
456.155,12.083,460.480,695.183
445.001,9.606,462.859,693.838
446.423,10.286,455.827,693.455
446.874,10.039,450.568,694.871
440.520,9.512,454.548,696.594
431.709,11.689,457.526,695.337
431.873,8.301,453.537,694.784
416.420,9.694,454.991,694.200
423.993,7.099,449.124,700.345
420.374,0.840,450.614,704.514
421.748,-2.668,450.535,708.082
421.401,-1.464,442.116,704.803
419.543,0.065,444.998,709.070
425.286,-6.875,447.975,711.698
422.769,-7.202,443.717,710.627
425.285,-6.344,448.811,715.000
431.999,-7.108,451.105,713.723
424.119,-1.026,454.916,708.469
432.012,-1.127,451.008,705.331
434.584,1.740,459.949,704.454
440.308,2.883,462.394,701.396
432.859,7.653,472.109,699.832
444.109,6.708,468.611,695.359
446.802,12.917,474.834,686.558
443.316,20.453,487.990,681.957
450.869,24.366,498.824,676.070
462.119,29.930,501.521,671.165
457.511,34.432,509.263,667.920
468.108,31.971,510.187,666.188
470.393,29.388,516.886,670.441
486.989,25.499,515.850,673.755
486.695,31.836,507.694,672.003
487.134,20.678,509.278,677.693
475.161,25.384,507.984,677.410
468.972,23.210,509.830,682.153
473.102,17.473,500.665,684.775
483.066,18.321,484.787,684.088
472.354,19.043,486.952,690.212
466.936,8.300,483.907,694.829
458.779,7.633,481.595,698.832
451.910,4.270,479.469,704.296
441.177,3.623,476.463,706.063
433.859,0.503,468.643,706.769
428.507,2.897,457.894,701.356
419.247,4.889,454.584,700.552
419.239,4.741,451.892,699.127
413.677,6.652,452.210,695.703
409.063,6.569,452.280,694.476
404.280,4.132,455.850,693.880
400.521,5.784,448.752,689.412
408.065,4.028,447.419,695.482
407.327,3.247,446.362,697.407
410.748,-3.003,443.127,696.877
415.645,1.547,435.183,692.097
426.282,3.376,433.706,691.766
432.963,-1.243,428.796,691.047
437.073,2.150,431.806,691.136
435.170,1.639,440.827,693.283
433.250,-1.449,447.505,693.951
422.484,0.319,449.194,694.296
424.660,2.108,456.121,695.848
432.189,-1.359,457.921,694.424
432.794,2.455,464.663,694.904
448.013,7.903,464.395,690.704
446.934,11.852,466.781,687.238
445.541,13.509,470.066,685.077
445.079,12.381,473.246,684.890
428.802,19.235,480.955,682.188
424.380,11.842,486.075,682.125
421.262,18.053,486.159,677.817
420.039,18.949,492.468,677.034
410.703,17.750,498.019,677.999
396.796,17.853,502.511,679.580
405.917,8.974,500.052,680.577
406.882,12.542,501.928,680.059
396.169,20.727,503.346,680.016
390.700,21.146,499.310,677.873
396.100,23.306,492.922,674.056
399.228,30.386,493.193,672.573
412.856,28.984,480.572,668.128
406.218,27.671,481.373,668.340
418.737,27.024,474.430,669.576
420.791,23.933,474.749,669.180
412.205,28.839,477.303,669.563
430.343,24.479,467.684,673.253
435.593,22.735,461.675,674.731
423.010,24.746,456.623,675.350
427.325,14.975,452.666,680.728
428.556,7.922,440.713,681.660
412.356,12.182,441.485,681.884
395.931,6.265,439.389,681.958
396.180,11.285,438.175,680.752
384.636,9.472,437.387,680.780
384.412,13.677,431.946,682.555
379.477,14.285,426.973,683.683
383.175,14.195,428.716,683.674
380.035,18.127,430.639,679.134
376.119,14.052,431.815,680.748
382.460,19.659,440.138,677.706
369.256,17.736,434.963,677.132
372.496,14.193,422.473,675.482
383.339,18.502,425.209,673.336
395.549,18.040,432.618,673.867
391.253,22.371,433.365,675.736
390.960,20.171,434.953,676.241
403.568,22.822,440.434,675.142
410.623,23.683,453.500,674.968
405.243,21.102,459.286,674.514
399.721,20.191,467.576,674.477
400.571,25.746,478.021,674.021
410.260,27.193,481.160,672.926
400.730,24.439,487.843,672.689
411.954,29.187,487.642,673.442
403.068,20.085,492.221,672.922
428.050,27.591,486.250,670.960
429.330,20.155,486.122,674.379
421.755,17.869,485.601,674.614
416.781,16.515,485.182,676.089
412.787,13.692,488.091,677.212
417.174,10.699,489.815,681.062
412.698,7.004,491.073,683.020
399.169,15.084,499.142,681.719
404.755,3.857,499.252,686.624
397.475,3.369,493.925,688.322
400.639,0.591,491.936,692.323
393.027,0.095,478.550,695.934
394.700,0.715,475.576,692.819
396.804,-3.026,461.383,692.478
382.280,-4.070,451.294,693.682
387.113,-7.245,437.846,693.948
384.845,-8.255,436.883,694.216
380.781,-5.851,435.543,690.821
371.307,1.092,435.336,688.427
366.518,0.476,433.973,686.412
348.736,1.306,427.930,685.333
343.965,6.620,416.909,685.051
353.857,7.586,414.693,681.369
346.421,12.344,407.450,680.184
356.433,7.299,412.788,680.356
348.851,11.765,409.319,676.536
367.079,14.476,417.264,675.889
363.591,13.800,417.087,674.788
373.131,19.728,425.775,672.834
375.992,21.645,427.188,672.580
383.916,24.956,428.308,669.587
394.582,26.346,430.777,667.176
403.241,31.204,432.100,663.537
408.493,34.133,430.661,662.056
414.824,35.889,440.661,660.772
416.864,38.120,444.980,657.097
424.494,42.323,451.065,653.453
421.650,42.803,458.502,654.529
424.244,48.238,467.304,650.483
434.206,52.091,466.603,647.961
439.082,59.936,477.343,643.175
424.618,61.103,485.049,637.811
438.746,60.854,488.808,635.056
444.591,62.581,485.087,633.620
435.916,63.467,484.451,633.133
428.565,56.835,490.328,635.762
423.424,51.483,493.462,637.800
415.947,53.644,499.463,643.937
423.322,44.203,503.092,647.496
413.239,46.564,504.459,645.702
409.724,37.515,504.261,650.744
411.851,33.192,503.405,656.781
422.772,29.871,495.330,662.443
431.911,25.213,491.365,666.973
409.886,18.711,489.765,670.031
422.623,15.447,491.515,675.392
434.167,7.515,482.693,677.577
419.607,5.684,468.528,679.477
425.445,-2.287,462.810,687.388
412.123,-2.991,452.221,689.760
413.256,-2.715,452.964,691.233
410.336,-6.749,441.986,694.746
410.980,-11.316,433.851,695.845
418.859,-11.524,436.832,694.760
419.038,-4.499,440.319,690.411
407.526,-11.941,436.495,691.564
403.825,-6.072,426.720,688.417
399.782,-10.200,430.332,689.061
396.620,-17.289,423.395,690.203
403.886,-6.755,418.746,691.050
411.362,-7.614,422.306,691.240
420.784,-13.201,427.027,690.258
422.505,-6.046,431.427,693.242
416.828,-4.320,433.248,690.979
432.827,-4.921,446.390,687.749
439.718,-10.319,447.853,690.502
437.666,-4.815,444.148,693.419
444.997,-6.775,452.252,693.858
420.047,6.971,464.946,688.454
429.169,6.181,478.411,685.837
426.367,1.740,491.403,688.033
432.509,0.679,495.526,689.403
430.527,-3.188,498.477,693.392
419.763,-0.796,504.724,692.274
433.150,-1.783,498.567,689.037
428.684,-0.146,497.582,688.944
435.207,3.408,491.645,689.502
428.476,3.095,490.405,685.427
423.028,8.483,496.525,683.623
436.722,3.413,492.688,680.982
424.297,8.091,487.913,680.674
401.441,26.049,495.288,672.800
424.087,3.707,504.969,677.356
435.851,4.673,493.047,679.085
425.325,20.110,479.541,671.582
423.910,15.049,482.623,672.008
430.648,29.721,474.080,665.596
440.017,7.839,461.953,669.094
426.907,33.459,463.067,664.452
432.938,17.690,463.954,664.693
431.923,15.976,453.718,669.333
429.528,21.656,444.725,671.814
426.881,20.168,458.196,676.858
437.873,-3.206,463.642,681.525
424.185,0.290,455.380,679.717
422.131,-6.152,447.356,684.254
428.415,14.671,450.969,679.171
429.656,3.578,456.789,685.375
413.612,-8.616,462.193,686.440
411.385,-16.499,454.712,688.001
413.999,-14.656,450.251,685.263
413.031,-3.857,447.614,680.750
424.174,1.098,446.493,680.829
426.836,15.128,457.474,678.961
417.380,27.286,458.246,670.708
431.785,19.158,477.275,671.224
417.017,2.517,471.565,678.834
418.669,3.495,466.593,677.617
418.895,0.253,465.153,683.193
430.493,-2.376,464.091,685.200
427.127,-1.574,468.595,689.417
418.887,3.113,468.315,689.015
427.834,-12.353,474.446,687.146
412.019,-3.694,491.440,688.934
427.962,-5.019,490.174,687.178
410.309,11.071,499.472,684.715
420.231,5.612,497.437,685.380
430.849,-1.139,489.677,685.270
419.706,1.170,500.312,684.875
408.727,8.882,503.146,683.816
420.957,6.588,496.126,684.249
420.241,-0.957,496.018,685.851
419.066,4.028,497.789,686.024
428.451,0.290,491.881,689.239
417.848,1.045,490.437,693.209
421.048,2.829,478.810,690.990
419.301,10.595,465.328,688.584
426.848,8.151,457.492,687.552
440.992,4.462,444.132,686.359
434.970,4.705,434.110,683.896
432.525,12.137,433.397,679.886
433.703,15.364,434.091,677.905
433.787,14.831,431.115,678.190
429.793,12.833,437.907,679.161
422.369,14.260,445.686,676.678
406.465,11.509,439.851,677.507
415.825,13.456,436.505,678.581
421.455,10.698,438.509,676.816
418.699,18.163,433.763,678.451
430.251,17.064,445.174,678.153
434.695,18.734,457.192,676.721
425.233,23.840,451.628,673.942
425.144,28.388,447.454,671.185
433.757,33.500,447.848,665.903
425.467,45.090,448.029,657.682
440.035,49.772,452.120,649.890
424.856,52.048,459.956,645.789
435.967,52.725,463.789,642.953
437.566,47.994,468.463,644.109
436.144,43.618,473.244,646.387
444.735,40.744,476.369,652.447
446.792,36.747,478.303,655.303
444.139,26.884,486.270,662.168
444.831,26.890,492.763,666.963
441.997,26.443,497.280,669.971
448.276,24.636,496.578,671.580
443.150,22.775,499.185,674.320
450.146,16.026,499.201,676.977
455.976,21.657,492.646,675.373
452.311,19.135,491.283,678.658
459.480,19.283,487.155,679.710
446.065,16.931,488.635,680.286
438.372,11.554,489.087,681.108
439.028,7.234,488.139,683.480
433.987,2.926,482.427,688.233
434.486,5.526,479.954,687.481
426.482,-0.140,472.710,691.352
422.535,-2.228,454.450,691.953
414.742,-0.792,443.109,691.039
418.712,-5.369,440.106,695.068
403.805,6.133,441.942,690.606
390.839,9.988,441.203,687.480
376.792,19.088,436.144,682.687
377.800,19.385,427.988,678.410
369.665,25.060,425.962,675.786
364.489,30.626,427.064,671.456
364.740,34.472,426.563,667.488
368.767,28.385,431.251,666.396
363.755,40.259,431.000,660.915
369.965,35.914,435.601,660.119
361.694,42.227,435.392,657.764
370.788,38.787,435.709,659.105
375.990,36.809,437.152,660.951
383.426,31.218,443.474,663.998
382.983,38.847,447.377,661.487
393.597,32.953,448.085,665.618
395.750,38.565,445.998,663.029
399.722,43.588,443.195,660.384
410.169,42.266,443.824,655.665
404.590,50.811,459.820,652.497
403.026,47.581,468.976,654.910
404.779,49.473,471.597,651.933
413.526,49.717,469.971,648.831
414.817,65.467,474.846,642.973
409.221,75.496,479.196,632.536
412.212,75.626,486.112,628.947
410.497,94.035,485.994,617.760
431.499,96.808,477.310,611.535
425.464,106.952,472.406,603.066
429.128,97.386,470.786,601.559
411.035,110.075,478.791,595.686
431.098,81.612,485.559,605.605
421.257,62.137,489.538,624.950
403.986,53.316,504.743,636.827
402.334,43.103,509.216,646.602
404.241,32.315,507.007,657.010
395.225,26.498,513.416,666.864
398.471,17.027,514.081,671.331
398.808,15.313,515.655,678.107
398.895,2.247,505.164,683.113
375.829,-2.771,504.254,691.500
399.826,-9.111,488.503,698.057
397.491,-19.954,486.007,706.191
395.751,-18.307,482.740,706.880
387.258,-13.472,461.739,705.092
389.993,-24.596,462.141,707.203
378.018,-14.443,449.215,700.884
384.513,-19.970,445.327,701.774
377.256,-8.297,436.010,696.704
374.396,-8.843,440.633,686.765
384.869,-7.695,439.224,688.739
386.805,-10.691,436.779,693.275
377.610,-13.271,425.125,694.521
392.138,-15.606,437.964,693.867
383.949,-11.025,441.508,692.071
385.658,-9.445,432.493,693.121
396.368,-10.118,435.983,693.402
393.578,-3.127,446.205,693.855
401.615,-4.879,451.107,693.991
400.794,-9.116,457.124,695.659
402.439,-7.658,451.101,697.982
415.766,-7.120,465.398,695.972
406.038,-3.415,470.763,695.646
401.490,-9.909,477.252,696.126
412.583,6.732,485.862,689.555
408.603,-1.858,483.213,691.445
412.067,19.007,485.703,678.876
415.709,0.678,491.487,684.525
412.353,12.391,494.333,680.103
410.184,7.979,493.457,682.263
415.917,16.071,490.118,681.198
419.536,7.211,491.898,683.387
416.662,6.461,490.168,685.162
421.100,7.302,489.081,685.694
421.995,-0.696,487.493,688.481
422.703,-1.577,485.663,691.137
416.924,-6.958,488.675,695.185
408.178,2.374,490.245,691.266
