1
210.8077,139.0462,94.8928,52.6707
208.4310,139.9997,99.2617,52.0883
206.1676,140.1119,102.5025,51.9556
203.8552,140.8485,105.1290,51.8479
201.0541,141.6347,106.4958,51.2351
198.8113,142.5024,108.4025,51.1197
197.1493,143.4914,109.2682,51.2295
194.7800,144.1420,109.4256,51.3508
193.0903,144.8662,110.7010,51.3916
191.4170,145.3214,110.1104,51.5681
189.7928,146.2194,110.5315,51.4429
187.7559,146.4312,110.9241,51.7081
185.6108,147.0623,110.3874,51.8233
182.9982,147.8161,111.2754,51.9971
181.4626,148.8420,112.6377,52.0049
179.5691,149.4959,113.6030,52.2416
178.6531,150.4217,114.5771,52.7382
178.0081,150.9367,114.9985,53.2177
176.7368,151.9806,114.0890,53.5467
175.9585,152.9086,114.6319,53.7652
175.2006,155.7179,113.4057,54.3302
174.8344,157.8743,112.6059,54.0287
173.0562,159.1772,112.3863,53.4773
170.8863,159.3526,112.7819,53.4954
169.2687,160.3391,113.1818,53.4216
167.2147,159.9259,112.7594,53.7100
165.6797,160.2420,112.5993,54.0773
164.4008,161.1747,111.8922,54.2953
163.6281,162.0406,111.9486,54.3793
160.6908,162.5416,112.2440,54.8129
158.7388,163.3742,112.1263,54.7588
155.9599,164.3115,111.2606,54.7669
153.9578,165.0727,109.7368,54.7573
152.1678,165.6272,107.9310,54.3150
153.9466,166.6941,106.9782,53.4016
154.5869,168.0907,104.7942,52.4953
155.8101,168.9955,102.9012,52.3235
155.1621,169.5178,102.7189,52.0499
154.4039,168.4679,102.6405,52.4025
155.2812,167.9420,102.1940,52.4843
155.4275,167.1556,101.6318,53.5262
154.3378,164.9736,100.2189,55.0158
153.2534,163.7059,100.1566,55.5927
153.5401,163.2369,99.3496,55.5374
153.7643,162.4836,97.6829,55.4458
153.3498,163.1973,98.6683,55.4802
152.6826,162.5028,98.5715,55.8798
153.4177,162.9091,98.3107,56.5730
153.4813,163.3357,97.2560,57.0551
153.7913,162.9811,95.8057,57.6272
153.0900,162.8520,95.6225,58.6317
153.6462,163.0065,94.5283,59.1421
154.8067,162.8115,92.9357,60.4325
156.7123,162.9243,90.5737,59.8017
157.8138,163.2580,88.5611,59.2043
159.2668,163.4244,87.7131,58.9873
158.6776,162.6865,87.0515,59.3964
160.1426,162.4714,86.4658,59.4519
161.4350,163.0056,85.6851,58.9141
161.3482,162.9554,85.4108,59.6205
161.3602,162.3833,85.4605,59.6197
162.3241,163.2399,86.4873,58.9482
162.9840,163.1373,87.0480,58.5151
163.1649,163.1656,87.0474,58.0317
163.6242,164.0508,86.4065,57.6973
163.3333,164.4954,85.7958,58.3803
163.6123,163.4409,85.1458,58.5812
163.1913,163.1108,83.6558,58.9319
162.6470,162.7256,82.4694,58.5327
162.7916,162.3833,81.9259,58.3940
161.1211,162.1175,81.4741,59.5233
159.5116,161.9378,82.2260,59.6102
158.9638,161.7336,83.5671,59.9341
157.3988,161.5389,83.9298,60.3004
155.6158,161.5462,84.0036,59.9671
156.1816,161.9449,82.6497,59.9298
155.1833,162.1378,81.3228,58.8258
153.2818,161.7709,79.4682,58.7044
152.1570,160.9854,77.6273,58.9058
149.5894,161.8639,75.6515,58.5002
148.5595,160.6895,73.3482,58.2392
148.2807,160.1952,71.6204,57.7055
147.0998,160.2438,69.9177,57.3212
146.2613,160.4833,68.3376,57.1490
146.0982,161.0717,67.3898,57.3014
145.1387,160.6150,66.6814,57.0056
145.2168,161.2842,65.6349,57.4089
145.0321,161.7053,64.9805,57.4119
145.3597,161.0832,64.5750,57.0833
145.9996,161.1986,64.5648,57.1095
146.0660,161.2451,65.0399,57.3435
145.1172,161.5252,64.5093,57.9021
145.2727,161.4224,62.8681,58.3554
144.4183,161.3547,60.8796,58.4767
145.4308,161.7110,58.4813,58.8994
146.7345,161.4802,56.2299,59.3107
147.4541,161.6619,54.8507,59.3402
148.0957,161.2193,53.0354,59.2146
149.3694,161.2233,51.3280,59.5070
149.9957,160.6891,49.4362,60.1980
151.0879,160.3122,47.5981,61.2759
154.6868,160.8110,45.9440,61.5059
157.3593,160.8406,45.0956,62.4036
160.3303,160.4570,43.9386,62.9861
161.6441,160.3155,43.4050,64.5269
163.4050,158.5428,42.8821,65.9458
164.4240,157.2708,42.1027,67.1008
164.5839,156.9923,41.1913,67.7448
164.5249,156.6337,39.5880,68.3899
164.5010,156.3526,37.7058,68.9265
164.4591,155.9120,36.0977,69.3493
163.9606,155.7373,34.4137,69.4437
163.2022,155.4102,32.9050,69.7593
162.7743,156.2269,31.9088,69.7329
162.6369,155.2885,31.4291,68.9217
161.3335,155.6893,31.7354,68.6664
161.0267,155.8041,31.8265,69.1385
161.9946,154.7964,31.4918,70.4056
162.3510,153.8022,31.1114,72.2846
162.8668,153.7890,30.6808,73.2868
164.5470,152.7408,31.0251,74.1619
165.5774,153.8894,32.1774,75.1573
165.7352,153.8549,34.0734,76.1997
164.8332,154.0857,35.4665,77.4738
163.0711,153.4660,36.5985,77.0442
163.0602,153.6817,36.7780,77.7665
162.9034,154.3512,36.1073,77.8411
163.5118,153.7127,35.3760,77.1717
164.4511,154.0303,34.3694,75.5350
164.9957,154.4790,33.6739,74.1232
166.7310,155.3828,32.4748,73.7733
167.6073,154.7779,32.0315,73.0489
168.5355,154.9594,31.5792,71.5487
169.9948,155.9301,31.4822,71.9800
172.0104,155.2877,31.2582,72.2672
172.7768,155.1847,31.4422,72.3325
173.0898,155.1898,31.3019,71.6726
174.0834,155.4684,31.5265,69.9733
175.8960,156.0616,31.6138,69.1810
176.6461,157.0638,32.3509,67.9749
176.4215,157.9403,33.6982,66.3379
177.6017,159.4609,35.0343,65.7421
178.2402,159.2218,36.7890,64.5666
177.9861,160.0552,38.9420,63.8255
178.9793,160.0970,40.9331,62.9049
178.7673,160.5416,42.6837,61.9473
178.5084,160.6461,44.3227,61.1663
179.2684,161.2706,45.2110,60.5024
178.8519,161.6695,46.2081,59.9068
179.0209,162.8642,47.2881,57.9692
178.7092,163.7324,48.3364,55.9004
178.0530,164.6977,49.6808,54.3223
175.7357,165.6403,51.6057,52.9841
174.8836,166.8714,53.5138,52.4165
171.1961,167.6971,56.7366,51.9630
169.5262,168.0975,60.2728,51.7252
167.7884,169.1937,63.6217,50.9090
165.4369,169.4442,67.2463,49.6846
162.5891,170.8271,71.4637,47.8604
164.7258,171.2037,72.9477,46.4839
163.3582,172.2696,74.1689,44.9365
161.4925,173.2746,75.7898,43.8932
163.3748,173.0051,77.0271,43.3519
163.0440,173.6668,78.5305,43.3260
164.7328,173.1829,79.4581,43.4579
166.7050,172.9845,80.4466,43.5913
168.9145,173.1846,82.2343,43.1894
171.1326,172.5684,83.4082,42.8607
174.8027,172.9530,83.6318,42.7852
175.8967,172.9085,84.9425,42.5883
177.1760,175.0749,86.1069,42.2263
177.9441,176.8657,87.2095,42.1701
178.1144,178.6600,88.0421,42.0483
178.8716,181.0075,88.7069,42.2276
180.2746,181.8928,88.5851,41.7344
180.0713,183.4941,88.8599,41.4620
180.2178,185.3161,89.0293,41.2865
180.1139,186.9490,89.1551,41.0721
179.0197,189.0172,89.7829,41.6751
177.6660,190.2421,91.1777,42.4281
178.1382,192.5416,91.0418,42.9805
175.8438,193.3959,92.7197,42.8716
175.7928,194.9537,93.1819,42.0068
174.5375,195.5807,94.5490,41.7259
171.9098,196.8054,96.6708,41.6676
170.4345,198.4445,98.0302,41.8288
168.3300,200.2529,99.9211,42.0667
166.5374,200.3631,101.2168,42.7444
165.0534,200.8371,102.2851,42.8710
163.8912,202.0311,103.0938,44.1831
176.4268,210.5936,98.0583,49.2592
170.7824,204.7173,95.9466,51.6707
173.0449,202.9889,92.7446,53.6545
165.8074,204.8844,89.9840,57.2054
167.7769,201.5248,85.9888,58.9010
168.7341,199.3181,83.3049,58.4964
172.6006,199.3210,82.3629,57.8469
174.0453,198.0076,82.6923,57.9895
174.6900,197.2626,84.9855,58.3569
174.2104,197.0232,86.9822,59.8055
175.7266,195.2461,87.5914,60.1147
176.6134,195.0811,87.9079,59.6868
176.4521,194.0118,89.3197,59.8495
175.1426,193.5300,91.5368,59.9362
176.6443,193.3918,92.4740,60.2622
176.8855,192.7854,93.9771,59.9016
175.1090,192.3862,96.3906,59.5787
176.7098,191.7314,97.9112,58.5911
174.1684,190.9617,100.4598,58.2930
175.1642,191.0961,101.2372,58.1951
177.2944,191.4121,101.6061,58.1880
175.2392,191.6380,103.6041,58.1373
174.4708,191.7819,105.0282,58.4478
173.1522,192.4448,106.0087,58.8790
172.9379,191.9266,107.2813,58.9528
163.8905,194.9391,103.4569,57.7522
162.2880,198.0099,101.6186,56.6289
161.0521,200.9634,99.4429,55.4492
166.9250,200.7447,98.4918,54.4478
163.0770,201.9379,97.2091,53.6485
168.8066,201.5867,97.1541,53.1345
202.7824,185.1777,99.9882,52.9704
206.2605,185.6188,102.0025,52.5089
206.9522,187.1129,103.5744,52.3299
213.1123,186.6088,104.0720,52.0639
220.1001,186.4087,103.8896,51.9748
236.9086,185.9075,101.6717,51.3530
242.8607,183.9529,99.0307,50.2399
242.9846,185.6927,97.4187,49.3024
2
0
0
0
0
1
178.6517,206.6133,51.2948,43.2340
180.0685,206.2266,50.1024,43.1336
181.0738,205.1774,49.4375,42.9441
181.1705,205.3529,48.3948,42.5327
182.0522,204.7298,47.6280,42.7277
182.4991,204.6231,46.8232,43.1809
183.0878,204.1158,45.7993,43.8410
182.6143,204.2178,45.1359,44.7400
183.6464,202.9449,43.9369,45.6131
184.4623,202.7658,42.7579,46.0760
184.7709,203.0214,41.9768,46.2122
185.9359,203.0017,41.0529,47.1892
187.0351,202.7345,40.5567,47.4411
186.2378,202.1036,41.4892,47.2396
187.4937,202.4133,41.9948,46.8318
189.0519,201.9931,41.4113,46.4665
189.5097,201.7716,40.3945,46.4837
192.8900,201.4778,40.2332,46.0827
194.8170,202.3029,41.4004,45.6636
196.7597,202.5018,42.4621,45.4660
197.6746,202.2443,43.8739,45.8991
198.0657,202.1666,45.9884,46.0232
197.3809,202.4597,47.9387,45.8687
196.9222,202.7074,49.9625,45.3751
196.0200,202.1431,52.3479,45.4655
194.9249,202.3309,54.1131,45.4815
195.4977,201.7986,55.6215,45.7276
194.4839,200.0962,57.3821,46.0079
193.9091,198.4914,59.3921,46.2779
193.4893,197.3210,61.0784,46.5371
192.3714,197.1792,62.9068,46.3004
192.3691,196.4661,64.6200,46.3645
192.1335,196.8756,65.5660,45.8882
191.1631,194.9816,67.4264,46.2473
190.3101,196.4734,69.5708,45.5978
190.8169,196.4554,71.0122,45.3323
189.6636,197.0992,72.9985,45.3006
189.4767,196.7700,75.1365,44.9471
187.9172,196.1196,77.5598,45.2756
193.9038,196.0467,76.2284,45.5345
194.4764,196.1826,76.3672,45.3987
195.1486,196.3046,76.8113,45.1827
197.0241,196.1396,77.3456,44.9424
197.2817,196.4383,78.5043,44.5662
197.6586,196.6048,79.5189,44.5865
196.9817,196.1556,81.1415,44.8008
198.1629,195.9772,82.1393,44.7777
198.3360,196.6178,83.6650,44.4512
197.2377,196.0186,85.2877,44.3357
195.1845,196.6249,87.5061,43.9065
194.5123,196.7000,90.8134,43.4714
193.7484,197.0227,93.6478,43.1632
193.5072,196.4487,95.0978,43.1065
195.5542,196.4166,96.0064,42.7814
196.9054,196.8195,96.2232,42.1480
197.8668,197.2539,96.4546,41.9237
201.3786,196.8532,96.0741,41.5669
207.6636,197.6216,93.6184,41.3241
207.5249,198.0586,93.8735,40.8054
209.1496,198.5027,94.0020,40.6725
212.4722,197.5214,94.6741,40.4915
214.6493,197.6952,94.8921,39.9073
217.5487,197.0989,94.3258,39.9868
218.5909,196.7198,94.4307,39.8146
220.9253,196.0683,94.6788,39.8002
222.5534,194.8801,93.9363,39.8174
223.2559,194.1977,93.3311,39.7139
224.1614,194.2291,94.1113,39.6675
225.7051,193.0977,93.9641,39.6528
226.9839,192.6208,94.3079,39.8671
228.5100,191.8459,94.7297,40.6320
229.7735,191.3819,94.9902,41.1447
231.0209,191.1890,95.3835,41.1254
232.4605,191.8683,95.6889,41.0143
236.5972,192.7374,95.2622,40.7504
237.6178,192.3372,94.9422,40.8179
238.3094,193.8139,95.5487,40.9910
241.3671,194.6446,95.6850,41.1718
244.0007,194.7195,95.5151,40.9791
246.1723,195.0708,94.9772,41.1984
246.8722,195.7184,94.8086,41.3332
248.3471,195.8961,95.1336,41.8072
251.2603,195.5486,95.1671,42.7163
252.5700,194.9371,95.6259,43.2071
254.1980,195.4014,95.6683,43.7287
256.6516,195.4698,95.4687,44.2622
259.8999,196.0730,95.9779,44.6589
262.3572,196.2756,96.0967,45.4354
265.5229,196.5789,96.0040,46.1805
268.3755,197.3698,95.9777,46.4998
271.7020,198.4111,95.3886,45.8822
274.0256,198.4920,95.0562,45.5556
275.5392,198.2728,95.4948,45.8767
276.9489,197.8848,95.4708,46.2678
279.2527,198.9017,95.7895,46.1928
279.9235,199.3201,96.2753,45.7335
281.3680,198.8833,96.3748,45.7435
283.8046,199.0321,96.6174,45.2137
285.6448,199.1707,96.2818,45.3104
287.1245,197.0968,95.9353,45.1411
289.4676,194.3697,95.6472,44.6763
289.5631,191.8992,96.7568,44.8185
290.8470,190.4322,96.4396,45.4013
291.7260,188.1755,97.4277,45.2049
292.4913,186.4445,97.9768,45.2419
293.4922,183.5791,99.3027,45.1228
293.4472,182.5826,101.2360,44.9747
293.7396,182.8580,102.1187,44.5406
296.5333,183.0934,101.6967,43.7855
298.0102,181.2089,101.8656,43.0966
301.0006,179.3996,101.3250,43.0016
302.2079,178.4514,100.7909,43.0895
303.1157,177.8224,101.2581,43.3928
304.4731,176.9028,101.3277,43.7518
305.4001,176.4171,101.3059,43.1781
306.9620,177.3504,101.5961,43.1669
310.2094,176.8183,100.7514,42.6376
312.3583,176.8796,99.0767,43.1308
314.6307,175.4217,97.4750,43.8743
316.4277,175.4223,96.7999,44.5078
316.9820,174.1313,97.6220,45.2984
318.5559,174.5062,97.2720,44.8142
315.9713,174.0158,98.3027,44.3254
319.1400,174.6864,97.9525,43.9585
319.4616,174.4780,97.4152,44.0864
321.5711,174.4769,96.8917,44.1116
320.1103,173.1747,96.8201,44.5503
322.6751,173.7146,96.1957,44.4590
322.8798,173.4366,95.4937,44.4168
321.2641,173.4893,95.5937,44.3717
319.6671,173.2931,96.8601,44.3537
317.6932,173.8809,98.4159,44.0080
316.8969,173.5707,99.4044,43.6731
316.1462,173.6473,99.9532,44.1442
316.4756,173.7679,100.3269,44.0256
316.5400,173.8877,100.8607,44.1959
316.0411,172.6113,101.3103,44.1703
316.9095,172.6467,101.4217,44.5447
316.9560,172.1098,102.0071,45.2080
315.7707,172.1573,102.4966,45.0885
316.3399,170.9016,102.3467,45.4909
315.3743,170.6935,103.3459,45.9828
315.7401,170.4443,103.0262,46.0976
315.4765,170.7337,102.5373,46.0136
315.8733,170.9458,101.7916,45.7356
316.1299,170.7860,100.8944,45.4819
316.8811,171.2154,101.3790,45.4152
317.5161,171.4383,101.7050,45.5951
319.0758,172.5495,102.2938,45.2075
319.9022,173.3735,101.6201,45.4101
322.6579,174.4990,100.1674,45.8435
322.5321,175.1587,100.6890,46.2881
324.9829,175.5350,100.7963,46.1193
325.7581,176.4048,101.7514,45.8988
325.1861,177.7233,103.3587,46.0535
324.9602,177.5935,104.8308,47.4953
324.0233,178.6852,106.7565,48.2899
324.7099,180.1186,107.8038,49.0933
325.2441,179.7297,108.9491,49.7171
328.8068,180.4762,108.3571,50.1104
330.1375,180.8892,108.5021,50.4477
332.5235,181.8672,108.5686,50.3685
335.6380,182.5528,108.4027,49.8991
335.1318,183.2190,109.1018,49.7899
337.5898,181.9536,109.7555,49.7053
341.1045,181.7136,110.3932,50.2822
345.0077,182.1898,110.6800,50.7585
350.0353,182.3419,109.7520,50.8638
353.6021,182.5642,109.5767,50.5094
357.0225,181.7591,109.7783,50.3619
359.8841,180.9592,110.6875,50.2347
363.5210,180.7583,111.0816,50.5438
368.2935,179.9428,110.6525,51.4644
370.7458,179.4366,109.5921,51.5882
373.3499,179.4405,107.5471,51.9270
375.2473,179.5631,105.8725,51.4238
376.4284,178.0769,105.0000,51.0809
379.3383,177.9219,103.9480,51.1207
379.9048,176.3105,103.3183,51.6305
379.9374,176.8951,102.9092,51.1272
380.7172,177.1814,101.6837,50.2809
381.1992,176.6877,99.8777,49.6396
382.1822,176.0407,97.9614,49.2753
382.2916,175.3770,96.7247,49.4386
381.9008,174.1289,95.0528,49.9656
382.6071,172.7709,94.2247,50.6360
382.8503,172.5768,92.3632,50.7059
382.1696,171.4816,90.4272,51.3445
382.2815,171.4065,88.9668,51.3824
381.2947,170.2062,87.8278,51.8431
380.4021,169.8634,87.7142,52.7927
378.8965,168.8764,86.9629,53.7602
378.4890,168.7162,86.7032,54.3982
378.5277,167.8864,85.8732,54.7923
379.0064,168.0306,85.4688,54.6763
380.8088,167.9576,86.3486,55.0406
380.9082,167.5948,85.2015,56.1441
382.6771,167.6085,85.3291,57.0720
383.7020,166.1470,84.1150,56.8521
386.6792,167.2145,82.4528,56.1245
389.5297,165.7974,81.6679,56.4934
391.8723,165.2428,81.1242,56.9239
394.7873,164.1603,80.6935,57.0128
397.3680,163.2929,79.4439,57.4776
400.9792,162.2243,77.4221,57.7600
405.5186,160.9734,76.1301,58.4139
408.1283,161.6987,74.9174,58.5962
410.3629,161.7301,74.0353,58.4594
413.4983,161.3905,72.8871,58.6767
413.7380,160.7550,72.0132,58.2421
415.0888,160.3499,70.8646,57.7638
414.2562,160.9364,70.3548,58.0390
413.8996,161.1866,70.1143,58.0669
412.2771,161.0434,69.8363,58.3783
410.6421,161.0084,69.1005,58.9599
410.9922,160.8123,68.3461,60.0365
410.3688,159.7167,66.8613,60.5052
410.3210,160.0815,65.2897,61.8203
410.1384,159.5484,62.8139,62.7863
411.6813,158.0642,59.5858,62.8383
413.5992,158.9093,56.4675,62.8772
413.5184,157.7652,53.4471,62.4870
414.3006,158.0582,51.0176,63.4818
415.0257,155.5737,48.0124,64.1527
414.6307,154.0818,46.2700,64.7359
414.6036,153.2716,44.2079,64.8089
414.7233,154.6113,41.7026,64.4939
415.5640,154.4438,39.4105,64.7978
414.0781,154.8362,37.1672,65.2318
413.2034,155.5388,35.0416,65.4961
413.6397,156.0270,33.2979,65.9514
411.5376,157.2784,31.7989,66.2518
410.4012,157.1911,30.3407,66.1299
410.1565,157.2623,29.2049,65.4304
409.1822,158.3787,28.4014,65.6222
408.2372,157.8982,27.6119,65.2850
407.1418,157.9803,26.9073,64.6774
405.9738,157.5556,26.6409,63.8810
404.7429,157.7795,26.8993,62.1655
403.3051,158.1036,26.9871,60.3883
403.4098,159.3428,27.2631,59.5456
402.1609,160.1055,27.5745,60.0662
401.9769,159.4823,28.1100,60.5706
403.1924,159.2859,28.2708,60.0029
403.3411,159.6462,28.2593,59.8356
403.5240,159.9680,28.2203,59.6519
404.0831,159.7209,28.3548,58.4344
404.0086,159.4594,28.1617,57.5261
404.5123,160.3782,27.7283,56.9192
404.7759,160.6248,27.6723,55.6733
405.2878,161.1880,27.3853,54.5651
405.2995,161.4557,27.4655,53.6891
405.5132,162.5916,27.4701,54.4556
405.7876,163.2102,27.2696,54.7602
406.1542,162.8606,27.0969,55.7282
406.1946,162.9220,26.6558,55.7812
407.2814,162.7065,27.1105,55.7938
408.5882,162.6545,28.9637,56.5560
408.8015,163.5134,30.6274,57.1956
407.0588,162.8382,30.4108,57.8632
407.5876,161.5613,29.6488,58.4563
408.3818,161.8550,29.1560,59.3932
408.5414,162.2764,28.8680,59.6682
406.1831,162.5427,29.6151,60.6874
405.6985,161.0524,29.8853,60.4433
404.8880,161.5055,29.4456,60.6520
405.8109,161.9270,29.5252,61.0126
405.2148,161.3596,29.6262,60.9569
406.0412,161.6675,30.2203,61.0838
406.0077,160.7693,30.8350,60.1300
405.8296,160.6261,31.4982,59.6473
406.2751,160.3000,32.0647,58.3159
405.7069,160.9628,32.9620,58.4043
406.4107,159.9193,32.9668,58.1326
406.5928,159.7999,33.3923,58.8637
406.7986,158.2307,33.9933,59.2449
405.3249,157.1449,33.7617,59.4031
406.9877,156.3839,33.2631,59.3000
406.2080,155.4516,33.5209,59.4758
404.3905,155.0722,34.6719,59.5154
403.6715,155.9234,36.4397,59.7968
403.3586,155.7278,39.6837,59.3433
403.4070,155.1504,43.5556,59.4313
