339.000,323.000,277.000,67.000
338.566,320.470,274.610,65.663
341.934,321.456,274.074,65.642
342.876,321.223,273.898,65.942
344.624,320.864,273.199,66.539
348.005,320.743,271.109,66.551
346.757,320.708,270.540,65.867
352.762,323.088,270.460,65.077
348.461,321.857,269.754,65.724
353.956,320.918,270.022,66.544
352.626,321.607,269.644,65.689
354.285,320.840,270.131,65.759
352.444,320.508,269.496,65.715
353.357,321.108,270.502,65.645
354.711,320.880,270.229,65.717
353.763,320.367,270.963,66.435
359.282,323.767,270.983,65.512
355.329,323.345,269.027,66.640
355.528,322.419,269.086,67.165
354.693,322.368,269.790,67.359
357.560,324.028,269.426,66.719
357.371,323.175,269.119,67.244
356.572,322.399,268.449,68.032
356.015,321.587,268.775,67.534
355.299,320.379,269.142,67.235
357.650,321.882,269.881,65.853
357.605,321.214,269.414,66.253
358.605,320.616,268.944,66.640
359.384,319.628,267.904,66.557
362.217,319.721,267.791,65.994
363.120,319.702,269.190,65.820
366.113,319.790,268.534,66.186
370.028,319.497,267.057,65.733
368.524,318.150,266.868,65.523
370.815,318.263,266.552,64.967
373.592,317.144,266.496,64.633
377.347,318.992,267.542,63.616
379.323,319.079,269.038,63.153
382.154,321.780,269.036,61.370
380.702,322.562,268.961,61.252
381.953,324.922,268.705,60.349
378.579,322.748,272.716,61.549
385.829,326.499,269.790,60.019
380.355,326.428,271.986,59.586
385.011,329.201,270.824,58.712
371.771,328.934,277.166,60.402
369.463,329.939,278.330,60.792
377.530,329.833,270.829,59.463
377.809,330.366,266.594,57.350
376.670,330.877,265.529,55.927
377.241,330.742,263.084,54.961
379.241,331.061,260.458,54.035
379.650,331.610,259.038,53.727
376.876,334.095,260.813,53.054
379.682,335.394,258.950,53.310
382.760,334.666,256.292,52.517
381.642,334.947,257.246,53.693
380.766,334.799,257.484,52.538
382.823,334.323,259.059,53.240
382.721,334.886,259.650,54.881
380.837,335.355,257.557,54.927
377.068,336.960,257.239,55.974
367.920,334.602,257.785,58.286
361.653,333.953,259.636,60.625
363.976,333.335,260.281,60.313
370.913,332.726,261.302,60.952
378.791,332.398,263.979,62.048
388.855,330.581,264.655,63.568
387.222,329.507,265.503,64.839
381.927,332.184,267.083,66.324
384.614,338.732,268.370,66.448
386.578,341.862,269.224,67.018
388.480,342.735,269.383,67.414
395.503,345.755,270.895,68.511
404.246,350.360,273.479,67.961
416.273,350.204,270.205,67.889
426.593,355.286,268.260,65.516
426.736,358.884,266.460,63.861
416.294,359.818,268.582,63.925
412.934,361.988,269.547,63.004
425.204,362.267,271.192,62.750
427.479,358.578,270.995,59.847
425.151,356.055,265.234,58.081
428.314,359.289,259.459,57.384
429.397,362.769,256.178,57.099
430.983,369.082,253.857,57.641
434.709,371.711,252.111,59.228
431.618,372.065,251.484,60.606
425.768,378.684,250.974,62.441
429.584,383.175,250.917,64.820
430.566,385.105,249.807,65.937
429.730,388.853,249.501,67.933
431.965,393.073,247.532,68.758
434.997,400.020,246.138,68.745
444.720,402.029,245.069,67.778
449.058,402.172,243.567,66.177
449.881,404.015,243.877,67.327
440.548,403.736,247.304,67.357
437.601,403.014,246.424,68.635
429.942,399.231,248.856,70.899
432.783,393.634,248.898,70.793
427.901,386.146,249.444,73.724
425.990,376.016,251.130,74.655
421.585,364.195,252.920,74.618
424.659,355.819,253.813,72.533
425.675,350.393,253.786,69.977
414.697,342.271,254.216,68.716
402.886,342.838,256.110,68.969
398.926,343.773,255.619,68.565
407.859,346.976,253.934,69.320
420.527,351.208,254.009,68.905
431.813,353.559,255.332,68.091
428.161,356.786,256.485,67.793
414.116,363.367,257.993,66.912
401.843,366.269,259.276,65.741
395.014,370.452,261.416,64.699
388.247,376.632,264.360,63.632
381.974,382.728,268.808,62.688
386.760,385.488,269.777,61.745
384.013,394.941,275.386,62.169
389.202,397.334,278.234,61.855
390.461,398.351,284.049,62.858
396.961,397.191,288.041,63.876
403.913,396.448,290.896,63.724
403.129,391.863,292.539,64.648
383.649,385.856,294.908,66.654
362.315,384.574,297.318,67.616
356.482,380.569,301.506,70.571
375.491,375.773,300.582,70.623
387.843,372.040,300.397,72.634
377.335,362.671,301.255,72.603
353.042,357.829,302.094,74.752
341.271,352.950,302.323,75.314
339.048,343.821,300.911,78.614
358.304,343.005,303.075,80.492
368.829,337.377,303.122,80.112
374.233,333.996,300.765,78.624
368.563,339.618,304.423,78.079
355.968,343.711,310.737,78.363
335.840,348.634,312.152,78.201
324.780,351.362,315.933,78.848
317.400,356.157,323.649,78.331
317.726,362.793,329.183,78.595
324.660,370.119,333.220,78.488
330.073,367.916,336.442,76.704
333.308,368.848,343.966,74.951
341.812,366.662,347.066,75.044
347.327,361.237,352.062,74.816
354.180,360.236,354.672,74.570
357.543,358.481,351.033,73.949
349.131,358.383,349.309,74.869
356.322,363.498,347.122,74.781
370.310,362.253,348.320,74.497
389.054,361.042,351.815,75.170
400.429,362.249,350.935,75.998
382.865,361.671,352.609,75.845
357.130,368.438,353.151,78.113
346.276,381.660,353.344,76.129
355.401,378.373,354.740,74.814
365.112,370.401,355.426,73.542
384.844,367.550,357.035,73.585
394.702,357.360,354.815,73.825
382.124,343.646,356.005,72.368
368.268,337.380,355.821,71.785
356.331,339.880,357.355,73.147
357.414,333.799,354.642,72.162
371.405,328.592,353.555,71.784
377.872,326.687,354.495,75.665
371.386,328.106,355.754,77.397
366.083,329.598,353.615,78.808
365.193,332.119,351.912,80.650
381.556,330.893,349.541,82.225
394.011,326.101,343.902,80.394
409.171,326.207,340.567,81.034
403.188,322.549,339.585,82.904
389.326,321.313,340.340,85.740
371.421,324.471,339.058,85.833
365.963,321.290,336.884,85.693
390.520,315.709,330.672,84.388
394.851,314.320,329.976,83.534
385.336,313.821,334.028,85.364
376.227,311.638,335.048,87.124
370.332,308.408,334.033,86.486
373.757,303.019,330.958,85.325
385.921,299.035,329.408,85.137
386.862,295.249,326.894,85.465
372.210,293.850,327.906,86.931
364.382,293.635,328.574,89.048
353.480,295.152,329.411,88.632
346.605,295.701,329.746,88.149
343.780,297.282,331.787,87.025
343.045,299.720,332.906,85.898
359.870,298.854,330.295,85.267
380.845,298.472,323.620,85.953
377.961,294.991,320.531,85.870
379.152,288.817,315.733,88.030
376.158,282.640,311.868,92.010
370.879,275.714,311.052,97.556
378.407,271.821,312.122,102.018
383.712,268.601,313.466,104.646
393.845,264.069,310.540,106.463
402.208,261.928,308.458,109.047
406.875,261.261,304.239,109.123
406.296,257.784,300.623,108.109
405.189,259.761,297.739,106.715
409.319,262.784,298.391,104.192
411.017,261.550,299.788,101.687
414.601,266.051,299.825,99.043
411.731,268.590,302.221,96.053
412.205,269.778,304.869,92.758
413.006,272.999,307.779,89.385
416.321,275.274,307.333,86.136
419.265,276.831,308.150,82.673
419.661,277.546,310.162,80.442
426.322,278.748,309.505,77.107
427.655,278.381,310.790,75.545
435.956,278.426,311.795,73.427
443.454,279.543,311.272,72.836
449.944,279.965,309.837,71.404
457.664,280.318,308.670,70.310
462.880,280.982,306.214,70.717
472.130,279.217,304.736,70.391
481.921,276.411,302.106,69.720
490.222,274.325,301.255,71.961
501.743,273.422,298.539,72.585
510.138,270.619,297.467,74.804
521.899,269.089,296.059,78.069
536.655,267.697,293.887,82.078
546.547,261.905,288.269,84.938
547.864,256.142,281.252,89.950
544.288,251.647,273.686,94.652
542.162,251.963,266.632,96.990
543.757,252.992,262.771,100.627
555.776,251.444,260.436,103.833
574.858,246.558,250.950,106.525
587.160,236.476,247.462,107.204
597.223,220.492,244.741,108.040
604.823,205.199,240.716,110.095
606.275,193.113,236.572,113.342
612.669,188.250,230.209,118.097
619.829,189.423,225.135,122.754
633.891,188.105,219.504,123.891
643.219,188.973,213.150,124.234
649.787,187.759,206.710,125.683
661.134,188.643,199.738,128.909
670.024,187.413,194.247,135.253
678.724,186.124,188.302,140.115
683.144,189.836,181.578,143.381
684.792,190.258,175.080,145.057
681.258,192.948,168.465,146.522
678.683,189.874,161.800,147.860
675.956,187.182,155.190,150.568
672.714,177.109,146.978,153.671
666.652,171.975,140.188,155.911
667.298,170.639,131.720,158.053
669.452,169.780,123.478,158.759
672.792,165.862,114.592,159.745
670.832,179.449,107.120,159.270
672.375,176.806,100.039,160.191
677.224,179.763,93.636,161.838
682.808,180.163,90.196,161.694
687.326,179.717,88.030,158.744
689.331,178.254,88.134,158.563
690.721,178.030,89.186,157.064
694.823,179.449,90.938,155.001
696.610,181.047,93.673,152.309
701.758,186.056,96.107,147.593
708.647,194.101,99.202,143.147
712.038,195.817,103.480,138.755
711.817,199.368,108.742,132.113
709.958,199.455,113.813,129.342
707.703,201.211,117.856,126.120
705.276,201.912,121.196,123.553
704.778,205.337,124.778,120.774
703.050,202.692,126.841,120.867
704.740,202.130,130.782,119.037
699.708,201.849,131.469,118.933
701.613,201.600,131.871,117.955
701.067,206.203,135.434,114.511
695.937,206.259,135.495,113.637
694.583,210.371,138.196,110.760
688.010,208.423,138.616,109.513
683.365,208.491,140.761,107.449
676.896,212.238,142.200,103.870
675.565,216.543,144.666,101.885
669.309,219.521,142.271,99.043
661.632,220.600,144.137,95.883
656.191,215.866,149.475,95.389
650.581,215.320,152.219,92.415
653.903,218.091,155.946,90.272
642.993,208.781,160.811,88.181
646.032,212.604,161.478,86.805
637.195,206.353,170.309,86.877
647.037,208.151,170.553,86.985
633.211,198.213,181.650,90.930
639.591,201.148,184.745,91.216
634.170,187.433,188.758,95.295
635.555,194.302,191.121,93.735
639.733,191.558,193.709,95.253
639.127,187.676,198.649,96.099
639.096,184.845,204.116,97.902
642.464,183.299,210.032,100.052
640.186,179.014,214.467,102.595
642.546,181.362,215.708,105.612
649.016,179.684,215.601,107.939
639.744,176.268,220.576,111.650
634.520,177.248,219.202,116.965
642.045,174.419,220.871,120.744
640.855,172.050,221.200,122.855
637.601,174.300,223.218,124.688
642.417,178.951,226.737,126.071
646.184,181.556,235.721,125.875
643.558,184.533,241.267,125.241
644.017,186.678,248.794,123.674
637.122,176.999,259.400,127.702
627.837,182.264,263.834,126.892
628.782,182.159,272.277,127.689
633.355,184.738,284.633,126.550
626.581,185.066,294.017,123.200
618.021,181.427,299.516,119.976
606.688,174.327,304.029,117.191
607.435,177.995,311.666,119.358
599.171,174.263,320.171,122.681
592.543,176.453,331.341,125.461
589.293,175.444,335.591,125.990
591.484,179.970,334.907,125.881
594.464,186.086,342.173,124.990
590.532,191.088,351.178,123.780
585.945,198.433,356.936,120.581
577.932,200.978,358.678,116.191
568.091,208.724,366.928,116.015
556.497,210.261,373.791,113.812
555.614,214.382,377.287,111.280
543.558,217.865,376.535,109.431
544.279,222.612,382.648,107.703
536.877,228.240,387.902,103.499
533.633,235.914,393.283,100.972
519.979,237.001,399.102,98.189
522.029,244.202,401.631,96.980
525.925,244.187,404.449,96.066
513.288,242.653,410.943,92.795
508.846,243.463,415.053,89.799
507.388,249.749,417.304,87.525
507.870,253.472,418.781,86.648
507.467,254.670,415.564,86.564
506.832,251.642,415.365,87.398
518.110,250.451,415.722,91.574
522.240,245.659,412.739,91.335
523.979,239.709,404.938,88.290
533.247,238.763,408.892,91.117
539.815,233.121,411.167,93.045
538.507,225.476,413.148,95.508
542.563,218.154,416.903,103.211
552.926,216.326,421.003,113.791
555.801,211.482,422.736,119.523
558.021,205.130,421.756,125.356
561.587,198.432,423.033,128.333
562.572,197.386,417.685,125.678
564.827,196.051,417.624,126.318
557.156,196.024,417.010,122.630
542.973,197.422,420.177,118.047
539.982,199.357,422.428,112.708
545.219,202.947,426.164,108.550
544.537,202.826,422.997,104.044
537.776,202.781,422.557,99.618
545.240,205.855,423.036,97.811
541.681,208.778,427.290,95.647
543.581,213.141,428.916,92.728
552.173,210.125,423.682,88.022
553.992,204.942,425.920,85.261
551.106,196.640,426.531,82.612
554.877,191.146,426.317,81.078
563.868,199.165,427.870,81.397
568.166,201.860,428.217,80.871
567.422,207.171,427.545,80.972
566.706,215.869,431.470,81.460
571.230,210.892,432.767,81.147
575.630,205.924,429.936,81.288
579.922,203.575,424.956,80.427
570.649,211.752,426.286,80.923
570.429,214.608,428.870,81.771
556.720,212.597,424.715,82.795
558.673,225.264,423.850,80.683
562.362,235.510,425.900,79.626
551.432,228.685,421.026,79.191
533.621,222.220,417.306,79.263
542.491,216.104,412.616,79.434
550.856,209.866,409.863,78.700
564.519,208.360,408.921,78.417
567.047,205.016,411.567,77.908
556.119,197.063,412.221,76.835
555.864,194.603,410.879,76.744
547.427,193.273,412.366,77.144
544.032,198.913,417.101,78.729
539.755,207.159,423.457,79.208
535.070,216.309,424.190,78.291
531.641,219.366,426.427,76.772
533.495,222.858,430.559,77.288
524.675,224.984,429.977,76.717
516.094,222.355,424.171,77.733
516.369,221.645,421.675,76.378
519.147,226.685,422.666,79.352
523.871,228.950,423.283,80.135
521.758,227.475,420.068,79.507
529.459,229.545,422.515,79.260
530.793,227.599,424.692,82.261
543.434,219.869,422.668,84.399
542.629,219.958,423.415,85.159
545.166,222.756,423.240,86.282
546.681,227.463,426.217,88.178
547.912,225.654,420.083,86.643
552.840,228.638,415.698,85.029
553.939,224.319,409.892,83.970
554.624,222.579,410.485,84.841
556.313,227.863,414.610,86.188
553.297,231.108,421.300,87.461
541.360,234.607,417.634,85.763
538.642,235.011,413.231,84.977
534.358,242.385,414.874,85.206
537.212,248.010,417.667,83.221
526.325,252.385,421.867,81.707
519.679,251.771,426.142,80.267
511.748,254.566,420.916,79.221
514.059,251.130,414.553,79.771
509.710,248.761,418.053,78.638
512.891,255.638,421.558,78.423
477.427,257.011,425.399,78.832
464.961,257.181,421.575,78.634
456.269,261.079,424.499,82.255
449.672,260.455,417.263,81.151
450.751,257.528,409.904,79.851
443.549,262.914,412.068,80.916
437.829,262.332,407.611,81.124
432.021,261.247,409.228,80.780
446.910,260.083,408.787,79.448
458.074,260.018,404.416,79.928
439.702,261.749,403.685,81.317
419.513,275.181,404.168,82.581
418.883,277.832,403.525,83.162
426.730,276.538,398.527,83.139
437.157,272.153,396.009,83.784
449.343,268.962,391.278,83.726
446.233,270.331,388.652,85.788
440.122,276.865,388.040,87.672
424.597,275.399,383.328,88.198
420.650,274.149,386.898,89.687
417.373,269.372,384.005,90.186
424.341,268.011,384.244,91.167
429.141,263.215,387.953,92.310
420.059,262.585,391.779,90.199
398.218,260.066,390.333,88.291
401.799,271.939,389.392,90.141
428.922,281.867,386.843,89.337
458.416,282.621,387.014,87.598
460.869,277.134,379.174,85.499
431.193,277.041,376.512,84.986
381.478,295.443,376.347,84.396
355.164,317.009,372.918,83.038
356.843,304.996,373.260,83.334
366.518,291.112,372.623,84.464
356.187,291.815,372.741,86.523
326.683,306.572,375.794,88.466
321.408,301.183,372.678,87.632
336.783,297.319,370.227,87.916
341.526,294.540,363.353,86.497
341.837,293.369,362.524,85.644
345.121,292.650,361.949,85.394
354.565,292.472,353.331,83.881
352.771,293.094,355.182,84.114
339.887,292.788,351.244,84.531
318.984,288.570,353.758,86.270
316.662,291.615,357.436,88.527
320.919,290.738,351.778,87.640
325.568,285.991,355.626,88.889
332.886,280.500,362.347,90.135
352.956,277.425,354.401,88.213
361.037,281.685,353.648,91.416
359.221,282.668,350.658,92.510
367.808,281.941,345.959,90.318
384.556,282.098,345.075,89.487
380.970,277.148,344.066,88.552
361.018,276.574,339.023,85.925
336.297,282.088,342.040,85.514
306.123,291.104,339.956,82.915
301.878,292.216,347.785,80.522
311.219,307.501,352.027,80.301
302.776,305.959,354.145,78.739
280.503,298.906,351.208,77.354
260.604,288.689,351.370,78.489
253.335,280.637,348.534,76.120
260.802,289.841,350.868,73.216
255.854,298.742,347.704,72.919
252.849,295.851,350.276,72.040
247.918,291.950,349.358,71.656
257.632,293.666,347.443,70.747
259.415,291.651,350.220,71.892
265.087,291.122,347.459,71.347
270.322,298.415,349.180,71.388
279.087,294.967,346.501,71.619
282.897,293.438,342.239,72.290
295.510,292.008,342.296,73.233
306.389,293.467,343.896,75.687
300.664,294.602,347.125,75.807
295.403,293.978,349.129,74.471
299.314,300.337,348.830,72.181
300.809,300.146,346.544,73.136
300.304,297.000,346.234,72.703
304.694,300.874,344.398,74.447
304.330,299.519,342.698,75.340
299.036,298.821,339.944,76.669
295.719,301.385,340.807,77.552
291.359,302.644,339.870,79.376
291.691,301.607,338.074,79.360
293.838,300.810,341.630,79.134
295.278,303.914,339.895,79.629
293.928,303.529,341.883,79.847
290.882,306.499,345.377,79.929
289.802,309.262,345.445,80.542
285.002,304.244,344.182,79.450
291.514,302.763,345.136,78.853
296.142,301.351,345.902,78.625
295.172,298.812,345.025,75.386
294.092,295.139,344.438,73.876
297.973,290.877,341.318,71.656
318.285,284.486,341.584,69.316
327.595,275.923,342.383,67.505
330.916,272.532,341.691,65.524
330.650,277.111,339.981,65.227
337.122,277.286,340.427,66.926
343.028,274.458,337.960,67.420
347.535,270.907,334.817,67.283
349.136,268.277,334.018,68.749
345.615,267.000,333.744,70.423
345.320,267.946,334.314,71.470
349.037,268.288,335.571,69.391
347.315,266.968,334.852,68.194
344.896,267.848,338.116,68.838
347.811,261.836,341.070,68.576
351.165,261.439,340.497,69.050
349.244,261.542,337.053,70.571
346.127,260.524,336.106,74.314
354.407,255.770,331.698,75.664
356.534,255.926,330.271,76.150
357.672,254.812,327.508,76.341
366.177,249.860,324.423,77.177
373.338,248.748,322.039,79.261
372.734,250.196,322.869,79.989
378.008,243.595,321.024,79.817
381.747,240.327,317.567,81.651
385.226,234.740,312.938,82.148
390.909,233.205,310.405,82.409
398.036,225.439,310.670,83.921
404.747,217.601,309.445,86.031
414.375,206.967,307.795,87.529
418.336,205.481,304.748,88.022
422.781,198.659,301.770,89.620
424.876,187.394,299.740,91.632
429.199,179.332,296.899,93.548
431.415,177.584,291.916,94.774
430.171,167.681,290.021,96.418
428.413,163.848,286.597,96.495
428.175,162.261,282.062,98.436
432.455,159.560,275.489,101.271
433.830,158.173,270.725,106.012
438.132,159.890,267.670,106.047
444.763,159.611,263.448,107.743
442.995,158.677,258.068,107.346
441.651,159.513,254.530,105.752
439.551,161.699,250.470,105.749
441.153,163.262,247.134,104.242
441.644,162.793,242.708,104.706
443.291,161.536,238.601,104.825
442.240,161.383,235.698,106.353
441.399,163.378,231.862,110.301
439.611,162.015,227.875,113.480
443.694,157.190,221.942,117.359
444.881,153.961,218.488,118.067
445.032,154.132,214.020,116.286
442.584,154.844,209.421,116.002
445.022,151.450,201.943,115.849
448.941,151.606,195.932,116.651
448.396,147.847,188.693,117.592
448.456,144.336,181.972,120.337
447.155,147.884,175.948,119.825
448.336,140.551,168.881,119.273
443.153,143.729,163.883,120.212
449.195,137.335,158.201,124.801
430.883,143.291,152.948,126.454
433.956,140.986,150.432,129.377
437.982,144.236,148.306,130.372
430.867,146.195,144.586,131.434
434.071,143.538,141.802,133.706
435.527,142.373,141.248,136.020
433.195,144.583,141.425,137.550
434.156,144.662,142.604,138.602
430.300,147.671,141.872,138.516
430.006,146.698,141.336,139.721
431.163,144.084,141.522,140.781
433.078,143.224,143.781,140.911
427.134,142.333,146.306,140.139
415.237,145.926,150.174,140.053
412.864,146.812,151.672,140.766
406.301,143.007,153.051,141.652
409.212,139.623,153.098,142.186
412.286,140.044,153.198,141.836
414.322,141.536,153.786,141.172
410.258,142.738,154.979,141.301
416.447,145.753,152.210,140.101
409.736,148.919,152.621,139.030
408.807,154.958,153.127,137.452
408.938,156.701,154.166,138.425
398.234,159.900,158.154,138.940
404.198,159.355,156.962,139.449
406.182,161.226,153.928,140.987
405.930,164.306,150.440,140.558
401.913,167.786,147.003,139.591
399.404,169.204,142.492,138.984
400.979,170.791,136.150,137.520
401.096,175.153,131.736,138.164
404.341,178.043,128.627,138.450
406.408,181.453,126.293,138.091
407.469,183.358,124.958,137.876
408.342,184.066,123.683,137.044
403.071,186.177,122.052,134.945
404.326,188.777,118.666,133.330
407.438,184.634,115.541,132.961
410.152,185.938,113.705,132.235
410.093,189.256,112.163,130.382
408.463,191.345,111.942,129.685
407.507,194.786,111.799,129.292
407.702,194.656,110.713,131.112
407.237,193.327,108.715,132.752
403.066,197.614,108.358,132.932
399.688,201.214,108.982,133.565
394.009,204.717,110.731,133.531
395.491,209.330,110.283,132.488
396.251,213.133,110.441,132.349
394.272,217.283,111.787,130.422
395.819,218.010,112.830,130.548
399.438,211.741,114.541,131.149
410.007,211.764,115.763,130.933
421.933,219.323,117.134,131.123
420.773,223.262,118.220,131.738
410.218,215.334,120.734,133.727
407.290,221.576,123.447,135.321
404.521,229.283,125.407,135.471
402.950,242.119,128.783,134.252
402.853,247.695,132.936,133.561
399.657,257.172,136.149,132.518
400.270,261.708,139.614,132.937
403.956,266.841,143.166,132.909
401.290,270.261,147.647,133.250
397.814,270.611,152.383,134.178
393.710,260.872,156.831,132.032
396.042,265.626,162.457,129.110
395.996,262.375,165.523,125.383
394.131,263.479,169.601,125.735
393.899,262.479,173.244,124.996
395.398,267.225,177.098,124.004
396.427,267.551,180.633,124.770
398.222,270.798,183.972,123.572
400.955,273.632,186.570,119.382
398.668,273.855,190.569,115.480
401.655,268.185,189.951,113.972
400.946,262.925,191.482,109.964
396.000,271.203,197.563,106.780
400.812,271.104,200.640,102.200
402.022,271.433,203.890,97.300
401.968,269.850,207.093,94.304
398.603,264.177,211.765,91.740
393.044,265.416,216.594,90.909
393.883,262.878,221.240,90.371
395.629,263.704,225.851,90.205
395.459,269.311,227.508,89.308
392.648,272.372,231.851,89.801
397.885,275.711,234.918,89.966
403.074,280.632,238.323,89.449
405.909,284.843,240.529,91.034
407.109,288.778,243.582,90.462
408.200,293.444,247.892,91.051
411.212,300.019,251.782,91.287
410.720,305.265,258.828,92.412
416.456,310.390,268.840,93.392
414.637,310.975,276.120,92.617
415.401,316.269,284.453,92.555
413.897,317.858,291.121,93.495
417.393,317.954,298.000,92.052
417.243,316.231,304.748,90.529
416.159,319.817,308.804,90.524
417.376,319.329,314.935,88.798
416.443,320.544,319.145,87.954
410.932,321.749,325.689,88.325
403.224,319.833,332.916,86.751
399.539,319.605,338.488,86.106
391.317,320.277,344.865,84.505
384.633,321.074,349.858,82.376
379.676,321.711,353.831,80.984
373.584,322.860,361.001,80.870
365.791,322.635,364.099,79.315
350.013,322.257,373.958,78.892
343.851,321.783,382.086,78.537
329.871,320.604,389.850,78.881
314.607,321.931,395.572,79.910
305.311,322.174,403.675,82.182
286.627,323.450,408.733,84.653
273.733,322.737,417.061,86.361
260.148,322.644,426.097,88.706
244.635,322.537,432.548,90.507
230.532,319.292,435.668,93.609
214.766,315.881,436.085,94.908
203.563,313.217,435.649,97.114
199.985,308.192,436.267,100.293
189.770,307.464,434.978,105.274
176.267,306.605,432.794,108.014
164.796,301.770,432.820,110.119
165.120,298.959,433.897,112.874
156.895,298.030,439.503,113.138
144.084,298.048,443.677,112.864
139.953,296.196,445.499,111.903
132.402,297.168,449.894,112.341
117.355,294.733,449.719,110.658
107.232,293.123,460.586,110.905
99.016,296.544,468.590,109.065
81.227,299.881,475.909,109.418
68.623,299.516,487.692,110.781
64.182,302.772,497.839,110.858
61.885,305.822,506.751,111.216
62.857,307.595,510.344,107.333
47.589,305.650,516.607,103.502
48.668,313.230,512.035,102.320
48.612,312.023,513.311,98.154
44.418,311.746,519.853,97.249
50.626,312.196,520.639,97.515
45.627,310.002,522.170,96.699
53.894,309.480,520.750,96.114
53.985,302.516,521.132,93.659
46.067,301.764,521.096,93.830
46.842,302.155,522.667,94.375
43.956,300.646,524.405,96.920
52.405,300.560,526.920,99.061
61.360,302.071,533.941,102.811
65.230,297.167,538.759,104.166
71.028,300.246,546.215,109.406
72.640,302.161,549.416,114.222
77.293,304.163,556.829,115.481
82.735,303.383,563.618,115.467
104.919,303.116,567.879,114.265
114.452,310.095,568.611,114.692
117.819,310.240,564.945,114.601
139.850,314.299,559.582,115.726
152.501,313.777,558.229,114.611
171.649,316.489,553.754,115.259
178.163,316.248,550.351,110.226
185.807,316.097,549.556,107.060
184.158,316.624,554.403,105.689
194.929,313.219,554.350,101.973
200.331,312.073,550.803,101.102
195.672,311.109,549.903,102.264
202.414,310.823,545.786,104.366
206.303,309.571,545.198,103.970
216.862,311.503,540.519,105.710
229.817,314.853,538.746,107.016
240.677,320.123,538.668,108.007
251.844,327.352,539.441,106.922
250.575,328.445,542.469,107.089
241.040,327.747,550.442,107.527
248.341,328.651,553.833,109.175
245.996,332.153,553.279,110.985
237.135,330.658,560.207,113.917
236.168,328.741,568.692,115.239
229.055,326.487,577.032,117.625
220.616,330.210,578.954,118.282
217.506,334.715,579.018,117.802
209.689,332.327,571.171,117.676
219.834,342.338,558.471,112.396
208.116,340.933,549.253,108.741
220.962,347.002,539.675,104.708
219.016,349.113,526.353,103.802
220.635,349.766,516.081,100.370
216.824,354.549,503.648,99.384
220.425,354.670,491.753,94.225
222.941,360.951,484.281,94.009
223.364,356.149,475.221,89.015
227.086,357.617,465.647,87.442
232.912,356.188,458.908,89.200
228.383,358.082,449.340,90.790
240.016,358.214,441.491,89.254
237.163,360.152,434.698,90.937
240.688,358.524,430.583,90.956
236.273,359.505,427.738,93.681
238.718,356.858,429.770,96.558
237.655,356.124,429.724,98.296
236.325,354.931,428.641,99.018
235.404,354.356,428.300,99.091
232.959,356.138,426.753,98.817
225.354,353.673,423.640,94.728
233.843,352.540,423.397,92.487
228.334,352.428,426.782,92.883
231.514,349.759,427.988,90.962
234.461,349.006,428.706,93.219
230.605,346.731,425.141,95.496
232.847,345.141,425.380,93.344
234.069,345.692,422.420,93.062
235.314,347.094,420.142,93.266
231.883,347.677,418.477,91.612
235.557,347.929,419.178,92.601
239.499,348.354,417.356,92.542
239.945,349.580,417.602,92.712
246.249,349.404,415.272,93.088
250.073,347.017,416.277,93.450
249.986,345.063,413.638,93.101
251.949,341.817,414.523,94.669
256.568,339.788,413.588,95.503
259.691,336.811,411.881,97.381
268.091,334.205,409.560,99.809
272.308,332.807,405.807,102.061
271.326,331.745,403.966,103.482
275.101,333.567,401.410,103.086
277.547,333.794,398.825,101.626
284.529,334.676,397.870,101.513
292.417,334.794,398.636,100.456
288.998,338.787,400.478,100.003
295.848,340.078,400.423,99.637
292.054,340.905,401.271,98.849
296.354,337.957,399.252,98.124
306.296,336.357,395.766,98.635
298.276,335.391,393.678,98.144
303.068,332.899,390.524,96.156
305.578,328.961,387.524,95.801
308.450,327.703,385.738,96.694
311.747,327.293,383.877,96.057
320.197,327.060,380.098,94.298
321.877,326.675,377.027,94.212
323.125,327.419,377.564,94.129
327.218,325.398,377.718,95.858
331.558,322.239,379.809,97.979
341.310,317.221,381.104,101.098
348.181,316.360,378.833,100.800
351.860,314.329,381.917,100.874
359.072,312.723,385.736,103.384
374.035,304.743,387.423,107.734
380.130,304.174,381.842,106.616
386.815,302.388,376.305,106.116
391.496,304.121,373.950,103.851
397.237,302.648,373.333,102.686
390.428,299.148,376.226,102.788
386.958,302.366,376.184,99.287
383.191,307.070,373.907,95.314
377.080,307.877,376.887,91.887
369.460,303.944,377.958,89.367
366.859,306.697,380.199,86.180
353.224,304.335,383.757,82.593
342.381,304.759,389.946,81.179
322.851,303.989,392.221,78.960
324.064,304.765,389.004,77.950
315.886,301.668,388.402,74.803
314.892,299.978,385.001,74.714
310.761,298.155,381.604,75.164
304.580,297.588,376.733,75.583
297.352,298.336,373.754,76.607
289.910,295.339,370.172,74.670
282.392,296.121,366.814,75.381
278.207,294.438,364.964,78.036
273.046,294.405,364.276,78.853
272.296,293.001,361.286,80.289
268.966,291.762,358.247,80.516
269.813,291.948,354.570,80.955
270.042,289.876,350.878,81.543
270.362,284.539,349.314,83.248
272.986,278.549,347.685,83.870
281.471,274.926,343.806,85.343
279.750,266.913,343.115,87.953
283.160,260.507,342.584,90.992
289.715,253.724,337.677,91.414
296.198,248.443,334.214,93.070
304.011,243.722,332.846,96.787
310.327,240.373,328.313,97.993
314.253,238.197,330.776,102.108
324.802,233.521,325.230,105.488
332.243,231.379,320.247,107.506
337.018,230.566,317.594,109.573
345.112,231.550,313.292,111.081
351.607,233.846,306.906,111.749
355.601,237.080,302.093,112.419
358.271,240.808,296.335,112.401
363.776,242.234,292.336,114.984
372.196,242.624,285.122,117.926
380.778,242.321,277.068,120.920
390.226,242.448,269.230,123.606
392.561,242.124,265.225,127.330
400.339,238.706,258.140,130.550
410.821,241.829,252.127,132.224
412.351,239.678,250.738,134.123
421.712,238.840,244.898,136.127
426.302,238.238,239.538,138.772
431.351,237.500,234.918,141.746
440.001,235.139,230.080,145.470
444.594,232.395,225.096,148.110
450.653,228.191,220.185,150.395
456.215,226.680,216.793,155.405
465.980,221.649,210.555,158.121
475.266,216.633,204.497,161.994
482.620,209.572,200.038,166.332
488.647,203.035,195.387,172.105
493.093,193.627,193.208,175.701
504.855,189.142,190.211,180.179
514.089,181.156,186.151,185.213
522.600,179.640,182.357,188.718
532.055,169.059,178.029,192.160
539.612,171.098,174.642,195.588
548.323,162.306,170.018,201.289
556.938,167.087,166.773,203.710
561.394,159.096,163.308,206.585
565.415,148.113,159.835,213.684
566.495,141.597,157.598,220.502
567.622,139.633,155.519,226.088
567.774,135.298,154.478,228.336
570.484,127.519,153.256,231.962
574.774,118.280,153.234,235.638
577.156,131.167,154.484,237.931
588.413,126.610,156.833,241.326
606.168,135.667,161.050,243.643
621.662,143.475,167.381,246.503
627.318,141.888,175.310,248.357
624.170,138.015,185.591,251.878
623.847,144.937,196.417,252.730
621.177,149.401,207.724,253.568
614.701,154.353,218.709,254.334
609.548,165.305,230.617,253.274
609.633,179.701,239.906,250.657
616.911,184.330,252.205,252.013
614.333,179.803,265.026,252.818
616.292,178.452,279.929,249.754
615.279,186.559,293.885,248.061
603.400,189.278,309.623,246.141
601.883,193.834,322.207,242.231
599.695,202.733,336.041,241.597
584.920,212.098,352.583,235.153
581.685,204.261,369.159,231.056
572.193,202.340,383.399,226.420
562.250,203.804,397.936,218.163
550.195,199.505,411.715,210.578
542.152,197.196,424.987,202.589
537.242,199.103,438.692,195.222
534.671,201.469,451.514,188.824
526.419,200.794,463.934,185.237
518.562,199.178,478.513,181.349
506.509,197.368,494.488,177.527
497.202,196.074,508.826,173.807
492.725,202.384,519.612,171.572
483.975,201.884,530.953,168.248
481.576,205.474,536.434,165.322
478.665,207.294,543.897,161.446
475.698,211.690,552.875,157.071
471.796,216.388,560.002,152.142
460.130,219.477,570.900,149.805
466.340,225.094,577.286,146.394
470.210,231.489,584.573,144.058
468.260,231.608,594.319,144.041
468.832,233.233,606.056,143.523
468.492,230.686,609.440,143.063
466.774,231.058,619.534,143.694
460.060,227.968,626.504,143.777
467.239,227.347,628.940,145.340
464.082,229.543,629.763,147.396
461.732,233.106,629.884,149.452
459.211,240.866,628.078,148.961
457.181,250.503,625.132,148.866
453.661,258.019,624.373,149.843
445.634,276.991,624.188,149.323
447.832,281.376,621.301,151.818
448.621,289.084,615.767,152.936
444.047,298.565,615.485,155.253
439.633,308.897,612.267,157.623
421.584,314.829,616.814,162.780
412.199,318.361,618.448,163.815
403.025,325.297,619.869,164.963
394.241,331.148,620.262,166.502
375.275,332.266,623.327,166.096
358.715,332.584,627.246,166.667
338.313,330.181,630.933,167.346
314.113,327.457,637.645,169.377
295.031,326.689,641.709,167.533
292.172,322.821,643.394,167.373
280.160,319.536,643.823,167.660
269.439,321.057,644.739,166.503
265.945,317.541,648.811,167.516
257.724,314.024,651.407,169.584
248.004,316.510,652.081,167.064
242.903,316.723,654.528,167.649
243.430,313.909,658.835,167.107
238.537,310.138,662.143,168.169
241.057,309.951,664.264,167.657
254.168,306.239,661.450,167.413
256.854,302.452,663.045,166.266
258.304,300.289,674.520,164.789
259.883,298.109,677.621,163.475
256.401,294.448,683.552,164.491
261.552,294.942,681.058,165.177
272.923,295.656,683.730,163.964
279.965,299.942,685.658,162.302
280.884,302.271,690.117,162.943
290.493,298.959,690.768,162.957
295.748,300.162,695.329,161.097
280.470,301.697,704.194,160.189
288.949,302.969,702.200,158.824
290.075,307.794,696.467,157.821
293.626,313.499,700.686,157.289
287.300,315.588,698.448,155.618
281.645,311.062,697.583,150.359
274.351,307.119,697.132,149.471
269.692,308.629,693.741,149.861
267.836,307.623,694.136,147.373
262.647,300.655,693.688,145.418
254.310,298.053,693.761,145.235
254.403,288.534,689.643,142.701
245.377,280.712,685.542,141.056
243.627,272.813,680.408,137.971
241.849,265.097,676.043,136.340
242.852,262.455,667.642,134.016
242.667,262.733,664.025,137.415
244.961,263.410,660.285,137.694
245.666,267.587,648.880,140.200
249.009,275.830,644.882,141.795
254.450,283.867,638.533,141.286
254.993,292.287,630.570,138.368
261.765,303.736,625.939,139.600
271.405,309.449,617.449,141.782
277.221,313.168,608.664,141.290
285.878,313.915,604.691,141.367
292.549,312.816,593.689,141.896
301.634,311.610,583.192,141.801
314.597,310.238,571.138,139.407
321.469,308.282,553.827,136.755
333.091,309.754,546.036,136.112
340.466,305.164,534.160,134.406
347.448,304.669,524.721,133.720
353.234,303.613,519.674,134.702
351.995,301.290,508.394,134.859
349.746,300.222,499.754,132.152
356.445,303.214,491.128,132.392
357.952,301.065,482.248,132.836
353.072,301.447,473.741,131.041
352.187,303.253,467.777,127.321
343.808,302.373,463.246,124.618
334.784,300.267,457.860,122.408
326.753,301.230,451.365,119.904
321.693,303.107,449.910,120.153
314.550,298.866,444.373,118.652
314.401,298.538,438.147,118.185
309.783,295.509,431.002,117.262
307.837,291.567,425.655,116.909
308.488,285.126,415.869,116.166
308.995,282.745,407.419,115.830
312.291,282.892,401.262,115.764
312.453,279.966,396.634,115.375
316.387,277.500,391.927,114.805
318.241,278.938,385.515,113.019
331.031,278.826,372.702,109.582
330.391,276.417,371.386,111.515
336.270,280.664,366.580,110.110
341.874,276.471,363.062,110.548
343.926,279.534,361.856,110.233
347.757,276.468,358.757,108.115
352.921,283.799,359.047,108.047
344.542,279.112,360.243,108.524
348.864,283.746,360.194,111.947
352.240,282.627,357.510,115.049
359.488,286.048,355.927,118.126
358.221,288.279,353.159,119.950
368.029,290.827,346.195,120.207
376.707,294.347,339.572,123.008
386.436,297.284,334.684,124.634
392.643,300.844,329.496,123.133
398.516,305.627,329.425,123.764
409.704,309.305,324.077,123.820
415.962,306.612,316.234,121.579
423.203,308.199,312.015,122.177
432.017,306.543,306.853,120.030
437.123,303.010,302.473,115.607
445.067,303.016,302.603,112.136
442.215,302.725,307.266,106.190
442.462,304.666,305.058,101.941
445.014,305.812,304.715,97.724
444.199,306.011,303.308,92.922
443.668,308.471,299.492,88.661
440.060,303.892,297.767,84.644
435.219,301.182,296.984,83.036
431.574,298.357,296.430,81.652
427.803,295.950,294.246,80.139
420.477,294.235,290.474,78.920
412.689,291.902,289.200,77.802
409.808,291.115,293.745,78.467
402.914,287.852,292.128,79.532
396.742,284.550,289.760,78.406
398.456,283.199,287.552,80.548
396.979,281.471,283.399,79.468
393.873,278.970,280.887,77.110
386.759,278.827,279.338,73.200
389.438,282.410,283.565,70.663
390.719,285.249,282.848,67.114
388.299,287.834,282.734,65.167
385.340,287.217,284.136,61.780
383.992,288.253,283.427,59.592
382.202,290.494,283.085,56.678
376.112,288.644,278.015,54.396
378.394,288.766,277.082,51.772
377.827,287.822,274.069,50.507
376.921,288.995,268.837,49.410
376.045,287.535,266.433,48.651
378.283,285.916,263.101,48.419
380.535,284.280,258.676,49.527
380.263,287.667,258.395,50.649
384.476,283.550,256.011,50.412
384.711,286.327,253.759,51.527
388.123,284.574,249.200,50.667
393.703,288.046,244.516,49.896
395.801,286.968,239.347,47.957
398.519,288.657,237.165,47.728
399.570,286.555,234.084,47.987
401.570,288.478,233.150,49.215
401.456,285.486,231.940,51.704
405.172,283.868,232.167,54.083
405.321,284.330,230.517,54.378
406.880,284.897,227.633,55.588
407.220,285.141,225.854,55.687
402.960,278.191,224.927,55.059
403.240,280.127,224.237,55.943
402.089,280.531,222.046,56.525
399.792,276.471,223.351,58.003
394.688,278.124,220.624,58.176
393.402,276.006,221.416,59.186
391.632,272.522,222.465,59.948
383.100,274.811,221.362,61.414
390.134,274.257,221.350,61.401
383.499,274.207,217.583,62.774
382.916,272.369,215.439,63.570
381.274,271.001,214.189,64.290
384.045,270.895,213.164,65.197
381.004,271.228,211.013,67.130
