127.000,3.000,334.000,303.000
131.939,-0.655,333.721,302.781
132.963,2.374,328.767,301.440
130.536,0.554,327.001,300.555
136.954,3.111,323.272,299.507
136.982,2.461,322.571,299.884
139.382,4.235,320.588,300.041
128.059,1.498,327.557,302.194
135.819,5.229,324.944,302.328
135.134,-0.584,324.131,301.192
133.374,7.113,325.426,301.186
134.147,1.918,324.875,300.924
132.942,6.090,325.363,301.196
132.836,1.118,327.266,301.494
130.781,5.589,327.106,300.618
134.245,-0.537,326.871,300.810
132.207,4.733,325.851,298.810
132.153,2.380,328.793,300.664
131.598,4.444,327.617,300.921
130.540,0.839,328.779,301.457
133.971,4.657,325.962,301.835
134.458,1.883,323.290,300.424
137.472,7.960,322.645,300.050
134.668,0.233,322.466,300.615
134.680,9.064,325.483,303.258
134.813,-2.173,322.109,302.383
138.698,6.453,322.753,305.018
133.482,-0.720,321.995,304.332
131.775,4.843,326.431,304.674
137.130,-1.287,323.167,303.905
130.333,4.916,324.865,302.178
135.178,-2.280,325.919,303.138
136.642,3.537,320.465,301.881
134.661,2.398,324.106,302.735
134.147,-0.538,324.966,304.491
133.528,2.505,323.782,302.553
135.424,0.929,325.459,302.126
139.057,3.313,321.193,301.287
133.607,-0.426,323.895,302.365
134.438,2.819,326.545,301.981
133.974,0.076,326.409,303.238
135.997,4.429,325.090,302.641
137.819,0.183,321.969,302.234
135.634,5.395,324.628,303.030
135.223,-0.423,325.340,303.928
134.890,4.496,325.000,302.344
134.260,1.481,328.667,304.162
134.177,4.946,326.976,303.188
135.330,0.918,325.695,302.131
135.110,5.877,325.355,302.654
135.347,1.311,326.218,303.185
134.523,4.363,324.922,302.986
138.015,3.601,324.907,303.979
134.303,3.741,323.087,303.747
138.011,3.966,322.385,303.079
137.744,4.233,321.116,303.902
139.709,3.186,321.993,307.368
136.808,2.029,320.188,306.729
141.332,4.637,319.828,306.737
138.099,3.410,318.712,305.272
143.570,5.738,317.382,307.353
140.547,1.096,317.745,308.783
134.351,4.253,322.740,308.411
139.397,6.000,321.497,306.844
139.884,5.390,319.170,306.759
142.074,6.785,317.770,307.142
136.742,2.813,320.453,308.123
138.339,7.597,323.783,308.943
142.456,4.532,318.877,304.883
139.799,10.674,321.564,306.854
142.907,1.930,316.753,305.453
142.905,10.880,318.526,305.393
146.707,5.960,315.719,304.413
144.337,11.701,316.937,306.124
152.330,4.693,312.454,305.418
141.733,9.421,316.891,308.334
147.686,5.928,317.926,308.865
147.364,9.388,318.918,311.945
150.107,0.934,317.956,310.416
145.194,12.568,317.804,309.701
151.712,3.195,313.727,307.368
146.234,8.984,317.822,310.493
149.710,5.953,317.616,309.731
147.631,5.051,317.531,310.701
150.772,10.573,321.842,312.409
152.827,1.216,316.557,309.583
152.398,11.399,314.622,309.616
155.761,4.938,313.666,308.337
149.642,9.779,318.102,311.017
153.192,7.011,318.218,309.619
148.664,2.899,320.600,311.417
150.150,11.708,327.327,313.540
149.991,1.029,321.538,313.811
152.651,6.900,321.291,313.142
150.950,1.699,319.893,310.797
149.198,12.703,329.139,312.744
152.734,1.779,322.263,310.952
151.249,6.533,323.142,310.201
153.087,4.044,323.535,310.135
154.429,5.292,322.298,310.068
151.034,2.430,323.353,310.879
156.714,6.152,324.020,311.748
158.870,0.127,322.182,312.375
151.829,7.681,326.474,314.762
156.451,-1.268,321.348,311.299
152.289,7.520,325.630,310.492
157.327,-2.033,321.889,309.224
154.822,7.260,325.869,308.361
159.745,-0.494,321.840,306.572
156.785,6.383,322.824,305.891
158.616,-0.485,322.277,306.901
156.181,7.466,326.513,308.650
155.493,-1.493,326.448,307.163
155.666,6.137,330.179,308.827
159.353,-0.664,325.705,306.332
156.990,5.076,327.084,309.541
156.750,-3.567,326.090,307.245
155.702,4.145,328.821,307.888
153.949,-6.161,329.954,307.952
154.091,3.140,333.156,307.599
153.991,-3.273,330.246,306.472
154.956,1.594,332.169,309.070
155.207,-4.552,329.068,308.250
152.770,-1.947,331.881,309.263
153.891,-5.484,329.541,308.150
148.157,-2.715,336.209,310.457
152.080,-3.917,333.898,306.326
146.996,-3.410,336.079,308.911
153.030,-3.259,333.599,306.339
148.781,-2.692,335.295,307.484
155.009,-1.673,332.691,305.840
147.334,-5.229,335.763,309.762
149.428,-5.160,337.229,309.218
152.182,-5.022,335.294,310.038
150.858,-6.184,332.570,311.110
155.901,-3.986,331.139,310.115
142.973,-6.250,338.134,309.827
149.503,-4.104,339.281,309.604
148.399,-4.511,336.042,308.774
157.013,-1.702,332.077,309.507
147.920,-7.309,335.063,312.686
153.125,-4.341,334.928,313.983
146.782,-4.851,334.837,310.082
145.175,-2.421,341.483,311.390
153.838,-4.336,334.922,308.890
149.948,-3.887,335.031,311.040
144.676,-2.391,340.869,311.974
154.951,-5.509,333.590,308.330
143.788,-2.297,338.748,311.516
145.637,-3.610,342.290,313.269
148.515,-3.676,337.999,310.300
145.651,-1.380,341.589,312.257
156.634,-3.930,334.085,308.699
145.085,-0.712,338.527,312.338
152.445,-3.742,338.821,312.050
147.173,-2.860,337.916,312.279
147.745,-1.528,340.661,313.848
148.149,-4.545,338.439,312.027
147.391,-1.746,341.920,314.508
147.096,-4.074,340.631,312.811
147.563,-2.197,341.830,314.863
143.706,-3.074,343.281,312.995
146.302,-0.659,343.957,312.408
144.095,-2.679,344.219,313.796
147.688,-0.118,344.747,314.400
147.578,-3.656,341.841,315.296
147.752,-2.045,343.444,315.658
143.238,-1.191,346.901,315.848
146.106,-4.045,344.954,312.952
142.561,0.862,349.028,316.196
151.868,-4.621,345.454,315.708
148.406,-2.483,347.394,320.941
150.036,-8.508,344.581,322.355
144.367,-2.568,348.563,325.724
149.549,-10.698,347.415,322.634
147.526,0.050,345.237,321.324
150.380,-8.949,342.101,319.739
148.478,-0.535,347.053,322.035
154.802,-11.442,344.154,321.751
151.380,0.661,344.686,323.811
145.743,-10.518,348.689,322.868
144.766,-2.139,352.077,323.202
147.579,-8.064,355.495,323.940
149.953,-5.548,348.562,326.028
154.216,-12.592,345.506,325.681
148.613,-2.776,348.081,330.314
150.560,-16.253,347.492,327.026
149.904,-5.258,351.689,326.173
147.113,-9.716,353.159,323.873
149.592,-1.699,353.241,326.621
145.377,-9.441,354.720,326.033
149.730,-3.446,354.412,326.281
148.277,-8.400,354.341,327.058
144.833,-3.832,358.953,327.199
148.524,-7.097,357.986,323.073
147.807,-1.622,358.478,328.889
151.887,-10.082,359.512,329.922
149.967,-4.215,358.256,330.388
151.845,-11.059,353.691,328.880
144.495,-2.237,361.585,334.843
151.924,-12.058,360.573,331.129
146.765,-4.052,361.456,334.815
155.337,-10.067,361.807,333.674
146.301,-8.675,361.072,329.880
147.830,-4.264,361.652,330.478
152.311,-7.050,359.696,329.186
148.851,-5.946,360.792,332.550
151.662,-4.761,362.573,330.250
143.836,-8.915,364.876,336.372
155.586,-4.445,359.385,333.498
149.377,-12.316,362.451,332.812
151.794,-2.920,365.835,334.999
148.020,-10.602,369.206,333.351
147.082,-5.759,368.112,334.163
153.127,-13.285,365.448,332.003
147.303,-7.179,366.876,328.642
153.476,-6.598,365.073,329.929
148.836,-4.743,367.737,328.999
153.932,-11.516,368.536,328.487
146.997,-4.281,373.764,328.885
153.596,-8.083,369.103,328.582
150.759,-7.849,372.036,332.916
158.361,-6.603,367.613,329.225
158.063,-5.245,367.585,328.321
159.060,-8.862,365.325,329.394
156.099,-5.904,369.283,330.796
158.391,-8.063,369.773,329.181
156.923,-7.689,374.017,332.559
160.654,-8.853,370.683,333.330
163.673,-9.199,369.154,332.802
162.496,-7.643,371.812,336.157
169.663,-11.134,367.040,333.076
162.864,-7.492,368.242,333.893
168.895,-7.929,370.037,332.160
157.361,-10.211,376.100,334.975
170.081,-11.243,376.705,336.096
162.934,-7.484,375.864,336.431
169.464,-12.113,374.543,334.638
162.373,-7.264,377.706,334.183
165.987,-9.533,379.416,335.101
161.538,-11.583,383.733,336.428
164.198,-12.281,385.850,337.025
166.755,-11.605,384.404,338.971
164.466,-11.090,383.202,340.233
164.294,-7.779,383.658,339.782
168.807,-14.571,381.433,334.505
163.337,-4.784,384.676,331.077
162.510,-11.112,387.524,330.957
166.173,-7.554,389.065,330.504
172.593,-6.908,392.459,330.595
165.177,-12.090,395.081,331.429
165.190,-6.627,390.351,324.884
159.137,-8.407,397.623,325.985
163.490,-10.881,396.242,327.297
164.487,-8.976,398.639,322.175
162.507,-8.706,402.150,314.801
159.913,-5.573,409.815,317.559
162.843,-1.617,408.881,318.170
168.987,-6.898,404.919,314.784
160.960,-0.341,413.603,317.280
166.249,-5.376,413.029,316.082
158.572,-3.431,421.072,318.099
170.322,-5.521,413.264,319.074
163.182,-4.449,413.167,320.852
166.319,-5.088,412.529,322.626
169.587,-5.391,408.996,322.680
164.269,-8.616,412.813,321.323
174.382,-9.247,417.031,319.691
167.703,-9.931,418.858,318.190
164.141,-6.850,421.434,316.259
170.302,-5.125,423.868,318.776
167.932,-3.195,425.677,321.943
171.346,-5.178,423.193,319.808
166.224,-3.409,430.794,320.006
168.499,-4.620,433.193,322.543
169.181,-4.330,436.336,322.744
172.028,-4.299,435.972,323.481
172.115,-5.691,435.103,324.745
173.562,-5.939,436.378,324.172
172.484,-7.910,436.439,324.259
167.030,-7.433,441.424,324.467
174.149,-9.411,440.555,327.400
170.286,-9.046,441.229,328.941
167.172,-11.062,445.198,329.059
164.050,-10.941,449.584,328.210
177.234,-8.261,444.222,329.394
173.866,-9.713,442.140,331.423
166.252,-9.406,451.457,334.478
177.075,-9.497,445.125,334.717
182.358,-6.936,443.359,332.597
187.265,-7.736,439.726,331.032
179.778,-7.741,442.108,332.741
178.036,-10.739,441.750,331.866
175.991,-10.148,445.893,330.413
177.571,-10.524,447.205,327.722
170.582,-9.429,455.182,332.711
187.574,-8.352,445.043,333.270
183.967,-9.443,443.586,332.666
182.903,-6.323,446.081,335.438
182.842,-8.024,448.294,335.400
