191.000,139.000,286.000,162.000
185.889,138.222,285.945,161.757
190.417,135.069,283.531,162.020
190.020,134.094,281.888,164.434
193.384,132.977,278.576,164.702
193.678,132.553,278.383,165.302
193.933,131.631,276.862,165.423
195.114,131.672,276.091,166.033
191.842,132.486,275.421,166.141
197.438,132.133,274.742,166.267
193.424,133.353,274.967,165.879
197.802,130.636,272.181,164.589
206.477,127.414,268.787,162.870
212.205,123.846,265.587,160.955
204.857,124.762,261.258,161.819
200.537,127.845,261.346,162.642
201.803,128.985,264.121,162.272
196.034,129.442,263.070,160.840
199.255,129.616,264.304,159.124
197.271,131.686,265.309,157.258
199.989,132.881,263.359,156.911
202.309,134.673,260.977,157.025
203.421,135.401,260.090,157.494
206.370,136.009,255.342,159.238
213.935,136.297,252.944,161.065
219.819,136.514,252.413,162.226
223.863,138.159,252.196,163.355
227.330,139.386,251.042,164.410
229.739,139.544,250.012,164.758
232.361,141.966,248.604,165.138
230.205,146.680,247.027,165.886
230.112,149.456,247.242,165.412
231.315,150.536,247.075,164.662
230.335,153.791,247.572,164.799
229.913,153.326,246.857,163.604
228.532,153.363,248.498,162.889
224.175,152.594,250.593,162.729
221.471,152.248,250.893,161.818
218.369,153.225,254.246,161.579
213.729,153.615,258.141,160.050
209.499,151.719,255.841,158.414
211.788,150.465,252.817,156.604
208.750,150.319,251.966,156.925
206.414,148.755,249.628,156.419
210.235,147.530,250.143,156.665
206.546,147.255,249.451,157.502
209.833,148.292,252.730,158.187
203.469,147.612,253.247,158.574
208.317,148.310,255.667,158.600
206.825,147.746,255.758,158.422
206.823,149.801,254.109,159.185
209.283,149.415,252.082,159.209
213.336,151.458,251.961,159.565
209.410,154.317,254.281,157.216
212.046,155.987,261.241,157.050
215.146,160.586,265.840,154.418
221.685,163.342,265.562,152.055
224.530,161.399,259.028,145.089
243.647,164.463,244.901,139.880
257.165,156.502,234.994,138.353
267.503,155.568,225.543,139.050
273.414,155.746,217.460,139.175
280.727,157.572,209.564,139.467
283.026,158.474,204.415,138.922
285.449,159.172,200.385,138.605
285.903,158.450,198.038,138.824
284.951,158.227,197.303,139.227
284.962,158.853,197.505,139.956
279.801,161.875,202.922,140.791
273.038,166.806,209.546,141.814
263.387,168.933,218.685,142.783
259.547,171.156,223.251,143.005
264.031,172.551,221.255,143.655
263.507,171.701,221.254,144.374
261.676,171.883,223.052,144.589
260.463,169.388,223.400,144.160
262.432,166.144,222.126,144.125
261.545,162.362,222.935,144.073
256.668,158.252,227.177,144.566
255.109,158.968,229.911,144.536
254.365,159.204,231.550,145.523
251.015,157.829,234.851,145.095
246.334,155.600,238.394,145.063
245.875,156.087,241.303,145.106
242.714,155.516,242.913,144.159
245.018,152.794,242.514,142.897
245.480,152.326,241.900,143.840
242.970,151.885,242.629,143.033
241.411,149.499,245.034,143.368
242.340,148.488,245.546,141.866
244.150,145.094,241.586,141.057
246.057,146.596,241.772,142.255
249.198,142.651,237.255,141.173
252.606,142.634,233.875,142.796
252.568,141.430,232.264,143.961
253.665,141.466,229.471,144.751
254.143,139.316,228.025,145.593
254.893,139.234,227.771,145.231
255.733,137.907,227.520,146.165
256.732,134.564,225.608,147.702
258.225,132.304,224.210,148.399
257.006,132.322,225.188,148.023
256.806,131.856,224.895,148.880
258.550,128.767,223.782,150.785
260.216,128.751,223.433,151.498
261.046,128.363,221.225,152.169
262.633,129.911,219.219,152.470
261.539,130.099,218.170,153.119
261.594,130.580,218.966,153.734
262.180,130.257,220.559,153.310
261.278,128.847,219.730,154.004
260.160,129.112,221.171,154.065
258.027,130.008,222.529,153.481
256.292,130.751,225.185,155.052
252.144,134.232,227.532,155.148
248.273,140.301,229.291,154.532
253.940,142.712,228.656,155.406
250.176,145.904,230.370,157.713
248.759,148.909,232.098,159.541
249.655,151.212,232.310,161.239
251.535,147.948,230.696,162.849
253.879,142.191,230.014,162.928
252.147,141.560,229.847,164.716
251.438,140.526,230.578,166.265
245.983,139.879,234.310,168.194
241.416,139.329,237.541,170.136
239.708,138.677,241.526,171.054
231.011,138.230,246.430,171.692
231.456,137.295,249.613,171.238
228.838,136.999,252.311,171.517
225.350,136.617,254.462,172.467
222.248,135.053,257.980,172.386
223.347,133.939,258.975,172.114
220.209,133.480,260.974,173.367
217.062,131.822,262.536,174.002
215.637,131.802,265.932,174.783
214.796,126.495,267.910,173.462
215.677,123.066,269.533,174.997
214.026,121.881,271.358,176.729
209.432,120.512,274.579,178.297
207.724,116.152,276.592,178.476
207.016,115.884,278.787,179.658
205.104,113.380,281.113,179.056
204.605,111.668,282.625,181.181
201.058,110.248,283.106,182.521
200.794,109.791,284.280,184.458
200.613,109.514,284.951,184.501
201.242,106.442,284.819,180.333
201.450,106.289,285.050,179.342
199.534,104.584,285.306,177.469
200.133,105.486,284.688,177.767
200.521,106.481,282.964,179.220
202.915,107.846,281.133,181.316
205.810,107.721,279.649,180.539
206.361,110.254,279.600,179.848
205.149,111.605,279.558,179.186
205.954,111.906,278.382,179.479
204.885,111.166,276.609,181.374
207.170,119.519,275.665,192.879
210.521,117.762,271.907,199.198
211.648,113.093,269.514,197.949
215.463,123.026,268.533,205.250
218.199,117.983,265.404,205.429
220.636,119.718,261.299,208.059
221.178,114.401,259.487,210.203
221.694,115.101,256.590,208.822
222.450,114.893,256.874,209.657
223.162,112.487,257.162,211.016
215.849,114.132,259.240,211.561
219.144,112.276,261.469,211.438
211.638,113.364,263.668,210.271
214.372,115.620,265.722,211.632
208.751,115.833,268.709,211.037
208.967,115.998,271.426,210.359
205.322,115.925,273.013,210.906
207.587,116.625,274.053,209.418
203.124,116.650,272.993,208.626
207.838,116.571,272.184,208.502
205.683,116.595,271.050,208.078
206.056,118.198,270.624,209.584
202.729,119.797,271.906,210.106
206.383,119.563,272.492,208.409
211.365,120.043,273.669,206.951
208.884,120.802,271.682,206.458
210.105,122.173,272.799,206.849
214.477,123.857,272.401,206.506
216.859,123.705,269.233,204.804
219.370,126.660,267.158,203.620
217.528,127.633,267.530,202.625
221.583,123.564,264.836,197.911
226.610,123.303,261.915,197.736
228.126,124.819,259.070,199.205
230.543,124.669,256.888,198.124
233.431,121.704,253.495,195.516
234.832,124.121,250.952,198.252
232.195,125.635,251.122,200.366
232.189,126.137,251.670,200.777
232.416,125.691,252.360,201.213
230.194,125.884,253.356,202.841
223.037,126.738,257.700,203.190
208.442,138.476,267.021,207.062
196.441,148.427,278.638,209.739
188.621,148.756,289.300,206.668
186.161,149.960,294.938,204.753
185.032,149.684,297.948,205.009
182.778,150.358,298.699,205.188
183.633,149.061,300.864,204.575
190.815,147.116,296.369,200.924
198.791,145.571,293.368,200.514
189.655,143.398,292.538,201.750
193.644,142.035,289.034,203.172
198.847,138.449,284.183,203.942
204.053,131.813,279.928,205.583
209.955,128.836,277.792,207.335
205.118,125.308,280.052,207.117
204.389,126.019,281.621,208.196
205.359,122.393,279.893,205.233
205.541,118.668,279.614,203.128
206.360,118.473,279.430,205.406
205.747,119.374,280.259,205.034
204.285,118.135,281.767,205.552
206.428,115.892,280.867,200.909
210.479,115.267,279.472,193.665
214.340,120.586,275.834,192.828
213.567,122.495,274.976,189.269
216.621,124.202,272.749,186.779
218.423,125.025,270.749,185.429
218.224,126.646,269.750,184.277
217.195,126.831,268.555,185.442
219.691,124.838,267.385,183.752
219.740,125.256,266.525,183.737
219.230,124.708,266.135,183.962
219.025,123.670,266.620,185.137
217.999,122.668,267.107,184.871
220.894,122.660,266.710,184.764
218.257,122.555,267.746,185.542
217.342,123.578,267.465,187.287
218.985,121.980,267.614,186.420
218.312,122.666,267.360,186.990
218.400,122.879,267.017,186.219
218.078,122.673,267.089,186.754
217.296,122.060,268.132,185.796
217.671,124.055,268.513,186.975
219.897,122.091,266.296,185.405
219.558,122.988,265.228,188.111
216.359,121.057,267.128,187.004
214.130,120.742,271.883,184.467
216.242,122.523,274.034,180.699
206.060,123.356,279.276,178.497
212.181,123.169,278.116,176.968
221.412,127.292,273.145,173.822
226.291,126.825,263.845,173.721
242.363,125.384,252.964,174.098
258.792,121.647,239.435,172.564
269.186,122.615,224.752,172.385
275.302,122.869,212.508,170.366
283.938,123.990,202.585,166.953
290.014,123.961,193.642,162.281
295.411,124.763,186.123,158.649
295.569,127.763,182.285,155.989
297.827,129.568,179.479,155.117
297.829,132.973,178.533,155.459
293.517,132.854,180.876,158.251
292.975,133.657,181.301,160.262
296.556,133.177,180.050,162.788
296.285,132.303,180.255,165.203
295.237,131.258,181.337,166.709
294.270,130.270,182.370,167.619
291.137,129.428,184.860,168.821
289.235,127.744,186.155,169.816
286.853,128.638,188.213,169.732
282.972,131.196,191.435,170.441
282.822,131.059,192.349,171.721
283.064,130.713,192.987,173.319
283.112,130.452,193.017,173.309
283.471,131.494,192.800,173.345
284.285,132.895,192.272,173.650
285.567,132.663,191.496,174.211
287.713,132.326,190.379,175.286
287.573,132.614,189.931,177.221
286.832,131.125,189.880,177.176
284.938,130.314,191.004,178.926
285.556,129.847,191.737,179.994
286.093,128.677,191.351,180.854
286.596,128.480,191.698,180.439
287.277,129.436,191.395,180.422
287.430,129.052,191.037,180.437
285.601,130.045,192.235,180.139
287.032,128.543,191.332,180.417
288.039,128.026,190.670,180.147
287.124,127.388,190.484,179.263
286.177,126.363,191.160,178.965
286.450,124.953,190.580,178.842
284.950,122.858,191.196,178.601
284.833,121.422,191.899,179.237
285.422,119.953,191.639,179.147
285.594,118.979,191.445,178.222
286.419,119.387,190.994,176.582
287.524,120.177,190.260,175.875
287.101,118.536,190.482,175.615
287.112,118.595,190.407,174.923
289.198,120.349,189.452,175.088
286.856,118.280,190.852,175.938
285.511,116.956,191.935,176.266
287.061,116.964,191.447,175.234
286.830,115.591,191.218,175.786
285.473,114.675,191.926,175.672
287.313,118.387,191.517,176.839
282.196,124.790,194.393,180.200
278.358,128.399,198.259,181.740
274.409,129.870,202.038,182.947
277.510,129.293,201.685,184.950
274.834,128.042,204.276,185.999
274.105,129.941,205.323,187.356
274.602,126.374,205.813,186.473
275.359,127.082,205.819,187.220
274.204,126.842,204.748,186.844
274.914,128.872,205.583,188.788
271.601,127.442,206.617,188.116
273.544,127.787,206.360,187.879
272.039,128.422,207.963,188.275
271.469,126.385,209.008,187.987
272.676,127.558,208.802,187.979
269.788,127.418,209.266,187.482
271.756,130.335,208.826,188.650
271.169,129.771,209.973,189.100
268.148,129.099,211.032,189.438
269.878,129.669,211.012,188.965
269.236,127.885,211.929,189.500
268.944,128.608,212.067,189.510
267.022,130.201,213.282,189.548
265.675,129.247,213.831,189.906
265.837,130.628,213.947,190.549
267.564,137.461,213.546,191.740
267.497,138.500,213.353,193.135
269.535,136.277,212.042,193.808
272.536,134.999,208.168,191.355
273.252,134.572,205.613,190.336
272.188,134.889,207.043,188.469
270.707,133.669,208.166,187.269
270.000,131.400,208.153,185.895
269.653,132.677,209.681,187.156
268.074,130.340,210.483,187.296
266.629,125.616,211.927,187.246
263.129,124.885,215.163,189.878
259.779,122.741,218.627,191.976
257.724,120.684,221.328,193.664
255.593,119.428,223.629,195.450
254.629,118.124,225.262,195.797
254.576,116.040,225.916,196.241
253.330,115.447,226.098,197.615
253.270,112.763,226.455,197.378
251.671,113.792,227.187,197.440
252.030,112.194,227.650,198.561
250.732,110.162,228.756,198.385
250.339,109.441,230.205,197.839
250.502,110.315,230.210,197.344
249.037,111.065,230.740,200.764
249.870,108.728,230.255,203.075
249.504,105.095,230.284,201.253
247.843,104.737,231.567,196.836
246.484,107.239,234.241,194.243
244.498,108.762,235.994,192.352
242.903,110.515,237.309,191.623
242.881,112.099,238.985,191.857
241.205,114.694,240.287,193.357
243.465,112.032,237.964,195.040
244.636,113.229,237.417,195.969
245.804,112.524,237.407,196.078
246.956,113.822,236.099,197.428
247.138,112.740,234.587,199.123
246.876,115.562,234.257,200.835
248.641,111.753,232.190,199.597
249.164,116.289,232.061,200.421
249.383,110.131,231.050,199.040
250.188,114.622,231.858,199.737
248.369,109.835,232.003,199.299
249.615,114.594,232.924,200.613
246.960,108.528,234.231,199.067
249.070,114.542,234.290,200.768
247.105,110.038,235.667,199.345
244.655,112.341,237.299,197.639
246.710,113.313,237.374,195.065
242.382,116.217,238.571,196.202
242.774,118.551,239.090,195.284
242.910,119.480,239.323,194.794
241.990,121.355,239.906,196.048
240.358,121.720,241.135,195.997
238.353,122.434,242.467,196.073
238.028,122.725,242.623,195.689
234.244,122.493,244.677,196.542
233.134,121.425,246.026,197.190
233.392,121.544,247.382,197.400
231.410,120.766,249.976,196.790
232.000,121.298,250.583,196.567
228.326,121.044,249.739,197.238
230.861,121.261,250.346,197.976
229.930,119.960,251.638,196.717
228.184,118.447,253.258,196.068
222.621,116.286,256.871,197.401
224.634,117.428,257.942,198.216
220.939,116.623,261.052,198.538
220.866,117.223,262.038,199.042
222.452,117.783,262.296,198.562
220.763,116.700,261.711,196.797
221.275,116.947,261.946,196.889
222.394,117.506,262.555,195.495
222.296,117.800,261.632,194.160
222.517,118.198,261.288,193.198
222.409,117.630,261.345,194.916
228.218,118.510,259.327,194.903
229.994,119.000,255.963,192.345
231.239,117.628,253.577,188.436
231.940,117.270,253.700,188.828
230.413,116.646,252.998,189.221
232.290,115.959,253.601,189.715
227.046,114.393,255.006,188.067
228.449,112.744,256.655,191.624
227.336,111.660,256.377,189.422
228.290,110.919,256.590,190.935
223.770,111.025,259.359,190.091
224.242,111.140,259.486,190.994
221.233,110.721,260.978,188.973
225.070,112.142,261.469,189.092
218.943,114.606,261.901,189.601
218.099,114.826,263.035,187.539
220.091,116.729,263.551,187.996
216.087,116.748,265.564,184.310
216.638,119.175,267.708,185.024
214.202,120.801,269.303,186.354
215.843,120.602,268.908,185.430
215.013,124.676,270.377,186.364
210.698,124.888,273.122,185.208
213.856,129.914,272.512,187.949
213.550,128.564,272.676,190.295
214.706,127.270,271.807,190.412
209.736,126.776,274.081,192.105
210.141,122.515,275.164,188.854
214.471,126.209,273.303,187.225
216.020,125.984,270.224,183.384
210.892,128.222,272.559,180.321
209.966,129.612,274.275,176.278
214.784,140.112,271.410,170.521
222.952,132.547,265.468,170.601
230.019,134.788,260.627,169.006
249.569,132.928,245.346,167.049
266.316,123.390,232.723,167.897
276.452,113.681,218.861,168.404
285.125,105.526,207.907,165.233
