431.000,135.000,50.000,142.000
430.785,133.443,49.607,140.958
430.505,133.373,49.719,141.304
430.899,133.341,49.499,141.740
430.681,133.292,49.554,141.548
430.937,133.404,49.393,141.600
430.598,133.286,49.594,141.599
431.000,133.352,49.423,141.742
430.648,133.308,49.567,141.472
430.856,133.304,49.485,141.731
430.709,133.308,49.526,141.589
430.912,133.354,49.397,141.622
430.609,133.304,49.598,141.659
430.977,133.270,49.426,141.752
430.603,133.332,49.609,141.578
428.973,133.595,49.786,141.182
427.621,133.458,49.803,141.401
425.827,133.476,49.818,141.217
424.358,133.619,50.105,140.989
422.580,133.927,50.305,139.551
421.200,135.273,49.997,138.273
419.330,135.754,50.194,136.693
418.341,136.737,50.045,136.921
416.538,136.938,50.025,137.008
415.974,136.907,49.429,136.770
413.804,136.696,49.426,137.681
412.935,136.577,49.138,138.334
410.254,135.896,48.717,139.162
408.008,135.484,48.626,140.762
405.294,133.994,48.736,141.673
402.270,133.975,48.459,142.872
399.803,133.813,46.024,142.882
397.167,135.180,43.894,143.691
393.953,135.979,42.454,144.091
390.535,135.826,42.633,143.924
386.361,134.907,43.938,142.056
383.314,136.112,45.182,141.885
380.074,136.858,46.631,141.742
376.827,136.590,48.267,141.966
374.457,137.514,49.931,142.613
373.523,138.508,51.178,143.369
368.962,139.904,51.723,144.349
367.028,140.150,53.332,145.507
362.395,139.005,54.079,146.482
359.037,136.426,54.500,146.126
354.724,135.314,54.618,145.655
351.217,134.757,54.152,145.426
347.572,133.681,53.127,143.674
342.827,135.220,52.794,142.984
339.052,136.004,54.067,143.575
335.407,135.006,56.075,144.031
331.665,135.077,57.698,144.514
327.793,134.448,59.559,144.508
323.855,134.463,61.252,144.522
320.336,134.367,63.286,144.056
316.498,134.240,64.890,142.926
314.333,135.377,66.102,143.077
311.988,134.296,65.592,141.958
311.959,135.389,63.375,142.078
309.907,133.187,60.835,139.890
310.137,135.618,57.166,140.884
309.858,136.366,53.677,141.249
309.831,135.410,50.898,142.365
308.724,135.530,48.983,144.378
306.918,132.923,47.853,144.822
303.680,134.178,46.429,145.901
300.895,134.402,45.675,146.000
298.184,133.857,45.833,145.497
294.860,133.908,46.695,145.133
289.928,134.920,49.225,146.118
287.651,134.549,51.718,147.092
284.901,134.610,53.862,147.089
283.637,135.461,55.630,146.885
280.335,135.384,56.400,146.899
276.961,133.582,56.452,146.977
273.802,132.919,55.681,147.206
270.161,131.644,55.185,147.072
266.039,131.679,54.561,147.447
263.845,131.748,53.957,148.735
260.735,130.587,52.769,148.966
258.797,130.824,51.317,149.111
257.096,131.161,49.762,149.361
255.854,131.678,48.523,149.818
254.396,130.153,47.373,147.891
251.812,130.994,46.694,148.016
249.869,130.990,46.342,147.233
248.142,131.218,45.764,146.289
246.316,131.995,45.486,146.829
244.715,132.033,45.338,147.521
243.099,130.465,45.277,147.984
241.153,130.664,45.056,149.590
237.456,130.511,45.455,151.332
234.929,130.662,45.450,152.455
230.918,130.246,46.419,153.661
226.648,130.295,47.602,154.975
223.518,127.005,48.851,154.083
221.347,127.239,49.633,153.258
218.934,128.617,50.348,152.939
216.584,128.117,51.477,152.509
214.936,129.969,51.585,152.295
211.937,131.072,52.293,153.154
206.728,133.646,53.486,154.236
203.499,130.879,55.411,155.106
200.402,130.659,56.453,155.743
195.104,134.129,58.018,157.653
191.236,131.363,59.063,158.995
186.434,134.300,60.083,160.605
183.792,129.248,61.489,161.370
179.872,130.122,61.676,161.898
176.814,127.969,62.001,162.696
172.229,128.350,63.056,163.578
170.317,127.894,63.828,165.509
168.712,126.192,64.430,166.520
167.501,125.883,64.786,166.960
166.585,127.272,65.195,168.065
165.725,127.019,65.559,168.845
164.711,126.057,65.808,169.079
164.089,126.389,66.114,169.163
162.810,126.187,66.873,169.055
162.087,126.314,67.305,168.391
160.117,128.279,67.588,168.136
159.836,126.638,68.221,169.282
158.159,127.194,68.008,170.445
157.040,125.190,68.109,171.142
155.727,126.186,67.561,171.289
154.930,124.304,67.324,172.259
153.694,124.379,67.335,170.973
152.620,125.849,67.152,170.094
151.512,125.065,66.827,169.364
151.675,125.754,66.860,170.612
151.904,124.429,66.582,170.031
150.989,125.892,65.373,170.238
151.135,126.871,63.787,169.056
151.761,128.407,63.246,167.574
151.974,128.130,62.985,166.243
150.713,128.235,62.187,165.197
150.677,128.376,62.667,165.224
149.542,127.567,62.416,165.305
149.487,127.145,62.725,166.200
148.755,125.684,62.561,166.503
148.631,125.368,62.520,166.947
148.308,123.979,62.798,166.768
148.554,123.431,62.895,167.120
148.696,123.630,62.453,166.707
149.744,123.373,62.773,166.446
150.292,124.548,62.967,166.759
150.337,123.694,63.190,166.542
151.228,123.891,63.179,165.979
152.350,124.767,63.531,166.829
152.518,125.097,63.393,167.934
153.675,124.587,63.921,168.830
154.836,125.792,64.979,169.988
155.854,122.759,65.525,171.029
157.224,121.936,66.793,172.371
156.941,121.307,67.955,173.672
157.487,119.873,69.748,176.555
157.659,118.683,71.152,178.535
157.248,117.971,71.698,179.856
158.650,118.768,72.113,180.542
158.941,118.962,72.567,180.174
158.984,118.711,73.315,179.921
158.898,119.473,74.714,179.567
158.759,118.554,75.866,179.626
159.081,118.045,76.471,179.745
159.268,117.407,77.019,180.259
159.001,117.009,77.850,180.937
159.077,116.392,77.607,181.316
159.787,116.384,76.267,181.123
159.666,115.983,75.800,182.157
160.562,114.611,74.583,183.317
160.765,112.464,74.104,184.594
160.618,111.705,73.674,185.088
161.040,110.828,73.042,185.733
160.545,109.017,73.422,187.086
160.932,108.850,73.385,188.062
160.954,108.077,74.909,188.939
160.958,108.500,76.922,190.319
160.366,104.279,80.700,191.349
157.312,103.352,84.772,192.437
160.691,104.969,86.816,192.692
161.297,101.937,86.966,192.592
161.914,102.242,85.538,191.265
164.636,104.159,83.699,189.638
165.597,104.296,79.964,186.711
166.438,106.208,77.169,185.384
168.374,106.259,75.665,184.273
167.350,104.405,75.583,184.254
170.555,103.292,74.686,183.017
170.902,105.976,74.761,182.272
176.922,104.564,72.334,181.582
178.000,105.886,72.385,182.970
182.012,105.436,70.680,182.136
182.848,105.185,71.300,182.137
186.348,105.118,72.140,182.234
190.645,105.106,73.418,182.928
191.387,105.813,76.609,184.814
191.453,103.643,79.604,184.891
193.248,103.524,82.032,186.119
195.382,101.308,84.080,186.421
195.355,100.863,85.747,187.597
196.604,98.830,86.083,187.730
194.175,99.287,85.215,187.044
195.826,101.293,83.379,185.632
195.354,101.465,81.481,186.296
195.962,100.584,78.297,186.710
198.944,99.571,74.681,186.004
199.946,99.107,72.245,185.174
202.413,98.195,70.139,184.290
205.971,98.110,67.593,183.449
207.132,97.271,66.723,184.038
208.801,99.110,66.087,184.890
208.141,96.245,66.682,186.098
209.497,98.750,66.841,186.540
209.814,96.279,67.411,187.299
210.455,98.245,68.073,186.873
211.128,96.458,69.012,187.198
211.962,98.121,69.768,187.993
215.281,97.388,69.472,187.947
217.308,99.158,69.125,187.698
219.104,98.860,68.571,186.848
222.963,98.777,67.685,185.724
224.013,99.636,67.737,185.499
226.409,98.456,67.463,183.941
227.607,99.848,68.158,184.728
228.537,98.063,68.523,184.551
229.693,100.703,68.578,185.691
230.623,100.098,68.572,185.600
231.402,100.500,68.456,185.542
232.599,100.717,67.825,185.469
232.967,103.255,67.503,186.033
232.736,103.646,67.770,185.028
231.502,106.607,68.388,183.842
232.062,108.175,68.698,182.452
231.515,111.902,69.490,180.352
231.623,114.334,69.492,176.329
232.160,116.861,69.873,171.896
233.083,122.081,69.205,166.914
233.224,127.813,69.364,162.367
233.741,131.532,69.199,156.496
234.891,138.947,69.289,150.921
233.344,144.686,71.506,145.619
231.150,149.895,74.014,140.410
231.023,155.588,74.868,137.014
232.222,159.939,75.056,134.759
230.270,162.367,76.201,133.010
231.512,163.623,76.878,131.333
230.911,164.676,78.004,130.312
231.001,165.325,79.106,129.533
230.803,165.941,80.346,128.736
231.399,166.039,81.106,127.774
230.830,166.671,81.896,126.732
231.129,167.450,82.337,125.765
229.914,166.825,83.113,124.807
230.906,167.078,83.094,123.724
229.993,166.211,83.441,122.851
231.334,167.030,83.679,121.879
229.932,167.697,83.544,121.229
230.097,168.112,84.036,121.000
230.263,167.433,84.313,120.594
229.916,170.700,84.472,120.878
229.118,170.815,84.545,120.039
229.487,171.150,84.581,119.275
228.983,171.544,84.554,118.676
229.512,172.245,84.558,118.167
229.030,172.575,84.687,117.610
230.106,173.159,84.823,117.182
228.247,173.048,84.859,116.904
230.460,172.956,84.769,116.465
227.144,173.176,85.170,116.127
228.413,170.341,85.507,115.653
228.544,176.534,85.921,115.701
228.823,175.743,85.679,115.450
229.042,175.664,85.517,115.258
230.048,175.356,85.367,114.915
226.736,174.394,85.778,114.622
229.797,171.179,85.717,114.186
230.216,175.370,85.691,114.526
226.840,174.720,85.915,114.366
230.594,172.115,85.635,114.172
227.285,172.069,85.841,114.397
230.093,172.749,85.720,114.909
228.107,170.694,86.029,114.972
228.936,176.720,86.099,115.417
227.352,172.756,86.291,115.508
228.117,179.380,87.025,115.577
227.772,176.557,87.532,116.341
227.405,177.198,88.277,117.235
227.705,174.802,89.250,117.824
231.353,177.409,90.348,118.146
232.205,178.904,91.952,118.404
232.676,178.195,92.929,118.784
233.514,179.249,94.650,118.437
232.811,178.836,95.846,118.264
235.845,180.896,97.852,117.731
235.026,181.283,100.421,117.078
232.608,182.542,102.694,116.380
233.366,181.306,104.122,115.668
231.124,182.094,105.114,115.400
234.196,182.616,106.486,114.763
233.944,183.753,108.007,114.455
230.860,183.620,109.060,114.039
232.454,184.743,110.800,113.603
231.715,184.453,112.075,113.122
231.741,185.070,113.366,112.750
231.733,185.307,114.438,112.473
229.841,184.975,115.535,112.222
229.736,185.807,116.484,112.035
227.772,185.251,117.598,111.776
228.991,185.962,118.154,111.619
225.307,185.990,119.051,111.433
226.067,185.922,119.255,111.184
226.726,185.175,119.326,111.013
226.756,186.803,119.808,110.980
226.238,185.951,120.029,110.772
224.757,186.666,121.058,110.764
221.958,186.742,121.152,110.821
224.472,185.770,121.334,110.789
221.242,187.238,121.611,110.664
223.032,186.764,122.469,110.455
220.344,188.637,123.059,110.176
222.840,187.785,123.931,109.835
221.961,188.412,123.888,109.652
221.839,187.966,124.316,109.460
220.881,185.467,124.388,109.522
218.001,188.572,124.217,109.356
222.040,187.305,123.795,109.282
221.916,188.787,123.997,109.102
224.293,187.290,123.601,108.955
223.361,189.387,123.884,108.850
224.354,188.419,123.786,108.660
225.147,188.961,123.990,108.524
227.115,186.617,123.793,108.701
224.088,185.888,123.828,108.876
225.467,185.302,123.725,109.195
224.413,185.986,123.597,109.268
225.553,186.502,123.761,109.351
225.129,186.784,124.115,109.250
226.017,185.661,124.420,109.332
224.782,187.494,124.619,109.242
223.919,185.827,124.553,109.368
224.906,185.031,124.503,109.573
223.881,186.608,124.205,109.660
223.556,189.109,123.964,109.623
224.767,187.596,123.894,109.306
223.137,187.943,124.291,109.135
223.112,188.807,124.032,109.083
223.231,188.313,123.893,109.008
223.705,188.660,124.423,108.979
223.452,188.465,125.481,108.933
222.277,189.811,126.334,108.845
222.524,189.247,126.348,108.495
223.140,189.758,127.088,108.511
224.272,189.185,127.726,108.422
225.545,190.775,128.758,108.207
223.749,190.132,129.221,107.869
226.128,190.341,130.044,107.597
225.073,192.217,130.602,107.354
224.274,190.350,131.423,107.102
224.806,191.990,132.186,106.908
222.178,189.592,131.709,106.808
221.071,188.322,131.368,107.340
222.314,186.328,130.716,107.974
218.002,185.383,130.177,108.576
216.346,185.008,129.516,108.969
220.711,185.486,129.221,109.251
219.098,184.899,128.497,109.618
216.039,184.772,127.961,109.861
220.403,184.857,127.431,110.042
219.255,185.223,127.227,110.165
218.304,184.786,126.471,110.434
222.948,184.693,126.277,110.633
224.838,185.213,126.204,110.798
225.308,185.287,126.883,110.964
225.863,185.087,127.508,111.027
224.584,184.186,128.157,111.092
226.112,185.154,129.421,110.900
223.534,185.297,130.398,110.801
224.338,185.173,131.745,110.766
221.873,184.897,131.998,110.791
222.060,184.723,131.997,110.951
220.108,184.100,131.840,111.174
219.034,184.099,131.913,111.283
217.193,184.090,132.527,111.348
219.180,184.681,132.277,111.414
216.013,184.778,132.523,111.343
218.292,184.465,131.740,111.460
220.770,185.905,131.895,111.278
222.490,185.042,131.323,111.384
220.342,184.987,130.674,111.373
222.043,185.857,130.018,111.260
223.461,185.330,129.655,111.300
223.969,184.780,130.164,111.408
224.433,185.172,131.194,111.192
224.353,185.219,132.163,111.028
223.807,185.540,132.754,110.851
223.081,185.415,133.120,110.867
222.681,185.364,133.033,110.925
220.055,184.687,132.398,111.025
221.576,185.170,131.840,111.131
219.542,184.841,130.702,111.230
220.475,185.997,130.256,111.145
220.810,185.700,129.096,111.233
220.720,185.950,127.962,111.286
222.298,186.570,127.349,111.276
220.228,185.720,126.560,111.328
219.939,185.858,125.893,111.211
220.356,185.782,125.328,111.065
221.393,185.980,124.592,110.983
220.673,188.155,124.439,110.701
223.421,188.105,124.182,110.277
224.789,188.545,124.598,109.963
226.269,187.532,124.425,110.026
227.423,185.863,124.878,110.002
224.852,186.440,125.407,109.813
225.139,186.868,126.216,109.632
225.501,186.631,127.045,109.589
222.511,186.611,127.021,109.654
224.333,187.800,126.328,109.648
226.436,188.874,125.851,109.602
222.929,187.094,124.781,109.749
223.332,187.568,123.845,109.841
222.830,187.539,122.917,109.919
220.881,188.738,122.701,109.721
220.122,188.205,122.308,109.375
221.066,188.556,122.282,109.098
221.313,188.821,122.236,108.765
221.604,188.543,122.222,108.332
222.980,189.328,122.218,108.037
223.390,188.602,121.453,107.918
222.922,190.824,121.480,107.682
225.045,190.769,121.254,107.512
225.502,188.725,121.357,107.076
226.101,188.112,121.231,107.342
226.634,187.823,121.318,107.543
224.644,187.788,121.778,107.687
223.578,190.564,122.365,107.589
223.108,189.845,122.084,107.355
224.052,189.957,121.725,107.091
222.632,188.833,121.908,106.973
221.268,189.323,121.643,107.077
223.528,189.254,121.520,107.215
223.284,188.698,121.094,107.299
221.497,189.261,120.423,107.446
219.956,188.252,119.697,107.533
223.905,187.397,119.276,107.984
224.249,188.021,119.216,108.327
227.149,187.322,119.336,108.684
227.398,186.395,119.814,109.097
226.139,184.695,119.706,109.881
226.594,183.195,118.764,110.022
228.056,183.367,117.825,110.144
227.922,183.643,117.658,110.467
228.054,182.749,117.442,110.852
228.629,181.064,117.410,111.500
228.798,179.002,117.224,112.303
229.503,177.044,117.372,113.723
230.940,174.660,117.563,115.853
229.119,172.649,116.805,118.166
230.809,171.479,116.070,120.190
230.359,169.954,114.913,122.170
229.316,169.273,113.494,124.026
231.044,167.536,111.866,125.604
230.619,166.889,109.206,127.212
231.495,164.634,107.023,128.391
230.931,162.107,106.120,129.354
231.402,159.949,104.904,130.279
233.685,157.125,102.168,131.232
233.408,153.805,102.965,133.620
233.309,148.847,101.541,136.826
234.936,144.635,101.835,141.512
232.471,137.177,97.805,147.368
232.693,132.128,96.687,154.093
230.479,124.216,94.161,161.356
234.244,118.649,89.742,168.302
234.758,111.874,87.378,175.535
235.920,106.330,88.492,182.167
234.260,98.987,89.534,187.263
231.527,94.222,91.266,192.015
225.340,91.143,93.262,196.446
223.216,94.194,93.556,197.157
217.907,97.653,97.651,194.601
216.371,104.448,102.635,191.021
218.640,106.084,111.635,186.480
219.228,114.166,111.669,181.221
219.793,121.913,111.415,176.477
219.662,130.073,109.955,170.558
220.793,138.662,108.518,164.310
224.325,147.669,106.558,157.406
226.281,152.804,103.440,151.150
227.570,158.017,100.102,145.234
229.253,162.003,97.852,140.273
229.661,165.895,95.344,135.650
230.247,168.233,93.290,131.810
231.557,169.067,92.616,129.529
232.303,171.407,92.224,127.985
232.957,172.490,92.249,126.909
233.140,172.631,91.581,125.764
233.971,173.415,92.130,124.970
233.308,172.882,92.524,124.053
233.685,173.318,93.159,123.763
232.769,173.277,93.358,123.533
233.720,172.793,93.475,123.754
233.026,173.449,93.668,123.814
233.613,171.804,93.905,124.308
233.625,172.850,93.263,124.316
233.607,171.792,93.060,124.313
234.079,172.430,92.795,124.357
233.210,172.301,92.913,124.379
233.558,171.669,92.730,124.472
233.905,172.390,92.522,124.289
234.055,172.528,92.707,124.099
233.362,172.306,92.666,124.063
233.678,172.331,91.451,123.777
233.771,172.292,90.949,123.724
233.829,172.169,90.699,123.980
233.462,171.626,90.588,124.500
233.395,170.483,91.308,125.658
232.954,169.570,91.543,127.017
233.116,168.129,92.551,128.284
232.276,165.061,93.925,129.691
231.061,161.681,94.249,131.259
231.071,159.779,95.494,133.011
230.605,156.400,96.282,135.413
229.618,153.762,95.846,137.285
230.774,150.621,96.988,139.919
229.530,147.161,97.446,142.759
230.063,142.584,98.553,145.758
228.328,141.366,98.143,149.458
228.305,136.036,99.211,152.765
226.625,132.618,98.951,156.012
227.791,128.172,98.988,159.238
226.816,124.625,98.326,163.879
225.221,119.725,98.352,167.753
225.221,115.256,98.465,172.370
224.911,109.996,97.813,176.784
224.538,105.354,98.248,180.940
223.827,100.806,99.231,185.056
224.407,97.678,99.951,188.836
223.619,93.680,99.187,192.724
223.038,92.232,99.721,195.452
224.363,90.667,99.732,197.916
223.754,88.982,99.434,199.633
226.844,87.933,100.853,200.933
229.403,87.155,101.234,200.950
227.975,87.255,100.523,201.664
231.799,86.510,99.362,201.601
233.027,85.729,97.707,201.286
236.270,86.324,95.773,200.910
236.844,83.973,94.961,202.368
237.346,84.909,93.887,203.232
237.455,82.964,94.032,204.220
236.024,84.316,93.397,205.032
235.882,83.866,93.726,204.728
235.426,83.849,93.876,204.413
234.796,84.562,93.757,204.195
235.118,85.099,92.727,203.927
236.455,85.206,91.543,204.152
235.606,84.851,91.244,204.165
236.107,85.408,90.780,203.682
236.057,84.734,90.415,203.894
235.817,84.664,90.400,203.669
235.173,85.662,90.516,203.496
236.915,84.928,90.409,203.884
235.455,84.223,90.113,204.174
234.950,84.877,90.446,204.324
235.578,85.039,90.326,203.869
233.587,84.737,90.413,203.657
236.308,85.916,89.360,203.461
234.281,85.409,89.822,203.785
234.544,85.285,89.738,203.129
234.296,86.010,89.500,202.676
234.793,86.262,89.285,202.042
234.424,85.935,88.939,201.903
234.592,86.241,88.412,201.813
234.525,86.142,88.462,202.056
234.125,86.303,88.331,201.998
234.562,86.318,88.347,202.278
233.998,86.307,88.255,202.281
234.143,85.960,88.364,202.535
233.483,86.154,88.429,202.500
234.339,86.091,88.603,202.297
232.874,86.715,88.629,202.350
233.828,86.786,88.120,201.957
232.830,86.524,88.306,201.770
231.449,86.473,89.228,201.691
230.273,86.889,89.511,202.066
229.632,87.865,88.845,201.760
226.379,88.139,89.892,201.402
223.816,89.759,90.797,200.745
223.795,91.810,91.854,199.589
220.882,93.987,94.929,197.320
217.842,98.222,96.136,195.832
216.308,97.719,97.804,196.107
218.449,96.885,99.353,195.641
214.929,97.902,100.786,195.342
213.649,96.606,97.671,194.675
209.699,94.490,91.031,192.930
211.166,94.429,84.663,192.792
211.462,93.399,78.138,191.502
210.521,94.987,73.511,192.242
209.521,95.367,71.900,193.943
209.485,96.513,71.740,195.314
207.837,97.277,75.106,195.839
208.476,97.402,76.016,196.428
207.401,97.322,76.822,196.785
206.376,96.000,77.225,197.192
207.577,96.306,77.640,197.636
206.023,95.281,76.743,195.888
206.102,96.135,76.416,195.214
206.216,97.123,76.194,194.557
206.565,95.766,79.721,193.905
207.344,93.771,79.587,190.943
208.662,93.813,80.245,187.364
205.738,99.856,82.124,187.823
205.647,98.639,84.103,188.048
206.113,97.972,83.145,185.022
203.495,102.051,78.126,180.912
206.771,106.306,73.081,176.942
208.442,108.017,67.223,173.880
209.565,109.118,63.797,173.497
211.980,108.166,61.133,173.192
210.795,107.678,60.717,175.103
211.354,105.613,60.799,176.851
211.948,104.855,61.145,177.644
211.961,104.800,61.473,177.829
