1.000,121.000,43.000,24.000
-0.084,120.010,41.256,24.483
0.936,119.542,40.384,24.666
1.674,119.315,40.276,24.948
2.388,118.783,40.080,24.708
3.062,118.613,39.887,24.647
4.069,118.890,39.512,24.325
4.657,118.697,39.335,24.108
4.986,118.753,39.775,23.867
5.412,118.937,39.726,23.802
5.836,119.630,40.101,23.693
6.420,119.902,40.515,23.780
6.838,120.138,40.688,23.712
7.265,120.130,41.057,23.871
7.620,119.810,41.300,23.940
8.492,119.443,41.416,24.255
9.540,119.123,41.167,24.352
10.086,118.874,40.933,24.381
10.765,118.629,40.726,24.495
11.345,118.583,40.098,24.454
12.013,118.489,40.393,24.593
12.962,118.497,40.300,24.468
13.713,118.514,40.346,24.172
14.580,118.792,40.041,24.020
15.285,118.916,39.299,23.982
15.878,118.925,39.371,23.983
16.958,118.984,39.491,24.177
18.273,119.277,39.468,24.183
19.729,119.419,39.458,24.183
21.196,119.318,39.247,24.102
22.617,119.208,39.358,24.319
24.896,118.903,39.399,24.454
26.242,118.922,39.533,24.539
28.093,119.299,39.486,24.595
29.702,119.446,39.352,24.712
31.726,119.966,39.062,24.669
33.923,120.464,38.694,24.500
36.455,120.649,38.065,24.395
38.746,120.494,37.646,24.426
40.141,120.670,37.365,24.276
41.375,120.820,37.292,24.340
42.407,121.055,36.655,24.274
43.551,121.825,36.471,24.241
44.407,122.443,36.416,24.205
45.517,122.984,36.432,24.462
46.615,123.450,36.401,24.588
47.612,124.057,36.532,24.399
48.670,124.676,36.814,24.184
49.810,125.562,37.181,24.015
50.429,126.187,37.578,24.277
50.808,126.839,38.000,24.283
51.543,127.265,37.631,24.167
52.293,127.688,37.745,24.195
53.382,128.102,37.867,24.116
54.493,128.200,37.829,24.343
55.394,127.911,37.599,24.667
56.369,127.462,36.878,24.681
57.106,127.506,36.338,24.683
57.571,127.751,35.955,24.527
58.184,128.277,36.316,24.414
59.113,128.556,36.362,24.440
60.023,128.557,36.214,24.813
60.354,128.391,36.143,25.220
60.901,127.977,35.925,25.526
61.318,127.314,35.231,25.776
62.313,127.299,35.586,25.791
62.885,127.928,35.922,25.749
63.039,127.936,35.400,25.914
63.396,127.944,35.241,25.906
63.960,127.953,35.745,25.912
64.605,127.665,35.505,26.022
65.380,127.433,35.937,26.069
65.651,126.849,35.604,26.262
66.704,127.120,35.895,26.154
67.597,127.366,35.240,25.927
68.329,127.370,34.835,26.001
69.133,127.516,35.009,26.138
69.587,127.706,34.323,26.270
69.875,127.433,34.172,26.330
70.485,127.000,34.152,26.552
70.607,127.110,34.068,26.716
71.343,127.387,34.747,26.508
71.861,126.856,34.547,26.716
72.721,126.499,34.887,26.794
73.701,126.584,34.738,26.705
74.593,126.096,34.598,26.712
75.059,125.504,35.141,26.476
76.027,124.933,35.454,26.178
76.595,124.604,35.746,25.962
77.568,124.780,36.190,25.786
78.427,124.692,36.217,25.987
78.728,124.697,36.527,25.937
79.169,124.599,36.918,26.018
80.055,124.194,36.495,26.166
80.569,124.292,36.176,26.083
81.310,124.511,35.815,26.079
81.986,124.868,35.508,25.955
83.108,125.142,35.781,25.701
84.468,125.271,35.953,25.472
85.763,125.908,35.907,25.422
87.292,126.594,36.033,25.407
88.980,126.910,36.036,25.369
91.334,126.919,35.699,25.254
94.813,126.230,35.711,25.509
98.714,125.688,35.542,25.602
101.708,125.240,35.270,25.796
104.693,125.128,34.794,25.885
108.024,125.736,34.857,25.936
112.257,126.723,34.673,25.655
116.578,127.459,34.602,25.364
120.479,127.571,34.746,25.263
124.530,127.506,34.959,25.172
129.247,127.576,35.034,25.159
134.650,127.960,35.190,25.182
139.748,128.361,35.307,25.171
144.752,129.013,34.928,25.123
148.622,130.339,34.492,25.123
152.298,131.218,34.074,25.125
154.938,132.075,33.828,25.207
157.962,133.395,33.891,25.221
161.258,134.831,33.963,25.276
164.443,134.712,34.253,25.513
167.036,134.358,34.247,25.808
169.926,134.320,34.285,25.899
172.392,133.829,34.363,25.964
174.709,133.374,34.253,25.747
177.160,132.376,34.488,25.324
178.610,132.481,34.816,25.266
179.940,131.857,35.326,25.187
182.411,130.787,35.990,25.547
184.778,129.869,36.307,25.836
187.543,128.659,36.276,25.856
190.052,127.828,36.208,26.081
191.708,126.807,36.677,26.481
192.933,126.181,37.065,26.604
194.594,126.196,37.321,26.616
196.574,127.164,37.342,26.562
198.880,127.705,37.538,26.621
201.135,127.616,37.737,26.859
202.735,127.874,37.860,26.714
204.688,127.963,37.986,26.714
206.676,128.128,38.094,26.602
207.024,128.084,38.139,26.556
208.975,127.823,38.103,26.680
210.719,127.324,37.902,26.620
212.528,126.776,37.904,26.760
214.343,126.097,37.633,27.077
216.006,125.793,37.394,27.240
217.080,125.611,36.977,27.283
217.954,124.923,36.736,27.044
218.870,124.245,36.712,26.910
219.754,123.901,37.103,26.706
220.422,123.610,37.508,26.517
220.760,123.369,38.204,26.467
221.252,123.284,38.695,26.221
221.594,123.318,39.303,26.263
222.140,123.817,39.624,26.264
222.473,124.269,39.985,26.319
223.028,124.799,40.193,26.471
223.404,124.841,40.065,26.833
224.009,124.685,40.052,27.187
224.481,124.068,40.032,27.521
225.043,123.417,40.137,27.733
225.680,123.204,40.383,27.850
226.507,123.293,40.594,27.974
227.520,122.974,41.203,28.192
227.895,122.467,42.371,28.264
228.118,122.123,43.482,28.323
228.319,122.237,44.039,28.230
228.605,122.295,44.419,28.026
229.365,122.075,44.666,28.071
229.551,121.817,45.000,28.084
229.666,121.867,45.388,28.175
229.352,121.987,45.554,28.188
229.775,121.890,45.584,28.195
230.125,122.063,45.855,28.360
230.203,122.668,45.856,28.242
230.497,122.548,45.892,28.466
230.638,122.267,46.171,28.631
230.905,122.185,46.382,28.864
230.915,122.510,46.439,28.985
231.578,122.546,46.573,28.970
232.046,122.658,46.599,28.894
232.705,122.939,46.300,28.802
232.650,123.150,45.556,28.683
233.466,122.884,45.989,28.791
233.236,123.134,45.723,28.910
234.138,123.020,45.919,29.045
233.620,123.300,45.450,29.145
234.440,122.873,45.481,29.327
233.650,122.957,45.406,29.413
234.107,123.025,45.990,29.423
234.344,122.983,46.267,29.281
234.079,124.030,46.044,29.123
234.140,124.334,46.202,28.953
234.249,124.442,46.184,28.904
234.223,124.287,45.855,28.972
234.921,123.881,46.208,29.229
235.054,124.150,45.752,29.115
235.789,123.548,45.831,29.384
236.488,123.290,45.706,29.584
237.279,123.293,44.840,29.630
237.961,122.756,44.694,29.739
238.755,122.322,44.661,29.833
239.622,122.044,44.713,29.873
240.087,121.962,44.969,29.871
240.813,121.620,45.035,30.003
241.449,121.583,44.768,29.996
242.059,121.432,44.771,29.870
241.970,121.160,45.399,29.724
242.657,121.569,45.553,29.675
243.077,121.276,46.080,29.865
243.181,121.197,46.858,29.880
243.612,121.593,47.197,30.068
244.048,121.632,47.759,30.316
244.453,121.837,47.852,30.408
244.678,122.399,47.796,30.432
244.651,123.031,48.194,30.383
244.905,123.198,47.991,30.128
245.515,123.061,47.665,29.991
246.145,123.092,47.515,29.864
246.925,123.032,47.624,29.849
247.696,123.271,47.170,29.679
248.459,123.536,46.770,29.656
249.086,123.533,46.867,29.770
249.313,123.658,46.773,29.765
249.822,123.257,46.758,30.025
250.342,123.049,46.916,30.186
250.716,122.378,46.802,30.427
251.104,122.422,47.216,30.707
251.359,122.171,47.361,30.730
251.463,122.516,47.510,30.465
252.140,122.549,47.616,30.390
252.270,122.691,47.416,30.491
252.650,122.702,47.354,30.725
252.838,122.205,47.253,30.864
253.709,121.719,47.900,31.105
253.805,121.287,47.827,31.088
254.658,121.618,47.932,31.048
255.511,121.413,47.938,31.191
256.121,121.130,47.826,31.476
256.393,121.053,47.295,31.483
257.126,120.699,46.564,31.522
258.127,120.615,46.427,31.525
259.141,120.695,46.319,31.737
259.952,120.977,46.472,31.753
260.531,120.937,46.557,31.540
261.225,121.111,46.392,31.405
261.909,121.222,46.282,31.538
262.286,121.344,46.026,31.468
263.100,121.552,45.722,31.345
263.840,121.615,45.826,31.373
264.423,121.723,45.198,31.208
265.009,121.546,44.852,31.100
265.200,121.621,44.897,31.047
265.721,121.522,45.131,30.694
265.962,121.758,44.762,30.466
266.652,121.810,44.879,30.424
266.372,121.801,44.697,30.358
266.809,121.510,44.887,30.303
267.283,121.321,45.086,30.143
267.483,121.114,45.113,30.081
267.795,120.749,44.737,29.936
268.427,120.596,44.531,29.867
269.151,120.651,44.449,29.690
269.864,120.049,44.588,29.635
269.921,119.982,44.569,29.602
270.254,120.129,44.708,29.771
270.192,120.245,44.736,29.968
270.218,120.252,44.863,30.083
270.574,120.284,45.249,30.506
271.893,120.521,45.997,30.816
272.136,120.347,46.637,31.009
272.423,120.159,46.884,30.846
272.435,120.150,46.907,30.925
273.158,120.365,46.942,31.111
272.938,120.420,46.873,31.360
272.945,120.401,46.141,31.425
272.737,120.886,46.171,31.281
273.080,121.291,45.982,31.136
273.135,121.386,45.333,31.148
273.336,121.400,44.792,31.020
273.949,121.421,45.141,31.039
273.940,120.946,44.463,31.036
275.152,120.763,44.037,31.044
275.315,120.428,43.521,31.042
275.324,120.596,42.986,30.898
275.536,120.737,42.324,30.797
276.365,120.866,42.719,30.811
277.110,120.801,43.009,30.880
277.306,120.749,42.593,30.819
277.967,120.618,42.526,30.896
278.354,120.347,42.360,30.968
278.628,120.094,42.761,31.033
278.883,120.016,43.014,31.061
279.156,119.807,42.891,30.968
279.380,119.386,43.046,31.050
279.241,118.910,43.001,31.119
279.335,118.546,43.374,31.262
279.264,118.007,43.689,31.374
279.681,117.490,44.040,31.576
279.654,117.201,44.592,31.920
279.484,117.037,44.473,32.137
279.406,116.850,45.246,32.340
279.227,116.527,46.126,32.452
279.285,116.339,46.551,32.390
279.147,115.582,47.069,32.516
278.981,115.572,47.286,32.569
279.423,115.180,47.548,32.709
279.498,115.279,47.152,32.618
279.447,115.074,47.343,32.495
279.390,114.995,47.718,32.532
279.486,115.124,47.716,32.296
279.485,115.168,47.817,32.193
279.456,115.200,47.881,32.103
279.462,115.270,47.934,32.032
279.608,115.110,48.331,32.070
279.572,115.009,48.594,32.067
279.355,115.098,48.240,32.261
279.205,115.211,47.885,32.364
279.109,115.649,47.650,32.433
279.198,116.256,47.445,32.490
279.060,116.716,47.391,32.544
278.658,117.049,47.216,32.462
278.600,117.180,46.870,32.452
278.695,117.206,46.508,32.327
278.875,116.894,47.049,32.252
278.790,116.985,47.517,32.254
278.693,117.149,47.890,32.236
278.625,117.798,47.398,32.242
278.448,117.955,46.963,32.232
278.438,117.245,46.722,32.196
278.431,117.302,46.434,31.891
279.314,117.155,46.542,31.751
279.537,116.462,46.928,31.870
279.694,116.134,47.023,31.853
280.038,115.949,47.143,31.786
280.304,116.256,46.573,31.789
280.466,116.829,46.160,31.501
280.284,117.125,45.999,31.263
279.917,117.317,45.823,31.223
280.098,117.548,45.683,31.158
280.382,117.582,46.106,31.251
280.569,117.575,46.532,31.199
280.701,117.272,46.089,31.157
280.849,116.697,46.077,31.212
280.783,116.585,45.790,31.078
280.801,115.989,45.631,31.216
280.305,116.063,45.183,31.015
280.011,116.013,45.459,31.018
279.338,115.773,45.546,30.996
278.650,115.738,45.297,30.930
278.182,115.772,45.114,30.882
277.933,116.052,44.639,30.874
277.791,116.314,44.805,30.926
277.869,116.358,44.848,31.003
278.108,116.109,45.321,30.919
278.018,115.741,44.951,31.077
278.547,115.007,45.004,31.144
278.454,114.866,44.954,31.134
