509.000,249.000,248.000,250.000
503.727,246.718,240.561,251.551
503.460,245.964,237.020,252.557
499.677,242.051,236.241,250.000
497.711,242.526,234.533,251.147
496.936,240.698,228.677,250.357
493.151,241.779,223.627,252.540
489.743,244.310,215.338,253.400
490.798,245.360,210.030,252.594
491.885,245.167,207.034,252.257
488.619,238.193,207.450,253.877
483.608,236.132,208.991,257.149
478.697,232.798,213.305,259.793
475.624,231.233,217.589,258.422
470.273,230.811,221.188,258.224
466.747,228.551,224.105,258.384
460.088,226.155,228.881,256.720
453.593,227.815,232.688,256.961
447.655,227.779,236.302,256.676
444.152,227.466,238.459,256.293
441.615,228.042,240.139,256.593
440.338,228.390,240.926,257.085
440.950,227.344,240.553,257.673
443.067,226.533,239.578,258.719
444.294,226.497,238.944,259.791
445.451,226.516,237.390,261.867
446.273,226.188,236.011,263.120
448.455,224.903,234.278,263.461
450.322,226.341,232.048,264.589
452.882,226.888,229.612,264.552
455.721,227.717,227.121,264.132
456.322,227.573,225.716,263.652
459.167,228.149,223.425,263.046
461.839,229.677,221.085,262.018
463.675,231.043,219.341,261.198
466.321,231.497,217.504,260.381
468.419,232.177,215.640,259.525
468.617,233.049,214.872,259.725
469.101,233.539,213.380,259.013
469.832,233.734,212.793,258.061
469.632,235.873,212.433,257.586
470.540,235.648,211.816,256.361
470.201,236.229,212.044,254.308
469.592,236.217,212.337,251.775
469.536,236.894,212.091,249.252
468.992,239.934,210.049,247.954
470.652,237.777,207.339,246.153
471.111,239.483,204.393,245.849
474.114,239.478,202.969,244.806
474.989,239.320,202.200,244.725
475.172,238.539,202.205,244.675
476.703,239.431,201.905,244.917
478.449,239.327,200.621,243.683
478.796,241.007,199.463,242.526
480.808,242.288,197.895,240.945
483.244,242.840,195.495,238.602
484.795,244.603,193.732,237.174
486.189,243.253,191.768,234.019
487.105,242.405,187.686,228.399
485.790,245.981,183.176,225.280
488.609,244.865,176.979,221.159
492.283,245.624,174.058,217.963
492.053,245.920,173.265,212.557
490.496,247.627,172.820,207.479
489.826,249.623,173.667,201.157
486.175,251.741,178.163,199.388
482.980,252.444,182.455,198.362
475.931,250.280,187.848,194.772
471.170,246.999,195.505,192.468
466.509,245.592,201.433,193.479
463.716,235.365,205.943,188.869
458.054,234.812,209.989,189.522
452.630,230.290,213.717,190.730
447.646,228.180,217.658,190.881
441.682,226.364,222.118,192.749
439.979,225.515,225.264,192.331
436.890,225.939,226.645,192.449
434.352,225.625,228.792,192.194
431.064,226.978,231.900,193.792
427.793,229.097,234.909,194.366
423.061,236.496,237.924,196.266
420.373,245.731,242.357,197.475
421.644,254.243,249.062,198.707
424.115,263.641,256.958,201.563
420.089,267.590,266.109,206.307
411.392,268.577,275.342,210.428
409.176,272.131,284.481,213.633
406.681,274.892,294.384,217.300
399.107,276.192,304.225,221.857
388.668,278.128,314.600,224.915
383.209,280.516,324.646,225.610
377.564,274.828,334.423,215.465
376.455,282.415,342.022,207.024
371.906,289.887,347.442,198.577
363.569,289.862,348.700,186.211
359.938,297.238,347.487,171.902
362.732,304.395,346.735,159.916
369.948,311.547,338.751,152.078
371.541,317.328,327.166,147.465
363.488,322.589,313.981,144.058
364.486,327.631,303.884,139.981
372.255,328.389,296.621,138.862
372.291,328.525,296.414,139.640
381.693,338.041,298.334,142.611
389.544,336.514,296.811,144.159
419.523,342.551,290.574,145.710
449.965,344.325,285.425,145.901
462.305,348.714,278.557,146.253
465.773,350.368,270.644,144.551
473.502,361.758,260.643,142.777
471.447,366.188,249.235,142.065
441.856,365.314,241.001,143.406
306.472,290.225,224.498,143.470
325.146,288.465,212.297,145.486
329.287,282.471,205.249,148.764
341.313,272.562,204.172,156.590
344.850,260.569,207.447,165.806
336.828,246.036,200.366,171.163
341.972,225.234,196.705,175.804
358.049,208.086,194.632,179.532
361.353,194.372,191.254,187.417
360.994,186.693,184.883,198.950
372.563,178.876,176.924,210.226
390.173,169.633,171.840,220.922
393.861,166.669,167.069,232.338
393.967,161.692,163.394,238.687
403.651,160.318,157.492,240.720
411.531,159.305,150.476,235.668
419.023,164.744,143.884,230.302
431.284,164.063,136.982,224.577
445.186,157.004,130.239,216.685
450.114,159.786,123.065,207.586
452.059,162.505,116.332,200.801
457.696,161.157,111.300,195.215
463.463,164.560,108.636,193.191
465.294,168.730,107.397,196.186
468.503,173.276,107.316,202.370
469.041,180.180,106.893,208.722
474.230,191.967,106.552,214.146
484.663,195.283,105.373,217.792
491.013,206.914,103.254,218.693
499.496,210.416,101.645,215.175
512.906,216.906,99.551,206.808
525.589,228.621,96.698,199.169
533.407,235.918,93.991,193.716
535.364,238.145,90.760,187.623
543.529,240.278,87.960,180.735
555.604,245.347,86.093,172.454
561.253,246.855,84.119,163.380
567.666,252.624,81.953,157.199
575.728,255.406,79.532,154.142
583.242,254.701,76.837,155.834
592.829,256.254,74.428,159.317
601.448,259.359,72.766,163.596
611.935,262.599,70.099,166.376
620.682,266.836,67.555,168.953
629.931,277.647,66.448,170.384
637.826,287.640,66.209,170.954
643.894,296.343,66.080,170.198
644.867,303.396,66.605,167.653
646.557,310.965,67.487,164.762
647.371,318.476,68.264,158.190
649.486,323.437,69.189,155.556
648.848,326.270,69.005,156.051
644.728,328.510,68.560,157.153
641.285,329.914,68.265,158.910
638.514,331.765,67.629,161.413
636.273,336.380,67.295,164.023
634.272,337.620,67.934,166.757
620.372,336.856,68.338,168.082
601.557,338.608,68.823,169.572
594.319,340.040,70.343,170.603
599.720,341.455,70.449,171.108
608.485,343.472,71.284,172.478
612.792,346.488,71.381,173.061
611.504,347.872,71.892,174.060
611.280,351.276,71.713,174.213
607.895,354.013,72.086,175.202
605.165,352.421,72.182,175.589
606.848,349.218,71.736,176.114
610.093,346.747,71.269,175.825
615.183,344.883,71.315,175.425
620.469,339.906,71.591,175.434
625.546,334.231,71.831,175.003
635.149,333.352,71.652,174.184
654.620,332.636,71.212,173.374
669.634,333.192,70.762,173.733
671.537,335.645,70.514,173.820
669.345,341.411,70.506,174.752
671.208,346.918,70.196,174.114
671.700,350.484,69.925,174.076
667.105,353.211,70.505,174.332
660.629,354.485,70.969,174.170
663.054,353.290,71.029,173.801
669.458,350.923,70.861,173.878
673.912,349.514,71.022,173.465
675.293,346.830,71.352,173.396
672.212,342.734,71.809,173.636
670.962,340.718,71.744,173.580
672.035,341.253,71.558,173.435
671.362,342.006,71.141,172.782
666.372,343.919,70.985,172.970
663.534,346.516,70.555,172.906
663.946,348.144,70.680,172.685
663.467,347.717,70.983,172.163
660.475,345.882,71.260,171.482
652.449,345.628,70.720,171.890
644.367,345.266,70.927,171.372
644.463,344.138,70.986,170.713
646.994,343.823,71.529,170.321
649.018,343.808,72.209,170.281
645.753,343.587,71.684,169.652
643.621,343.471,72.220,169.402
643.194,343.053,73.101,169.251
636.355,341.979,73.230,169.872
627.962,340.503,74.258,170.542
623.373,338.564,75.435,171.812
620.397,336.209,76.856,173.138
617.164,334.326,78.216,174.561
616.398,331.394,79.548,175.595
610.847,329.631,81.049,176.067
607.173,327.662,82.615,176.459
604.405,327.050,83.619,175.746
594.544,326.011,84.780,174.122
584.443,325.010,86.290,171.554
582.293,325.747,87.765,167.077
582.461,326.049,88.924,161.086
583.799,326.590,90.313,155.467
588.068,323.050,92.670,148.622
584.185,323.955,92.975,142.528
582.308,325.980,94.031,138.940
586.427,327.689,95.927,135.979
584.885,328.334,96.483,135.085
579.787,328.640,95.636,134.748
575.646,329.189,95.085,134.730
579.168,331.194,96.089,135.782
573.411,329.855,94.735,136.525
568.729,330.407,93.845,137.408
571.870,329.570,94.264,137.724
570.088,329.440,92.622,138.161
573.247,327.472,93.142,138.581
578.229,327.172,93.551,139.165
578.935,327.077,92.571,139.812
580.583,326.474,92.305,140.220
584.213,326.640,92.976,140.414
583.864,327.830,91.842,140.391
583.384,327.939,90.699,140.836
584.227,328.326,90.194,141.320
585.877,328.441,90.000,141.879
585.629,329.707,89.508,142.273
586.994,329.612,89.587,142.510
588.378,329.377,88.984,142.719
588.827,329.413,88.665,142.800
590.514,328.951,89.006,142.338
590.082,329.356,88.603,142.094
591.039,329.681,88.553,142.686
591.556,328.983,88.463,142.893
591.102,329.377,88.194,143.141
591.783,330.702,87.146,143.132
591.329,330.016,85.747,144.124
591.526,329.352,85.055,144.796
591.052,330.535,84.269,144.462
591.385,330.058,83.883,144.515
591.229,330.607,83.414,144.622
591.104,330.684,82.604,144.247
590.571,330.684,80.867,143.200
591.609,330.573,80.392,143.206
590.882,331.919,79.206,142.449
591.676,330.977,78.876,142.340
591.553,331.996,78.512,141.995
592.228,331.704,78.612,142.255
592.506,331.475,78.699,142.845
592.281,331.243,78.397,143.263
593.347,329.916,78.805,143.101
592.013,330.723,78.364,142.765
592.804,328.853,78.113,142.371
591.033,329.106,77.930,141.913
592.432,326.641,78.388,141.140
593.213,326.118,78.696,141.358
594.021,324.384,79.135,141.387
591.020,320.752,79.139,141.932
588.632,314.940,79.200,140.582
589.419,312.073,79.671,141.050
587.381,310.841,79.522,141.899
585.453,311.122,79.609,141.190
584.127,310.461,80.236,140.681
581.539,311.248,80.286,140.691
579.518,308.637,80.367,140.447
577.064,305.948,80.236,140.284
576.022,305.895,80.279,141.369
575.257,305.854,80.974,141.679
573.982,304.862,80.854,141.002
573.687,304.529,81.009,141.463
572.874,304.609,80.531,141.363
572.154,304.001,80.214,142.235
570.774,303.579,79.855,142.685
570.975,302.902,79.624,142.198
570.067,303.596,79.076,142.617
569.836,302.975,78.946,142.843
568.181,303.361,78.505,142.667
