524.000,380.000,26.000,33.000
518.036,382.434,26.901,32.653
518.087,382.300,27.264,32.594
517.964,382.395,27.501,32.488
515.523,383.285,27.991,32.370
515.388,383.180,28.208,32.209
513.032,383.822,28.437,32.457
511.841,384.056,28.945,32.571
511.784,384.038,29.165,32.563
522.178,381.438,29.511,32.971
522.011,381.192,29.664,33.005
525.433,379.669,29.742,33.010
528.293,379.421,29.967,33.138
528.350,379.548,30.032,33.119
526.838,381.280,29.837,33.451
526.994,381.116,29.940,33.638
509.947,391.679,30.148,33.658
504.581,396.774,30.864,33.644
504.409,396.654,31.277,33.583
503.525,397.878,31.772,33.583
503.593,397.795,31.976,33.701
504.858,397.026,32.250,33.940
506.705,398.506,32.836,33.914
505.759,398.281,33.053,34.138
511.632,401.829,33.463,34.294
511.384,401.868,33.142,34.152
513.796,402.902,32.298,34.294
522.146,402.551,31.804,34.647
522.427,402.361,31.346,34.812
519.709,400.861,32.526,35.078
519.431,400.232,33.441,35.407
481.110,416.209,33.952,35.735
476.528,420.493,33.146,35.897
476.752,420.585,32.562,36.018
485.357,423.777,32.075,35.731
485.414,423.839,31.808,35.576
481.674,428.259,32.110,35.950
469.662,438.177,32.420,36.307
469.777,438.444,32.686,36.531
465.269,443.065,33.041,36.905
465.077,442.789,33.351,37.248
461.955,438.599,33.663,37.659
451.210,438.722,33.995,37.999
451.128,438.539,33.943,38.035
426.477,439.166,34.260,38.130
426.204,439.198,34.491,38.081
411.339,443.735,34.741,38.413
401.606,446.289,34.893,38.739
401.485,445.993,34.935,38.870
399.763,443.401,35.006,39.307
399.422,443.249,35.053,39.606
401.273,437.592,35.484,39.854
408.119,432.759,35.819,40.108
408.863,432.659,35.607,40.075
408.880,432.648,35.552,40.185
413.669,428.389,35.551,40.408
413.733,428.405,35.576,40.583
422.529,424.802,35.771,40.611
428.428,420.927,36.397,41.255
428.615,420.894,36.723,41.605
428.601,420.825,36.858,41.930
429.222,420.506,37.127,42.255
444.224,414.709,37.435,42.531
449.516,410.196,37.640,42.874
449.435,410.248,37.784,43.224
446.920,410.102,38.059,43.677
446.601,409.780,38.337,43.970
444.227,410.220,38.606,44.394
443.738,410.687,38.949,45.068
443.424,410.535,39.279,45.570
442.836,411.760,39.569,45.983
442.553,411.482,39.919,46.245
442.546,411.930,40.407,46.319
441.501,411.610,41.173,46.431
441.210,411.467,41.763,46.352
440.365,408.412,42.210,46.873
440.358,408.062,42.486,47.057
443.534,405.858,42.528,47.133
450.293,402.140,43.048,47.483
450.691,401.722,43.292,47.872
451.854,398.935,43.816,48.380
452.039,398.793,44.000,48.697
458.630,398.579,44.258,48.876
470.944,400.945,44.606,49.018
471.362,400.665,44.713,49.024
478.840,402.488,45.106,48.950
479.304,402.179,45.204,49.036
485.511,404.050,45.419,49.231
489.241,404.315,45.913,49.527
489.267,404.190,46.304,49.687
491.776,405.128,47.000,50.164
492.316,405.136,47.308,50.348
495.206,403.717,47.903,50.669
495.533,403.194,48.228,51.023
497.526,400.880,48.952,51.554
498.400,398.781,49.435,52.054
497.932,398.454,49.842,52.586
499.136,397.205,50.229,53.216
500.503,394.529,50.840,53.898
500.869,393.931,51.104,54.317
502.656,391.552,51.760,55.091
503.121,391.072,51.983,55.617
497.141,389.350,52.633,56.692
494.008,387.031,53.998,58.100
493.637,386.334,54.668,59.011
493.454,386.033,54.921,59.398
493.537,384.649,55.997,59.854
493.156,384.184,56.547,60.140
495.262,383.148,57.126,61.287
497.599,381.409,57.984,61.392
496.805,381.098,58.562,61.784
497.306,380.756,59.246,62.131
497.191,380.306,59.401,62.470
499.704,378.687,60.097,63.543
501.477,376.576,60.896,64.233
501.133,375.675,62.046,64.718
493.514,378.051,63.822,65.978
493.430,377.894,64.483,66.266
488.547,383.066,65.959,66.876
487.096,384.492,66.690,68.046
486.982,384.519,67.216,68.060
485.022,386.104,67.962,69.144
484.956,386.168,68.510,69.443
478.246,386.653,69.837,69.700
474.739,386.226,71.266,71.262
475.043,385.367,71.754,71.773
473.511,385.112,72.935,72.938
472.883,384.573,73.744,73.067
471.679,383.820,74.674,74.716
466.520,382.506,76.916,76.647
467.176,381.565,77.473,76.985
458.522,377.596,79.171,77.719
457.268,376.968,80.646,78.819
449.689,375.407,82.033,79.409
450.763,369.914,83.709,80.028
449.288,369.507,85.095,80.927
457.435,364.381,85.072,81.897
455.859,363.740,86.189,83.526
462.005,356.837,87.510,85.728
466.140,351.024,88.816,87.196
466.013,350.806,88.709,88.703
472.396,346.913,87.603,90.486
471.672,346.557,87.850,92.434
479.864,344.467,88.316,93.966
483.492,345.119,91.138,95.580
483.900,344.462,91.402,96.719
487.810,347.481,93.519,98.807
487.794,346.607,94.114,99.743
495.461,351.384,93.504,102.527
498.080,357.885,95.708,104.953
497.481,357.386,96.779,106.039
506.251,363.488,98.086,108.454
506.212,362.264,98.943,108.469
509.931,365.989,99.596,110.993
510.376,368.047,101.797,113.014
509.752,366.960,103.004,113.923
508.804,366.801,104.264,114.468
512.359,366.154,105.948,116.764
508.662,365.149,108.601,118.365
514.029,362.020,111.317,120.199
516.807,358.554,115.081,123.745
514.863,358.354,117.428,125.227
520.431,353.919,119.974,127.423
518.229,354.046,122.099,129.111
523.983,349.819,125.316,131.385
520.495,349.151,131.016,135.337
519.210,346.652,134.053,137.616
515.115,348.536,138.805,143.196
513.795,345.238,141.082,144.759
515.811,345.984,145.047,147.967
515.442,343.399,152.370,152.676
513.554,341.394,155.085,155.293
515.434,336.609,161.596,158.960
514.343,336.200,164.581,160.420
517.596,334.685,169.498,163.867
521.584,330.560,176.200,169.663
519.409,329.873,182.761,173.910
531.188,307.106,189.318,182.537
528.922,303.654,192.752,184.520
