13.000,239.000,88.000,61.000
15.091,238.449,86.637,60.826
18.860,237.827,85.649,61.548
22.194,237.610,84.389,62.333
23.888,237.174,82.984,62.610
26.592,236.746,81.693,62.762
28.949,236.695,80.746,62.638
30.490,236.844,80.450,62.683
33.474,236.516,80.202,62.481
35.909,236.831,80.304,61.905
37.658,237.180,80.638,60.699
39.350,237.846,80.999,59.675
40.628,238.176,81.273,59.249
41.630,237.790,81.063,59.106
43.040,236.911,80.200,59.166
45.601,236.148,79.690,59.785
47.657,235.109,79.210,60.246
49.264,234.742,78.433,61.027
51.403,233.868,78.268,61.993
52.572,233.250,78.298,62.890
52.668,232.671,77.469,63.413
55.411,232.640,76.971,63.514
57.645,233.149,76.209,63.625
59.261,232.558,75.925,63.100
59.592,232.626,76.063,62.521
60.676,232.644,76.186,61.555
60.129,233.084,77.312,60.800
61.870,233.207,77.763,60.360
63.507,233.678,77.913,60.065
65.980,233.283,77.690,60.299
66.190,232.733,78.100,60.562
69.572,231.653,77.831,61.327
71.847,230.593,77.732,62.044
74.241,229.188,77.327,62.862
77.054,228.503,76.623,63.524
79.421,227.998,75.603,63.813
81.164,227.761,74.798,64.060
82.891,227.802,73.997,64.143
84.900,227.648,73.658,64.367
87.453,227.382,73.694,64.367
89.063,228.410,73.099,64.289
90.873,228.796,72.850,63.517
92.686,228.821,72.998,62.770
94.631,229.175,73.483,62.319
95.673,229.428,74.484,62.503
96.491,229.372,75.335,62.947
97.486,228.765,75.901,63.260
98.638,228.022,76.157,63.832
100.169,227.604,76.684,64.098
100.917,226.819,77.095,64.106
102.364,226.210,77.133,64.669
104.274,225.378,77.504,65.151
105.006,224.652,77.310,65.638
106.697,223.995,77.436,65.658
107.334,223.977,78.457,65.760
108.648,224.194,79.309,65.541
109.870,224.072,80.076,65.118
111.535,224.385,81.173,64.960
113.598,224.098,81.755,64.353
115.553,224.353,82.755,63.780
115.851,224.870,83.272,63.246
119.125,224.565,83.425,62.901
120.239,224.715,84.367,63.272
121.145,224.276,85.253,63.675
123.345,223.612,86.409,64.140
124.371,222.558,87.516,64.958
126.277,222.462,88.717,65.316
128.476,221.977,89.508,66.118
130.339,220.973,90.031,66.720
131.260,220.606,90.743,67.410
132.396,220.208,91.493,67.928
134.632,219.789,92.190,68.056
135.745,220.060,92.830,67.925
137.310,220.452,93.081,68.159
139.139,220.967,93.229,67.945
139.864,221.765,93.743,67.412
141.044,222.122,94.400,66.959
142.388,222.453,95.206,66.408
143.064,222.695,96.279,66.085
143.318,222.697,97.686,66.026
144.410,223.098,98.637,65.669
145.480,223.489,99.462,65.646
146.716,223.871,100.170,65.380
148.916,223.811,100.799,65.486
150.506,223.651,101.753,66.042
151.282,223.385,102.235,66.456
153.687,222.851,102.995,67.126
155.209,223.052,103.785,67.552
156.566,223.208,103.749,67.880
159.468,223.527,104.639,68.127
160.852,223.886,104.371,68.087
161.450,224.533,105.675,68.009
163.808,224.837,105.800,67.853
165.623,224.738,106.117,67.528
166.798,224.694,105.899,67.265
169.518,225.039,105.606,66.703
171.328,225.408,106.519,66.738
172.644,225.805,107.227,66.610
174.691,225.406,107.652,66.563
176.681,225.176,107.392,66.572
178.614,224.721,107.371,66.690
180.625,224.424,107.862,67.079
183.213,224.310,107.979,67.378
185.490,223.575,107.553,67.917
188.601,223.642,107.793,68.066
190.129,223.464,107.747,68.085
192.352,223.756,107.579,68.115
195.083,223.630,107.242,68.235
197.858,223.731,107.185,68.141
200.282,224.426,107.239,67.750
202.013,224.593,107.763,67.428
204.160,224.799,107.510,67.385
207.187,224.815,107.843,67.290
208.123,224.752,108.702,67.323
209.323,224.605,109.940,67.471
210.258,224.440,110.908,67.766
211.979,223.984,111.217,67.853
214.339,222.943,111.038,68.073
217.682,222.262,109.829,68.555
220.781,221.544,108.827,68.792
223.903,221.427,108.646,68.990
226.841,220.710,107.948,69.303
228.735,220.646,107.981,69.410
230.552,220.501,108.780,69.403
232.330,221.101,109.833,69.151
233.929,221.597,110.796,68.883
235.080,222.158,111.510,68.353
236.474,222.558,112.251,67.804
238.023,222.842,112.710,67.455
239.356,223.008,113.596,67.273
241.566,222.706,114.962,67.521
243.287,222.726,115.487,67.719
244.856,222.134,115.072,68.236
247.968,220.703,114.409,69.057
251.734,219.740,113.208,69.662
255.357,219.161,111.385,70.077
258.799,218.828,109.836,70.207
261.681,218.470,108.619,70.347
264.476,218.089,107.886,70.066
267.346,218.548,107.308,70.117
270.002,218.957,107.119,69.808
271.883,219.609,106.950,68.997
274.902,219.858,107.713,68.644
276.502,220.634,108.286,67.965
278.934,221.245,109.180,67.369
280.145,221.453,109.526,67.171
281.266,221.515,109.791,67.263
283.224,221.169,109.882,67.260
285.370,220.576,109.358,67.414
287.634,220.046,109.619,67.705
291.010,219.323,109.368,68.137
294.498,217.946,108.414,68.816
297.954,217.539,108.365,68.886
300.673,217.593,109.097,68.909
301.899,217.837,108.889,68.727
304.271,218.235,109.611,68.417
306.365,218.878,110.337,68.047
308.073,219.598,111.357,67.697
309.038,220.062,112.519,67.305
310.267,219.919,113.427,67.085
312.140,220.359,114.639,66.943
314.083,220.521,115.458,66.586
317.053,220.323,115.977,66.580
319.942,219.921,116.099,66.748
322.577,219.244,115.873,67.266
324.749,218.868,115.679,67.698
327.286,218.767,115.846,68.118
331.560,218.241,116.628,68.663
334.531,218.108,116.833,69.127
337.573,217.771,116.751,69.817
340.988,218.126,116.636,69.715
343.545,217.813,117.319,68.900
344.815,218.914,117.557,67.687
347.231,219.887,117.496,66.886
351.691,220.153,117.093,66.511
354.288,220.395,117.318,66.178
357.829,219.772,117.041,66.429
360.974,219.039,116.163,66.663
364.812,218.225,115.092,67.178
370.629,217.669,114.660,68.336
374.498,217.101,115.096,68.978
377.153,217.547,116.228,69.199
379.394,217.773,116.327,68.320
382.048,218.574,116.947,67.647
384.483,219.031,117.661,67.003
386.837,219.681,117.865,67.146
390.463,219.665,117.376,67.111
396.672,219.354,115.577,67.169
400.162,218.873,114.874,68.655
404.897,217.669,114.725,69.830
407.466,217.531,114.500,70.996
412.128,217.341,115.606,70.854
415.129,216.864,116.968,70.064
418.717,217.329,117.343,69.249
421.184,218.158,117.453,68.455
424.449,218.575,117.385,67.550
426.317,219.907,118.049,67.317
431.046,219.411,118.089,67.139
433.728,220.290,117.452,67.194
439.647,219.734,116.999,67.641
444.355,219.409,116.073,68.242
449.179,218.106,115.311,68.871
453.564,218.028,115.092,68.993
456.147,218.236,116.622,69.220
459.205,218.379,118.442,69.674
462.638,218.821,118.522,69.225
467.298,219.580,117.699,68.961
471.508,218.816,116.985,68.548
475.506,219.218,116.223,69.387
480.620,217.911,114.672,70.527
485.548,215.127,113.027,72.251
489.196,214.340,112.120,73.074
493.439,214.239,112.172,73.835
498.155,215.072,111.665,73.316
501.444,216.227,111.876,72.488
505.293,217.542,112.523,71.867
509.183,218.917,112.901,71.221
514.635,219.434,112.473,70.849
519.684,219.569,111.013,70.330
525.014,219.782,109.714,69.952
529.308,219.365,109.265,69.285
533.788,219.191,109.796,69.090
538.590,218.907,110.754,69.014
542.394,218.772,111.972,68.955
548.743,219.135,112.257,68.648
553.793,219.694,112.259,68.894
559.042,219.919,112.555,68.748
565.004,219.569,111.988,68.652
570.630,217.949,111.568,69.968
576.696,215.890,110.915,71.441
580.408,213.764,110.513,72.236
585.242,212.985,110.812,72.811
589.859,213.545,111.485,72.649
594.973,214.037,112.424,72.431
600.494,214.905,112.100,72.167
606.383,215.857,111.339,71.450
612.324,217.233,111.523,69.961
618.527,218.474,111.602,69.219
622.183,218.407,112.112,69.075
626.280,217.889,112.807,69.242
630.454,217.089,113.345,69.578
636.521,217.298,113.862,69.531
641.801,217.502,113.376,69.168
648.304,218.375,113.064,68.957
653.586,218.761,112.269,68.766
659.817,218.735,111.800,68.501
666.890,219.109,110.884,68.856
672.768,218.779,110.188,69.181
678.467,217.623,110.139,70.126
683.786,216.763,110.944,70.226
689.673,216.607,111.010,70.476
695.727,217.264,110.777,70.731
701.235,218.064,111.343,70.787
707.284,219.016,111.374,70.780
712.916,219.812,110.997,70.544
718.032,220.423,110.557,70.394
723.696,220.091,110.495,70.553
729.201,220.308,111.736,70.323
732.460,220.029,113.993,70.182
737.027,219.963,115.743,70.284
743.649,220.653,116.363,70.202
750.552,221.451,116.975,70.333
756.060,221.774,117.325,70.910
761.843,221.974,116.962,71.352
770.277,222.159,115.907,71.445
774.240,221.698,116.772,71.630
778.357,220.819,118.216,72.328
784.654,219.687,118.607,72.984
789.290,218.622,119.241,73.212
795.987,219.619,118.081,73.152
801.897,219.629,117.876,73.120
807.824,220.901,118.389,73.218
812.943,221.810,119.198,73.597
820.606,223.021,120.037,73.411
825.788,223.664,121.218,73.860
830.844,223.972,122.556,74.109
836.481,223.322,123.198,75.155
841.168,223.224,124.029,75.392
846.842,223.305,125.614,75.216
855.207,223.524,128.611,75.642
862.401,223.495,129.927,76.202
869.080,223.547,129.153,76.653
875.451,222.543,128.989,76.623
882.134,223.165,129.096,76.709
888.567,222.725,129.777,76.935
894.621,221.040,130.494,77.759
901.232,221.661,132.134,78.519
906.581,221.356,133.757,79.244
913.180,220.520,134.821,80.001
918.729,221.481,135.973,80.521
924.727,221.813,136.932,80.032
931.177,222.979,137.119,79.362
936.937,224.813,137.710,79.194
945.531,224.549,138.447,78.498
