720.000,225.000,244.000,133.000
716.988,224.334,231.685,133.826
720.426,222.184,222.886,135.108
722.722,221.357,219.012,135.202
719.076,220.721,211.280,135.011
720.959,220.164,206.943,135.159
722.065,220.520,206.004,134.387
724.462,220.513,211.758,133.714
720.505,220.235,218.795,134.426
714.589,219.708,221.258,135.285
712.935,217.519,221.496,136.336
713.014,215.994,225.918,137.295
709.124,216.293,230.883,138.050
706.146,216.721,233.694,139.334
703.983,215.484,235.975,139.604
701.611,215.638,237.318,140.835
697.566,213.227,241.206,137.946
692.245,214.922,243.018,136.098
692.499,214.174,243.259,136.753
686.817,214.551,242.612,136.084
687.432,213.970,242.756,137.108
685.042,212.938,242.764,136.432
683.764,212.901,243.383,137.077
683.234,212.359,244.768,136.647
681.546,209.673,248.032,136.825
679.084,208.008,248.870,136.185
676.456,207.728,250.622,136.776
675.442,206.912,251.445,137.448
673.550,206.272,252.737,138.006
672.202,205.027,252.114,139.599
670.587,204.551,253.287,140.029
668.263,203.565,253.888,139.344
666.037,204.866,254.127,139.427
666.736,203.648,251.676,140.727
664.684,202.427,248.710,142.343
658.797,201.761,246.658,142.936
657.936,201.832,241.579,143.290
656.400,201.679,237.184,143.281
656.393,201.932,231.705,143.612
656.645,202.084,227.912,143.036
653.777,202.388,225.640,143.148
652.046,202.671,223.943,142.520
652.394,203.321,223.185,142.292
650.516,204.062,223.798,141.998
643.352,203.750,227.720,140.324
646.476,203.637,224.992,139.107
645.351,204.343,223.035,137.898
639.152,204.821,221.755,136.827
641.626,204.184,220.187,137.380
634.678,204.899,225.372,135.944
628.879,205.012,229.532,134.612
632.013,203.599,228.412,134.417
633.590,203.891,228.438,135.616
633.449,203.679,231.579,136.095
633.603,202.090,231.416,136.989
633.296,201.554,230.479,136.929
629.597,201.159,231.902,136.940
626.878,199.405,233.598,136.091
622.670,199.734,236.509,136.745
623.270,200.194,238.110,137.750
625.391,200.261,240.095,138.631
621.595,199.845,236.693,138.460
616.276,200.678,239.275,139.789
620.374,200.916,229.752,141.417
616.561,200.055,225.133,142.439
612.358,198.965,220.858,143.186
615.295,201.295,216.070,141.643
612.367,201.607,215.199,141.138
608.954,201.927,216.978,140.132
609.552,202.185,216.908,140.372
607.639,201.960,216.954,141.133
608.944,201.254,218.059,141.436
607.458,201.576,219.625,140.779
606.218,202.052,221.116,140.592
603.615,201.622,223.134,140.082
601.897,201.744,222.091,140.245
602.116,201.236,221.046,140.909
597.555,201.128,219.464,140.841
599.869,200.558,214.543,140.791
595.167,200.613,209.884,140.828
595.480,199.450,206.596,140.791
594.845,199.878,203.536,141.510
594.857,198.650,199.491,142.170
592.431,198.485,198.603,143.104
592.470,197.640,197.806,143.438
594.523,197.552,194.757,143.635
593.242,197.325,192.951,143.680
591.853,196.560,192.567,144.744
591.452,196.101,192.626,145.000
592.478,195.805,192.838,145.603
589.146,197.157,194.338,145.446
586.654,197.208,195.575,145.261
580.557,198.456,198.675,144.704
570.407,198.664,206.161,144.692
571.805,197.961,207.692,144.587
570.901,198.337,209.355,144.790
564.163,199.406,214.959,144.022
568.215,198.930,215.695,144.564
566.087,199.024,218.883,143.308
558.667,198.187,225.577,143.092
555.247,198.653,231.352,142.587
557.080,197.929,233.800,141.937
553.408,198.280,237.422,140.720
553.006,198.252,239.037,140.682
549.865,196.687,238.660,140.882
546.227,195.322,236.990,141.493
544.516,195.767,235.940,142.324
542.609,193.741,233.680,143.262
551.265,192.399,225.244,144.220
551.275,192.211,223.100,144.991
550.214,191.580,222.321,145.360
548.997,191.147,223.260,146.004
545.323,191.068,225.198,147.308
545.932,190.305,224.763,147.121
544.536,189.051,225.671,147.476
544.473,188.852,224.912,147.109
544.417,190.563,223.044,146.435
545.153,189.362,221.692,146.750
537.073,189.600,224.410,146.072
539.223,190.192,223.645,146.014
535.616,189.987,222.350,145.756
533.185,190.504,216.196,146.459
533.911,188.267,211.688,147.387
529.662,187.283,202.333,148.490
529.835,188.122,196.722,147.749
532.832,187.309,192.846,147.260
532.956,186.088,188.727,148.166
533.093,184.895,185.561,148.485
532.152,184.187,182.627,149.077
531.393,183.511,180.671,149.749
533.128,181.421,180.768,149.988
535.069,180.008,189.676,149.694
532.707,179.815,201.127,149.708
529.208,178.652,205.921,149.361
527.270,178.577,211.017,149.312
520.023,178.452,208.010,149.412
523.477,176.860,208.255,149.006
520.886,175.111,207.753,149.490
516.455,174.231,204.181,150.090
516.415,173.570,203.447,149.599
512.546,173.157,197.306,150.215
514.158,172.399,193.222,150.834
514.025,172.416,188.414,150.945
512.863,171.404,182.896,151.518
514.773,170.675,181.286,151.707
515.739,168.457,179.857,152.283
512.269,170.560,177.175,151.324
512.240,169.707,176.534,151.728
511.892,169.291,176.119,151.978
512.116,167.617,177.525,152.717
510.486,167.664,177.883,152.649
511.032,165.719,178.606,152.573
511.241,165.049,178.932,151.726
510.463,164.608,180.437,151.230
509.115,162.649,180.480,150.539
507.338,161.377,180.339,150.200
505.096,160.066,179.855,150.335
506.573,157.122,180.986,150.741
504.310,156.274,181.496,149.629
504.126,154.203,182.611,149.690
502.538,153.087,183.039,150.156
502.399,150.859,183.845,151.291
500.040,149.591,184.812,152.749
499.917,146.717,184.339,155.419
497.022,144.181,183.499,157.891
496.952,140.653,182.943,159.387
496.570,139.852,184.104,159.448
494.476,137.169,184.471,160.668
492.900,134.409,185.554,161.348
492.080,134.429,186.964,162.831
490.751,130.432,188.359,164.711
489.391,130.363,189.573,166.330
488.349,127.771,192.456,167.089
486.831,127.058,194.262,166.916
485.750,127.784,195.349,167.550
484.286,125.102,197.034,167.797
483.141,125.006,199.055,167.424
480.923,124.427,200.989,167.298
479.129,124.024,203.400,167.231
477.767,123.124,205.777,167.459
476.867,121.785,208.661,167.687
475.085,120.361,210.252,168.779
473.439,119.314,213.352,169.509
478.134,122.656,216.732,169.452
474.071,119.155,216.702,170.175
473.796,117.651,219.742,172.364
473.356,117.135,221.858,174.528
472.976,114.215,225.168,177.813
472.127,113.087,228.812,180.383
471.848,111.003,229.989,182.989
473.846,108.221,230.684,186.604
475.335,106.466,232.946,189.973
478.939,104.734,236.350,192.502
482.152,102.773,239.719,194.968
481.316,101.697,239.319,197.299
490.326,99.608,245.116,199.617
492.935,100.435,252.002,200.405
492.280,99.104,255.327,202.126
490.829,99.659,256.711,204.245
506.056,98.575,271.733,206.823
495.752,101.644,274.821,207.874
499.579,100.270,279.822,211.984
499.481,101.686,282.977,214.370
503.508,104.705,290.018,217.444
502.002,107.326,290.756,219.278
511.978,110.866,296.481,222.081
512.123,116.742,301.024,223.579
516.920,121.633,302.859,225.340
527.767,125.556,308.671,227.695
523.804,133.837,305.484,230.001
533.326,139.753,308.261,231.487
539.437,146.667,305.184,232.496
548.694,155.057,305.397,233.709
555.462,164.522,305.033,234.394
571.776,175.144,307.345,235.686
583.125,183.392,305.690,236.913
595.711,194.995,306.738,238.533
609.971,204.072,305.387,239.603
622.950,214.076,304.224,240.512
632.519,222.220,304.639,241.141
645.628,230.873,303.615,241.696
658.106,238.793,300.360,242.344
664.134,243.847,299.390,241.653
681.075,250.878,295.640,242.565
688.709,255.254,294.995,243.193
697.415,259.363,294.648,243.916
709.423,264.138,293.651,245.354
711.561,265.030,294.866,246.446
719.257,267.624,294.312,249.872
724.877,266.502,294.827,250.930
728.837,268.275,296.123,251.900
727.322,268.034,299.624,251.037
735.200,266.524,298.284,252.233
739.277,267.447,297.190,252.391
741.229,267.835,297.074,251.388
742.078,268.881,298.234,250.966
743.702,269.501,297.845,250.242
745.845,269.210,297.954,249.600
744.889,269.992,299.315,248.937
745.026,271.360,299.627,248.354
745.332,272.179,300.443,247.842
745.403,272.247,301.483,246.808
743.107,273.153,303.036,246.010
739.768,273.833,306.265,244.748
737.105,274.667,311.490,242.995
731.389,275.193,314.735,242.448
730.676,274.333,317.334,242.185
724.680,275.932,320.221,241.385
726.661,275.931,321.229,241.435
724.154,275.483,321.481,241.424
722.051,276.369,321.920,240.560
720.490,276.416,323.124,240.536
718.968,275.669,326.971,240.661
715.811,273.726,327.943,239.669
708.773,274.536,328.221,239.607
708.328,274.506,330.576,239.112
706.088,273.693,329.190,238.726
708.998,273.755,332.504,238.482
703.902,272.735,328.245,238.793
691.442,271.221,317.944,238.022
695.933,272.883,308.248,236.844
696.371,273.527,300.888,237.266
694.165,272.223,294.457,237.793
694.122,272.840,288.912,238.614
691.971,269.316,284.835,239.424
690.745,269.575,282.187,239.661
692.835,268.359,279.598,239.483
693.458,265.713,276.837,240.110
695.387,262.644,273.411,241.148
695.345,266.608,272.104,239.431
694.545,263.416,270.379,240.210
690.809,260.644,270.951,242.725
694.319,259.423,270.027,243.453
693.510,261.227,269.867,243.711
690.251,259.699,271.560,245.148
688.756,258.769,272.261,246.288
690.075,256.007,272.574,246.692
687.953,259.217,271.609,245.305
687.368,257.365,272.381,246.425
688.372,259.157,271.431,245.428
686.206,258.330,272.485,243.866
686.840,257.841,274.366,243.925
687.158,257.278,279.486,242.485
683.135,258.970,282.172,240.916
684.637,258.532,285.752,240.207
681.894,259.677,292.777,238.131
680.724,256.856,297.170,237.005
677.592,257.576,299.964,236.513
676.886,255.332,301.503,234.408
673.901,255.350,302.504,234.857
673.189,255.181,306.849,234.321
673.106,252.712,309.389,233.683
669.737,253.156,309.765,233.475
666.146,252.913,307.737,233.258
669.801,251.794,303.524,234.034
663.836,253.000,293.356,234.413
660.681,252.170,286.462,233.991
663.694,250.789,277.041,234.724
667.759,250.440,271.453,236.014
667.911,249.493,265.777,237.272
667.573,245.871,264.297,237.983
664.370,246.468,261.208,240.147
666.807,243.351,252.640,241.892
668.971,242.335,248.785,242.609
669.903,241.470,253.283,242.982
663.910,242.071,258.121,243.745
663.179,241.653,260.791,245.655
657.879,239.153,259.695,247.512
654.802,238.156,254.883,247.689
653.050,236.452,249.352,247.239
656.580,237.728,244.388,248.123
652.391,236.628,243.503,247.938
652.246,236.414,242.777,248.712
654.458,237.135,240.848,249.279
651.530,235.547,240.389,248.422
650.248,235.838,241.176,247.682
649.775,235.121,242.579,248.308
650.609,235.444,242.350,247.594
652.739,233.945,240.880,247.360
645.615,235.306,244.420,245.966
646.506,234.749,242.299,245.004
643.146,236.074,242.912,244.199
643.150,234.824,241.151,243.012
643.749,235.958,238.194,242.636
640.827,233.575,236.224,241.406
637.694,233.964,235.808,240.899
640.349,233.059,232.018,240.700
635.273,233.003,230.890,240.782
634.884,231.931,225.823,241.278
633.562,232.163,221.946,242.220
635.722,229.728,215.988,242.659
634.998,228.564,212.232,242.314
634.914,227.823,210.108,242.429
633.360,227.049,208.267,242.141
636.683,226.388,207.131,242.872
634.705,226.337,209.482,243.967
638.162,224.743,217.102,243.750
636.694,224.544,223.949,244.555
632.939,224.191,229.257,245.252
630.862,223.651,234.393,246.138
630.020,222.581,235.971,247.180
630.305,221.266,238.301,247.744
628.445,221.743,241.508,248.157
629.498,222.268,243.366,247.808
627.168,219.793,244.798,247.744
627.339,221.294,246.898,246.761
624.137,221.550,242.486,246.778
626.559,221.650,240.723,246.592
620.228,221.893,231.079,248.372
627.474,220.166,228.742,249.021
626.473,220.182,227.169,247.677
624.855,220.584,224.231,246.500
624.601,221.429,221.426,246.837
625.461,221.049,219.210,246.774
624.363,221.423,217.816,246.151
624.868,221.829,217.389,245.407
624.067,221.442,216.383,245.101
624.881,220.822,217.394,244.897
624.493,222.124,219.654,243.880
626.759,223.817,222.887,243.226
626.248,222.610,229.034,242.247
624.401,222.783,232.974,240.907
623.080,224.435,236.817,240.629
621.610,220.886,233.312,239.457
617.533,222.353,224.888,239.401
619.617,220.940,216.928,239.996
622.387,222.515,212.297,241.374
619.995,221.598,204.787,242.556
621.799,221.682,199.593,243.632
623.645,221.709,195.694,245.495
624.363,220.611,192.679,246.431
626.934,219.611,189.863,246.731
627.876,218.774,187.973,246.883
627.068,218.926,187.299,246.692
627.333,218.826,186.855,246.534
626.531,218.991,186.376,246.041
623.269,217.776,187.864,244.905
622.293,218.959,188.566,242.897
623.180,219.280,188.797,241.834
618.760,220.577,191.114,240.673
621.121,220.527,191.267,240.035
619.816,219.944,193.196,240.002
616.151,220.739,196.590,239.557
616.014,219.869,198.222,240.229
614.785,220.119,199.749,240.533
612.738,220.771,201.744,240.680
604.459,220.606,206.197,240.729
604.824,218.386,206.802,241.571
603.896,218.683,207.488,242.293
599.478,218.002,210.064,242.103
595.819,217.185,212.034,242.479
596.185,216.098,212.613,242.938
588.815,215.948,216.569,243.211
585.618,216.823,219.564,242.712
584.377,216.578,220.608,243.368
580.946,217.030,223.544,244.715
582.405,216.117,223.996,245.477
580.710,215.186,221.926,246.495
576.895,213.969,222.862,247.649
579.620,212.888,222.847,248.597
578.770,211.698,226.934,250.466
582.891,210.442,238.217,250.857
573.427,209.912,241.969,251.873
575.201,211.046,248.333,251.490
577.537,210.742,257.378,251.651
578.869,212.879,270.793,251.210
568.529,210.787,267.169,251.105
564.791,213.305,259.791,251.799
574.182,208.772,253.636,255.028
572.022,210.952,252.436,256.227
576.288,209.959,253.831,256.888
574.045,210.928,249.222,257.308
582.132,210.160,245.626,257.527
579.982,210.512,244.458,258.507
582.291,210.194,242.204,257.461
579.469,210.489,243.052,257.718
580.687,212.016,236.869,256.990
582.837,210.823,228.416,257.265
584.321,210.122,222.680,256.353
587.227,210.348,218.850,255.628
590.971,209.976,219.385,254.368
583.189,212.473,217.080,251.840
589.306,212.650,215.916,251.136
585.851,214.832,208.408,249.383
580.651,215.383,203.034,247.329
582.354,215.376,197.474,245.833
576.338,216.920,195.133,244.740
579.350,216.846,190.828,244.204
575.441,218.225,186.317,242.986
573.559,217.487,182.320,242.762
567.782,218.188,180.645,242.644
563.237,217.718,178.474,242.935
556.432,217.777,177.844,242.255
549.740,218.419,177.761,242.293
544.608,218.453,177.257,242.017
531.206,217.442,179.329,242.439
525.644,216.418,179.538,243.290
514.737,216.617,180.811,244.179
508.437,214.587,181.525,244.439
498.162,214.616,182.050,244.181
490.659,214.744,182.604,243.560
482.936,214.527,183.126,242.609
474.666,214.743,183.155,241.745
467.739,215.196,182.698,241.023
459.734,216.023,182.548,240.292
452.742,216.495,181.895,239.839
444.870,216.696,182.193,239.513
437.892,216.607,181.219,239.755
431.391,216.162,180.533,240.110
423.478,216.659,181.279,240.848
417.023,217.304,181.096,242.011
410.928,218.189,180.480,242.637
402.708,218.974,181.021,243.278
395.427,220.001,181.202,243.126
388.511,221.203,181.732,243.401
383.330,221.632,182.076,243.595
377.933,223.044,182.789,243.729
375.212,224.179,185.099,244.303
375.178,225.658,190.008,245.369
375.038,226.109,197.935,246.263
374.174,228.484,209.760,246.788
365.490,228.591,216.391,248.595
370.230,229.797,228.559,249.968
369.298,229.056,235.104,252.885
372.880,230.469,243.858,255.731
372.523,231.541,250.974,258.866
371.254,232.359,254.370,261.780
376.341,232.021,251.973,264.844
381.242,232.073,247.323,266.613
383.775,234.421,242.820,267.727
387.789,236.046,236.523,269.387
393.156,237.440,232.393,270.689
401.950,239.026,228.401,273.328
409.888,240.086,225.406,274.265
416.358,242.545,223.205,275.068
422.605,243.832,220.815,275.667
428.089,245.488,218.451,275.538
434.856,247.167,217.110,275.266
442.516,248.854,216.533,275.406
449.830,250.685,222.623,274.769
451.677,253.079,230.083,274.777
451.051,252.948,237.353,276.238
448.956,254.937,245.453,277.014
447.310,256.063,249.995,278.261
448.715,257.614,251.722,279.338
449.299,256.894,249.512,280.244
450.377,257.940,247.084,280.304
450.826,259.560,244.468,279.639
451.474,259.269,238.490,278.961
453.009,260.907,231.728,280.965
458.283,259.702,222.964,282.458
462.310,258.345,215.463,284.126
465.803,257.580,210.173,285.809
468.603,257.514,206.943,286.541
470.401,257.901,205.328,287.060
471.082,257.843,204.961,287.347
471.229,258.156,206.903,287.824
471.120,258.402,209.455,287.791
471.083,258.919,213.763,287.912
468.601,258.666,215.228,288.787
469.826,259.963,218.899,288.809
469.733,260.377,222.091,287.510
469.678,262.346,225.602,287.314
469.353,264.570,228.030,287.514
467.122,264.057,231.531,288.640
466.171,265.157,232.855,288.699
464.024,265.383,233.381,288.479
464.077,266.641,232.060,288.128
464.084,266.837,230.174,288.222
462.660,267.979,226.762,288.074
458.642,269.652,223.115,288.212
456.749,269.343,220.228,288.034
456.215,270.370,218.339,287.489
455.824,270.408,217.197,287.368
453.429,269.872,216.512,287.594
454.475,272.046,215.262,287.016
453.466,272.900,213.357,287.119
453.355,273.414,211.285,286.786
453.078,273.403,209.211,287.069
451.460,273.231,207.359,287.281
454.509,272.694,205.417,287.537
453.842,273.759,204.281,286.879
454.827,273.986,202.283,286.985
455.410,274.529,201.025,287.339
454.825,274.321,200.812,288.155
455.707,273.290,199.315,289.316
454.752,274.389,199.168,290.379
456.036,274.581,199.458,291.523
455.706,274.055,199.546,291.793
458.130,273.790,198.770,291.751
457.243,274.436,199.889,292.285
456.624,273.914,200.121,292.715
456.953,273.916,201.318,292.948
456.886,273.356,201.755,293.545
455.859,273.751,203.084,293.993
455.022,274.660,202.795,294.410
455.271,276.102,203.271,294.448
453.440,276.355,204.326,294.750
453.076,276.637,205.416,294.712
451.354,276.646,206.822,294.629
450.772,278.964,207.996,294.028
450.804,279.872,208.262,293.523
451.345,280.574,209.407,292.471
451.395,281.864,209.612,291.590
451.275,283.048,209.897,290.031
450.894,283.709,211.236,289.485
449.213,284.862,212.680,289.300
448.093,285.626,214.641,288.837
445.745,284.700,216.640,287.473
445.429,285.619,215.614,285.186
446.010,286.204,214.654,283.281
446.179,285.850,213.443,281.529
444.888,286.639,212.973,280.143
444.018,288.699,212.131,280.929
445.938,288.689,210.241,282.084
445.486,290.301,210.596,284.546
443.825,289.196,210.001,287.178
442.757,288.888,209.771,288.399
441.298,288.697,209.830,288.620
439.751,288.347,209.979,288.563
438.444,289.133,209.564,288.544
437.774,290.565,208.009,288.127
439.936,291.972,207.026,287.655
438.053,291.272,205.653,288.160
439.274,292.579,203.131,288.522
436.320,292.135,201.385,288.760
432.649,292.680,198.608,289.187
428.094,292.656,195.793,289.039
422.018,293.236,194.732,288.502
412.464,294.803,195.132,288.911
404.318,295.719,194.575,288.851
393.785,296.372,194.469,288.983
383.002,296.779,193.692,288.589
372.740,297.346,191.853,288.184
361.046,298.610,191.523,287.506
348.377,298.728,190.893,287.329
334.997,299.824,189.647,286.633
319.309,299.283,189.036,287.258
304.640,300.015,187.373,286.906
289.632,300.769,185.212,287.704
276.142,302.642,181.986,287.664
263.539,301.953,179.143,287.493
254.650,301.387,175.475,286.905
245.385,302.163,171.999,287.200
237.234,302.701,169.379,286.961
228.341,302.149,167.953,286.820
222.632,301.966,165.784,286.575
217.169,301.415,163.629,286.277
212.035,301.149,162.995,286.736
207.894,301.674,163.653,286.575
204.728,301.279,165.952,286.044
201.970,301.480,167.350,286.074
196.230,301.806,171.020,286.251
197.927,300.969,173.137,287.082
193.997,301.573,175.573,287.411
194.861,301.619,176.536,288.333
189.994,301.613,179.864,289.170
189.134,300.526,182.635,290.125
183.060,300.533,186.039,291.025
182.675,299.654,189.418,291.369
180.240,298.752,192.060,291.520
175.936,298.119,197.530,291.945
171.128,298.607,203.080,291.903
170.367,297.758,207.076,291.471
170.325,297.972,208.287,291.144
172.172,297.455,207.418,289.230
168.969,297.700,209.090,287.217
165.889,298.627,210.879,285.428
163.318,298.858,212.509,283.887
165.926,301.663,213.473,284.257
165.807,301.357,214.216,284.741
163.409,300.836,216.109,285.013
160.617,299.887,218.226,285.579
157.941,297.898,220.795,286.285
158.284,296.721,222.278,285.932
156.748,298.271,223.568,286.054
154.451,298.077,226.220,286.224
154.533,296.976,227.227,287.156
150.767,294.533,228.989,286.568
149.153,296.038,230.660,286.152
151.844,295.245,229.575,286.278
147.215,295.058,231.623,285.357
147.217,295.235,234.176,283.758
147.765,296.867,238.491,283.481
147.166,295.963,242.485,283.660
145.042,296.031,246.419,283.028
143.408,296.122,251.613,280.711
146.180,295.636,253.135,279.269
149.917,296.627,253.290,278.389
137.040,294.364,261.292,273.662
143.887,295.901,257.747,273.711
137.103,296.556,252.650,274.984
142.375,293.487,246.112,273.534
143.724,295.056,241.447,273.032
128.321,288.221,248.417,264.619
140.114,297.822,247.098,263.808
144.990,295.460,242.477,267.185
148.099,295.080,237.647,270.428
138.420,292.833,239.160,273.516
145.722,288.708,235.420,275.217
151.845,289.468,231.049,278.771
147.104,287.543,230.730,280.792
154.687,284.306,226.432,282.966
154.711,285.099,225.738,283.186
160.134,283.513,223.032,283.556
153.548,283.719,226.091,283.072
160.611,281.254,223.218,284.432
158.906,282.612,223.960,285.111
160.317,279.353,222.578,286.273
161.623,280.335,222.185,286.568
166.130,278.247,220.451,286.155
164.086,281.720,221.405,284.831
171.441,281.490,218.714,283.670
178.975,283.929,214.433,282.810
171.382,284.788,217.160,280.573
169.838,285.789,219.342,279.537
174.710,286.624,218.022,279.070
177.193,287.658,217.687,278.470
182.628,288.270,215.562,277.776
190.069,289.373,212.588,276.962
190.915,290.524,212.467,276.091
196.190,291.971,210.132,275.519
202.666,291.475,206.471,274.681
203.955,290.755,203.695,272.883
207.077,292.042,201.933,272.705
209.875,290.722,200.879,273.716
215.001,290.199,199.005,274.081
219.706,291.135,196.957,274.063
223.259,292.011,194.856,274.562
223.900,293.013,194.039,275.038
228.021,292.695,192.597,275.279
226.006,292.930,193.109,274.945
225.406,291.954,194.181,274.731
225.105,293.239,196.021,274.029
225.733,293.584,196.727,273.676
225.398,294.153,198.315,273.025
223.994,295.208,200.910,272.075
223.537,296.813,203.281,271.114
225.968,297.312,203.381,271.151
228.774,297.884,202.775,271.310
227.822,299.155,203.620,270.907
228.694,299.276,203.872,271.323
227.785,300.515,205.245,271.011
228.490,301.542,205.644,270.365
227.025,302.170,207.727,269.763
227.527,303.680,209.816,268.728
224.756,304.663,212.264,267.680
225.267,305.414,213.253,267.450
226.749,306.369,213.697,266.569
224.576,307.573,215.085,265.628
230.461,307.505,212.013,265.224
231.688,308.440,210.515,265.251
234.706,307.566,208.504,265.911
238.056,307.572,206.087,266.322
241.395,307.586,204.087,266.703
242.535,308.742,203.902,266.805
243.953,309.249,204.094,266.808
244.299,308.064,205.371,268.351
242.532,308.408,209.932,269.197
246.301,309.314,212.139,269.561
251.566,308.455,212.184,270.301
249.467,307.372,215.493,270.580
248.604,310.383,218.206,270.034
248.765,310.247,220.614,269.951
251.458,311.025,223.125,269.294
255.336,311.221,225.274,268.905
252.594,311.741,229.079,269.112
251.730,312.726,233.744,268.269
257.318,314.100,233.592,267.325
259.017,316.527,234.917,266.113
257.267,318.256,238.154,265.577
256.922,318.847,241.313,265.734
261.232,319.005,241.840,264.158
259.215,318.688,244.549,263.040
261.596,319.895,240.302,262.936
261.099,319.897,236.642,262.574
262.363,322.782,233.906,260.151
267.350,324.085,232.925,258.406
269.383,325.375,231.515,258.262
272.239,326.255,230.727,258.308
272.414,327.275,229.418,259.268
272.127,327.719,229.321,259.695
276.560,326.537,228.949,260.045
280.557,325.482,232.778,259.683
275.307,327.866,237.989,258.674
276.875,328.475,236.587,260.559
278.596,328.011,238.611,260.766
273.393,328.040,237.499,260.588
277.824,327.650,234.843,260.006
278.687,327.253,237.978,258.491
276.131,329.541,240.368,257.811
275.722,328.119,235.970,257.987
279.779,328.591,230.983,259.584
278.407,328.742,231.454,261.066
278.798,329.327,229.962,261.849
282.440,327.562,227.422,262.077
284.971,328.735,225.126,262.874
289.397,328.361,223.008,264.168
288.688,326.864,222.051,264.910
292.692,327.707,219.941,264.836
292.838,325.630,216.652,263.903
295.427,327.124,214.298,262.689
297.354,327.880,211.656,261.714
298.564,328.583,208.563,260.609
299.611,329.507,204.244,260.714
301.680,329.527,200.847,260.585
303.633,329.300,196.357,259.689
306.915,328.544,192.555,259.674
309.357,329.030,188.633,259.663
309.995,327.490,185.702,259.793
314.950,327.532,181.974,259.000
315.992,327.149,178.788,259.369
318.969,325.344,176.331,259.979
322.580,324.972,174.015,260.567
324.619,325.764,173.181,260.617
327.128,326.435,172.259,260.746
328.305,327.071,171.704,261.369
333.696,327.263,168.493,261.360
337.128,327.327,166.818,261.221
337.306,328.166,166.355,261.651
341.522,327.638,163.901,260.860
341.952,328.828,163.835,261.592
344.124,328.189,163.754,260.015
345.988,328.797,162.765,260.614
348.147,328.813,161.965,259.605
351.573,329.874,161.048,259.627
353.631,330.153,160.867,259.085
356.771,330.297,160.919,258.097
360.707,330.488,163.067,257.633
364.842,329.581,167.958,255.698
366.994,330.559,172.593,254.426
363.543,331.747,176.013,254.184
361.390,332.673,175.174,253.753
363.607,333.743,175.875,252.724
368.211,333.838,176.076,252.252
370.685,334.518,179.755,252.497
367.004,334.695,182.069,253.298
368.560,336.308,185.504,253.761
372.115,335.608,185.075,254.086
375.546,337.159,184.844,253.113
373.044,338.031,186.027,251.966
376.533,338.251,187.982,251.426
375.147,337.065,188.217,250.481
380.199,337.945,189.400,250.850
383.905,336.901,196.606,251.766
379.840,336.195,199.593,252.077
379.963,333.103,198.386,253.429
379.438,333.825,194.062,254.200
378.722,332.896,186.382,255.530
381.004,332.663,179.472,255.846
386.848,332.028,173.420,256.142
386.153,330.805,172.546,255.451
392.907,331.835,171.586,253.900
390.096,332.415,172.663,253.568
393.666,332.870,170.850,253.835
393.950,333.666,170.401,252.504
397.097,333.636,168.554,251.163
399.411,333.627,166.847,250.308
399.717,333.187,165.707,249.506
403.515,333.814,163.843,248.876
402.700,332.728,162.566,246.990
403.892,332.427,161.868,245.634
402.706,332.708,162.056,244.972
403.179,333.622,161.334,244.383
402.148,332.926,162.049,243.577
402.786,332.565,163.062,243.111
400.754,331.842,165.813,240.898
400.065,333.858,169.065,240.590
395.953,333.277,173.666,239.487
393.404,334.393,178.143,238.288
394.362,333.052,181.128,238.155
395.146,331.928,183.917,238.444
397.244,331.078,186.770,239.035
399.888,330.571,189.426,238.918
399.900,332.506,192.134,238.253
401.105,331.537,194.102,238.967
403.481,332.446,196.409,239.005
406.205,331.526,198.793,238.993
410.584,333.155,208.484,238.141
412.170,332.856,215.020,238.198
421.611,332.838,228.348,237.001
421.435,333.967,238.580,234.388
422.064,335.560,244.682,232.049
421.784,337.227,248.081,228.624
421.217,339.056,248.493,226.106
424.485,338.477,244.995,224.800
426.469,342.431,239.672,225.177
430.724,339.900,237.013,226.439
434.889,342.978,230.427,227.953
439.156,343.463,221.867,229.791
446.021,343.499,215.416,232.191
453.259,343.426,209.603,234.085
458.556,343.048,205.560,235.271
464.860,342.750,203.497,235.751
465.695,341.872,203.375,235.954
466.777,341.270,205.717,235.828
470.416,341.377,210.656,236.068
470.497,341.036,216.919,236.972
468.929,340.176,222.412,237.357
467.561,340.531,227.020,238.424
459.818,336.715,228.997,238.826
448.043,336.149,224.322,240.500
452.743,335.732,210.948,242.077
448.806,334.588,204.270,242.007
453.233,333.185,197.114,241.483
452.756,333.321,193.478,240.541
456.736,332.480,190.336,241.239
456.186,332.296,187.587,240.804
457.963,333.402,185.656,241.175
456.350,333.561,183.219,241.177
457.001,334.391,181.492,241.177
454.039,336.067,180.526,240.490
453.397,335.756,179.379,239.926
453.340,337.889,177.872,239.661
450.204,338.641,177.643,239.563
447.353,341.669,177.765,238.748
446.599,341.389,178.136,237.938
443.358,342.814,178.864,237.289
438.359,344.064,182.141,236.331
437.067,343.288,183.650,236.053
433.357,343.931,186.825,235.306
431.947,342.644,188.401,236.321
430.697,341.943,189.933,237.356
427.007,340.362,191.766,237.447
425.446,339.912,192.982,239.068
423.839,340.182,194.535,239.697
420.883,340.200,196.920,240.465
419.226,340.083,197.981,241.256
418.247,340.083,198.612,241.776
414.992,342.005,199.718,241.469
415.134,342.541,199.447,240.862
412.094,343.936,200.194,240.006
409.493,345.818,202.024,238.950
407.732,347.012,202.298,238.323
405.456,347.308,203.710,238.304
402.285,348.474,205.770,237.715
401.168,349.285,207.960,237.556
398.144,349.582,210.759,236.937
395.427,351.257,212.560,236.008
392.452,350.164,214.243,235.671
389.801,351.939,216.488,233.584
384.808,353.729,218.948,232.723
378.337,354.861,223.220,232.788
370.907,355.703,227.623,232.903
367.223,355.797,232.029,231.623
363.832,355.822,234.822,231.462
361.226,358.649,236.368,232.460
361.954,357.381,236.464,232.778
353.570,360.078,240.137,230.840
353.031,359.557,242.719,229.993
349.745,360.959,244.714,229.491
344.011,361.120,249.280,227.646
337.633,361.245,254.056,226.993
332.578,361.891,256.071,226.973
331.845,362.427,256.248,227.251
330.626,362.220,256.470,226.479
321.255,364.018,260.931,225.594
316.911,363.089,264.145,225.862
313.265,364.811,267.153,226.156
304.469,364.542,268.981,225.339
