1
340.7517,213.7484,228.4351,158.6605
338.1407,212.9020,228.1514,161.9592
338.0203,210.6261,225.5573,162.0644
338.7848,208.4645,225.7737,161.5378
339.2608,206.6934,224.5605,162.3024
338.4089,205.2686,223.0472,161.5389
338.5381,204.4838,223.5612,160.5453
338.0044,202.3175,224.9161,161.0390
337.3832,201.1232,224.3425,161.5312
337.8681,198.6364,226.2659,164.8583
337.6852,197.3033,225.1915,164.9688
338.5969,195.4741,224.1208,165.9631
339.1904,196.1998,223.0314,167.2565
339.4503,195.2813,222.0956,165.6363
340.3309,193.6408,222.3570,166.2815
340.9000,193.3881,222.5346,166.1465
339.3752,193.4542,222.8145,164.7953
339.6749,191.7421,224.0711,164.1642
339.5178,190.0910,225.1690,164.4562
339.8540,190.8250,224.1458,164.5989
339.6634,189.5475,224.2996,164.9313
340.5948,188.6385,223.9022,165.5011
340.6349,189.2964,224.3907,165.2628
339.0648,192.0348,223.8645,165.1258
340.8822,203.3551,225.0995,165.5458
341.0346,203.5043,225.0687,165.6457
339.8987,213.0027,224.4819,166.3136
341.6080,212.4262,225.3914,166.3188
341.2724,214.5890,225.7698,166.4414
341.2556,216.2301,225.8901,165.5775
340.3905,218.2773,226.5194,164.8535
336.6650,219.5204,225.2386,167.0024
350.3968,216.8066,224.5090,168.6757
342.2880,218.5293,223.6154,167.7058
314.9038,213.8269,224.9913,168.4935
311.2556,214.0134,226.3262,167.8346
327.3574,217.1356,224.1660,166.6255
341.2393,211.0078,225.4219,168.0521
334.9040,210.6405,226.2912,167.2265
327.9250,209.8967,226.6076,168.6372
324.4682,210.2291,226.3066,169.7794
324.7185,210.8546,225.1835,168.4047
325.5614,209.1780,225.2092,169.4384
325.8656,208.5633,223.6110,168.9949
323.6697,209.6064,224.6751,168.5150
324.9546,208.4838,222.9448,169.2030
323.6307,208.4933,223.8902,168.1725
317.0513,208.7887,225.4705,168.4542
314.1707,207.2497,227.7511,170.1177
309.4227,206.9333,229.5115,171.1174
306.0116,206.7594,229.8165,172.5473
301.3855,207.1452,228.9146,171.9404
297.3894,207.2823,228.5941,171.7591
293.6148,207.9886,228.4180,170.2703
289.0821,207.0273,227.7026,170.8021
286.2709,205.2809,228.8754,169.9713
282.3349,206.2960,228.1741,168.7046
277.9284,206.4781,227.8184,168.6143
274.2469,204.1799,228.5237,168.5383
270.9438,201.8563,229.7567,168.7100
268.5825,199.7039,232.0386,168.9211
265.0854,199.3652,229.8896,169.0243
261.4446,196.4576,231.1314,169.9292
260.5641,195.1401,230.7452,170.6304
261.3242,193.4439,227.9213,169.7531
263.3362,194.0525,225.9016,168.3852
276.3798,190.2879,227.8936,170.0348
273.0540,190.5433,226.8792,169.3419
272.9878,191.5994,224.9671,168.0756
273.0976,189.6462,224.8766,170.3251
271.2902,190.9446,225.1697,169.3002
269.2599,189.7599,224.2658,168.7150
268.7633,189.4047,227.2607,168.7829
267.4894,190.2059,224.7587,167.0036
266.6647,188.5667,224.6022,166.9293
265.4204,188.9591,222.2121,166.1063
264.6511,186.9561,223.4287,168.1928
262.1418,187.0342,221.9179,169.5892
259.9293,180.5512,223.6779,171.5744
259.5396,176.7962,222.3855,169.8004
259.9693,174.8848,220.8936,168.8353
262.2995,171.6086,218.9572,168.3433
261.1917,168.5062,219.4787,168.8586
260.3860,164.1468,218.1263,167.6639
260.1802,164.2337,218.8091,168.4946
259.0515,162.9233,215.5318,168.3861
261.1316,161.1643,213.3331,169.7594
276.5092,158.2841,212.9001,170.2438
288.8756,154.3591,212.6530,169.1495
279.4888,154.7885,211.2243,167.8490
275.3357,155.2204,210.4524,168.0955
275.9934,154.3785,207.7025,166.9166
275.3368,156.4588,204.9232,166.5360
278.7981,158.0158,203.4249,168.4980
279.1710,160.7691,202.0225,170.5056
289.8397,160.1606,201.5163,171.1585
285.6272,163.7458,200.5646,169.7727
294.5718,170.3310,198.0517,166.9642
293.7718,182.0818,200.0927,167.7244
293.2709,192.0300,199.6115,168.3287
294.0074,200.8208,198.0567,166.9968
295.7349,207.3864,197.7874,167.9568
302.7217,216.8779,198.1359,167.3954
296.4339,224.5053,196.3133,164.0667
306.7740,230.0882,196.8423,165.1097
307.6157,239.4938,195.3346,164.6313
308.1518,245.4411,194.4555,164.2152
308.7030,249.4146,194.5007,163.2540
310.4325,248.4552,195.6313,164.7007
323.2909,250.2314,198.1767,165.6425
319.6107,253.7996,201.3227,166.7689
320.1667,257.9239,201.5509,164.9851
321.5252,262.8633,201.2628,163.9697
330.7878,269.9696,202.6752,164.5372
329.0400,271.6381,203.9047,164.1163
342.1441,271.8443,205.9209,165.0195
336.3658,275.1729,207.2476,163.1983
336.5490,276.8034,207.4442,162.8308
337.0745,279.1872,206.7203,162.5334
335.3387,277.7377,208.2085,163.7282
335.4936,280.1474,207.5721,162.4498
336.7198,278.1805,208.8506,163.5325
336.8403,278.6931,210.3422,163.0607
334.4717,280.9800,210.5634,164.1645
334.8739,276.1060,213.4713,166.7004
331.8213,276.1300,213.2274,168.5325
332.6378,274.1135,213.6850,168.3794
330.8509,271.5686,214.0024,168.5035
329.5441,271.7374,215.0006,167.4537
327.7896,270.3048,215.4142,166.1782
326.9286,270.1789,214.8342,163.3804
325.8117,270.5605,215.0360,161.8769
328.4110,274.0107,213.5469,162.1577
328.2950,279.5185,211.7478,160.7457
329.2823,283.5140,212.5932,161.8587
328.9804,282.2383,214.4755,162.1302
328.0862,281.4789,215.6061,162.3153
326.0605,280.3746,218.3874,163.3355
325.4887,277.6995,219.2541,164.7630
327.6399,278.4355,217.8826,164.5390
328.2960,279.2581,218.1138,165.2228
327.8766,278.8524,217.7845,165.4347
327.4146,276.0751,219.8078,166.0806
326.6775,273.5269,220.7953,166.4827
328.2019,276.0923,221.8139,165.9217
330.8571,274.1334,221.8383,165.7966
332.1525,270.1015,221.9046,166.9611
333.9413,267.8140,221.8119,166.3682
342.4910,262.9281,220.6970,165.1687
348.2935,275.5847,219.6231,166.0554
348.5735,291.0367,215.8383,163.7348
350.4525,295.0668,214.5362,163.4973
352.3465,293.2961,213.3861,164.4216
351.6397,302.5445,211.0437,162.2167
351.8919,302.3379,210.8354,161.7077
348.8122,303.2927,212.6503,160.3965
345.9163,304.5993,214.0127,159.9977
341.8342,302.6806,215.3290,161.5998
351.3537,304.7002,210.4753,162.0983
366.3034,302.5377,212.7789,163.1406
362.3556,299.4280,214.6241,163.7912
357.9799,299.1985,215.2468,165.0506
356.1150,301.3903,215.6360,164.8562
343.4629,298.2908,212.1157,166.0291
337.9128,295.7316,214.6592,168.2810
340.3364,295.8973,213.3026,169.7212
355.1339,291.9193,216.3092,171.6176
356.7552,290.8551,215.1008,172.7355
347.1246,283.1282,217.9679,172.7613
335.7872,270.2394,220.7076,176.4209
328.0695,261.3734,221.6671,177.7224
324.2312,252.4521,221.9955,178.7461
321.3949,245.3288,223.7783,180.0687
316.7076,253.2524,223.6413,178.5171
313.9891,249.3189,222.5075,179.7807
313.3325,248.0940,220.9348,177.8268
314.3605,241.7865,220.0474,176.8007
332.4128,222.3179,219.8734,176.6615
332.9223,196.2345,218.6703,178.1019
335.5400,171.6218,217.5543,179.5262
341.2655,154.0373,215.7315,181.9003
348.6839,134.0464,213.8517,181.8652
353.5921,108.1973,213.1902,182.6756
351.2306,103.6054,213.6187,183.5355
348.8354,119.2498,212.2925,181.1906
362.9806,115.8611,213.4112,179.7776
378.5256,106.8408,211.6209,177.7015
373.9479,90.8720,207.2321,177.6345
358.3847,73.9205,206.4918,177.3393
345.8648,65.4812,202.6114,175.2331
347.5678,48.0956,197.6538,175.3593
357.0128,27.8152,196.2912,179.6726
363.8513,11.5793,201.0498,185.2995
356.9075,18.8961,198.2457,186.6047
344.6092,36.0878,194.9459,183.3809
340.1133,47.8492,190.9390,180.4719
347.0253,47.8522,188.9953,180.0224
348.6501,44.2116,187.9676,180.5582
346.2387,38.0272,186.2922,184.8606
347.2949,43.1433,182.7416,183.1194
350.6898,46.1260,181.7271,183.2906
357.0611,52.4624,181.6995,182.9409
364.5659,63.2465,185.2050,181.1696
367.6919,80.9991,186.2725,181.4700
373.0428,102.8070,188.1861,180.5370
375.9571,121.1274,188.5694,180.9085
380.8966,140.2775,190.2959,179.7921
371.9048,160.0985,193.2256,182.2009
382.4751,175.8251,195.2088,182.0662
397.4863,178.0593,197.5473,182.4001
392.6899,177.3642,198.0324,181.4234
376.6241,174.6010,196.5875,181.8643
358.7646,177.9509,194.8155,181.1242
356.9857,181.2779,196.2852,182.5693
366.3469,176.4279,194.8570,184.7327
368.1517,178.5495,195.5397,184.8665
358.7037,179.4031,199.8711,187.8143
348.7037,190.7176,200.4660,188.4668
343.3251,195.5070,200.1155,187.9370
337.7369,200.9405,200.1327,189.4905
332.5418,209.0733,200.7892,192.5442
328.1569,215.5817,200.0265,194.2079
327.2922,216.3540,198.8778,196.3475
335.2154,217.4869,197.2312,194.6604
338.7543,223.3793,195.2085,194.5659
345.1089,219.6916,195.0715,200.1067
348.9814,221.6755,194.1504,199.6026
349.8988,212.1881,194.6061,203.4943
355.6068,211.5874,193.7257,203.9554
353.9572,213.3046,192.8127,202.7119
350.0448,221.2317,192.8077,202.7340
356.0150,226.6168,191.5066,203.8950
358.5938,228.3900,190.5367,202.2995
359.2607,230.4622,189.4532,202.9903
357.8437,233.9889,188.7866,202.9169
348.3901,243.3502,186.9554,200.0284
345.6786,245.9912,186.1728,205.3988
354.3030,252.2101,184.3972,203.4866
358.0880,253.8320,183.6422,205.7707
361.6905,260.7874,182.7323,205.3814
360.5093,262.2003,181.4709,206.2960
361.0381,262.6961,179.4576,208.5015
360.4280,267.0372,178.4090,208.1449
364.6574,268.2956,175.8470,208.4475
366.5529,269.9212,173.7179,207.7152
371.3694,269.7224,171.1442,208.4322
373.8046,271.4807,170.3149,206.6995
376.1924,275.6591,169.1838,203.9439
374.1506,275.3420,167.8784,200.9716
379.1852,279.2060,166.3966,199.0135
380.7462,274.0679,165.1092,200.9707
378.8739,275.8325,163.1323,200.6448
382.8742,275.2852,161.2888,200.3677
377.6240,273.8794,160.5555,196.5619
369.2194,273.7967,159.0947,194.3536
360.9777,274.5839,158.0357,190.0885
362.4564,264.3247,159.0988,186.5465
368.6123,252.7805,159.8708,184.5197
363.0950,247.2753,160.3210,183.5377
354.7701,240.3219,160.0602,182.9233
350.6902,236.8761,158.2281,182.4655
361.4604,222.6393,156.2980,180.9951
354.6368,212.4792,154.7689,181.8350
363.0980,204.7651,153.0599,180.2077
360.5019,203.6412,151.1783,176.1945
365.7798,198.3153,150.4671,175.0112
362.3725,195.3641,149.2719,169.5660
362.1299,185.8495,148.6191,169.1192
366.0066,183.1092,147.0347,168.0633
369.5685,179.4349,146.9092,167.3773
370.1565,180.4798,145.9109,165.6156
374.0000,182.4611,144.2425,161.7103
375.7364,180.0962,142.7770,160.5847
374.4521,183.1924,140.8150,158.2901
378.4571,180.8471,140.1207,159.0954
377.0700,180.7081,139.2322,156.7520
375.7893,178.8738,137.6880,157.1383
374.2025,179.5533,136.7496,156.1870
371.7314,180.3897,136.0509,154.3911
370.2210,181.6740,134.5527,153.0683
370.4310,183.3199,131.7364,150.9925
364.3047,180.4323,130.8654,148.7555
356.0316,183.6838,128.9215,146.2433
353.9218,180.9210,129.4791,146.1871
347.8839,183.7634,128.3011,143.7050
347.3599,184.1656,128.4596,143.6514
341.5533,184.0875,127.8886,142.0789
339.6087,181.8555,127.9646,144.1424
338.9643,182.0069,127.4526,142.9724
327.7162,184.4641,126.2491,141.7509
328.2531,185.7800,126.9491,140.0176
321.0880,187.1912,124.9488,139.2829
324.3670,186.1662,123.9476,138.4280
319.4820,187.9997,123.5349,137.5679
315.3082,187.9727,122.9085,136.5805
309.4425,189.0261,121.9730,136.2217
305.5556,193.2032,122.6884,134.0305
302.7192,192.2859,121.5361,134.7591
309.4253,198.3584,120.0158,133.3345
316.2237,196.2117,118.1858,134.8975
322.7536,199.2495,116.5886,133.8255
329.6708,197.1772,115.4263,135.4558
335.2523,198.2842,114.4757,134.2322
333.0364,198.7817,115.4784,132.4335
326.8047,198.6241,113.8846,131.8828
323.2809,199.4801,114.1682,130.1496
319.3758,200.0707,113.7298,128.8330
315.8457,199.8698,113.3460,128.9830
309.7342,199.0314,111.9832,128.8619
306.6567,198.3982,112.0239,128.7254
306.1330,194.8605,112.1508,128.9820
301.5271,195.9077,111.3021,128.9354
309.6718,192.7405,110.2245,130.9486
314.5426,191.3069,109.5707,131.3134
315.9440,188.3884,109.9095,132.9381
313.3924,188.1459,108.8078,131.8121
318.6164,181.3079,108.5291,135.2457
324.1125,179.1049,107.5945,135.5749
328.8293,179.1752,107.4874,135.7131
336.3698,178.7019,106.2829,134.6194
343.0012,180.7430,105.3964,132.9662
345.5844,173.2296,105.5481,138.7834
349.4728,177.6503,105.2300,139.2450
358.4974,174.9256,104.4903,138.5144
367.6121,176.1697,103.9355,138.1660
368.1227,173.2210,103.6389,139.9545
375.1475,174.5302,103.5287,138.9084
374.4488,172.2360,103.6112,139.0791
370.6917,173.3029,104.1958,138.9373
368.6097,172.2505,104.6595,139.9996
366.2973,168.7589,103.8160,142.7280
364.5949,172.3070,103.8075,140.3820
363.1677,165.6288,103.5904,144.0089
362.6498,165.6683,102.7861,144.5181
364.2771,158.6308,102.3297,149.9414
362.1201,160.2931,103.0035,149.6150
362.0815,158.1319,101.3067,150.5432
360.0558,158.6838,102.7183,150.0798
360.7595,160.6867,102.3851,146.8433
357.6445,155.5520,103.0618,148.6553
356.4089,162.6131,103.8059,146.0956
355.4193,157.1948,103.2431,146.9821
352.7776,159.6044,103.4254,146.1633
351.5636,159.2017,102.6107,147.4562
350.7526,157.5801,102.7016,148.5580
351.3816,161.2888,102.4736,146.9549
350.1764,166.4691,104.3435,143.9929
346.6045,166.7481,103.1525,142.1698
346.3438,169.5356,102.7498,140.7571
347.8857,170.1396,105.0868,141.3445
342.1203,172.6722,104.0928,139.9634
340.5561,177.2355,105.1201,138.0778
338.6878,172.3607,104.2755,139.1980
335.8230,169.7210,104.7764,141.9084
334.5948,173.8436,104.1360,141.1990
335.3894,171.0367,104.2863,142.8967
333.4002,175.3503,103.1260,142.2324
327.8145,179.2373,101.8868,141.6026
331.1542,188.0322,101.0295,137.7085
324.4785,188.4922,100.4619,137.5809
327.6748,190.6452,100.6489,136.8507
325.6414,194.5782,99.8183,135.3220
321.4436,195.3620,99.3128,135.6016
322.9074,201.0242,98.6654,133.2839
318.4283,201.3592,96.9657,133.2527
324.3721,202.1127,95.1958,132.6752
320.3735,204.0938,93.1417,133.2904
321.8043,209.5173,91.8220,131.2450
323.2284,207.2874,89.9106,131.2499
327.1687,211.5884,87.4736,130.7731
323.7533,209.4453,85.4894,131.9797
323.8623,212.3817,84.1202,132.2994
322.7572,214.7053,82.3068,133.4603
319.7856,215.4323,81.0805,135.1391
319.8397,219.7897,80.2430,136.6699
316.3535,224.1971,80.6898,137.1340
317.1635,229.9185,80.0550,135.3972
317.5175,233.9377,78.9699,133.6010
319.8643,238.6280,77.0609,131.6680
321.0809,237.1055,75.1947,132.6180
323.1128,236.0472,73.8799,134.7481
321.9018,237.4205,73.0929,135.8744
320.6037,230.0219,72.6667,140.6706
317.8148,241.7060,73.0993,139.5928
322.3524,234.8517,71.9196,142.6657
317.9317,247.1634,70.4546,140.5918
311.2554,242.8954,69.5988,140.6660
302.7123,251.5480,68.2524,139.3503
296.9728,251.5342,67.7519,138.2473
296.3661,256.9113,65.9443,136.3207
289.3491,253.9271,64.8757,137.5135
283.3316,256.6692,64.2198,138.0879
280.1804,256.9875,62.7502,138.1660
277.7959,256.3759,63.7742,140.3575
274.3543,262.0426,62.3307,139.1108
274.2172,264.8689,62.0773,137.1093
271.7878,271.8162,62.3368,132.3513
268.0273,270.6805,62.7668,132.2696
268.8583,278.3897,60.9042,129.5642
265.7799,276.4568,61.5533,128.3918
270.5570,277.6495,60.3981,127.9228
271.5939,281.6391,59.0753,126.1539
275.2240,273.9094,57.5391,129.7726
271.8055,285.3519,57.4961,126.8748
276.6528,282.4839,56.4245,127.5067
278.9482,290.7576,55.4784,123.3747
281.4792,292.5547,55.1769,121.5311
277.5379,297.6392,56.6563,118.6801
281.4792,300.5523,55.3194,116.9010
281.1723,301.8167,54.4649,115.0068
283.9686,305.0060,53.4969,113.6146
288.5898,298.9960,52.9052,115.6836
286.2346,305.1097,52.6990,113.7406
286.9770,297.1054,52.0278,116.9852
282.3014,308.6537,53.3806,113.8233
286.5293,308.4953,53.1388,112.1451
282.4020,311.4079,53.8033,109.3058
287.0546,311.9714,52.3609,108.0640
283.8965,315.5282,52.0806,104.6721
286.0415,320.6776,51.7529,101.0891
287.1209,318.5637,51.3148,101.0074
286.1443,324.0132,52.0497,96.9040
293.2163,318.0141,50.2494,97.6476
292.8314,323.8552,51.0741,95.6452
298.6122,319.8577,50.5712,95.5770
302.6688,322.6307,49.8340,93.4356
305.1481,330.8655,49.7474,89.2638
306.9389,334.2792,49.4074,84.3783
310.3001,335.8722,49.2470,82.1958
316.5567,338.3641,48.6110,79.8954
313.8119,342.7680,48.4620,76.2186
312.9391,343.0922,47.8156,74.2864
309.8094,343.9502,47.7334,72.0657
311.7613,337.3361,46.3686,72.9839
311.8837,341.2391,45.8536,70.1884
311.9275,337.3669,45.0895,68.6427
311.8390,338.2936,44.4046,66.1902
310.4926,336.8066,44.2820,63.6305
310.1937,333.2820,44.2590,62.1407
308.3516,331.9565,44.3464,59.9797
310.4531,324.2724,43.1776,59.6892
308.6956,324.0290,43.5383,57.5674
302.8678,319.6120,43.0032,57.1233
300.6519,316.9113,42.3467,56.2920
300.7839,316.2199,41.5205,54.8263
303.1178,315.0464,40.8776,53.7663
303.4083,313.8703,40.2261,52.9770
300.3952,311.9428,40.0672,52.0264
300.8761,311.4424,39.5522,51.1891
301.7140,308.2730,39.4058,50.7516
304.2169,306.1681,39.1245,50.2725
303.9695,303.5564,38.6890,50.1427
299.5219,302.7731,38.0828,49.2006
295.2430,301.1201,37.9320,48.8551
295.3602,300.2864,37.3873,48.3646
296.3416,298.1853,37.2385,48.3989
297.7399,297.0399,37.2227,47.8019
297.7343,296.5534,37.1889,47.8313
297.8138,294.7267,36.9087,47.4630
297.6327,293.0751,36.8291,47.2788
298.2352,289.1082,36.8650,47.6522
301.7379,288.8039,36.5299,47.2766
302.8329,287.0828,36.2398,47.5736
302.4067,288.9995,36.0117,46.9869
302.2221,288.2799,35.9001,46.1247
303.9743,286.2883,36.1259,46.3531
303.8027,285.3661,36.2084,46.3506
306.0208,283.3590,35.8438,46.1873
306.0676,282.7405,35.9096,46.2665
300.6110,281.5608,35.8603,46.1665
298.3893,280.5267,35.8408,45.8089
293.8878,280.6689,36.1536,44.9154
289.3954,278.3594,36.1407,44.5544
288.4850,276.2141,36.0498,44.2756
288.5193,274.7002,35.8708,44.0961
288.4927,272.8251,35.8703,43.8420
288.5288,272.2457,36.1059,43.8657
290.0958,270.6433,36.0332,43.3489
290.2826,268.2321,35.7408,43.6758
290.1096,266.9387,36.2949,43.2577
292.3513,265.1439,36.1309,43.1573
292.3161,263.6862,35.8862,43.1324
294.0377,261.4588,35.6737,43.3502
297.2154,259.7556,35.7505,43.0600
298.8744,258.4320,35.9900,43.1224
301.1536,256.0313,36.4724,43.0980
303.1049,255.4272,37.3246,42.9409
308.5067,252.7793,36.8695,43.4162
312.1164,251.3399,36.9428,43.4290
317.0082,248.6441,37.1533,43.9347
318.2626,247.1104,36.3033,43.8130
323.4640,246.1246,36.1668,43.9111
325.8526,245.6820,35.9582,43.8036
327.0491,241.5331,35.9803,45.0685
332.5415,243.6270,36.5084,44.7912
335.6638,244.5264,36.3920,44.4673
341.4610,244.1256,35.9040,44.7589
343.4922,247.0977,36.0029,44.6121
347.9926,247.2596,35.7445,44.7310
352.2762,248.8154,35.7767,44.4870
357.0867,248.8160,35.8316,44.2606
358.9759,250.4543,35.9011,44.6331
359.5939,250.7744,36.0650,44.5745
360.4543,251.2166,36.5702,45.0098
363.6404,251.1002,36.2005,44.9777
364.4600,250.6129,36.3953,45.7313
364.9281,251.9434,36.6292,45.6842
364.6906,251.1883,36.6625,46.0111
365.4942,251.7913,36.2782,45.8496
364.9553,252.8484,35.8119,45.3302
365.1281,252.4030,35.8154,45.2190
365.7350,251.7492,35.2895,45.4873
365.5225,254.9200,35.2154,45.3002
365.7468,253.0822,35.7425,46.0859
366.1900,256.6592,35.7113,46.0819
369.3242,258.6223,35.4788,45.7377
370.1626,257.6977,35.6131,45.8665
372.7842,261.8676,35.6898,44.6780
372.0438,260.5098,36.2035,44.5322
373.4627,259.2389,36.3963,44.2329
375.6051,258.7054,35.5002,43.9041
375.6731,257.4938,35.4451,44.5215
375.1572,256.0941,34.7579,44.5980
374.1210,251.9309,34.5207,45.6397
376.6810,251.8854,34.4135,46.2964
378.8110,251.6633,34.3824,46.2151
376.6764,250.9412,34.2873,45.8383
377.2505,248.9630,33.8371,45.8506
376.7333,251.8035,33.9658,44.4978
379.8259,248.9291,34.0065,44.0034
380.3927,247.8687,34.1135,43.9068
381.4724,246.5104,33.8922,44.0050
383.0350,244.3613,33.5612,43.9599
385.8441,245.8927,33.4707,43.3892
385.9461,243.7844,33.5798,43.4391
387.8156,242.4022,33.6462,43.4199
388.1963,240.9709,33.6054,44.1118
389.9509,238.2183,32.6880,44.5666
390.4920,239.1668,32.2490,44.3367
387.7991,237.4511,32.4898,44.5176
387.5643,237.5402,32.1413,44.2952
384.8904,238.6146,32.3174,43.9477
382.6134,240.4666,32.2190,43.5089
378.4518,241.3609,31.7890,42.6756
376.0359,241.6127,31.2199,42.3179
371.3712,239.4485,30.8158,42.4178
369.4978,240.7316,30.3615,42.4086
363.3498,239.3679,30.1967,42.5288
360.8463,236.5860,29.9050,43.7574
358.1931,237.5518,29.7553,44.0445
357.0197,233.6346,29.5202,45.7809
355.1967,237.5578,29.4294,45.5446
354.6137,238.0842,29.3439,45.1717
353.9745,238.4786,29.2464,45.1150
353.7595,241.2914,29.1595,44.6714
354.4267,240.7975,29.0218,44.5750
355.4429,240.8307,28.8854,44.4278
356.4755,241.4569,28.6999,44.1729
357.9039,242.3975,28.7394,44.1527
359.2497,241.3043,28.8144,44.1556
359.7946,245.8674,28.5981,43.9651
362.4070,243.3165,28.4419,44.4740
364.1637,242.8369,28.0908,44.2761
365.7771,243.0278,28.3407,44.0091
366.5752,240.9920,28.1595,43.5478
368.5077,239.7551,27.7900,42.7965
369.7092,230.8212,27.6644,42.2616
371.0371,225.5299,27.3938,41.7583
373.3753,221.2980,27.2833,41.5278
376.1542,219.6289,27.1917,41.2152
379.4359,222.7615,27.1604,40.5276
383.0417,218.0996,27.0092,40.0852
388.2785,216.0912,26.6422,40.0968
390.4575,215.8840,26.8269,39.4169
393.6236,213.2929,26.8459,38.8621
399.3476,211.8332,26.7426,38.5897
402.5193,212.3502,26.7849,37.8766
406.6219,211.3816,26.7245,37.2972
409.8364,210.8259,26.7402,36.6184
413.4616,210.4591,26.5523,35.9820
416.8723,211.0073,26.3093,35.1847
419.3492,211.5966,26.4025,34.5448
421.1509,212.4275,26.2734,33.9552
421.1420,211.3828,26.0695,33.5441
422.1385,212.2880,25.7801,33.1216
421.8769,211.6296,25.4236,32.6154
420.6459,212.4090,25.5012,32.1645
420.5798,211.7979,25.2316,31.5905
420.9588,212.0871,25.1395,31.1107
421.8838,212.2482,24.4840,30.0315
421.6396,212.4785,23.9049,29.3499
421.3307,210.4663,23.4755,28.7608
422.1881,210.8926,22.7700,27.7848
422.7275,209.7269,22.3393,27.3708
423.3570,209.9643,21.8614,26.8440
424.7544,208.9434,21.7636,26.4322
426.7976,209.0226,21.5028,26.0184
428.3929,206.6178,21.1513,25.6539
431.0255,205.2469,20.7490,25.2027
432.4489,204.4937,20.5187,24.9089
436.2067,203.0707,19.9845,24.5499
438.2757,201.4389,19.6361,24.0708
441.6708,198.5405,19.1629,23.5116
446.5079,196.1467,18.7277,23.0638
448.9034,194.9675,18.4369,22.5710
451.6639,193.4646,18.5000,22.5679
454.1410,191.1692,18.4385,22.3681
458.9038,184.4415,18.2320,22.4407
462.7192,182.3174,18.1322,22.5451
449.1521,176.4182,18.0202,22.5975
441.9135,173.8414,17.7968,22.5272
444.0988,172.2430,17.6947,22.2936
445.1316,170.0759,17.5566,22.2698
443.5757,168.1632,17.4835,22.1644
439.1320,167.3190,17.5528,22.4268
432.5923,167.1208,17.5542,22.5711
424.9460,166.0274,17.3970,22.5884
419.5220,164.2526,17.3684,22.4747
413.9767,165.6178,17.2352,22.1892
414.4799,161.3640,17.1583,22.3411
406.9652,159.8378,17.2509,22.4425
397.9500,158.5478,17.3287,22.2307
389.5979,157.5235,17.4128,22.0395
381.7293,158.6214,17.5192,21.9115
374.1332,157.0271,17.3788,21.3967
375.5409,156.3187,17.2963,21.4720
386.2041,157.2818,17.4394,21.1781
390.7826,154.7255,17.1633,21.1629
400.1016,154.0613,17.1124,21.0292
416.9656,156.9204,17.2679,20.3694
419.7405,157.6137,17.3525,20.0065
406.5869,155.4746,17.4264,19.8108
2
0
0
0
0
1
369.6973,154.5442,17.7136,17.5462
379.4703,153.1986,17.8391,17.6024
389.8257,152.2737,17.7093,17.8036
394.4144,152.1460,17.5112,17.7205
399.3509,150.4331,17.8715,17.8760
398.9565,150.4187,17.7679,17.8331
393.0995,149.5545,17.4316,17.5589
386.9128,149.7395,17.5753,17.2477
380.0325,148.5814,17.5539,17.1546
374.6622,147.6342,17.6378,17.0483
369.7871,148.9653,17.5564,16.4659
363.8236,147.8687,17.4763,16.8578
359.3194,147.8985,17.3933,17.0614
352.7503,149.8350,17.4584,17.0076
347.8558,150.5556,17.5358,16.6749
344.7024,150.4548,16.9772,17.0804
338.4716,150.7084,17.5822,17.9213
342.7501,151.0308,17.3267,18.1193
344.2826,151.8194,17.4603,17.6909
346.4945,152.1751,17.4859,17.8235
348.4158,152.3997,17.5184,17.8791
351.1729,151.2770,18.1586,17.9510
354.9207,150.7555,18.7207,17.7386
358.6183,146.9296,19.3249,17.8700
365.0408,146.0255,19.2780,17.5558
371.0262,144.9130,19.4416,17.6538
376.3326,144.0353,19.5171,17.5484
383.2084,144.2333,19.0922,17.4174
386.9240,143.5126,19.1027,17.4983
388.4893,143.1090,19.9126,17.1249
392.3221,143.5463,19.5672,16.7357
394.0011,144.5234,20.2883,16.7140
398.2516,142.7851,20.2229,16.9686
402.0336,143.7961,21.0025,16.7632
403.8336,143.9299,20.9027,16.5945
407.6606,144.5637,21.5217,16.6463
410.8702,144.6540,21.7652,16.5987
412.6324,143.7257,21.0463,16.3551
411.3759,143.8406,20.7905,16.3038
409.2817,143.5600,20.9723,16.3724
408.9637,141.6453,20.9934,16.4229
405.1978,140.7355,22.2087,16.2170
403.3727,139.9079,22.1813,16.2982
400.1824,140.0850,22.8111,16.1503
397.9993,139.4483,23.9320,16.1312
397.3577,138.7401,23.7949,16.4088
396.5318,138.0236,23.3101,16.5583
397.1564,137.0520,22.6466,16.7870
394.6276,136.4985,22.6001,16.9541
394.6059,136.6926,22.4080,17.4757
393.4742,136.6695,21.9952,17.2989
390.8123,136.2226,21.9992,17.3982
389.2497,138.1553,21.9351,16.9222
387.7129,138.4399,21.3506,16.5064
386.0772,140.7316,20.7946,15.9864
383.9549,141.6967,20.7559,15.4864
382.0526,143.5952,20.6007,15.3844
379.7250,145.0448,20.8874,15.0384
378.7804,146.3719,20.4476,15.0055
377.3792,147.7122,20.1853,14.8491
375.3159,148.4464,20.0719,14.7767
373.1132,149.4426,20.0619,14.7019
370.7930,150.0720,20.2197,14.7830
363.5843,150.9898,21.0477,14.5127
360.4727,149.8520,20.9675,14.5144
355.0663,149.5778,20.8131,14.4157
354.1305,149.7204,20.1903,14.1791
352.0012,149.8400,19.6501,13.9058
349.0616,150.9248,20.0641,13.9129
