387.000,203.000,141.000,211.000
389.782,198.132,138.206,206.619
392.614,199.758,136.016,205.033
392.475,200.231,135.521,203.038
391.948,201.117,136.845,202.354
390.441,201.927,138.295,202.544
390.980,201.643,138.821,201.282
390.397,201.642,138.584,199.568
390.528,201.080,139.363,197.241
389.796,200.794,140.160,194.944
392.544,202.042,138.871,194.421
393.631,202.387,137.883,193.541
389.513,203.741,138.613,193.135
387.173,204.258,140.205,193.758
387.085,204.417,140.525,193.154
383.690,204.719,142.244,192.613
382.939,204.021,142.801,192.000
383.213,204.881,142.459,193.430
380.879,205.095,143.595,192.419
381.104,204.690,143.718,191.805
379.582,204.743,144.028,190.362
381.915,205.090,141.980,190.028
384.704,206.280,139.928,189.989
383.068,206.966,139.142,189.351
381.408,206.341,139.986,188.004
381.825,206.276,139.894,186.677
380.886,206.981,139.676,185.346
381.003,207.495,138.781,184.708
380.484,207.708,138.319,184.193
380.424,207.532,137.760,182.266
378.314,209.850,138.370,182.082
377.013,211.467,139.560,182.634
374.238,210.954,140.916,182.291
373.602,210.503,141.532,181.382
372.263,212.126,142.248,181.923
369.595,212.491,143.966,182.779
368.689,212.774,145.086,182.101
368.287,212.209,145.759,181.274
366.218,213.810,146.156,180.943
365.767,213.426,146.177,179.359
364.351,215.715,146.638,179.025
363.153,216.447,148.455,180.174
360.128,215.822,150.395,180.744
358.928,214.902,151.793,180.515
356.990,215.087,153.636,180.794
355.473,214.816,154.893,180.683
355.153,214.619,155.674,181.309
353.512,214.639,156.597,181.584
353.024,212.705,156.925,181.339
350.354,213.312,158.044,181.521
349.439,212.576,158.909,181.796
347.753,212.309,159.936,182.824
346.883,211.393,159.978,183.335
346.597,210.367,160.072,183.457
345.934,209.655,159.973,183.624
345.598,209.703,159.408,183.338
344.375,209.894,159.224,183.641
342.544,208.500,159.462,184.513
342.225,207.859,159.011,185.143
342.279,207.937,158.121,185.257
340.580,206.411,156.379,185.953
341.501,205.693,154.702,186.339
340.942,205.167,153.142,186.187
340.151,205.282,152.159,185.997
338.793,207.814,152.114,188.456
337.966,204.123,151.346,188.611
339.368,200.633,149.429,186.469
337.689,203.589,148.220,186.501
337.784,204.839,146.607,187.677
337.239,204.276,144.895,188.759
335.828,203.725,143.690,188.492
334.506,206.258,142.587,189.912
332.920,208.082,141.875,191.295
331.489,205.518,140.781,190.470
330.420,206.341,139.757,190.369
328.987,207.291,139.011,191.122
328.897,207.980,137.971,191.805
327.625,208.043,137.352,192.432
328.395,207.868,135.988,193.168
326.870,208.799,135.469,193.979
327.428,207.987,135.977,194.122
326.527,207.903,136.625,193.913
323.782,211.011,137.930,196.378
323.413,207.882,138.503,194.722
319.947,212.734,140.184,198.539
319.254,206.668,141.716,198.254
317.386,213.058,143.421,201.511
315.733,211.634,145.354,202.680
314.933,209.863,146.498,200.052
314.418,214.746,147.721,200.073
312.158,210.782,149.957,196.034
312.083,218.862,151.587,198.972
309.533,216.909,153.127,197.758
310.774,219.092,154.557,200.322
307.112,218.200,154.484,199.149
308.095,215.605,155.494,196.471
307.552,217.348,156.085,196.506
307.409,221.451,156.788,199.660
304.745,219.394,156.665,198.901
306.584,218.220,156.585,196.633
306.425,218.878,157.056,196.554
305.036,220.573,156.952,197.503
306.461,219.035,156.933,196.138
305.038,219.804,156.855,196.073
307.272,220.441,156.647,196.393
305.687,220.904,157.201,197.640
306.111,219.219,157.438,196.778
303.206,225.532,157.884,201.994
302.662,232.840,158.451,212.405
301.831,223.342,158.860,215.207
298.538,225.954,158.077,218.976
300.729,223.516,156.787,220.310
298.999,224.492,154.926,223.156
301.237,222.530,152.614,224.147
302.402,223.928,151.269,225.837
304.813,223.574,149.659,225.973
306.110,223.480,146.863,225.578
307.030,225.530,146.812,225.917
307.381,226.563,145.315,226.658
309.090,226.352,143.450,224.966
309.812,228.588,142.425,223.628
311.468,229.491,139.519,221.804
313.690,229.503,138.553,219.192
315.111,232.968,137.667,217.276
316.601,233.968,135.765,214.096
318.204,234.321,134.803,210.580
318.722,237.650,135.029,208.071
320.915,237.128,134.693,205.635
321.216,240.079,134.955,206.158
321.712,238.639,134.822,205.465
323.496,237.644,135.028,204.957
323.037,238.319,135.356,206.058
323.178,237.688,136.145,207.423
322.772,236.944,137.165,209.230
323.441,236.044,137.446,209.964
323.166,234.904,137.807,209.825
323.471,232.022,137.869,206.532
321.838,235.316,138.187,204.756
320.302,235.222,139.314,202.881
319.684,236.780,139.882,202.811
318.285,238.003,140.570,202.827
320.082,239.832,140.927,204.057
317.949,237.645,141.946,205.769
317.617,242.145,143.440,209.555
319.880,238.929,142.360,212.359
317.238,240.309,142.935,213.712
316.636,238.831,143.311,213.272
313.423,240.414,145.330,214.520
313.654,242.564,146.812,217.049
309.892,243.670,148.803,220.063
308.336,241.298,150.455,219.285
308.475,243.377,150.738,219.879
306.466,242.373,151.610,217.518
306.680,244.169,151.888,217.255
303.094,247.126,153.436,218.546
303.711,246.734,153.651,218.450
302.972,247.527,154.393,219.603
299.850,246.506,156.237,218.697
299.791,246.892,156.619,219.197
298.466,248.287,157.386,222.189
294.049,251.206,157.419,225.009
292.324,248.369,158.146,223.491
290.261,249.525,158.698,224.036
290.981,248.620,157.349,222.409
290.374,249.707,156.769,221.997
289.643,251.777,155.093,222.712
291.413,249.343,155.133,222.592
289.601,250.872,154.411,224.108
289.765,250.246,155.075,224.285
288.741,250.238,155.524,225.052
289.302,249.476,154.396,224.274
290.540,250.450,154.172,223.861
287.871,250.017,154.286,222.829
292.071,250.939,152.586,222.296
290.374,250.421,151.089,221.639
289.871,252.319,152.180,221.311
288.558,252.950,153.626,221.686
289.723,253.503,152.765,222.530
290.680,252.554,153.881,222.916
287.805,252.013,155.215,222.457
289.142,253.287,156.690,224.538
287.058,252.887,157.836,224.931
289.109,250.647,158.715,224.115
286.520,251.196,161.267,224.555
285.615,251.639,161.389,224.952
287.977,252.885,160.259,226.276
286.071,252.089,159.842,226.216
289.936,252.842,158.901,226.641
286.191,250.587,159.022,224.729
287.352,252.319,161.167,224.271
284.159,253.578,163.563,224.893
287.218,254.156,161.982,225.900
286.549,252.895,161.150,224.730
286.598,250.925,162.241,223.730
285.868,252.264,163.309,223.668
286.543,253.731,166.196,226.150
286.778,254.163,165.929,226.939
286.614,253.166,164.987,227.334
284.300,252.356,165.836,226.587
285.044,253.580,164.664,226.207
284.643,252.196,163.509,224.768
286.544,254.234,162.586,223.709
285.001,254.789,163.194,224.757
285.306,255.383,163.067,224.755
284.195,256.712,162.867,225.168
281.441,259.932,163.946,224.823
284.365,266.166,165.289,223.650
283.571,269.514,164.262,223.699
276.441,275.310,166.382,223.393
281.850,284.806,168.690,222.620
275.570,275.019,168.108,226.188
275.537,292.638,170.233,226.315
277.842,287.229,173.549,230.735
275.931,275.977,174.759,234.337
275.337,295.515,177.575,233.872
275.118,290.318,180.301,240.047
265.871,291.816,182.180,242.579
266.692,297.582,186.639,244.917
274.777,294.642,189.493,241.509
266.484,308.259,190.365,243.744
262.510,292.056,192.088,249.834
260.139,297.589,192.809,250.479
254.558,305.010,193.579,256.875
254.618,299.955,194.686,258.320
254.935,299.238,194.604,262.837
255.299,294.796,194.508,269.970
256.845,300.179,194.791,273.338
254.290,309.102,195.531,277.900
256.432,302.110,196.399,278.908
253.891,298.562,197.143,280.227
250.410,308.540,198.207,283.457
251.966,314.782,196.987,284.621
249.649,310.248,195.836,286.355
247.692,307.548,193.471,289.720
249.921,309.423,192.109,291.843
251.009,310.070,191.285,294.258
246.097,306.042,190.659,295.183
252.798,304.681,188.803,297.261
250.990,306.140,186.931,298.729
251.381,308.144,188.299,299.558
248.114,307.808,188.870,299.428
250.625,308.109,189.292,300.004
247.049,309.691,190.330,298.571
250.331,310.522,190.216,298.833
249.791,306.384,190.509,297.875
250.370,307.800,191.752,298.037
246.840,307.011,190.731,299.520
247.906,305.783,190.204,298.435
250.477,310.987,190.461,298.357
249.387,309.366,190.504,296.758
246.629,305.356,189.505,295.247
252.922,300.728,188.486,294.030
252.130,302.667,188.715,295.458
251.884,308.375,188.628,295.939
251.478,304.926,188.797,294.266
250.573,309.614,188.585,294.276
248.444,307.901,187.575,293.366
248.663,299.241,187.696,293.535
246.915,305.914,187.034,289.287
249.282,299.390,187.347,290.417
246.988,305.768,187.374,290.999
254.666,301.536,188.947,289.996
252.527,309.449,189.657,290.738
249.350,304.510,190.194,288.572
243.753,302.451,189.396,285.481
247.057,303.521,189.742,284.475
243.850,304.099,188.882,283.554
240.937,303.528,186.802,280.129
241.697,313.334,184.316,278.208
240.635,308.109,180.154,275.805
242.428,301.094,177.070,273.193
243.477,303.410,173.246,271.285
244.827,301.135,168.673,266.925
248.266,305.024,164.007,262.696
249.911,308.870,160.491,259.282
251.854,309.586,157.281,254.923
252.544,308.015,153.627,249.251
255.814,312.020,150.709,246.122
256.757,301.099,148.311,243.100
257.521,304.064,143.311,238.555
261.795,301.978,141.185,235.159
262.930,305.620,138.022,232.077
267.230,302.410,136.478,227.537
267.698,303.028,134.886,224.535
270.871,303.662,131.211,219.233
273.653,304.568,126.788,212.812
275.722,305.260,121.823,206.613
278.691,306.993,119.057,201.176
281.373,307.590,115.837,195.034
283.153,307.440,113.060,190.394
286.127,309.919,109.911,185.679
287.564,308.637,106.188,179.396
289.971,311.139,101.879,173.492
293.451,312.692,98.096,166.998
296.151,314.217,94.758,161.663
298.513,314.050,92.196,157.475
300.523,314.190,90.121,153.985
302.912,313.221,88.246,150.806
305.796,314.298,85.997,147.075
308.274,314.325,83.588,143.871
310.437,314.213,80.517,139.700
312.741,314.787,77.306,135.575
316.417,314.843,74.814,131.638
318.949,315.706,72.887,128.541
321.694,316.716,71.122,125.459
323.845,316.237,69.098,122.853
325.584,316.550,67.514,119.882
328.678,316.875,66.305,117.731
330.405,316.800,64.396,115.497
333.543,317.042,63.497,113.896
334.854,317.017,61.846,111.942
337.763,317.270,60.552,110.034
338.862,317.647,59.021,108.041
341.153,317.600,57.987,106.225
343.020,317.531,56.874,104.423
344.784,317.110,55.810,102.374
346.615,317.745,54.928,100.830
347.690,317.587,53.629,99.333
349.437,317.992,53.068,98.299
350.621,317.845,51.997,97.482
352.994,318.079,51.546,96.300
354.780,317.782,51.076,95.234
356.581,317.953,50.380,94.007
358.149,317.454,49.687,92.667
359.430,317.860,48.857,91.249
360.944,317.601,48.235,90.062
362.329,317.559,47.415,88.588
364.085,317.461,46.673,87.007
364.970,317.469,45.779,85.499
366.077,317.641,45.005,83.987
