146.000,54.000,68.000,101.000
145.420,60.265,70.804,94.159
143.777,61.445,72.288,90.129
145.595,62.692,73.558,88.767
147.984,62.325,74.244,88.239
148.711,60.838,75.199,88.572
149.802,61.150,75.577,87.835
153.100,62.261,74.474,86.147
156.739,63.101,73.901,85.201
157.768,63.916,72.469,83.840
160.858,64.717,71.974,82.995
158.080,66.968,71.886,80.991
160.800,70.208,70.512,79.658
160.949,72.158,69.546,78.456
165.553,71.138,68.287,77.311
168.651,72.796,68.331,76.301
171.550,74.945,67.629,74.997
173.165,75.278,65.810,73.452
177.335,75.927,64.731,72.922
182.594,76.336,63.023,70.950
184.141,73.680,62.442,69.445
187.313,71.260,61.257,68.662
191.813,70.588,59.424,67.246
191.741,72.429,58.998,65.855
195.326,76.203,57.762,64.431
195.000,80.405,57.302,63.619
193.467,82.756,57.411,62.544
192.462,84.173,56.955,62.440
191.639,85.213,56.195,61.995
189.244,87.985,56.041,61.062
186.108,87.631,55.077,60.739
181.458,85.463,55.077,60.589
179.737,84.478,54.626,60.662
175.259,82.182,54.197,60.092
171.549,81.963,53.861,60.255
167.838,82.080,53.234,60.372
164.651,81.561,52.226,60.106
160.513,79.996,52.455,61.199
156.119,78.981,52.782,61.579
153.211,76.800,53.941,63.287
152.449,77.406,55.165,64.332
151.385,77.505,56.059,64.992
152.205,78.770,56.280,64.180
150.234,78.737,56.439,63.321
150.094,81.060,56.112,62.312
146.606,80.343,55.569,61.425
144.454,82.246,55.100,60.922
143.925,81.640,54.681,61.191
144.161,81.649,53.445,59.743
145.006,83.620,52.762,59.352
143.592,81.399,52.427,59.983
144.171,80.140,51.406,59.475
146.766,79.677,50.319,57.839
146.411,82.030,50.055,57.430
148.981,83.566,49.439,56.516
147.507,85.093,49.937,56.564
147.555,87.861,50.039,56.938
147.498,90.233,50.171,56.885
148.960,92.214,50.002,56.178
148.369,92.556,49.802,56.099
150.897,89.407,48.952,56.263
154.235,87.326,48.963,56.730
157.370,84.533,50.182,56.685
160.888,82.494,50.260,57.660
163.670,79.385,50.620,59.199
166.255,77.389,50.542,58.393
169.576,74.878,51.328,60.402
169.892,74.985,51.993,61.215
172.450,77.898,52.435,61.423
175.161,79.189,52.482,61.985
177.189,81.843,52.046,61.913
180.317,81.906,51.982,62.578
180.973,80.823,52.315,62.320
181.433,82.165,51.686,61.741
183.754,81.455,51.652,61.677
186.019,82.311,51.475,60.689
183.316,80.056,51.628,60.446
181.074,79.442,51.647,59.833
184.237,79.680,50.707,58.843
181.763,80.544,50.768,57.993
179.727,81.887,50.287,56.796
177.106,83.935,49.689,55.592
176.014,84.612,49.108,55.458
175.130,84.717,48.703,55.559
175.010,82.900,47.961,55.512
173.349,82.362,48.452,56.873
171.074,81.401,48.750,58.526
170.330,79.720,49.279,59.398
168.427,78.343,50.011,60.540
165.904,74.966,50.979,63.088
165.033,72.950,51.258,62.007
160.313,73.258,51.412,63.140
155.444,69.892,52.182,63.492
154.151,67.484,52.816,62.558
154.291,70.742,53.210,62.311
154.517,76.846,53.161,62.135
153.191,80.803,53.160,60.450
153.658,83.772,52.569,60.013
153.143,85.673,51.734,59.482
152.325,86.019,51.424,59.549
153.435,86.015,51.248,59.245
155.904,86.856,51.341,58.926
155.383,83.726,51.063,57.642
157.724,84.819,50.068,56.236
158.352,83.663,49.915,55.677
160.052,85.902,49.468,55.496
162.564,85.251,48.345,55.427
166.515,85.172,48.188,54.727
170.228,86.132,48.699,55.272
172.249,87.382,48.807,56.003
174.604,85.484,49.096,59.022
176.585,83.678,49.132,60.471
176.194,82.377,49.088,59.207
175.678,83.749,49.766,60.348
177.618,81.137,50.959,60.002
180.503,81.349,50.993,59.016
183.424,83.279,51.026,58.706
185.996,83.519,50.888,58.450
186.152,82.222,50.964,60.580
187.486,80.085,50.713,60.054
187.151,81.123,50.863,61.353
188.865,82.404,51.101,61.048
189.273,85.492,51.256,61.669
189.982,88.778,51.156,60.982
191.820,91.159,51.547,61.773
191.231,89.641,51.175,60.955
190.572,88.124,50.879,59.963
188.097,85.632,51.040,58.981
184.133,81.657,51.760,59.947
184.037,80.765,50.627,59.417
181.345,77.945,50.633,59.814
179.558,73.766,52.067,60.799
177.478,73.972,52.278,62.031
175.370,74.597,52.358,61.306
171.762,77.501,52.057,60.260
167.617,79.002,52.105,60.794
163.794,78.787,51.676,60.354
161.148,79.268,51.591,59.749
158.091,80.091,51.717,60.058
157.181,79.004,52.288,60.104
158.264,76.762,52.281,61.251
157.859,78.093,51.360,60.501
158.727,79.476,50.747,59.865
160.047,79.883,50.465,60.010
161.233,78.773,50.438,60.740
163.463,79.668,51.092,61.554
163.858,81.161,52.220,61.919
166.381,81.983,52.557,62.301
168.874,83.178,51.549,61.394
171.536,82.612,50.993,61.025
173.789,83.642,50.072,60.579
175.958,82.409,49.913,60.121
179.375,81.091,49.918,60.496
182.469,79.390,49.251,59.205
182.608,76.652,49.266,59.875
184.420,78.727,49.585,61.077
184.116,80.989,50.342,61.502
184.363,82.981,50.437,61.454
183.273,81.696,50.855,61.749
183.947,83.926,51.646,62.029
182.694,85.371,52.406,62.816
182.590,86.931,52.221,62.621
179.463,87.892,52.952,63.576
179.031,88.505,52.440,62.643
178.221,88.501,52.425,62.244
177.465,87.577,52.810,63.577
178.699,85.539,52.514,62.965
180.307,81.058,52.077,62.397
178.382,78.814,52.414,63.792
175.371,77.789,52.206,63.348
172.166,79.072,52.289,62.877
169.470,79.055,52.439,62.829
168.334,79.827,52.229,62.907
166.406,81.798,52.519,64.715
163.716,83.351,52.838,64.223
161.159,82.270,52.671,63.689
157.025,82.396,52.493,63.038
153.894,79.744,52.598,61.733
152.828,80.016,52.182,61.134
151.624,79.716,52.072,60.925
152.521,80.906,51.342,59.131
153.636,82.584,50.288,59.047
156.310,83.017,50.162,58.636
159.210,84.271,50.562,58.974
160.542,87.684,50.722,59.173
162.902,90.730,49.879,58.689
165.630,94.541,49.741,58.519
167.442,96.975,49.178,57.575
170.058,99.165,48.977,57.881
172.979,96.504,48.969,59.001
175.682,93.340,50.093,61.323
177.826,94.155,49.786,60.734
182.998,91.980,50.649,60.450
187.375,87.112,51.665,62.487
188.585,85.430,51.031,62.077
191.243,83.770,51.477,61.732
194.227,82.952,51.534,60.744
198.084,85.201,51.703,60.695
201.957,86.441,52.375,61.578
203.710,86.730,52.825,63.222
206.856,85.776,53.382,65.022
211.001,85.701,53.978,66.387
213.488,85.638,52.959,64.759
215.404,84.793,51.698,62.316
214.714,84.785,52.710,63.266
217.897,85.675,51.294,60.529
213.841,83.897,51.475,59.606
210.660,85.337,51.603,59.898
212.639,86.182,51.807,59.215
210.657,88.618,51.861,58.158
210.498,89.838,49.820,56.088
210.192,90.532,48.475,55.349
209.013,89.366,48.708,56.323
207.703,88.998,49.783,58.215
205.734,84.939,50.844,59.343
204.578,82.182,50.215,60.376
203.719,82.747,51.321,60.890
200.851,85.770,52.203,61.054
198.125,88.091,52.760,61.689
196.690,86.435,53.074,63.546
198.073,85.866,52.249,63.764
195.051,84.915,52.485,62.365
193.790,83.473,52.484,62.903
194.388,82.667,52.185,62.955
193.989,84.197,51.524,61.701
197.563,85.946,50.156,59.957
200.053,88.614,49.736,59.729
201.675,88.424,51.017,62.376
204.639,89.488,50.233,61.601
204.161,90.319,49.792,60.877
205.795,88.924,49.906,60.392
206.657,88.061,50.224,60.168
209.738,85.700,50.022,59.412
211.641,85.874,51.759,60.737
215.744,83.327,49.600,60.381
220.641,83.009,49.493,60.038
224.205,83.552,49.688,59.350
227.892,85.243,50.329,59.431
232.777,91.936,49.738,58.628
234.428,95.457,49.562,59.581
234.118,97.985,49.974,58.673
234.962,100.740,50.427,59.413
234.737,101.222,49.718,58.065
233.233,99.943,49.543,58.651
238.028,100.998,49.743,58.934
240.046,99.405,48.865,58.071
240.985,101.494,50.081,58.804
238.212,98.651,51.254,59.312
234.547,97.393,52.505,59.730
233.039,92.621,53.259,60.999
232.523,91.429,54.374,63.006
229.836,94.173,55.631,63.699
227.781,98.631,55.997,63.042
223.934,101.817,56.175,62.772
220.707,98.650,55.945,62.430
218.216,96.823,56.269,63.786
215.246,94.508,56.573,64.814
213.874,88.202,56.861,65.442
214.655,82.109,56.824,65.703
216.420,76.478,56.912,65.980
222.227,73.515,55.929,65.222
225.990,75.385,55.091,65.019
229.179,79.249,54.644,65.274
233.075,85.740,54.164,63.725
238.739,89.900,53.304,62.773
241.320,92.268,52.361,61.058
247.467,98.640,51.634,60.547
253.269,95.925,51.689,62.493
257.202,90.178,53.601,64.160
256.147,85.355,53.273,63.393
261.477,80.559,52.656,62.245
266.672,77.921,51.835,60.145
270.146,74.284,50.132,58.115
272.060,74.616,47.817,55.584
272.128,76.958,46.840,54.385
268.832,80.217,47.497,53.941
266.265,82.464,47.320,53.138
264.448,83.065,47.567,53.895
263.178,82.667,47.811,55.047
263.309,80.564,48.447,55.033
261.947,79.092,48.760,56.126
261.921,77.374,49.273,56.829
265.341,76.169,49.412,57.527
261.897,75.949,49.704,58.026
262.014,76.159,49.603,57.730
262.600,74.553,50.168,59.235
262.007,70.395,51.019,60.916
263.888,68.887,51.720,63.712
261.688,66.388,53.481,67.193
262.548,69.677,54.078,68.530
261.914,71.352,53.298,66.955
261.170,71.328,53.013,64.557
262.147,72.423,53.308,63.701
262.580,75.267,53.141,62.030
263.224,72.348,53.117,62.721
260.706,75.304,54.058,63.725
256.672,79.717,54.760,64.181
250.338,81.826,53.851,62.462
243.455,84.231,54.225,62.682
236.459,82.501,54.797,64.146
233.409,79.875,54.917,65.134
223.678,76.637,55.637,64.459
220.846,78.721,55.218,63.963
216.631,79.906,53.875,62.559
214.797,81.267,52.900,61.310
212.719,80.327,53.179,62.183
208.898,79.726,54.058,64.406
205.893,81.664,55.541,67.324
201.434,78.484,57.605,71.990
200.062,76.297,57.363,73.192
196.243,78.243,56.968,72.583
191.930,78.355,55.777,70.429
186.376,78.365,55.593,69.304
182.659,77.672,53.183,66.527
174.790,75.820,53.251,65.299
167.622,72.605,52.509,63.371
157.390,70.488,52.522,62.677
150.110,68.875,52.155,63.457
144.775,69.719,50.778,60.719
142.761,69.975,50.499,61.360
139.393,70.818,50.313,60.459
136.540,70.560,50.304,60.026
132.562,67.660,51.492,60.788
134.148,70.103,50.964,61.131
135.390,72.346,49.249,59.131
132.031,77.772,49.293,58.699
129.617,78.630,49.362,58.041
134.464,76.461,49.857,57.836
139.424,78.556,49.361,56.491
141.618,79.740,48.971,56.291
140.743,82.933,49.339,56.724
141.804,82.116,49.676,56.865
146.183,81.448,49.928,57.466
150.388,83.599,48.782,55.812
155.290,84.598,47.709,54.545
159.343,86.110,49.383,56.807
162.911,87.589,50.433,58.852
166.076,85.206,51.249,61.859
165.112,81.914,51.226,61.821
168.250,76.196,52.226,63.094
167.807,72.001,50.504,61.228
167.861,70.472,49.147,59.951
169.891,67.858,48.366,59.457
168.005,65.176,50.116,60.854
166.250,66.735,51.308,62.652
166.210,71.762,52.183,63.509
169.718,78.690,53.936,64.852
172.527,93.193,54.107,63.954
178.514,100.400,56.219,64.915
183.160,106.537,57.145,66.764
188.886,110.042,58.512,70.967
190.609,113.454,59.850,71.805
194.290,114.703,60.749,71.843
196.866,115.311,61.990,71.916
200.153,111.037,62.079,72.156
203.040,111.077,61.431,71.753
200.428,108.187,61.981,73.232
195.584,104.088,62.562,75.409
195.595,106.154,60.665,72.861
196.138,103.555,59.177,69.646
191.346,98.228,59.971,69.788
186.955,93.395,59.473,68.423
182.869,87.188,57.264,66.981
178.740,83.961,54.875,64.646
178.469,81.536,52.519,61.793
174.667,88.124,50.004,58.605
173.687,85.538,48.728,56.961
172.497,90.078,47.840,55.830
172.541,93.181,46.799,53.879
173.107,96.659,45.725,52.431
171.825,97.158,44.624,51.386
170.880,100.738,43.714,50.946
170.194,100.442,41.958,49.008
168.841,98.174,42.192,50.064
168.058,96.138,42.665,50.947
166.363,92.764,44.040,51.257
168.750,88.861,45.756,52.899
166.194,86.874,45.353,53.187
167.220,87.880,45.680,53.247
169.687,84.541,45.862,54.388
174.053,82.134,44.739,53.759
181.779,86.537,44.334,52.140
183.069,89.414,45.058,52.323
190.403,93.728,45.226,52.811
196.093,96.393,46.302,54.752
200.335,95.792,47.294,54.785
206.310,98.142,46.356,53.450
208.864,95.387,46.059,52.826
212.478,91.909,45.616,53.624
213.783,89.801,46.029,54.078
211.351,84.615,45.926,53.886
208.857,84.220,45.710,53.908
208.977,82.403,45.993,54.170
209.553,81.788,45.834,53.506
207.788,85.275,45.616,52.497
206.833,87.094,44.808,51.516
205.957,86.877,45.231,52.446
203.043,89.899,45.917,52.501
205.173,88.748,47.464,53.106
199.913,86.197,47.306,54.040
199.274,85.793,48.103,54.093
192.305,85.098,47.914,54.237
191.443,80.523,47.196,53.599
192.433,78.377,47.069,53.532
189.121,69.096,48.133,54.286
190.947,75.313,48.800,54.281
192.235,75.549,49.064,54.714
196.037,76.563,49.417,54.335
195.322,88.317,50.230,52.986
193.308,85.078,50.484,51.683
191.958,93.416,50.193,50.075
192.220,92.192,50.146,49.638
192.878,88.163,50.440,48.715
190.969,82.315,50.629,50.103
192.716,84.781,51.536,53.201
192.697,87.583,51.864,54.132
192.571,89.157,48.877,53.541
195.529,86.909,46.660,52.722
199.462,84.252,45.234,54.156
204.269,83.961,46.248,55.986
210.680,83.791,47.050,59.728
214.929,92.001,46.024,56.765
220.628,98.399,44.803,54.406
221.285,95.475,44.461,54.028
220.664,102.583,44.104,52.337
220.196,103.454,43.780,51.718
218.179,105.509,42.599,50.118
212.245,104.892,42.065,50.119
206.550,102.374,41.526,49.907
200.959,97.764,41.789,49.768
194.839,95.863,41.511,49.265
189.309,93.104,41.178,49.238
188.144,84.413,42.523,49.791
187.780,84.705,43.303,51.161
191.380,91.166,42.848,50.905
195.248,90.487,43.274,51.581
198.084,89.417,44.171,52.216
203.003,92.687,44.532,53.062
203.542,92.482,44.600,54.348
206.188,91.297,44.407,53.518
205.857,91.580,44.005,53.548
198.652,87.186,44.811,54.080
195.501,82.205,44.103,53.081
194.059,82.364,43.805,52.704
188.742,81.733,42.942,51.926
183.534,83.341,42.031,51.549
181.890,83.118,41.888,51.908
178.107,87.142,40.803,50.870
176.261,88.494,40.668,50.202
175.637,92.233,40.185,48.493
173.799,89.017,40.394,48.362
170.452,86.931,41.039,49.032
167.665,83.670,42.010,50.247
170.321,79.274,41.927,50.128
170.507,75.939,41.356,51.447
173.651,70.130,41.456,52.386
177.612,71.345,42.070,53.233
179.574,73.112,41.807,53.865
179.718,77.150,42.353,53.747
179.560,78.481,43.207,54.305
177.470,80.363,44.297,55.325
172.827,81.509,45.085,55.609
165.250,80.698,45.155,55.523
157.347,78.367,45.344,55.884
150.673,74.358,45.746,55.818
144.920,70.272,45.301,54.618
140.030,65.481,45.354,55.005
135.655,59.490,44.096,55.917
133.838,56.705,44.431,55.737
132.869,55.715,44.318,55.470
132.021,56.041,44.825,55.748
133.816,57.881,44.529,54.693
135.740,61.344,45.295,55.047
136.204,63.040,45.398,55.207
142.253,61.779,45.636,55.962
144.930,63.264,46.970,56.441
148.095,64.519,47.745,55.319
151.897,65.238,45.616,53.511
157.473,67.064,45.400,53.770
157.804,64.291,44.795,53.444
158.287,65.111,44.947,54.139
160.976,65.734,46.833,55.677
160.128,70.950,46.035,54.631
161.682,75.070,44.492,52.734
163.563,78.052,44.527,53.000
162.353,77.338,45.558,53.216
165.644,77.950,46.605,55.148
167.789,76.446,46.585,54.757
170.519,77.200,46.467,54.119
171.159,75.199,46.026,53.737
171.688,70.915,47.325,54.599
173.508,67.846,45.484,53.523
170.591,66.079,44.912,53.101
168.746,66.638,44.393,53.089
168.156,67.433,44.558,54.784
165.016,72.418,44.568,54.146
163.201,71.161,45.202,55.592
163.915,71.295,45.472,57.383
165.083,70.605,45.460,58.678
164.251,69.688,45.662,57.501
167.883,69.675,45.238,55.334
176.103,67.094,45.687,54.404
182.075,66.440,44.196,52.219
186.666,67.589,44.586,52.249
189.885,70.556,45.884,54.488
192.302,74.978,45.679,53.828
194.230,76.778,45.373,55.412
192.211,73.858,45.245,54.462
188.099,71.777,46.690,56.160
182.990,67.528,46.096,56.461
185.482,67.001,45.934,56.683
186.554,63.997,45.298,57.251
186.766,63.750,45.974,57.266
189.309,62.318,46.157,58.788
191.102,58.140,46.837,60.865
196.110,59.357,47.367,60.406
196.614,63.470,47.237,60.157
194.013,69.019,46.922,58.696
192.229,74.024,47.304,58.463
184.867,81.069,47.073,57.728
176.158,84.435,47.017,57.753
164.258,80.896,46.618,58.832
154.213,76.196,47.202,59.208
144.288,70.226,47.170,58.276
141.548,65.836,47.602,58.628
139.266,61.982,48.065,58.855
136.095,57.393,49.004,59.438
137.070,60.242,48.858,59.759
137.505,64.701,49.201,60.821
139.682,68.788,50.157,61.504
142.221,72.145,50.591,61.796
142.477,79.473,50.145,61.269
142.641,85.036,49.814,60.672
144.069,86.068,49.677,60.441
147.659,81.328,49.201,59.451
151.277,76.277,49.644,59.832
152.829,72.511,49.534,59.685
155.382,73.187,48.999,59.430
156.109,73.949,48.562,60.021
156.489,74.483,48.082,59.905
158.486,77.639,47.649,59.822
156.343,82.531,48.674,60.462
152.554,86.544,49.070,60.542
153.002,89.418,48.732,60.634
149.973,90.614,49.135,61.136
143.703,89.389,49.452,62.330
140.059,86.666,50.353,61.886
137.486,82.304,51.088,62.039
136.082,78.031,51.238,62.360
135.182,70.487,50.652,61.553
135.491,65.770,51.478,62.203
137.130,63.021,51.670,62.432
137.787,65.331,52.041,62.401
138.681,68.743,52.726,62.838
137.596,72.616,53.049,62.932
138.499,78.289,52.418,62.289
135.961,83.322,52.845,62.324
135.579,84.515,52.637,62.010
134.348,84.249,52.180,61.541
135.266,84.761,52.503,61.694
137.839,83.399,52.145,61.984
141.556,82.329,52.224,61.986
148.368,78.861,52.097,62.571
155.412,75.149,52.002,63.211
159.704,72.530,53.422,63.777
166.547,69.893,54.024,65.529
171.945,71.750,54.493,65.356
176.274,77.242,54.434,64.549
180.154,82.112,54.831,65.664
