0.21018147
0.01478648
0.01469707
0.01462841
0.01441240
0.01442504
0.01441264
0.01536679
0.01470041
0.01450324
0.01455116
0.01444030
0.01443410
0.01433659
0.01460457
0.01455545
0.01432753
0.01440215
0.01447010
0.01423168
0.01431155
0.01436114
0.01438785
0.01423907
0.01432538
0.01435256
0.01427960
0.01452184
0.01442862
0.01449704
0.01508975
0.01487589
0.01531363
0.01511049
0.01463151
0.01464605
0.01465678
0.01449728
0.01453972
0.01444435
0.01456141
0.01450753
0.01455688
0.01441360
0.01423407
0.01431680
0.01435804
0.01445055
0.01452756
0.01460719
0.01452565
0.01459789
0.01448870
0.01435137
0.01454306
0.01454520
0.01465845
0.01454496
0.01469254
0.01448035
0.01479173
0.01516056
0.01479363
0.01466227
0.01461244
0.01458931
0.01450610
0.01453876
0.01453233
0.01451969
0.01463509
0.01466727
0.01444387
0.01454043
0.01450324
0.01455736
0.01431680
0.01432610
0.01440644
0.01434660
0.01465583
0.01461267
0.01476479
0.01459122
0.01439786
0.01461291
0.01473165
0.01513195
0.01460743
0.01441669
0.01456022
0.01454616
0.01455927
0.01451945
0.01435828
0.01451564
0.01434612
0.01439595
0.01437235
0.01425719
0.01438022
0.01443386
0.01427484
0.01411605
0.01420546
0.01416373
0.01444006
0.01483345
0.01515150
0.01450181
0.01442075
0.01417685
0.01428676
0.01434565
0.01446009
0.01427698
0.01427293
0.01428294
0.01433396
0.01517582
0.01487374
0.01429582
0.01419997
0.01427245
0.01426864
0.01433611
0.01455450
0.01454568
0.01435661
0.01429749
0.01438522
0.01443148
0.01557875
0.01482201
0.01447082
0.01459026
0.01481700
0.01518726
0.01429796
0.01433539
0.01432061
0.01424646
0.01417422
0.01462102
0.01461506
0.01530433
0.01497912
0.01457334
0.01443672
0.01432252
0.01424956
0.01428556
0.01467705
0.01483631
0.01535535
0.01464987
0.01427650
0.01435256
0.01436472
0.01424384
0.01418591
0.01428032
0.01421881
0.01417518
0.01424456
0.01416445
0.01434445
0.01417923
0.01412535
0.02154875
0.01568699
0.01480293
0.01441884
0.01543856
0.01495290
0.01449442
0.01426005
0.01437092
0.01490045
0.01509309
0.01429486
0.01442409
0.01421571
0.01425242
0.01443434
0.01451397
0.01439309
0.01513052
0.01465917
0.01443768
0.01497483
0.01492929
0.01441956
0.01440597
0.01448750
0.01541305
0.01522207
0.01445055
0.01450491
0.01436377
0.01469588
0.01450419
0.01441360
0.01438379
0.01428390
0.01472425
0.01446986
0.01492381
0.01501226
0.01476502
0.01448631
0.01469231
0.01480222
0.01485276
0.01460576
0.01448917
0.01465797
0.01448822
0.01450038
0.01486802
0.01463127
0.01520681
0.01558805
0.01484799
0.01520205
0.01492977
0.01436710
0.01460719
0.01450801
0.01466751
0.01476407
0.01454926
0.01451397
0.01447773
0.01448512
0.01438046
0.01444316
0.01470327
0.01460052
0.01484227
0.01523471
0.01511979
0.01470041
0.01460028
0.01487041
0.01464653
0.01460862
0.01481819
0.01552296
0.01527834
0.01493979
0.01474953
0.01468968
0.01452899
0.01448059
0.01452208
0.01459169
0.01474833
0.01468563
0.01471043
0.01480603
0.01468349
0.01465869
0.01465607
0.01489782
0.01480985
0.01486087
0.01482940
0.01473689
0.01488328
0.01474500
0.01480269
0.01535177
0.01502585
0.01474524
0.01478100
0.01478028
0.01467943
0.01473427
0.01475763
0.01472902
0.01460171
0.01461387
0.01468587
0.01459122
0.01486325
0.01470637
0.01476121
0.01454782
0.01456475
0.01462173
0.01457953
0.01456594
0.01471949
0.01447439
0.01450300
0.01473117
0.01463389
0.01491570
0.01498961
0.01593494
0.01619172
0.01500106
0.01503038
0.01463246
0.01430988
0.01447582
0.01445866
0.01462364
0.01451230
0.01454830
0.01449251
0.01460409
0.01442504
0.01437545
0.01447511
0.01437211
0.01435089
0.01467228
0.01445913
0.01452518
0.01453304
0.01525879
0.01526165
0.01454878
0.01470065
0.01524830
0.01511002
0.01457143
0.01477170
0.01486111
0.01464510
0.01458740
0.01470113
0.01469731
0.01467061
0.01458097
0.01461625
0.01434660
0.01419377
0.01424885
0.01429009
0.01517034
0.01509452
0.01455307
0.01453972
0.01440716
0.01440978
0.01448584
0.01417065
0.01409721
0.01415181
0.01447225
0.01427436
0.01450229
0.01467037
0.01504254
0.01494956
0.01423264
0.01457572
0.01453900
0.01437593
0.01456451
0.01442170
0.01526928
0.01505876
0.01464081
0.01448250
0.01441813
0.01446605
0.01461053
0.01434517
0.01444173
0.01451421
0.01460457
0.01455355
0.01451802
0.01450014
0.01450348
0.01455164
0.01456881
0.01431847
0.01451707
0.01429367
0.01437259
0.01444912
0.01437497
0.01440024
0.01444268
0.01475072
0.01477647
0.01525998
0.01505923
0.01466608
0.01482248
0.01477313
0.02150607
0.01489520
0.01451468
0.01458931
0.01457334
0.01467633
0.01463223
0.01500702
0.01497722
0.01503110
0.01491594
0.01522636
0.01533771
0.01523399
0.01476645
0.01486373
0.01475477
0.01480126
0.01486945
0.01488161
0.01471496
0.01473689
0.01493764
0.01537681
0.01541376
0.01495361
0.01508427
0.01500368
0.01508975
0.01487708
0.01533794
0.01531172
0.01557541
0.01545286
0.01505733
0.01513648
0.01498365
0.01502061
0.01505518
0.01512837
0.01499128
0.01495171
0.01485848
0.01489425
0.01493955
0.01505113
0.01511002
0.01512909
0.01505327
0.01524639
0.01518393
0.01515937
0.01511931
0.01516199
0.01502514
0.01508737
0.01501703
0.01502872
0.01503944
0.01504803
0.01485705
0.01495957
0.01512957
0.01521587
0.01524425
0.01504731
0.01546431
0.01539564
0.01519871
0.01516151
0.01512218
0.01546288
0.01572466
0.01523256
0.01525879
0.01527452
0.01538897
0.01531553
0.01565242
0.01520395
0.01552868
0.01532936
0.01523733
0.01530290
0.01509047
0.01515079
0.01491404
0.01469851
0.01475739
0.01499844
0.01487136
0.01481318
0.01506972
0.01502204
0.01490664
0.01495337
0.01492381
0.01483417
0.01481915
0.01484060
0.01479888
0.01499891
0.01509380
0.01509714
0.01485252
0.01523042
0.01508975
0.01552320
0.01552701
0.01518846
0.01517940
0.01506448
0.01533413
0.01524591
0.01527286
0.01522422
0.01533198
0.01512218
0.02114463
0.01550412
0.01514459
0.01508713
0.01517272
0.01529860
0.01537442
0.01524639
0.01528025
0.01517653
0.01529956
0.01550651
0.01527071
0.01517820
0.01520610
0.01522422
0.01531601
0.01519775
0.01512289
0.01521683
0.01537800
0.01534653
0.01526070
0.01524949
0.01534462
0.01544285
0.01586795
0.01582408
0.01549602
0.01547170
0.01529956
0.01527119
0.01555228
0.01542401
0.01519489
0.01525474
0.01556659
0.01560140
0.01581621
0.01552296
0.01521587
0.01505804
0.01494575
0.01543093
0.01539731
0.01562381
0.01545715
0.01558590
0.01555848
0.01573133
0.01541996
0.01543188
0.01553178
0.01555347
0.01552367
0.01567554
0.01529288
0.01498437
0.01486850
0.01491284
0.01504135
0.01511025
0.01508808
0.01522064
0.01533961
0.01515341
0.01510382
0.01515722
0.01527047
0.01539254
0.01521301
0.01533818
0.01511359
0.01517034
0.01547027
0.01576495
0.01587200
0.01572466
0.01544333
0.01551032
0.01556754
0.01523685
0.01510072
0.01497555
0.01522541
0.01557159
0.01542354
0.01579785
0.01562881
0.01539183
0.01530027
0.01543069
0.01554012
0.01889968
0.01586914
0.01572657
0.01569629
0.01634741
0.01525331
0.01523590
0.01541424
0.01554012
0.01511884
0.01505160
0.01523638
0.01512980
0.01518273
0.01546669
0.01528835
0.01528859
0.01541638
0.01551843
0.01539302
0.01535130
0.01555490
0.01565433
0.01582909
0.01574492
0.01588321
0.01587820
0.01576614
0.01567960
0.01562524
0.01560140
0.01558280
0.01581717
0.01601815
0.01620221
0.01595664
0.01559925
0.01578379
0.01555085
0.01553750
0.01543832
0.01542068
0.01544714
0.01539969
0.01560307
0.01553917
0.01574588
0.01565075
0.01534772
0.01541805
0.01566315
0.01571512
0.01560593
0.01581025
0.01567984
0.01573730
0.01567745
0.01568294
0.01563978
0.01579809
0.01594687
0.01575994
0.01579118
0.01572418
0.01597929
0.01583266
0.01571798
0.01558042
0.01558423
0.01580238
0.01568007
0.01571131
0.01573491
0.01575160
0.01575756
0.01564431
0.01571178
0.01580954
0.01609254
0.01604295
0.01580334
0.01610661
0.01602864
0.01633644
0.01612067
0.01600218
0.01602721
0.01594090
0.01584959
0.01604700
0.01609135
0.01633024
0.01620388
0.01608706
0.01628280
0.01631927
0.01609230
0.01631832
0.01627159
0.01665378
0.01629758
0.01599288
0.01592803
0.01606655
0.01610160
0.01609564
