0.23125529
0.01660395
0.01557612
0.01518369
0.01550651
0.01565170
0.01555610
0.01556087
0.01549554
0.01542735
0.01576495
0.01595831
0.01601148
0.01618385
0.01621318
0.01613450
0.01615930
0.01649404
0.01649833
0.01617241
0.01608562
0.01632714
0.01595449
0.01587915
0.01609039
0.01619411
0.01602030
0.01573157
0.01571846
0.01572990
0.01560950
0.01575494
0.01577330
0.01607156
0.01616216
0.01570153
0.01592875
0.01579428
0.01541662
0.01538301
0.01529789
0.01519895
0.01531720
0.01552010
0.01575589
0.01567769
0.01551056
0.01536155
0.01549149
0.01559401
0.01861334
0.01622152
0.01565814
0.01602054
0.01557040
0.01522493
0.01518202
0.01523519
0.01541567
0.01534247
0.01577544
0.01580334
0.01574636
0.01615930
0.01572514
0.01563001
0.01555872
0.01555419
0.01553988
0.01552033
0.01544499
0.01548243
0.01554585
0.01549864
0.01547384
0.01562047
0.01547050
0.01539207
0.01562071
0.01573873
0.01575589
0.01578951
0.01569390
0.01574659
0.01571703
0.01562142
0.01590466
0.01600718
0.01606274
0.01604414
0.01568437
0.01579332
0.01704168
0.01571441
0.01571703
0.01575279
0.01583838
0.01583552
0.01584315
0.01592636
0.01612043
0.01575541
0.01622415
0.01636338
0.01596999
0.01570535
0.01581907
0.01568890
0.01610994
0.01625872
0.01578760
0.01573682
0.01577926
0.01568246
0.01576018
0.01569152
0.01526380
0.01581717
0.01559472
0.01533461
0.01530027
0.01546359
0.01565242
0.01561332
0.01527190
0.01566029
0.01531887
0.01539731
0.01543903
0.01558375
0.01557398
0.01609755
0.01597619
0.01575875
0.01563048
0.01578975
0.01606655
0.01588035
0.01574945
0.01579952
0.01628780
0.01592660
0.01601863
0.01620531
0.01585555
0.01619172
0.01616716
0.01615882
0.01593852
0.01611304
0.01600194
0.01583934
0.01559377
0.01558089
0.01588869
0.01578879
0.01589203
0.01586437
0.01566792
0.01580024
0.01609421
0.01595926
0.01609755
0.01604342
0.01586604
0.01571345
0.01592708
0.01604748
0.01578474
0.01565146
0.01547670
0.01550317
0.01550746
0.01545715
0.01557922
0.01576757
0.01575565
0.01611328
0.01647568
0.01600003
0.01616979
0.01620579
0.01582837
0.01572037
0.01562595
0.01570964
0.01571035
0.01583934
0.01584816
0.01589274
0.01588249
0.01590347
0.01599240
0.01595163
0.01623821
0.01603937
0.01621652
0.01640010
0.01603913
0.01614118
0.01607704
0.01604652
0.01613832
0.01608968
0.01610947
0.01622295
0.01598740
0.01602912
0.01641965
0.01608682
0.01627493
0.01614332
0.01557732
0.01562285
0.01572680
0.01559043
0.01547861
0.01557159
0.01566219
0.01556182
0.01557660
0.01524043
0.01550817
0.01540494
0.01540041
0.01517773
0.01510072
0.01531291
