453.0,367.0,69.0,159.0
449.1911926269531,372.07647705078125,83.0983,159.69952
449.353271484375,372.60418701171875,81.85388,161.30072
449.8966064453125,372.57696533203125,79.38068,162.36908
448.8742370605469,373.35699462890625,77.467926,163.8872
446.1723327636719,373.1446533203125,78.36185,165.66052
443.7877197265625,374.7336730957031,78.70172,161.20963
442.61212158203125,375.3717041015625,77.278076,158.17975
441.5667724609375,375.711181640625,75.09845,155.92987
439.9919128417969,373.8515319824219,74.34897,157.29788
437.4430236816406,372.6034851074219,72.009735,154.20468
432.748291015625,374.0708312988281,73.85455,148.53268
430.5848388671875,377.18023681640625,73.976654,140.97296
427.63519287109375,374.87841796875,73.77902,144.89423
425.5367431640625,374.048583984375,72.79547,150.13672
419.4132995605469,377.0489807128906,75.128876,149.90689
416.7406005859375,378.8363952636719,75.42923,150.53763
414.3340148925781,379.44732666015625,74.75488,154.65631
410.2887878417969,381.6070861816406,73.912415,156.17776
406.8101501464844,380.8785400390625,75.17932,159.08484
403.5103759765625,381.39105224609375,76.60324,162.80566
401.85968017578125,383.1848449707031,75.583405,164.60751
400.6253356933594,382.1761779785156,72.623474,168.5552
397.9325866699219,381.5912780761719,72.52484,169.81528
395.20196533203125,381.8265075683594,73.82318,169.70871
389.40936279296875,382.26611328125,76.0701,166.77155
387.1844177246094,382.5983581542969,75.50778,167.18509
386.6669006347656,381.6242980957031,74.31964,167.64908
384.4333801269531,381.9912414550781,74.85751,160.49521
382.9651184082031,381.1866760253906,75.453125,156.65341
378.13018798828125,383.64129638671875,78.068695,148.60974
376.61834716796875,383.3313293457031,78.52203,148.81125
375.388427734375,384.17938232421875,80.176544,150.34912
374.68048095703125,385.9898681640625,80.660675,151.51666
372.997314453125,383.6999206542969,84.33026,155.90286
370.7845153808594,385.57598876953125,89.33624,159.31763
370.20556640625,387.532958984375,89.75586,159.5155
369.2688293457031,388.16827392578125,88.76178,162.64618
369.1767578125,390.8508605957031,86.793945,161.77994
368.62457275390625,392.4937744140625,84.34781,162.3656
365.9797058105469,392.5038146972656,82.046814,163.67227
364.1061096191406,392.56414794921875,82.67157,164.77246
364.3390197753906,392.0339050292969,80.938995,162.74667
363.8179626464844,391.7701416015625,79.7457,159.03876
363.7814025878906,388.88299560546875,78.96448,160.91632
363.3925476074219,387.911376953125,78.2016,157.26233
362.8348693847656,386.30023193359375,77.3414,154.46893
362.1412658691406,386.5967712402344,76.80371,151.1691
360.8855285644531,388.4505615234375,77.35495,141.64178
360.1214599609375,386.13189697265625,76.84439,145.94855
358.1253662109375,387.3829040527344,76.78735,147.69266
357.4148254394531,389.0325927734375,75.869934,149.14447
356.16400146484375,389.2612609863281,76.243866,150.51144
355.68634033203125,390.93988037109375,76.12219,151.39209
353.1912536621094,389.8710632324219,77.135895,155.45383
351.7585144042969,389.27349853515625,77.43237,160.49652
351.4711608886719,387.3432922363281,76.466034,164.67795
350.026123046875,388.29901123046875,76.9144,165.46619
349.584228515625,387.56170654296875,75.726685,166.90839
348.5593566894531,388.2315368652344,75.24573,167.07309
347.4639892578125,385.3353576660156,74.10507,167.8262
346.3411865234375,385.91326904296875,73.49182,164.00299
345.0417785644531,385.6565856933594,73.89871,163.66855
344.2068176269531,382.9051208496094,74.30652,164.80093
344.2160949707031,382.80419921875,74.40921,158.46698
340.82305908203125,383.07012939453125,77.15909,149.47003
341.42340087890625,383.01513671875,76.83194,143.7649
343.0096130371094,382.9298400878906,78.27487,143.24411
340.8382263183594,382.1675720214844,79.5596,147.05295
343.07769775390625,381.1592712402344,81.67432,149.05313
341.898193359375,380.8703308105469,89.26401,153.59
341.85772705078125,380.65350341796875,90.43799,157.3424
341.1099853515625,380.8215026855469,90.62903,159.19925
341.0567932128906,381.329833984375,91.74161,159.57556
342.51055908203125,380.18377685546875,88.40292,162.27429
344.1099548339844,379.0275573730469,86.90445,164.42038
344.71636962890625,379.4991149902344,86.36322,163.124
346.48114013671875,379.0416564941406,84.75885,162.00363
348.8576965332031,376.5980529785156,81.59598,160.32266
350.0500183105469,374.7091064453125,80.89923,161.70477
351.2485046386719,372.3658447265625,79.57242,158.68799
351.1640319824219,371.2198486328125,78.55255,154.52014
351.8953857421875,370.49053955078125,77.06595,149.31824
351.9938659667969,371.8156433105469,76.38672,142.3483
351.22998046875,371.0281066894531,76.85458,141.84088
350.0108642578125,369.011474609375,79.19049,145.79138
349.49200439453125,369.2911071777344,80.539276,146.56528
349.678466796875,368.56878662109375,80.537964,148.8385
349.9205017089844,368.2363586425781,79.97366,152.56125
350.5202941894531,368.0896301269531,79.31659,154.65182
350.1603698730469,368.61456298828125,78.67581,155.84558
350.0197448730469,366.2737121582031,79.42041,159.36893
349.93218994140625,365.767333984375,79.27249,161.79321
349.8304138183594,365.2934875488281,79.17651,163.34665
349.36907958984375,364.47344970703125,79.67401,164.15527
349.3669738769531,360.23455810546875,78.792114,167.24457
348.80584716796875,358.7851867675781,77.67584,166.55753
348.9139099121094,359.28131103515625,75.65274,163.48724
349.08453369140625,356.5510559082031,75.30289,164.15909
348.5552062988281,358.1411437988281,76.33029,156.86697
348.48779296875,355.1138610839844,76.24289,151.0842
348.78338623046875,353.051025390625,75.63086,147.90259
348.883056640625,352.82904052734375,75.80505,146.28223
349.0968933105469,350.91326904296875,76.33551,149.27759
348.5679931640625,352.28509521484375,77.87958,148.87726
348.44073486328125,350.29931640625,82.66608,153.801
347.6363220214844,349.44598388671875,85.50168,156.96173
346.45989990234375,349.8031921386719,87.339325,158.14343
346.619384765625,348.83258056640625,87.24869,161.86093
347.6969299316406,349.2457580566406,85.64603,163.12009
348.608154296875,347.951904296875,83.74002,166.60718
349.3169860839844,348.9083557128906,83.17975,164.95444
351.1556091308594,348.4078674316406,81.00003,162.79926
352.31390380859375,353.10772705078125,79.56171,154.38675
352.5517883300781,349.055419921875,79.6344,158.04993
354.6189270019531,345.407958984375,78.05133,158.61316
354.81170654296875,344.0324401855469,77.42038,155.84857
354.63995361328125,343.9161682128906,77.832794,151.35721
354.8607177734375,345.62493896484375,77.09921,145.81927
354.9709777832031,346.43328857421875,76.40259,143.32745
353.92523193359375,345.46917724609375,78.757965,147.39514
355.6064453125,347.1689147949219,78.45459,148.76532
356.10125732421875,349.61346435546875,77.620636,149.23956
355.4655456542969,350.464599609375,78.61206,153.12488
355.8108825683594,353.7722473144531,77.59213,155.21057
352.8599853515625,356.1139831542969,79.799194,159.48904
353.6029052734375,357.396240234375,78.484375,164.75128
353.5077819824219,363.05291748046875,78.61322,163.62262
352.2322082519531,364.2005310058594,80.22656,168.34598
352.09246826171875,368.74737548828125,80.51007,168.06299
351.4713439941406,371.82623291015625,79.52988,169.4765
350.22979736328125,374.700927734375,81.3992,167.6914
348.9588928222656,378.72601318359375,82.50891,164.7442
348.9151916503906,379.6953430175781,80.882324,164.8516
348.54638671875,383.11358642578125,80.83148,161.4477
348.8330383300781,386.27850341796875,79.632904,155.27563
347.7382507324219,390.3830871582031,80.03717,151.14658
347.5951843261719,394.6901550292969,79.566376,149.42245
347.2668762207031,397.50634765625,81.066345,153.26776
347.3436279296875,403.7286682128906,80.803314,151.6437
347.1480407714844,406.8572082519531,84.13229,158.76895
346.9206848144531,409.79583740234375,86.20535,160.5246
347.6235046386719,412.73046875,87.609955,163.15729
348.8140563964844,413.7080383300781,88.819885,166.14578
353.12969970703125,417.2361145019531,87.86777,165.87308
357.7237854003906,416.6779479980469,86.26175,169.71848
361.61944580078125,418.6623840332031,85.0184,171.14883
367.4678649902344,420.7687683105469,83.06909,169.55759
371.7323913574219,420.6336669921875,82.37109,169.88818
374.13140869140625,421.6240234375,82.705414,166.45337
381.42724609375,422.85748291015625,80.236725,163.72961
384.99334716796875,422.8996887207031,79.83688,162.37845
387.932861328125,424.24267578125,80.84854,157.10645
389.21209716796875,423.7912902832031,81.440796,153.82669
390.747802734375,423.29718017578125,82.17865,151.70203
395.33984375,424.0546569824219,81.3985,148.89651
397.97186279296875,423.6549987792969,82.45889,151.84213
400.78192138671875,424.75347900390625,82.45679,153.87592
402.0897216796875,424.3166809082031,82.142975,157.93808
404.1962585449219,427.78961181640625,81.45563,158.59656
406.30621337890625,430.84564208984375,80.6861,160.20459
410.8303527832031,432.6031494140625,80.02634,162.67877
412.4981384277344,433.858154296875,81.291046,164.55688
413.1694030761719,435.47705078125,81.08353,165.58466
414.8748779296875,437.0765686035156,81.21631,166.173
416.186279296875,437.0488586425781,81.91043,169.85019
419.8537902832031,436.2698974609375,79.448944,170.08405
420.1432189941406,435.99737548828125,80.52588,168.92157
419.1903381347656,435.8827819824219,80.68402,165.8989
420.8309631347656,430.8980712890625,80.82587,171.07654
420.44073486328125,430.4228210449219,80.15134,165.03561
419.38006591796875,430.1288146972656,80.497284,158.94675
416.9463806152344,428.3367919921875,81.19574,154.7414
415.7889709472656,427.5269775390625,81.17322,151.41815
416.06365966796875,429.6280517578125,79.45029,150.1228
415.7903747558594,431.3116455078125,79.74609,154.42102
415.7809753417969,431.57464599609375,79.33588,158.80017
414.7572326660156,432.6600341796875,82.80829,160.96936
414.5206604003906,433.0731506347656,85.87244,165.17117
413.8424987792969,435.07269287109375,87.74484,167.17365
413.24212646484375,437.8535461425781,87.27936,168.89706
413.83807373046875,438.6297912597656,85.41376,170.62839
413.9551086425781,440.170654296875,84.09454,173.0166
414.13946533203125,440.92987060546875,83.09311,174.51917
415.0167236328125,441.7711181640625,82.31625,172.5437
415.07257080078125,441.8520202636719,82.32721,166.74088
414.8559265136719,441.09503173828125,82.90265,167.8277
414.9925231933594,442.21893310546875,82.31314,165.41486
415.4730529785156,442.4643859863281,81.922516,160.85757
414.4046936035156,443.6490173339844,82.49597,154.03506
412.7877502441406,445.1953125,84.79605,148.28839
411.7745361328125,447.89447021484375,85.47223,148.48688
411.3002014160156,447.1887512207031,86.18494,153.14713
410.7395935058594,448.7110290527344,85.93204,154.27737
409.3899230957031,450.88134765625,85.30521,155.56372
408.6109619140625,452.01898193359375,84.4841,159.5838
407.9703674316406,451.4771728515625,82.897766,162.94165
408.6556701660156,453.3692932128906,81.124176,164.62552
405.6197814941406,454.9280700683594,81.68494,165.37698
404.4881591796875,455.1832275390625,80.97812,169.5661
402.2693786621094,453.6907958984375,81.791534,173.48389
400.90020751953125,452.8346862792969,82.03848,174.97354
398.7958984375,451.88323974609375,83.26239,174.30353
396.74383544921875,452.4419250488281,83.49872,173.23392
395.48443603515625,452.9032287597656,82.90384,172.4166
394.0165100097656,453.40362548828125,81.74698,166.22089
392.2455139160156,454.09783935546875,81.674255,159.07532
388.0503845214844,454.6663818359375,83.11487,152.66101
386.32855224609375,455.426513671875,84.062836,147.44244
385.67254638671875,455.41607666015625,83.13333,145.26208
384.4864196777344,456.4927062988281,83.22446,148.48923
383.1233825683594,455.58685302734375,83.52695,153.5232
382.0763244628906,456.3500671386719,85.591,155.06363
380.87188720703125,455.3357849121094,90.426056,162.1077
380.8130187988281,455.9460144042969,90.74545,163.77774
380.1852722167969,458.1672668457031,90.56763,164.0983
380.21636962890625,457.2010192871094,89.27875,168.75241
379.92633056640625,456.7039794921875,87.936554,171.73547
378.92669677734375,457.2725524902344,87.11163,172.07693
379.3340759277344,457.25927734375,85.31058,172.09863
377.4725341796875,454.9595031738281,84.76669,169.31613
377.7249755859375,454.652099609375,83.56836,166.17126
377.5684509277344,454.53265380859375,82.9082,164.07397
376.7220764160156,454.1100158691406,83.10855,161.37015
375.1007995605469,454.49859619140625,84.66022,152.71063
373.4571533203125,453.1661376953125,86.259094,147.37347
371.8887023925781,450.970947265625,87.60535,148.37555
370.8423767089844,449.5677795410156,87.73691,152.1564
370.09649658203125,450.0677795410156,87.69336,153.21469
368.97979736328125,448.29241943359375,87.87314,156.99005
368.4749755859375,450.789306640625,86.14856,158.18445
368.2504577636719,452.2474365234375,84.52301,160.1372
367.6205749511719,450.3405456542969,84.083466,164.73392
367.1117248535156,449.9575500488281,83.315796,168.7897
363.5085144042969,451.2425231933594,83.73776,167.18118
362.5841979980469,448.271484375,80.96561,174.41931
360.5263977050781,448.4601135253906,84.08591,175.14108
358.4875793457031,445.57366943359375,85.6163,177.77124
354.96240234375,445.3559265136719,87.20355,174.79196
355.373291015625,442.496337890625,85.89795,176.67444
354.2210693359375,444.791259765625,83.5524,172.35919
352.503173828125,442.2866516113281,83.80371,170.98557
348.8551025390625,437.84979248046875,84.570526,167.87671
346.92431640625,440.2995300292969,84.006226,161.03189
344.82977294921875,440.3525695800781,83.880554,154.28226
343.00439453125,440.73114013671875,84.54532,150.41052
343.29150390625,439.41943359375,83.569244,154.8971
341.30029296875,436.80108642578125,86.47821,159.94458
340.24212646484375,437.045166015625,91.02573,163.15668
339.21307373046875,436.83380126953125,94.88022,168.7403
336.9095153808594,434.940185546875,96.300385,172.7666
336.2208251953125,435.3340148925781,96.59766,175.3685
335.6273498535156,434.4642028808594,96.00986,177.22739
334.97503662109375,435.3370056152344,93.62637,177.66464
335.120361328125,431.7542419433594,91.30969,182.41391
334.3171081542969,431.3524169921875,88.39047,183.1875
334.1448059082031,429.4937744140625,87.31888,182.0155
333.57537841796875,426.9761962890625,86.616455,179.0083
333.34307861328125,426.4252624511719,85.62601,178.00461
332.70831298828125,426.7925720214844,85.5784,173.189
332.1330261230469,425.1345520019531,84.962494,166.97867
330.5643310546875,425.0612487792969,87.08435,159.22421
329.1919250488281,422.79644775390625,87.470184,155.54071
328.73431396484375,422.5803527832031,87.649445,153.88998
328.17401123046875,421.78741455078125,87.24942,155.5932
325.8264465332031,419.9987487792969,86.88736,160.68338
322.87335205078125,418.7754211425781,86.2164,164.66934
324.0674133300781,415.9052429199219,84.968994,169.19016
320.7764587402344,413.2856140136719,86.44183,174.3422
319.96624755859375,412.8955383300781,86.90924,176.90616
318.6673278808594,411.5361328125,85.35678,178.17938
317.3382568359375,409.8011474609375,84.67847,182.8017
316.0647888183594,409.28704833984375,84.42398,183.52393
315.2339782714844,407.0336608886719,82.92618,184.88998
313.8593444824219,405.000244140625,83.68326,184.87866
311.647705078125,401.2110900878906,83.73682,185.33713
307.62750244140625,398.7243957519531,86.16461,183.66476
306.0443420410156,398.0493469238281,87.109924,178.95291
305.627685546875,394.806884765625,84.93591,176.03271
304.9991455078125,393.9015808105469,83.45038,168.4592
303.4692077636719,395.4388732910156,84.013794,158.49655
302.8360900878906,390.84857177734375,84.524475,160.69897
300.0224609375,385.9085693359375,89.16547,165.68481
299.9287414550781,385.6841125488281,90.80472,170.04953
299.51116943359375,382.8250427246094,96.16342,176.11246
295.7492370605469,385.7593078613281,103.92709,174.17221
295.0670471191406,386.1221618652344,103.40839,175.94211
294.0757141113281,383.21466064453125,102.226654,180.40594
296.03277587890625,380.1354675292969,99.38394,184.63474
295.4505920410156,379.6121826171875,98.259796,185.7403
295.88311767578125,376.3466491699219,97.59851,187.4703
296.4156799316406,372.7436218261719,97.1936,190.5065
297.2257385253906,367.06671142578125,94.60843,189.85376
294.053466796875,369.0875244140625,98.04526,178.19592
294.9363098144531,366.8068542480469,93.66098,177.68423
294.6119689941406,357.1371154785156,91.52939,180.05942
292.2554626464844,363.4063720703125,91.44562,166.76263
291.29547119140625,359.804931640625,91.18622,163.7157
290.3531494140625,357.0732116699219,92.69049,165.08981
290.23736572265625,353.5256042480469,92.21918,170.39487
288.517578125,352.96124267578125,92.7428,172.15857
287.9187316894531,353.3028564453125,92.52475,172.52081
287.0483093261719,351.42095947265625,92.56619,175.90222
287.01611328125,349.31365966796875,89.683044,179.2237
283.7165832519531,343.0412902832031,92.97241,183.45407
284.355712890625,344.99420166015625,88.74817,186.20233
284.6600341796875,343.954833984375,86.799774,188.05109
283.8144836425781,341.2686462402344,86.05258,192.2955
280.4022216796875,339.107666015625,88.32553,192.66724
279.0953063964844,336.35906982421875,89.41342,192.71301
277.1539306640625,329.7887268066406,88.66992,195.42776
275.03253173828125,327.268798828125,89.98486,195.73212
274.2380676269531,326.08160400390625,89.63846,195.22906
273.65606689453125,321.9727783203125,88.19946,193.47131
271.5130615234375,324.3320007324219,89.630554,182.8359
268.23675537109375,319.158203125,90.18747,177.40573
266.129638671875,315.6948547363281,92.294464,177.38965
265.4010925292969,313.727294921875,91.96173,177.76611
261.78875732421875,264.71087646484375,96.64505,227.41803
261.9327392578125,276.803955078125,98.831635,217.53082
261.9399719238281,278.54669189453125,106.3584,218.0242
261.01727294921875,273.0053405761719,112.167786,229.99054
259.97607421875,265.9548645019531,112.312256,238.48303
259.0018005371094,293.17572021484375,112.755554,210.36896
259.38433837890625,294.52996826171875,108.964355,209.29504
260.94573974609375,268.5147399902344,106.401825,235.62619
259.5737609863281,257.2016906738281,106.58804,248.05872
258.73028564453125,288.0025329589844,108.57593,213.08002
258.4131164550781,258.4122009277344,106.16379,235.94525
257.6063537597656,258.93487548828125,106.79065,239.82938
257.71002197265625,259.21954345703125,102.06821,233.57074
255.8514404296875,246.77687072753906,102.317535,234.10512
258.7989196777344,288.89892578125,97.32327,183.69427
257.6830749511719,286.1638488769531,97.637054,180.99576
254.82424926757812,242.95440673828125,98.7103,224.03519
255.7490692138672,280.8897705078125,97.339615,188.56671
255.28793334960938,280.9419860839844,96.475494,189.66602
253.56222534179688,275.6914978027344,96.78171,195.96704
251.5746307373047,250.37367248535156,97.35649,221.09193
251.50717163085938,236.73516845703125,96.37784,239.21106
251.1008758544922,267.64263916015625,93.17522,210.45395
250.4694061279297,271.28125,92.935684,209.1308
248.60479736328125,266.2709045410156,92.762024,216.29602
247.5079345703125,265.80303955078125,91.7908,217.4963
246.96192932128906,266.68023681640625,90.66191,215.14417
242.63262939453125,248.33041381835938,93.02695,230.24048
239.10292053222656,245.1636962890625,95.06346,231.30731
239.18357849121094,237.7401885986328,93.21776,238.44823
236.82627868652344,235.72325134277344,93.615585,234.74596
234.30238342285156,233.5194854736328,94.987564,227.94853
231.95523071289062,239.86961364746094,95.882355,214.02818
230.61669921875,250.46571350097656,94.56717,197.77364
227.64305114746094,233.7986602783203,98.33537,216.58205
226.14096069335938,222.1968994140625,100.75183,224.90915
224.61383056640625,229.12342834472656,103.115814,219.92546
223.685302734375,220.7907257080078,112.07681,233.72688
221.67330932617188,225.07534790039062,120.01401,233.3663
221.0701904296875,216.10324096679688,119.60892,245.57452
219.82603454589844,225.4091796875,119.50844,236.8883
219.3278350830078,216.22683715820312,117.34456,247.48318
219.3883819580078,210.44149780273438,115.30382,255.04886
217.9074249267578,226.14649963378906,115.090225,234.14131
217.5560302734375,220.23001098632812,115.45087,239.26117
218.1817626953125,203.6244354248047,112.34772,256.64685
216.1194610595703,219.17784118652344,114.241745,233.37898
216.30126953125,211.77932739257812,110.84433,244.01566
212.90289306640625,230.57525634765625,113.29974,209.95792
212.79945373535156,227.56324768066406,110.1158,205.77773
212.94036865234375,220.5376434326172,105.617676,208.94115
210.7343292236328,210.7145233154297,107.1389,214.03291
209.45260620117188,200.2259979248047,106.075745,226.3055
206.6101837158203,193.96176147460938,107.250595,236.5986
205.6549530029297,201.81979370117188,106.84804,229.87646
205.1787872314453,209.06280517578125,105.51958,226.48358
203.98977661132812,214.48521423339844,105.71484,222.66591
202.23635864257812,201.43429565429688,105.09384,238.48328
202.30899047851562,195.7359619140625,103.12363,246.88882
198.63880920410156,203.69757080078125,102.989456,243.12881
197.38436889648438,201.4809112548828,101.990295,247.71202
195.9566192626953,209.1207733154297,102.85863,241.35692
192.3775177001953,205.5930633544922,104.64552,244.37178
190.5994415283203,190.1710205078125,105.86531,259.5311
188.24281311035156,194.7742462158203,107.08391,255.40044
186.58984375,191.62350463867188,107.82089,257.4521
182.26173400878906,193.18817138671875,108.535934,256.42596
179.86578369140625,201.01174926757812,108.789734,238.77179
177.72314453125,194.8196563720703,110.28989,240.96172
175.81777954101562,195.5360107421875,110.76581,232.8497
173.91810607910156,193.34146118164062,114.36775,235.67072
173.37405395507812,198.51065063476562,114.90677,232.61887
171.2135772705078,201.20779418945312,120.65883,228.58517
169.27777099609375,200.47657775878906,131.99823,234.12346
167.45672607421875,188.8455810546875,138.47244,258.69507
165.5787353515625,185.7860870361328,139.69711,261.6712
164.20309448242188,184.39979553222656,140.44495,268.21753
167.17794799804688,193.23220825195312,135.76624,261.8373
167.29835510253906,198.6076202392578,133.30504,253.42891
167.08380126953125,199.83810424804688,131.04388,253.81421
164.52459716796875,193.50137329101562,135.87137,263.41003
168.43807983398438,197.32228088378906,130.89386,257.03418
167.47689819335938,186.88232421875,133.70105,262.72592
168.4615936279297,192.61732482910156,132.18465,254.55779
168.06077575683594,193.87017822265625,131.52748,244.5235
169.95779418945312,175.36831665039062,126.158905,267.55994
167.57154846191406,178.68028259277344,128.23375,257.19324
167.99618530273438,176.40708923339844,124.84717,249.07777
167.59474182128906,175.83421325683594,122.59163,245.8477
165.9664306640625,174.6990509033203,124.22272,250.70692
164.9936981201172,177.0513458251953,125.05806,251.13777
166.41171264648438,174.72767639160156,123.462524,257.56555
167.41062927246094,175.27737426757812,120.37846,259.51074
166.71359252929688,176.365478515625,119.390656,260.9128
165.7283935546875,176.51116943359375,119.59564,264.14297
166.22349548339844,175.6009979248047,119.43388,270.52832
165.5411376953125,174.88714599609375,119.90555,274.56122
164.6294403076172,174.5324249267578,120.31047,276.08557
163.06781005859375,171.75547790527344,121.26584,286.90625
162.66078186035156,170.33743286132812,120.770035,283.72412
162.77357482910156,170.17352294921875,121.07817,283.61307
160.1353759765625,168.1514892578125,121.88376,286.09235
159.26597595214844,170.3451690673828,123.63451,282.89374
160.16139221191406,171.71287536621094,121.97557,281.33307
160.6474151611328,171.74925231933594,122.42079,268.63574
160.0584259033203,171.87139892578125,122.869705,263.71304
159.69381713867188,170.4761962890625,124.649994,254.9992
159.25387573242188,180.1770782470703,128.32303,244.36778
160.79312133789062,176.60906982421875,131.20654,260.27023
160.24192810058594,169.87229919433594,136.57658,267.68982
160.5356903076172,176.9141845703125,143.22533,256.29785
161.3906707763672,164.75860595703125,140.05898,286.0479
159.9486083984375,161.50515747070312,152.03113,292.96002
159.17291259765625,166.2025604248047,153.81354,287.84583
163.99664306640625,168.45681762695312,143.13876,290.59427
163.34127807617188,186.98179626464844,146.88846,264.6187
162.24533081054688,170.60093688964844,149.49805,290.54315
165.6009063720703,184.55348205566406,147.44301,265.3424
165.82472229003906,184.5502471923828,146.90178,262.73297
167.95059204101562,186.0942840576172,143.56628,253.44508
167.82339477539062,179.93601989746094,140.61737,257.91162
167.82989501953125,181.20787048339844,138.26712,251.75853
168.26760864257812,179.97943115234375,136.8045,244.68118
168.1816864013672,179.4545440673828,135.16206,240.6938
168.95101928710938,168.64207458496094,133.86029,249.86794
168.37997436523438,166.24330139160156,133.53711,255.68568
167.8790283203125,162.7469024658203,134.0886,264.19855
166.59706115722656,164.8944549560547,132.94221,266.44757
166.29803466796875,163.0650177001953,132.55008,270.9206
167.5221710205078,160.14825439453125,131.35088,276.6799
166.08868408203125,162.39381408691406,132.13153,275.903
164.12158203125,162.7405242919922,132.80081,283.41168
164.92271423339844,168.2776641845703,131.44673,274.81647
162.85183715820312,160.37030029296875,131.90152,287.05893
160.883544921875,163.8289337158203,133.68048,287.8418
160.492919921875,166.5433807373047,134.01385,285.18628
160.14891052246094,165.34823608398438,132.50197,286.0885
157.21923828125,156.55874633789062,133.65125,290.89343
155.76402282714844,157.1772003173828,133.3466,287.0329
154.8001708984375,152.99169921875,132.52252,291.3021
150.23561096191406,152.8990936279297,136.88622,279.1081
149.09130859375,152.91592407226562,136.61533,270.61484
147.92877197265625,154.6832275390625,136.9524,260.0997
146.60191345214844,154.873779296875,139.4937,255.57245
146.13833618164062,158.7469482421875,139.51599,252.92313
144.44772338867188,158.96458435058594,143.647,255.53975
145.59803771972656,158.26382446289062,154.44774,256.63202
143.26702880859375,153.765869140625,163.19873,268.80325
143.61611938476562,157.8036651611328,164.89905,265.29077
146.30735778808594,153.29141235351562,163.73396,278.42227
141.73043823242188,157.62867736816406,161.89581,271.43597
142.52413940429688,154.23291015625,161.86743,278.2268
144.6378631591797,155.34323120117188,160.08998,278.85056
143.89588928222656,151.7535858154297,159.64342,281.23853
144.4105987548828,151.0899658203125,155.35777,278.71887
144.78489685058594,153.14627075195312,151.86497,271.03082
144.9613037109375,150.84774780273438,152.63074,270.40076
142.45089721679688,146.21893310546875,151.14923,270.2879
140.663818359375,143.0133819580078,151.67426,269.958
138.70285034179688,145.15496826171875,152.0885,256.76517
137.46990966796875,144.56996154785156,150.50183,251.77937
135.42091369628906,146.6393585205078,151.62166,245.5219
134.70941162109375,135.56192016601562,150.89996,261.07788
131.6495819091797,134.25888061523438,151.39641,264.20636
131.09239196777344,132.03916931152344,150.34007,270.19305
129.57432556152344,131.15872192382812,150.88042,274.18344
128.1798858642578,130.88189697265625,150.7589,280.92438
128.05391693115234,130.87440490722656,146.91614,283.36102
126.75297546386719,131.80352783203125,148.88512,277.6014
125.17364501953125,130.2757568359375,149.79642,292.5341
127.53941345214844,131.4291534423828,147.01744,282.0255
124.12370300292969,130.75283813476562,149.67381,292.77985
124.6201400756836,131.8175811767578,148.332,284.24567
122.2960433959961,131.2760467529297,153.80148,283.49963
118.95296478271484,128.3354263305664,154.67218,293.4668
119.26456451416016,127.1933822631836,152.75162,290.15433
117.7294692993164,125.5855712890625,149.6882,292.3895
116.14083862304688,124.97605895996094,156.1424,282.0827
116.0488510131836,126.91877746582031,156.71143,268.8728
116.99097442626953,121.00364685058594,157.24524,271.1648
119.42693328857422,119.77619934082031,156.97772,265.97156
126.17662048339844,119.66191101074219,155.02419,265.78986
135.18356323242188,117.4546890258789,156.8913,268.33386
145.71023559570312,117.11674499511719,160.42944,272.63086
155.58932495117188,120.53480529785156,165.3591,273.81537
162.11785888671875,120.4381332397461,166.41873,275.62918
170.07435607910156,122.90780639648438,164.1613,277.4288
182.98574829101562,120.14009857177734,160.99576,282.5083
193.59205627441406,123.9435043334961,155.57646,279.3542
205.07760620117188,122.7110366821289,150.32623,280.12778
218.87643432617188,123.25263214111328,148.28146,278.22318
236.80288696289062,119.56069946289062,142.73624,279.72897
259.1517639160156,116.16880798339844,137.76736,272.02606
275.91204833984375,111.39070892333984,133.9703,275.6544
292.812744140625,105.90618133544922,127.542725,278.12503
308.6848449707031,107.01398468017578,122.2229,272.2199
325.60052490234375,107.91854095458984,117.31879,267.7108
344.5107421875,113.29633331298828,114.43274,258.80673
357.35479736328125,113.47242736816406,112.761566,263.9859
369.7345275878906,115.57640838623047,112.451294,266.30756
379.6432800292969,119.68004608154297,112.332886,265.5262
389.37237548828125,121.68362426757812,112.18286,268.05035
399.5113220214844,127.91990661621094,116.05179,266.2248
409.406005859375,125.80343627929688,111.18762,273.22086
417.8631286621094,132.4215087890625,114.18222,269.6539
426.5824890136719,137.2707977294922,115.45944,271.44757
437.0362243652344,139.819580078125,113.27829,272.1968
449.66888427734375,142.28726196289062,111.99896,273.67587
456.9898986816406,143.5105743408203,112.44321,275.71082
463.96881103515625,146.6458282470703,109.69165,275.24432
469.822021484375,145.99610900878906,110.01935,278.95758
475.9952087402344,149.35987854003906,106.47623,279.76422
484.2439270019531,152.84341430664062,102.74533,282.87552
487.1082763671875,160.27938842773438,101.55426,275.68954
488.91107177734375,164.3310546875,99.9624,273.37827
491.30487060546875,171.9492645263672,97.07147,263.35327
491.9501037597656,176.85687255859375,94.69803,264.82736
493.1605224609375,188.29812622070312,93.211975,261.00198
493.16656494140625,194.14512634277344,93.63501,265.20288
495.2974853515625,201.72076416015625,91.72272,264.6399
494.6958923339844,211.252197265625,97.10098,268.01157
495.9651794433594,219.41053771972656,105.471405,270.56207
496.3781433105469,231.95852661132812,114.306854,273.55203
497.1863708496094,244.363525390625,116.03146,272.3836
498.0231628417969,252.35430908203125,114.278534,275.69946
498.7744445800781,263.4960021972656,108.24875,274.23453
500.17364501953125,272.927734375,107.36847,274.22113
500.5904541015625,285.97332763671875,104.587524,272.39807
500.6864013671875,297.497802734375,102.31146,263.97662
499.3161315917969,306.2862854003906,102.538605,266.8768
497.76727294921875,312.15521240234375,101.18494,269.71143
498.0765075683594,321.8288269042969,98.9556,265.22964
501.2540588378906,323.3022155761719,96.11508,268.14926
502.9694519042969,326.7224426269531,96.15036,268.55746
503.65240478515625,331.1974792480469,96.327515,268.9888
503.92889404296875,331.5623779296875,98.013855,271.7093
502.73419189453125,332.64251708984375,101.0246,274.27032
501.5451354980469,334.298828125,104.051056,276.3366
501.2733459472656,335.48223876953125,105.40109,278.98083
501.162841796875,336.2663269042969,105.80499,282.77603
500.4796142578125,343.8197021484375,108.2832,277.41522
499.8783874511719,345.2709045410156,109.546906,280.2147
499.3104248046875,345.54632568359375,109.23102,285.90454
498.8145446777344,342.3055419921875,109.0289,293.75446
498.9446716308594,345.2739562988281,107.883514,293.18753
497.7092590332031,342.72308349609375,108.34366,295.2096
496.9598693847656,339.5373840332031,107.60086,296.81882
495.9403076171875,334.4063720703125,104.64502,304.64227
495.5543212890625,333.67413330078125,105.33356,299.45435
493.9209899902344,331.03717041015625,102.62955,307.36005
492.6162414550781,332.10760498046875,102.31625,300.66302
492.3224792480469,329.2111511230469,100.1749,291.17947
490.8118896484375,326.4734802246094,98.25775,286.5751
489.6949462890625,326.3890686035156,96.66089,281.22263
487.6116638183594,323.197021484375,96.6431,283.8871
486.95843505859375,325.88458251953125,95.865845,281.78564
485.4569396972656,326.2647399902344,95.61807,281.36307
482.5845947265625,325.2890930175781,99.16095,285.8729
481.5770568847656,325.6506042480469,108.35983,288.6647
480.316650390625,326.7510986328125,113.338196,290.85797
478.6890869140625,328.0403137207031,114.60321,290.87454
477.1903991699219,328.59295654296875,113.92349,291.66895
475.1091613769531,329.23095703125,112.26218,294.00494
472.69598388671875,327.8600769042969,110.09454,299.86398
471.8682861328125,330.70196533203125,107.68176,296.2096
470.22625732421875,335.3288879394531,104.15875,286.37766
466.4845275878906,327.7143249511719,103.93552,297.2966
463.0248718261719,329.186767578125,104.23807,296.62537
461.7388000488281,331.3504638671875,103.85617,294.75397
461.4779357910156,331.59716796875,104.759186,293.68817
461.2388610839844,332.7650451660156,103.73819,289.29025
459.74371337890625,333.61175537109375,104.524536,289.4525
457.8046569824219,334.4040222167969,108.88876,294.79526
455.46990966796875,335.7354736328125,109.65509,294.25494
453.0767517089844,336.9091491699219,110.96506,294.92905
451.3090515136719,335.3034362792969,113.33328,299.73795
449.7283630371094,336.8853759765625,114.065094,306.5846
448.04058837890625,340.0684814453125,114.42084,304.14392
446.1729431152344,341.4620361328125,117.29996,308.5511
443.66558837890625,339.6042175292969,117.086975,314.63345
440.6645812988281,338.33294677734375,118.8793,323.15552
440.0777893066406,342.4856262207031,117.806366,320.38297
438.1749267578125,340.3523254394531,117.960815,326.85367
436.6658020019531,345.99664306640625,118.02664,316.50574
435.5537414550781,342.2886962890625,117.57266,326.59485
434.4007263183594,335.7809753417969,115.940094,339.64377
433.8145446777344,340.0804443359375,117.717865,326.15137
430.4499816894531,339.7249450683594,117.03909,325.4858
428.0046691894531,335.5439453125,114.42905,326.48077
426.9140625,335.6331481933594,112.66211,320.79605
424.74224853515625,331.8099670410156,113.30713,321.26248
423.5533142089844,336.43365478515625,111.292694,309.34772
421.9802551269531,330.1446228027344,109.3074,317.8475
421.368896484375,331.6370849609375,108.90759,322.68677
420.3675231933594,331.4291076660156,112.02432,323.0662
418.0768127441406,330.8673400878906,124.444916,326.1837
418.9519958496094,338.69415283203125,133.05862,320.45953
417.55096435546875,336.1526184082031,131.39734,326.86374
416.72314453125,342.4317626953125,132.25348,318.95697
415.13427734375,344.4176940917969,128.66895,315.95944
413.55755615234375,343.7920227050781,128.30109,315.7565
411.39581298828125,342.4955749511719,120.20758,316.743
408.2204284667969,341.6630859375,124.02426,319.52283
406.76104736328125,342.4762268066406,123.099976,324.71042
403.7027282714844,346.7907409667969,122.38608,317.8851
404.56756591796875,347.4060363769531,117.17377,314.1602
406.7666320800781,343.67816162109375,115.7045,317.84845
407.2010498046875,346.3260498046875,117.205444,318.28955
405.5813293457031,347.00244140625,118.66507,324.19513
403.1952209472656,351.2253112792969,122.066376,319.27237
400.07403564453125,349.77728271484375,125.6037,323.84827
397.93115234375,350.47283935546875,127.88251,327.25488
395.62884521484375,347.6047668457031,130.74786,339.36526
394.6641540527344,345.67510986328125,131.96432,346.77832
392.75811767578125,346.5689697265625,134.01263,347.5255
391.1334228515625,342.3252258300781,134.80957,348.82608
388.9549255371094,350.4650573730469,136.56693,341.99454
387.58538818359375,345.0040588378906,133.16333,356.46048
385.3858337402344,336.4361572265625,135.6973,357.35266
383.74554443359375,341.08380126953125,132.66205,352.80786
382.9028625488281,338.7521667480469,129.61945,355.0178
380.60089111328125,335.7058410644531,132.01993,365.00516
377.2756042480469,331.3302001953125,127.74011,355.88513
374.5427551269531,326.0227966308594,122.805664,360.1005
370.61285400390625,319.5734558105469,125.81021,357.32278
370.5165710449219,327.4088439941406,118.42496,343.4495
369.05755615234375,320.0966491699219,117.90979,343.37277
365.8601989746094,316.26690673828125,116.9332,343.18787
362.4139099121094,320.60943603515625,117.95203,335.95966
361.1097106933594,319.9998474121094,119.42291,336.67508
358.5224609375,318.0978698730469,118.32349,341.82315
356.597900390625,313.27166748046875,131.34659,349.5849
354.49298095703125,319.454833984375,145.40454,342.9444
353.6398010253906,313.7676696777344,144.5155,352.65958
351.66046142578125,320.7817077636719,142.47668,342.7526
349.3491516113281,308.7114562988281,133.79565,357.9711
346.5162353515625,301.8180236816406,132.074,369.7875
341.81292724609375,312.148193359375,129.39273,347.9723
339.6596984863281,309.80377197265625,125.29083,344.00757
338.3867492675781,309.69451904296875,125.35748,339.51685
337.1285095214844,300.5787353515625,122.19098,349.04895
334.9765930175781,303.5482177734375,125.36252,343.9571
335.0437316894531,299.06842041015625,123.75354,346.14734
334.30059814453125,298.9031677246094,123.30252,339.88785
333.50872802734375,299.27008056640625,123.56351,337.36578
330.0921630859375,295.836181640625,126.75995,343.73663
325.4937744140625,295.9366149902344,131.34595,348.63492
321.3207092285156,295.905029296875,135.32419,353.14813
320.2136535644531,296.7290954589844,137.69388,342.83725
317.6768798828125,296.47821044921875,135.88544,348.17114
314.556884765625,297.22052001953125,139.64722,353.23297
311.8135681152344,293.22491455078125,137.03348,367.4934
308.1123962402344,280.3659973144531,142.04202,388.15347
307.3191223144531,269.9628601074219,141.08157,410.2631
303.37353515625,264.2251892089844,141.25723,411.17813
300.23223876953125,266.6366271972656,138.32156,409.91568
296.6626892089844,282.4721374511719,138.87253,393.6459
296.716796875,268.3671875,134.07965,393.02014
289.90496826171875,265.8908996582031,140.46591,399.37857
295.2654724121094,256.55035400390625,129.62686,409.50507
292.34515380859375,273.36431884765625,127.28372,379.2422
288.14410400390625,268.98419189453125,129.93036,375.0229
284.0328369140625,269.4520568847656,131.74161,365.23795
280.6508483886719,264.2724304199219,133.22919,374.40512
279.2341613769531,267.56732177734375,129.77908,363.6233
275.46917724609375,264.42034912109375,133.19363,364.96167
270.1953125,253.1136474609375,145.37762,381.57898
268.4549560546875,254.4773712158203,129.76529,404.01202
259.73681640625,247.7730255126953,168.6636,402.94672
258.714111328125,261.66583251953125,177.76459,382.3474
256.9723205566406,260.20904541015625,162.80518,383.10913
255.57920837402344,238.78213500976562,121.91902,417.54343
251.45274353027344,250.02003479003906,153.73103,394.29364
247.25521850585938,240.14512634277344,141.83167,412.1801
243.53611755371094,247.83541870117188,155.94456,392.69858
231.22718811035156,234.88099670410156,148.95561,406.2522
227.71823120117188,237.50274658203125,158.99323,399.74738
227.74737548828125,236.61720275878906,157.72116,406.05548
224.88067626953125,250.49212646484375,158.74667,379.57422
222.3527069091797,245.3610076904297,150.4305,392.42242
225.44244384765625,245.89434814453125,144.95535,390.36218
222.87828063964844,237.0922088623047,145.34883,415.1319
211.53883361816406,251.53329467773438,158.3986,357.53494
206.02255249023438,238.2489776611328,160.44482,406.40997
203.1065673828125,236.37998962402344,165.31946,363.71783
193.9370574951172,239.03109741210938,174.18544,319.08035
192.38986206054688,253.9298095703125,172.59067,308.5912
184.79505920410156,242.0970001220703,178.50075,269.15375
177.9687042236328,255.19161987304688,184.55724,250.86426
174.2730255126953,253.97491455078125,181.2281,275.3523
169.27952575683594,256.2207489013672,183.17912,260.99426
165.9422607421875,258.38372802734375,180.16495,288.2107
160.92335510253906,258.46728515625,171.97212,313.45477
155.72276306152344,247.14443969726562,172.52199,314.7911
149.37864685058594,257.1253356933594,169.5543,322.6625
143.878662109375,226.97280883789062,169.6958,405.80667
138.81393432617188,240.7879638671875,163.40265,314.49585
129.54513549804688,236.581787109375,163.90887,328.12756
123.3165054321289,235.28736877441406,156.78397,356.58862
117.39240264892578,211.39944458007812,159.28192,395.15567
109.78262329101562,214.2761688232422,147.46265,340.22205
106.1388168334961,204.2241973876953,156.3169,403.36078
97.29485321044922,228.83106994628906,144.41522,348.8485
144.51885986328125,425.9468994140625,145.08218,251.55695
145.332763671875,441.7148132324219,143.26358,225.53787
124.01565551757812,439.6462097167969,180.2099,228.5051
127.8819351196289,451.3391418457031,197.07883,210.92319
118.45989227294922,457.5410461425781,208.04214,202.2443
126.61388397216797,457.8725891113281,203.96515,193.48929
170.05648803710938,452.7504577636719,157.10214,185.80356
154.3057098388672,444.0940246582031,169.0099,197.99728
179.32159423828125,455.0911865234375,142.8895,190.63135
186.19432067871094,444.3670349121094,131.63304,211.30417
188.53955078125,432.2685852050781,126.62048,223.87991
94.03215026855469,445.0527038574219,180.65752,250.41202
112.87976837158203,446.9731140136719,193.48538,237.35208
133.2101287841797,452.3394470214844,157.41301,224.62833
153.15097045898438,415.68975830078125,161.14114,258.7495
171.74229431152344,410.2174377441406,143.67589,272.6981
188.40219116210938,370.46112060546875,132.74182,324.71295
203.744873046875,389.5648498535156,126.59631,299.97867
219.49325561523438,412.77880859375,117.56134,274.4273
179.73609924316406,244.47103881835938,172.03706,323.04062
194.06039428710938,238.89141845703125,175.9237,308.37836
210.5211181640625,238.81002807617188,175.48685,300.28342
226.38888549804688,236.92074584960938,178.28946,298.60532
244.25857543945312,242.16073608398438,174.68051,295.92404
267.89593505859375,242.0845947265625,171.59067,308.64148
284.26007080078125,238.81072998046875,167.28442,334.23285
299.0708923339844,240.83445739746094,164.90137,327.02887
313.35382080078125,213.23484802246094,153.15482,392.54803
328.2273254394531,233.82965087890625,155.07687,368.95398
346.02642822265625,205.6661376953125,149.4256,430.873
355.3985595703125,214.6815948486328,144.53192,443.76886
361.5465087890625,224.69613647460938,146.05313,467.4443
373.0428771972656,209.00830078125,131.57071,360.16132
381.3524169921875,205.56443786621094,118.472015,280.8645
398.7004089355469,202.6746368408203,128.75497,434.17188
409.9140930175781,199.39581298828125,129.05356,445.72876
420.5347595214844,205.43984985351562,128.68051,372.8306
434.2360534667969,218.98794555664062,134.75821,451.15298
437.2935485839844,208.46377563476562,132.12473,363.08243
451.1917724609375,209.34725952148438,127.90149,381.5154
461.9519958496094,208.98728942871094,121.78256,379.44836
474.54583740234375,203.4123077392578,116.15668,382.3579
483.7459716796875,203.80221557617188,117.106445,387.01724
498.3632507324219,203.28919982910156,116.05484,352.92236
514.0968017578125,206.18125915527344,115.518616,341.6801
525.8953247070312,208.58734130859375,113.13971,334.4425
538.4490356445312,197.40277099609375,113.49884,346.19476
547.359375,191.8363037109375,117.70056,408.2813
557.6442260742188,194.48626708984375,112.83771,387.7652
550.3743286132812,207.7711944580078,150.98029,418.38165
577.6256103515625,184.51113891601562,115.80469,367.2275
582.8501586914062,180.37039184570312,123.35742,331.37683
584.509765625,180.62109375,116.63599,318.63846
589.2862548828125,192.18540954589844,128.81378,405.7893
592.0908203125,208.08233642578125,127.52734,435.1859
594.3578491210938,201.42047119140625,139.79865,420.86072
595.1484375,201.17433166503906,144.26575,412.69427
593.7056884765625,188.7617950439453,147.83862,367.26093
595.7993774414062,193.8509521484375,147.05908,453.67157
595.0653686523438,192.30313110351562,158.08447,332.82138
595.8247680664062,187.96112060546875,159.31384,330.80066
595.3768920898438,194.49742126464844,163.99896,352.4499
597.7998046875,193.75457763671875,162.19751,361.3299
600.5955810546875,196.626220703125,155.30957,394.13312
604.4921264648438,192.89051818847656,149.41608,378.75024
607.5203857421875,189.16078186035156,145.37549,393.2527
609.72021484375,174.42015075683594,139.43958,431.01892
611.7588500976562,166.8018798828125,137.3855,449.1383
613.25439453125,170.10693359375,132.13641,449.33417
606.8214111328125,149.20675659179688,122.83667,504.94583
605.4088745117188,162.5935821533203,128.05981,484.22742
611.2227783203125,154.8182373046875,126.29962,471.2553
620.4552001953125,183.31199645996094,116.566284,432.80145
621.0191650390625,171.721435546875,120.35742,443.34766
618.6737670898438,156.75860595703125,126.7619,456.99304
615.3704833984375,159.84994506835938,138.0075,439.158
617.2157592773438,170.2188720703125,137.17175,429.89783
617.650634765625,174.8059844970703,121.716675,315.70142
618.7911987304688,172.77088928222656,117.23047,340.21826
614.1320190429688,171.55889892578125,119.40314,424.46674
622.7984619140625,173.91250610351562,112.30499,354.3245
623.7171630859375,179.68991088867188,109.16913,372.03513
608.1508178710938,178.36732482910156,157.53143,412.29926
629.6115112304688,167.2770233154297,111.1615,361.5365
632.734619140625,172.4482879638672,107.27472,360.6986
633.9911499023438,171.4290771484375,110.506165,361.53003
601.7871704101562,179.6996307373047,163.77625,402.54156
617.573486328125,180.16871643066406,149.19183,394.79004
634.7862548828125,195.2073211669922,126.966064,373.40088
638.2443237304688,167.35360717773438,128.77771,404.0986
628.1298828125,185.6969757080078,141.26349,408.41144
637.4428100585938,165.3683319091797,130.32043,438.71643
638.6124267578125,180.6918182373047,141.987,402.5484
637.1572265625,172.97421264648438,147.14612,405.6727
636.4116821289062,179.09881591796875,132.16614,423.03375
636.998779296875,188.97349548339844,140.24463,413.72632
625.5615234375,188.13516235351562,165.88812,410.33047
631.427001953125,181.13134765625,165.67413,328.75952
629.8927612304688,197.27232360839844,164.93481,344.24292
631.0098876953125,192.84515380859375,166.68506,328.15588
632.6077880859375,195.98406982421875,156.46735,359.9306
633.8348999023438,201.7910919189453,155.58398,362.67847
636.2084350585938,195.61570739746094,150.14935,386.12134
636.2362670898438,196.99916076660156,149.40814,370.64978
633.4843139648438,200.76031494140625,142.19055,375.8758
633.9601440429688,190.1685333251953,137.91693,404.0738
623.7619018554688,170.63392639160156,129.29187,492.41394
623.6307373046875,194.90028381347656,134.48834,459.0016
631.6158447265625,166.00704956054688,124.45349,474.18784
629.078857421875,173.89669799804688,129.85529,461.28146
636.172607421875,242.2416534423828,121.527954,395.73962
636.6461791992188,349.27752685546875,127.28998,290.29822
631.63671875,312.921630859375,142.01288,334.4875
632.56982421875,391.01092529296875,148.4668,246.3424
620.4210205078125,393.73199462890625,179.48425,241.85217
608.329345703125,392.8498840332031,196.07654,246.29984
592.8146362304688,421.01739501953125,208.08026,218.4978
586.5093383789062,409.2429504394531,207.05078,236.98221
577.8912963867188,414.3352355957031,203.96045,234.21652
561.8518676757812,416.6895751953125,214.18341,233.00702
576.8416748046875,415.7074890136719,192.55444,227.29135
554.4973754882812,383.3340148925781,178.05847,273.5828
552.4988403320312,399.9906311035156,160.82611,257.44754
558.392333984375,368.2061767578125,159.43744,288.5688
558.8102416992188,382.960205078125,157.46649,270.0086
553.359375,232.91860961914062,153.79205,419.55453
567.1470947265625,236.3356170654297,131.11292,425.4239
561.2179565429688,231.9865264892578,136.32379,425.7472
559.1339721679688,220.80572509765625,129.74298,496.9065
551.9691162109375,271.2256774902344,135.14941,378.3956
550.5872192382812,240.2679901123047,138.31647,434.95905
550.9880981445312,217.24749755859375,135.21509,498.40283
539.372802734375,241.24134826660156,155.29749,447.38312
539.1554565429688,240.54153442382812,152.59015,339.52103
533.076904296875,246.37936401367188,167.85565,297.37546
539.9976196289062,242.08238220214844,156.31708,336.43463
533.3507690429688,243.6152801513672,159.89056,346.83533
532.426025390625,244.0839080810547,157.70428,340.29828
525.9639282226562,237.15977478027344,161.70197,351.68372
529.3619995117188,234.18519592285156,150.53436,381.24188
531.0155639648438,233.9176025390625,144.35016,396.22424
516.4031982421875,242.6654815673828,151.98431,459.0105
520.8710327148438,238.63095092773438,139.18243,479.32486
526.49365234375,363.9895324707031,131.31549,322.96176
525.5870971679688,236.14263916015625,132.09937,443.37518
523.0113525390625,236.57630920410156,133.66266,434.9513
520.0327758789062,247.83139038085938,136.07983,414.69205
515.3795166015625,236.44688415527344,138.62976,421.36694
536.2664794921875,397.4313049316406,132.87573,281.53323
522.3536987304688,406.4586486816406,167.36847,270.7332
517.5568237304688,416.03558349609375,182.09247,251.92706
513.3507690429688,415.3387451171875,202.40912,255.45306
499.5198669433594,420.755615234375,220.05942,250.1012
500.5046691894531,437.2062072753906,213.12949,222.78696
485.37054443359375,436.96533203125,223.8548,224.64563
496.5549621582031,435.12353515625,210.63675,220.34076
561.5707397460938,431.15618896484375,145.61328,228.59766
568.8671264648438,432.5764465332031,129.77905,232.04605
547.6614379882812,424.079345703125,138.93488,242.31006
479.38031005859375,406.1513977050781,179.58685,276.2615
485.5785217285156,398.8554992675781,168.85715,282.38168
496.5812072753906,413.4961853027344,164.98135,261.1733
506.78533935546875,419.87725830078125,150.16882,257.6258
516.8274536132812,392.5171813964844,140.32764,294.01663
528.42822265625,391.44873046875,125.22516,297.28778
536.8428344726562,380.5982360839844,120.22424,314.64468
515.3504028320312,253.0632781982422,144.14203,369.4525
521.1401977539062,247.93789672851562,145.55023,339.20663
512.3073120117188,242.08743286132812,152.00885,340.39755
509.806640625,249.71701049804688,157.22913,305.80435
508.7238464355469,255.6605987548828,160.3787,301.9906
510.6579284667969,257.3450622558594,162.324,319.80844
510.5389099121094,258.1309509277344,163.03665,312.25693
509.7730712890625,249.35450744628906,158.96979,348.30475
512.2389526367188,247.33059692382812,152.815,340.4725
513.2421264648438,253.06405639648438,147.87164,372.82272
509.6528015136719,258.40887451171875,149.93332,382.53308
513.0467529296875,248.2431182861328,140.72467,392.48407
513.3021850585938,251.6958770751953,136.38666,385.33545
506.2270812988281,253.1239471435547,121.24228,314.98285
489.73651123046875,221.08876037597656,152.04858,500.0921
498.7765808105469,229.52049255371094,138.33005,483.7041
502.13812255859375,219.9912567138672,133.39331,501.18958
502.7918701171875,222.4971466064453,132.43787,498.68372
500.171142578125,234.4449920654297,135.44104,480.6306
497.5973815917969,230.42001342773438,132.83493,478.50296
496.8167724609375,244.75192260742188,119.85492,382.10153
550.24267578125,485.9698486328125,135.21478,217.58209
492.47760009765625,483.36431884765625,195.60468,219.52039
613.877685546875,474.0848083496094,178.4801,199.65262
491.0551452636719,265.22509765625,119.45438,357.25397
492.0736389160156,265.50933837890625,126.21835,332.8329
476.5348815917969,271.3847961425781,191.08615,449.79605
491.5535583496094,270.06268310546875,124.46127,362.05048
546.9530639648438,484.5929870605469,136.90973,233.25082
547.1126098632812,483.21533203125,130.55316,236.96356
459.41021728515625,478.07110595703125,165.7832,240.6966
465.51251220703125,488.5520324707031,161.28333,229.67801
476.26324462890625,464.9534912109375,163.29852,253.47449
492.9454345703125,468.0723571777344,149.75879,247.25882
497.5140075683594,411.7311706542969,149.59225,309.44968
509.02191162109375,416.54852294921875,134.51361,304.63232
492.06414794921875,260.08062744140625,129.60712,461.10022
486.0533447265625,275.5,163.82452,352.2155
480.415771484375,286.6373596191406,114.53839,317.29245
520.7339477539062,437.2315673828125,142.38947,283.94928
498.8437805175781,488.4878234863281,165.42526,232.69302
485.5033874511719,283.5307312011719,181.03555,434.60764
499.9941711425781,274.18133544921875,166.83969,327.23962
495.9408264160156,279.0453186035156,170.71036,311.85086
478.52593994140625,293.4112854003906,175.01636,319.41556
480.40673828125,290.4551696777344,161.64929,312.8398
474.1271057128906,293.6738586425781,131.42929,288.30093
475.8950500488281,282.0043640136719,135.47104,332.42404
472.4369201660156,281.30401611328125,130.44485,348.02045
477.2433166503906,287.92974853515625,161.43307,366.16882
469.31451416015625,253.1490020751953,132.61523,314.8592
466.9832458496094,278.9661865234375,131.00821,414.62006
469.6954650878906,247.7704620361328,139.53702,387.27722
457.14501953125,235.9627227783203,144.64337,327.5642
463.27410888671875,280.03778076171875,165.21967,441.14307
466.56585693359375,263.35345458984375,130.0816,357.8673
567.9046630859375,535.0896606445312,72.654724,174.90564
454.0330810546875,290.0400695800781,145.9903,294.68405
458.0581359863281,283.07440185546875,152.79617,359.58704
450.71502685546875,298.0428161621094,137.2862,326.32205
455.3132629394531,282.9983215332031,149.31973,342.60452
454.3218688964844,286.7786560058594,137.22043,351.06076
451.3092956542969,291.6170654296875,144.87686,339.27435
454.181640625,298.697509765625,136.5622,326.12842
465.99505615234375,276.6596984863281,138.297,337.2476
465.8103942871094,270.40191650390625,136.6395,321.45868
460.8255310058594,267.13134765625,142.38724,324.39172
458.45684814453125,284.1298522949219,132.17065,280.1404
453.47052001953125,289.9559326171875,136.61841,294.3957
449.07916259765625,281.9781799316406,138.2962,309.47787
447.4061584472656,281.22613525390625,133.4205,305.50732
443.5502624511719,281.8788146972656,136.31027,293.10165
442.5151062011719,298.08770751953125,168.62021,321.37512
437.4096984863281,304.4523620605469,171.96945,302.8685
433.8913269042969,301.11871337890625,176.4296,306.19568
431.48248291015625,306.05133056640625,184.92993,297.0592
426.0213317871094,308.6675720214844,181.32822,299.60245
422.8233947753906,308.8513488769531,186.72324,295.4717
412.1896667480469,315.5660705566406,179.59573,300.76663
412.15802001953125,324.08123779296875,188.66913,292.049
105.5242691040039,275.351318359375,160.97217,144.6084
89.47037506103516,278.1904602050781,153.23679,145.7756
75.87226104736328,279.98785400390625,153.85477,147.70016
60.09193420410156,276.8920593261719,148.49518,152.49438
41.92788314819336,282.2622375488281,154.56061,149.30142
380.496826171875,313.83135986328125,137.55475,329.46155
379.446533203125,315.7958679199219,133.50357,252.76163
373.3177490234375,319.0767517089844,147.34894,296.6544
364.779052734375,330.6922912597656,138.27954,282.85995
356.32275390625,318.2753601074219,135.75882,268.80838
352.2504577636719,311.4330749511719,133.818,264.39352
342.8240966796875,318.72015380859375,134.56769,272.18726
338.1720275878906,320.3899230957031,135.03027,272.8187
329.4000244140625,305.47149658203125,142.55582,361.1275
318.3906555175781,330.7089538574219,139.0639,312.1254
315.29376220703125,331.6876525878906,134.73648,271.7479
314.75189208984375,334.25390625,142.60776,289.94055
312.14739990234375,334.0196533203125,140.67886,307.48022
293.37847900390625,328.3874206542969,154.69144,331.36935
302.6370849609375,341.46990966796875,136.31668,321.60632
296.9314880371094,346.1329040527344,139.88434,302.32602
294.3407897949219,344.89129638671875,137.97745,312.98254
283.89508056640625,329.09722900390625,152.19998,351.7387
280.0475769042969,346.52392578125,135.05273,252.2138
268.89691162109375,331.1028137207031,163.544,359.16092
271.755615234375,346.5414123535156,136.9957,247.78006
265.0544738769531,324.067138671875,161.9896,377.3568
262.06903076171875,317.42938232421875,165.1229,385.3426
258.5237731933594,320.1312255859375,172.67828,395.7541
253.64356994628906,348.47979736328125,169.49867,313.9702
243.54075622558594,352.7949523925781,177.64522,296.4432
229.56585693359375,350.1741027832031,179.19003,300.16043
230.8914337158203,345.09002685546875,172.83073,290.30206
223.78318786621094,348.6072692871094,190.5247,298.8126
215.41616821289062,353.3880920410156,203.742,306.77628
217.63858032226562,331.07989501953125,202.63593,384.40906
205.91799926757812,357.68450927734375,188.84543,277.6131
201.8823699951172,370.3994140625,199.8405,276.67426
188.1736602783203,365.2344055175781,207.7386,331.1257
191.48521423339844,369.4918212890625,197.79369,325.42957
186.38133239746094,370.09527587890625,183.54497,313.89148
179.33645629882812,367.3507995605469,145.96439,305.41702
183.287109375,357.34527587890625,139.89316,266.46497
173.89097595214844,352.7474670410156,135.40868,328.2432
168.73219299316406,358.3308410644531,139.76228,325.93167
164.55152893066406,360.2826232910156,134.41768,319.6766
161.48605346679688,355.8104553222656,151.18594,365.3704
157.12484741210938,342.8764343261719,146.96317,369.11972
150.31141662597656,332.43280029296875,166.26408,382.64075
147.46990966796875,336.2713928222656,150.17474,384.90945
160.4477081298828,334.6019592285156,148.4597,381.56808
136.54458618164062,340.4314270019531,155.95059,363.7051
133.82884216308594,347.9927062988281,152.25688,369.72025
130.2672576904297,343.872802734375,153.83379,377.30804
127.38432312011719,334.7194519042969,158.1534,386.4614
120.4249038696289,344.73297119140625,156.48566,376.44788
120.59868621826172,351.07989501953125,156.15549,370.10095
108.17276763916016,376.15386962890625,127.38647,344.56323
105.92569732666016,371.88006591796875,128.61093,349.30078
101.83856201171875,367.37158203125,126.97095,353.80927
100.12178802490234,360.8359680175781,127.16172,360.34488
105.80374145507812,352.73785400390625,152.38873,368.443
105.8426742553711,355.3882141113281,151.92285,365.79263
100.50617218017578,348.8773193359375,151.03943,372.30353
97.23336791992188,353.59783935546875,151.78714,367.583
101.66699981689453,347.7934875488281,161.29779,363.70798
97.59197235107422,352.573486328125,152.28595,330.01868
94.24482727050781,347.18060302734375,175.53902,370.1587
89.63894653320312,319.96917724609375,187.20087,401.21167
89.3076171875,326.2740478515625,193.3374,394.9068
81.91455841064453,348.2118835449219,193.46497,358.65323
81.23456573486328,329.5028381347656,200.23352,390.64273
78.46373748779297,360.6699523925781,179.4006,280.31027
81.83587646484375,328.7820129394531,199.51541,392.39883
80.2133560180664,370.2288513183594,192.53885,295.0159
77.75776672363281,333.2333068847656,208.01454,387.94754
76.4289779663086,327.5505065917969,212.4176,393.63034
72.41112518310547,357.4501953125,166.8576,335.16418
70.59141540527344,355.52783203125,137.35715,338.21613
74.84769439697266,344.3251037597656,136.21182,270.66635
69.57935333251953,347.22796630859375,156.00507,354.0473
72.07334899902344,352.031982421875,161.25168,323.2694
64.01161575317383,329.0387878417969,150.02553,362.8458
58.739906311035156,326.03460693359375,154.80237,372.50037
57.801395416259766,322.4900817871094,150.64612,398.69077
61.199607849121094,316.9367370605469,156.53665,400.0469
57.92656326293945,300.8242492675781,153.08723,420.3566
52.63095474243164,305.6116943359375,150.82141,415.56915
46.6805419921875,321.0498352050781,152.65237,400.131
45.38302993774414,303.84521484375,151.97162,417.33563
27.6343936920166,323.3734436035156,167.0276,379.36234
32.98842239379883,327.2275390625,153.74329,393.9533
31.08955192565918,322.8980407714844,154.01714,398.2828
22.40860366821289,329.05938720703125,150.41794,392.12146
15.471619606018066,299.94268798828125,167.30342,421.23816
18.731054306030273,333.4267272949219,147.41847,387.75412
18.6009464263916,313.2157287597656,157.09222,407.96512
13.706607818603516,300.3667297363281,163.06133,420.81412
15.13223934173584,325.7268371582031,143.56035,395.454
12.632064819335938,320.2867736816406,150.41885,397.4725
17.353450775146484,324.1270751953125,150.38948,385.984
17.119863510131836,322.7418212890625,146.37973,386.85663
16.4128475189209,320.2739562988281,161.12242,383.12912
18.165977478027344,329.13958740234375,142.58096,356.59357
32.31954002380371,301.974853515625,172.96826,419.206
32.24037742614746,301.41326904296875,175.56718,419.76758
34.673072814941406,317.2261047363281,181.81308,403.95474
36.901214599609375,321.62847900390625,189.07909,399.55237
48.312313079833984,325.79473876953125,179.23016,395.3861
54.96381378173828,328.57080078125,188.71893,392.61005
60.132869720458984,314.1535949707031,163.91367,407.02725
61.73942184448242,316.21490478515625,158.06581,404.96594
63.6314697265625,338.94744873046875,161.1966,382.2334
67.5968017578125,340.65850830078125,198.00089,368.54578
84.46354675292969,317.3359375,177.08965,403.8449
86.71117401123047,308.6315612792969,169.17621,412.5493
83.58839416503906,301.0223693847656,166.00648,420.15848
71.79691314697266,336.8533630371094,167.96515,369.73117
71.39127349853516,312.3255920410156,150.03879,401.63583
68.91314697265625,308.6282653808594,148.86217,399.65225
66.9454116821289,310.9182434082031,131.09793,410.04532
61.44788360595703,322.8459167480469,139.15604,387.0355
51.86874008178711,318.11334228515625,157.12733,369.90088
43.191715240478516,326.30242919921875,170.46965,378.24463
40.52379608154297,312.8982238769531,157.75943,408.28262
39.881080627441406,306.7322082519531,164.64783,414.44864
26.664548873901367,331.2558898925781,179.44342,389.92496
35.766849517822266,323.5932312011719,156.35231,397.58762
33.732757568359375,325.0287780761719,156.11613,396.15207
31.774606704711914,329.20941162109375,170.64001,387.41522
15.985426902770996,336.7691650390625,176.95871,376.39478
19.03529930114746,323.50250244140625,166.95117,397.67834
11.947340965270996,327.94427490234375,160.84747,388.41016
20.228572845458984,321.20513916015625,149.13875,398.23694
5.6160688400268555,319.23565673828125,155.41869,401.9452
1192.9093017578125,335.3085021972656,39.171875,97.163666
22.150833129882812,302.15765380859375,128.70926,419.0232
11.170792579650879,308.1584777832031,117.11695,263.2579
9.538996696472168,307.0754699707031,117.55989,287.20792
10.83610725402832,304.9276123046875,136.23047,376.74054
11.080747604370117,302.2570495605469,128.98886,387.07278
8.461411952972412,306.2261962890625,129.49355,384.52588
5.006847381591797,306.1142883300781,131.68869,389.20157
2.0,310.5284118652344,122.78724,383.40933
2.0,310.5284118652344,122.78724,383.40933
1163.5877685546875,338.76416015625,42.569214,97.382965
1160.1668701171875,337.7892761230469,42.342407,98.34595
1160.1668701171875,337.7892761230469,42.342407,98.34595
1160.1668701171875,337.7892761230469,42.342407,98.34595
1151.2607421875,336.62811279296875,44.055054,100.883026
1149.4169921875,336.6429748535156,45.695435,101.098816
1149.428955078125,336.40167236328125,46.040283,101.869385
1149.93408203125,336.1706848144531,45.4834,103.08432
1148.778076171875,336.2734375,46.21118,103.75467
1145.15087890625,335.84698486328125,49.788208,104.89041
1145.5882568359375,336.31890869140625,48.74878,104.67581
1144.1396484375,336.7817077636719,50.652832,104.45187
1144.6622314453125,337.5857238769531,49.10852,104.20456
1144.8922119140625,339.09320068359375,49.47119,103.210754
1144.1368408203125,338.8991394042969,49.039795,104.29819
1145.3482666015625,339.21588134765625,47.50708,104.49667
29.553136825561523,546.3331909179688,66.59744,171.2898
1146.757568359375,339.6706848144531,44.634888,106.04321
1148.2525634765625,340.787109375,41.445312,105.55759
1144.6787109375,337.0772399902344,45.367188,110.07767
1147.548828125,339.9156188964844,40.83838,107.28348
1143.9884033203125,337.640869140625,44.763794,110.21762
1143.0211181640625,336.6419677734375,45.776733,110.82709
2.0,433.27166748046875,76.24296,285.7127
89.34773254394531,2.484091639518738,164.40259,229.63786
2.0,423.8152770996094,76.37013,297.36557
2.0,415.48016357421875,78.96228,305.70068
2.0,408.2441101074219,78.94953,312.93674
2.0,387.79296875,88.209404,333.38788
2.0,410.25927734375,111.438545,310.92157
2.0,405.3739929199219,117.26474,313.0273
2.0,420.942138671875,118.942825,286.38696
2.0,425.54510498046875,123.575455,279.79297
2.0,395.09375,129.24103,313.854
2.0,392.343505859375,138.95346,314.4306
16.35048198699951,416.08343505859375,132.39,292.98743
10.975086212158203,405.3035583496094,144.1501,302.88382
15.151002883911133,409.52520751953125,145.71124,302.29694
49.06277847290039,425.2141418457031,118.984726,283.8566
35.39811706542969,401.61260986328125,134.77637,305.01477
60.00887680053711,418.9566650390625,118.97774,287.78693
11.39242935180664,336.3554382324219,127.02301,283.066
15.248552322387695,334.2571716308594,144.60353,367.40366
9.806177139282227,347.9309387207031,162.7565,363.6016
14.168733596801758,340.1777038574219,156.03499,370.69376
14.910714149475098,343.0573425292969,164.90001,367.6241
16.0568208694458,332.299560546875,162.31534,384.56866
24.216737747192383,335.1532897949219,158.73277,385.93863
32.86914253234863,346.9035949707031,153.98058,373.8185
39.38779830932617,340.370849609375,164.67702,380.81
39.749656677246094,348.23291015625,166.38593,371.54846
47.8905029296875,338.2855529785156,180.17415,382.8953
54.65766906738281,338.8869323730469,192.71358,382.2939
65.530517578125,354.2644958496094,181.83524,366.91635
61.86656951904297,356.801025390625,119.69825,364.37982
72.52975463867188,351.7770690917969,185.03383,369.40378
71.55889129638672,365.2043762207031,191.922,355.97647
79.17935180664062,366.5618896484375,127.45151,354.61896
88.10700988769531,362.9283447265625,163.72124,358.2525
95.24797058105469,357.7659912109375,146.70316,363.41486
96.19173431396484,355.1865539550781,140.64737,363.9738
102.44186401367188,340.797607421875,130.16737,380.38324
110.39176177978516,338.3734130859375,139.0668,382.80743
113.70919799804688,337.106689453125,138.32147,384.07416
111.23221588134766,332.0906982421875,142.02634,389.09015
112.77152252197266,332.62567138671875,150.95871,388.55518
108.74646759033203,329.50360107421875,132.36917,391.67725
107.9194564819336,327.4202575683594,141.50217,393.7606
101.9823989868164,355.3726501464844,168.77216,346.22427
96.78507232666016,347.32025146484375,172.39523,371.33966
96.59632873535156,353.5096740722656,173.54784,360.051
112.75647735595703,368.758056640625,152.30478,326.4148
91.77824401855469,356.89892578125,175.7097,364.28192
91.85723876953125,355.2770080566406,171.7695,365.4694
92.38712310791016,347.30810546875,164.64407,371.06592
93.37408447265625,348.59527587890625,149.72531,372.58557
93.95060729980469,336.6624450683594,144.37723,384.5184
94.38438415527344,351.384521484375,139.68839,369.79633
89.76802825927734,346.8073425292969,145.4726,367.06845
86.29695892333984,353.5550842285156,147.2638,357.74246
80.4442138671875,346.9139099121094,149.48405,363.25333
79.6603012084961,338.9766540527344,145.3671,378.144
70.91498565673828,340.5088195800781,148.22003,380.67203
64.67473602294922,336.48785400390625,123.1105,381.94788
58.065555572509766,336.94281005859375,124.86565,384.23804
54.84668731689453,344.42889404296875,169.34314,376.75195
50.86359405517578,335.8109130859375,119.90812,385.36993
50.77091979980469,345.40869140625,132.36104,375.77216
46.74363708496094,348.0091247558594,145.80376,373.17172
56.60324478149414,338.7954406738281,186.66068,382.3854
53.98951721191406,349.0229187011719,185.65695,372.15793
1086.1961669921875,355.04052734375,83.948975,153.50351
34.022186279296875,331.06329345703125,138.36499,390.11755
39.26038360595703,337.2998046875,157.43875,383.88104
1077.5501708984375,348.5883483886719,91.225586,164.42398
48.64628982543945,335.782470703125,155.8116,385.39838
44.32640838623047,332.8736877441406,149.57358,388.30716
46.48255157470703,347.4698791503906,139.17459,373.71097
39.396053314208984,343.29156494140625,149.84636,377.88928
36.60969161987305,338.55963134765625,148.18848,382.62122
1000.9765625,341.8433532714844,97.62695,167.43512
31.19987678527832,351.516845703125,162.09863,369.664
25.531150817871094,336.0912780761719,137.54669,385.08957
1003.7169189453125,343.8816223144531,89.65344,177.40945
1000.60400390625,344.83905029296875,87.96753,180.99487
994.5728759765625,346.44390869140625,87.45886,181.99359
996.4531860351562,351.9098205566406,81.02875,177.20432
984.2946166992188,349.37567138671875,88.98358,181.41034
979.473388671875,351.6411437988281,85.48889,180.47763
975.0662841796875,351.55517578125,81.65283,183.401
962.6506958007812,344.640625,82.94672,188.11377
970.302490234375,372.0182189941406,64.41577,157.83725
959.7706909179688,370.4530944824219,63.20227,159.8375
934.322998046875,344.5019836425781,80.61957,188.72775
900.1331176757812,341.1683044433594,103.79816,191.79086
890.0891723632812,341.1092529296875,105.3858,190.6485
884.1671752929688,343.1677551269531,104.631714,190.21835
877.3018798828125,348.999755859375,104.54419,188.11383
878.8485717773438,346.2816162109375,93.64905,192.60443
878.372802734375,349.87921142578125,95.268555,190.33704
865.8222045898438,350.5836486816406,105.29285,189.62546
865.4998168945312,350.8530578613281,101.52484,191.90213
860.9361572265625,347.97369384765625,103.581116,197.79877
857.7090454101562,348.3378601074219,103.83893,199.41623
855.44921875,350.18304443359375,105.26373,197.48126
865.1344604492188,357.3113098144531,97.25037,190.03458
855.8399658203125,348.4462585449219,99.031494,199.79349
870.9155883789062,397.6769714355469,80.14801,150.1926
873.2745971679688,407.4855041503906,72.98834,142.73923
33.0103759765625,363.91448974609375,204.49669,357.26636
47.5839729309082,369.1357727050781,185.87743,352.04507
43.0195426940918,364.91168212890625,152.24272,356.26917
47.50099563598633,369.273193359375,157.63821,351.90765
48.65003204345703,357.0339050292969,175.93988,364.14694
56.62841033935547,348.0426940917969,150.2475,373.13815
58.152488708496094,350.532958984375,148.06653,370.6479
61.9417839050293,351.7688903808594,146.11966,369.41196
64.4363021850586,340.0917053222656,146.53827,381.08914
64.29367446899414,340.1186218261719,160.30414,381.06223
72.46500396728516,349.8970947265625,148.99875,371.28375
822.2628173828125,375.6540832519531,95.19757,190.98752
821.14501953125,360.1090393066406,86.614136,209.58707
818.2505493164062,361.9725341796875,82.11011,207.36755
795.6149291992188,358.37432861328125,95.8479,211.85449
774.023681640625,352.691650390625,111.21753,219.70557
762.8941650390625,353.15032958984375,114.700195,219.84906
752.2355346679688,351.18988037109375,114.180664,223.04669
753.2182006835938,351.7724609375,108.94537,221.19012
745.008544921875,353.5796813964844,114.62732,222.26328
740.2152099609375,351.0896911621094,115.17084,227.9625
730.8423461914062,353.0487976074219,122.02161,228.31784
730.3427734375,354.4062805175781,120.71185,226.69992
724.8456420898438,359.5363464355469,124.75549,221.69083
722.2091674804688,359.5962829589844,118.49426,221.64255
718.436279296875,355.0674743652344,115.64545,231.30911
715.0120239257812,351.7344665527344,104.40851,230.63882
707.6946411132812,352.3856201171875,99.14429,234.49426
705.0986938476562,348.54852294921875,91.2052,238.28058
696.1889038085938,353.32574462890625,89.52673,230.67548
686.3065795898438,346.691162109375,93.39081,242.49744
675.565673828125,345.6324157714844,98.3111,245.08725
663.961669921875,358.57159423828125,104.480835,231.57831
661.6688842773438,357.26873779296875,107.20996,233.97131
667.0103149414062,359.3674621582031,107.84747,232.6932
666.0427856445312,360.1263732910156,117.57605,232.5784
666.9690551757812,360.1075439453125,120.059265,234.96393
671.0543823242188,357.0248718261719,120.63507,238.26328
677.3329467773438,351.2832336425781,121.77167,247.87424
680.7882080078125,353.09222412109375,112.93536,243.44214
683.4867553710938,355.7857971191406,108.37775,239.35074
685.0728149414062,347.3746032714844,101.939575,251.79135
683.8262329101562,352.80780029296875,93.89984,245.31293
690.4315795898438,344.2455139160156,83.747314,260.0289
690.2517700195312,354.2684631347656,84.28784,241.78989
682.7208251953125,330.5188903808594,90.296936,274.59238
679.5970458984375,351.3593444824219,88.87244,253.61252
677.1431884765625,345.77447509765625,94.770325,257.31006
665.2804565429688,350.83331298828125,103.47241,254.9809
651.4961547851562,364.50640869140625,116.56348,241.20386
641.9926147460938,364.52667236328125,132.10321,240.74408
637.7734375,368.07183837890625,136.5445,237.25769
637.7698974609375,368.0650329589844,139.64124,240.33908
637.8726196289062,369.9443664550781,140.57367,237.82797
639.47216796875,368.36773681640625,139.14648,241.255
640.1318969726562,374.64593505859375,132.07666,234.63348
649.2055053710938,354.65606689453125,122.27411,256.60663
657.4993896484375,348.71551513671875,109.70459,260.89905
663.229736328125,362.85638427734375,93.805176,242.99506
648.2852783203125,358.4858093261719,90.4317,250.07693
650.2745971679688,363.3936767578125,86.572754,246.3258
425.2969665527344,361.6463317871094,129.93265,356.73
431.1539611816406,342.4845275878906,138.08969,378.69632
438.74346923828125,352.72100830078125,143.78021,361.82678
450.57501220703125,349.71453857421875,155.27527,371.4663
455.56097412109375,346.8669738769531,156.11371,374.31387
464.4918518066406,347.18536376953125,151.11307,373.99548
469.4803771972656,352.7257080078125,148.49991,368.45514
477.5697326660156,348.82928466796875,135.71188,372.35156
484.88323974609375,346.9385986328125,107.43353,372.76843
492.6042175292969,347.77203369140625,130.30338,373.4088
506.13916015625,356.3292236328125,131.73639,362.18408
509.74969482421875,350.8924865722656,118.87274,370.28836
511.22332763671875,361.20977783203125,109.942505,354.42957
522.2836303710938,369.18572998046875,134.0235,351.99512
524.0264282226562,373.4627990722656,137.38849,347.71805
527.9885864257812,373.0730895996094,142.85834,348.10776
530.04833984375,363.0421142578125,133.78015,358.13873
533.4175415039062,372.67803955078125,131.4375,348.5028
536.2686767578125,350.0411071777344,123.105774,371.13974
538.1223754882812,365.0819396972656,127.200134,356.0989
536.8190307617188,360.5152893066406,119.09772,346.1633
532.1761474609375,358.48577880859375,123.5589,362.69507
236.6732635498047,357.9340515136719,127.80586,363.2468
243.13565063476562,361.6855773925781,140.388,359.49527
249.63925170898438,369.2767639160156,155.45029,349.97885
255.22677612304688,375.4090881347656,154.12524,336.9031
263.8717956542969,370.7402038574219,153.81534,346.30466
274.819580078125,373.8483581542969,152.35715,340.2762
291.4437561035156,369.58270263671875,146.50604,343.8977
304.1188049316406,371.02923583984375,134.26602,340.32147
317.80401611328125,368.8370056152344,128.22845,343.65915
335.4541015625,363.34478759765625,118.14096,357.83606
352.88543701171875,364.4584045410156,108.832,347.70023
373.1906433105469,355.3277587890625,103.82199,365.8531
384.0480041503906,364.09210205078125,109.18616,343.9602
396.7391357421875,368.0855712890625,112.75992,333.75702
408.423583984375,370.1404113769531,118.088806,337.68155
417.4117126464844,363.30029296875,118.835175,354.0332
423.9540100097656,372.4615783691406,89.012726,332.13663
428.8074951171875,374.49176025390625,100.12048,326.41925
426.7832946777344,376.5986328125,111.73648,337.97925
440.0464782714844,383.1275329589844,151.36703,318.3135
448.22882080078125,387.7821350097656,166.00897,314.53036
453.2845764160156,383.82586669921875,154.58365,325.66772
651.9505615234375,365.55218505859375,150.37677,349.97046
651.7636108398438,364.9974060058594,155.75323,352.527
651.1618041992188,385.0509338378906,144.01898,331.12125
647.5989990234375,385.92620849609375,144.07831,333.49023
641.6398315429688,375.384765625,143.27124,345.16205
639.6860961914062,373.0586242675781,157.94202,344.56235
641.1575317382812,381.0063171386719,163.08313,335.92007
628.9533081054688,374.782470703125,171.91974,337.10474
633.947509765625,385.1925964355469,159.83942,332.04977
627.6456298828125,368.6505432128906,150.75891,352.5303
624.709716796875,373.12835693359375,144.81049,348.0525
618.4755249023438,373.68353271484375,145.52289,340.55176
615.7958984375,371.417724609375,143.76575,336.36664
613.8019409179688,382.61737060546875,132.17877,333.9254
500.7803039550781,378.80682373046875,125.05014,326.33716
505.7173156738281,384.07501220703125,120.577545,313.1438
511.305908203125,381.2501220703125,113.9176,328.8269
515.4100341796875,380.86151123046875,104.93182,325.80383
521.947265625,376.4561462402344,100.06213,338.9659
525.0857543945312,368.11456298828125,99.45911,347.23505
529.0448608398438,362.3612365722656,90.93567,350.42502
533.281494140625,365.55035400390625,83.83551,344.69495
531.13525390625,371.00714111328125,88.3764,313.6176
532.5977783203125,373.7506408691406,86.0141,290.84464
535.2031860351562,367.6662902832031,90.28784,345.59512
535.7454223632812,369.2175598144531,90.128235,321.87717
588.206787109375,368.138916015625,128.18927,353.04193
591.6981201171875,373.7931823730469,132.34076,344.48087
582.1122436523438,372.64593505859375,141.42181,348.5349
577.2147827148438,370.3915710449219,145.46735,349.57602
559.7406616210938,374.1605224609375,156.66449,345.84064
559.30126953125,375.3304443359375,152.60541,337.6073
551.39990234375,371.51580810546875,150.203,341.57794
548.109619140625,365.86370849609375,169.38788,348.46045
545.0884399414062,364.6083679199219,160.03583,347.90042
539.0575561523438,381.8943176269531,164.77301,328.97678
532.5989990234375,374.1289978027344,140.89673,341.98788
530.121826171875,378.9270324707031,140.68658,339.40768
519.92431640625,372.0216979980469,150.71838,349.15915
511.7368469238281,374.08624267578125,143.95609,347.0946
501.1745300292969,369.87847900390625,156.16196,351.30237
499.6142883300781,376.2680969238281,141.40878,344.91275
487.8146057128906,380.08587646484375,156.35324,332.4745
486.9863586425781,375.521484375,138.10489,340.57538
485.0572509765625,370.0716552734375,140.47101,332.5501
481.1268310546875,377.2795104980469,147.14258,343.90134
476.9153137207031,374.8473205566406,144.3425,338.8749
471.0592956542969,356.3484802246094,154.8411,350.43362
474.0096130371094,362.12786865234375,130.32468,329.00067
468.3315734863281,360.05548095703125,139.7175,337.91693
466.232421875,362.52178955078125,138.90674,341.25415
466.91357421875,363.4429626464844,124.38025,344.9296
462.19305419921875,363.04107666015625,129.63092,342.09888
459.50433349609375,358.4039001464844,123.70221,353.92532
457.1797180175781,359.7647399902344,128.95059,353.67728
452.8988952636719,362.7969055175781,114.3179,358.38394
451.867431640625,364.72515869140625,117.953,349.1626
446.6766662597656,362.4055480957031,122.18753,344.70932
444.1552734375,365.79339599609375,125.187805,339.36536
442.38037109375,363.1210021972656,124.89734,350.20627
441.8995056152344,359.8751220703125,122.28415,361.30573
442.0789794921875,354.2857666015625,120.249084,366.89508
440.94140625,350.181884765625,119.99249,361.1828
441.7126159667969,363.1404724121094,120.22934,356.9418
436.3114929199219,346.7452697753906,124.089874,368.5394
432.8819885253906,354.18267822265625,127.12326,351.80823
431.13397216796875,355.07275390625,129.93073,338.10962
426.3762512207031,346.1097717285156,142.8829,367.5687
419.0203857421875,343.2451171875,156.40558,377.93573
415.4246520996094,332.859130859375,157.3624,387.9516
417.1919860839844,306.13824462890625,152.0286,415.0426
414.1391906738281,307.2096862792969,139.89774,413.97116
404.0188903808594,333.2518005371094,135.12766,387.92905
402.83746337890625,326.378173828125,135.21643,394.80267
395.2771911621094,339.5942687988281,134.78958,375.70273
389.9017028808594,313.6452331542969,132.50388,405.01462
386.7589111328125,343.8365478515625,134.2525,353.91443
385.01348876953125,312.8662109375,130.76202,408.31464
375.9328308105469,331.9161376953125,133.28888,385.42108
373.09735107421875,321.06036376953125,132.49954,400.12048
369.8217468261719,331.2241516113281,134.60443,389.9567
367.4373779296875,344.0983581542969,148.80542,364.94803
360.9872741699219,345.7388916015625,158.8909,361.06458
358.8893127441406,349.2051696777344,158.47366,358.9152
354.3919677734375,301.5331115722656,151.55789,410.11484
344.7088928222656,301.71307373046875,148.84598,414.7989
340.9095764160156,317.8858947753906,153.89328,403.29495
337.3871154785156,318.7252197265625,150.11777,402.45563
339.0343017578125,298.5096740722656,154.77441,422.67117
331.5396423339844,323.1086120605469,147.3999,398.07224
326.8773498535156,319.08111572265625,148.94058,395.78918
325.4725036621094,313.5388488769531,142.13745,407.642
324.7979736328125,328.3009338378906,136.67917,376.56314
324.20037841796875,329.4118957519531,141.62405,379.6835
321.30584716796875,334.35113525390625,137.36786,364.03143
321.38995361328125,331.21112060546875,138.87866,377.8811
321.8310241699219,327.3260803222656,135.81924,380.83127
322.17926025390625,329.47412109375,135.60748,382.95068
321.9332580566406,322.6025085449219,139.79352,390.741
327.3098449707031,318.4141540527344,139.4848,376.16592
329.6480407714844,329.27117919921875,142.38068,344.2259
333.7778015136719,321.7376708984375,136.66,351.5321
334.4827880859375,309.5835266113281,143.60507,360.2385
339.98675537109375,311.0541076660156,150.3421,399.99625
343.27410888671875,314.76068115234375,152.99948,388.77814
344.1886901855469,303.7739562988281,151.82068,417.4069
347.9764709472656,311.5390625,152.53882,385.5243
354.3716735839844,287.808837890625,144.84439,427.09113
353.7265930175781,311.3118896484375,143.11188,409.86896
360.8766174316406,297.4393310546875,131.55746,422.40735
360.9747009277344,294.591064453125,134.2602,426.58978
366.84197998046875,294.1039123535156,134.47394,427.07693
371.88665771484375,312.1114501953125,132.6655,398.1632
375.08404541015625,278.5487060546875,136.60275,442.63214
379.6209411621094,307.9051818847656,137.68149,413.27567
386.8466796875,314.0749816894531,134.71747,400.71188
394.63116455078125,279.740234375,133.13153,441.4406
401.05029296875,306.12725830078125,135.7149,415.0536
404.4440002441406,283.6941833496094,136.42728,434.40506
412.62408447265625,273.9084167480469,140.18225,447.27243
418.0638732910156,267.15521240234375,135.18509,454.02563
417.28143310546875,293.3643798828125,132.08612,427.81647
431.78094482421875,283.0494384765625,132.53131,438.1314
435.42340087890625,254.45660400390625,146.12708,465.31104
436.6336975097656,272.5234680175781,140.28171,435.35806
443.2928161621094,289.4444885253906,118.15512,402.29733
452.2581481933594,285.6221008300781,145.03116,413.08755
453.8157043457031,284.3851318359375,125.44754,366.27063
457.6851501464844,288.51898193359375,122.60977,346.50354
471.8947448730469,306.6609191894531,132.15158,404.02408
480.4727478027344,293.18365478515625,120.59738,427.9972
483.81109619140625,308.633544921875,122.77911,396.81952
489.4855041503906,298.1309814453125,136.88327,423.04987
496.3556213378906,306.7005920410156,127.7576,404.4366
507.6319274902344,303.6951599121094,148.45688,410.12692
514.5383911132812,300.3685607910156,140.992,408.01578
516.01318359375,286.113037109375,143.26965,423.33295
497.8541259765625,298.1092834472656,135.62177,423.07156
528.9505004882812,292.2239074707031,131.40448,428.95694
537.6267700195312,275.94647216796875,134.48688,381.42328
543.690185546875,285.86834716796875,133.83557,419.38354
545.1433715820312,268.85260009765625,143.3902,402.98053
545.3817749023438,243.83468627929688,150.20557,477.34616
557.8226318359375,260.5924987792969,134.40167,460.58835
565.175048828125,258.7423095703125,122.94641,462.30536
565.307861328125,244.6311798095703,128.46063,468.89752
569.3917236328125,279.9383239746094,122.300476,422.15396
573.3040161132812,276.7452392578125,120.65857,428.50812
575.6810302734375,260.6901550292969,126.22644,452.10306
577.2167358398438,252.83950805664062,129.33612,468.34134
575.1871337890625,243.7333526611328,133.04517,477.4475
586.5328979492188,266.9500427246094,173.22144,454.2308
586.7626342773438,278.4046630859375,138.65991,439.44537
591.8866577148438,274.5675964355469,146.27704,439.934
593.0654296875,265.46624755859375,147.39368,455.7146
587.8118896484375,235.9263153076172,159.85327,485.25452
596.4118041992188,235.44664001464844,148.23767,485.7342
606.7467651367188,234.2865753173828,125.59338,474.82428
610.9165649414062,242.87779235839844,125.99158,459.82623
611.7258911132812,251.05116271972656,128.13556,462.5354
613.3898315429688,256.35630798339844,111.02557,450.28534
618.1995239257812,261.4547119140625,135.60052,459.72614
626.5880737304688,316.09197998046875,141.35321,405.08887
627.9614868164062,383.8051452636719,142.21893,335.16983
618.442626953125,252.99560546875,113.585815,459.4253
613.8027954101562,259.2909240722656,126.739136,456.08963
615.1424560546875,248.96884155273438,134.73749,469.87155
610.1996459960938,260.2535095214844,148.83112,460.23825
612.591552734375,266.6695861816406,136.30835,445.32956
615.1473999023438,261.7137145996094,132.05719,448.49454
620.6312866210938,260.8896789550781,133.79199,460.29117
625.3629150390625,247.26876831054688,157.63654,473.91208
630.1587524414062,280.7663879394531,131.22919,428.96036
630.6310424804688,287.0780334472656,124.02063,407.42654
623.8943481445312,280.5686340332031,134.69849,365.19205
619.2454833984375,285.0102844238281,135.89838,351.06046
606.4208984375,271.13641357421875,158.66577,344.0133
635.7135009765625,280.71124267578125,134.91638,385.95563
642.2926635742188,337.81414794921875,131.07635,383.3667
653.674560546875,243.81674194335938,129.4768,477.3641
654.9031372070312,249.1616973876953,131.6759,472.01917
650.1773681640625,256.39312744140625,144.17822,464.78772
650.3431396484375,258.1449279785156,140.28119,460.58298
649.1040649414062,262.7467346191406,152.10248,458.4341
647.3822631835938,265.3670959472656,147.16718,455.81375
644.6961669921875,235.0443572998047,152.73883,486.13647
640.8859252929688,267.29180908203125,158.0813,453.88904
639.6275024414062,269.98577880859375,154.22913,451.19507
651.2359008789062,292.96795654296875,156.04425,402.32025
641.2703247070312,253.9937286376953,163.53815,467.18713
650.6807250976562,280.40679931640625,150.98633,440.77405
650.5473022460938,281.24859619140625,146.59052,433.68774
653.6156616210938,280.0503234863281,135.97723,441.13052
659.3341064453125,276.0282897949219,122.84381,441.92685
662.339599609375,255.87562561035156,119.57654,463.53204
662.43701171875,267.4259948730469,113.88214,440.2288
662.2067260742188,259.97802734375,110.25806,461.20282
667.7794189453125,300.2096862792969,123.65729,410.45712
664.5916748046875,276.1004333496094,139.76385,445.0804
663.1950073242188,288.5831604003906,133.25043,431.42477
666.0195922851562,288.2298889160156,135.93097,432.95096
659.3170166015625,311.8814392089844,156.56238,409.2994
667.8833618164062,320.9539489746094,137.73041,400.2269
663.7802124023438,318.958984375,133.05493,402.22186
661.1010131835938,325.3388366699219,144.27655,395.842
662.1470947265625,318.5054626464844,127.28027,402.67538
660.7462158203125,301.7384338378906,151.23279,419.4424
664.6201171875,322.0621337890625,140.34924,399.1187
672.01953125,317.20416259765625,142.02551,403.97668
676.5582275390625,312.7501220703125,121.745605,405.45917
684.1705322265625,307.1949157714844,120.51288,413.98593
687.1178588867188,308.15411376953125,117.94049,393.57965
676.5975341796875,294.7695617675781,129.44409,426.4113
680.4950561523438,293.7363586425781,129.59601,427.4445
691.2100830078125,286.0403747558594,125.32922,435.14047
692.8896484375,292.3348388671875,128.302,427.73193
693.2514038085938,282.94757080078125,133.18597,431.1223
693.639892578125,293.4860534667969,140.1919,425.86655
692.117919921875,283.354736328125,142.5556,436.0194
689.1369018554688,288.2237548828125,142.40656,431.59216
689.5245361328125,295.99407958984375,146.98877,416.94202
688.7011108398438,280.1551513671875,144.59265,441.0257
689.2098388671875,309.0848388671875,144.35297,412.096
687.452392578125,288.9358215332031,148.41034,430.9761
688.9706420898438,312.2369384765625,143.55048,408.9439
687.1698608398438,275.6099853515625,151.57794,445.57086
690.572509765625,299.2214660644531,134.35968,421.95938
690.0709228515625,296.7669677734375,129.89734,424.41388
685.9860229492188,296.7814636230469,138.67755,424.39938
688.8374633789062,292.252197265625,125.75995,428.92865
689.642822265625,291.5966491699219,122.003235,414.0662
689.5615844726562,289.50042724609375,118.32495,415.65375
690.6595458984375,295.4328308105469,116.826294,421.63724
693.238037109375,296.589599609375,129.07281,424.59125
691.7393188476562,286.50616455078125,136.24347,434.67468
693.0625,286.7812805175781,139.54633,434.39957
685.5486450195312,281.1724548339844,116.805725,437.12344
687.057861328125,283.0616455078125,128.06207,438.1192
683.629638671875,284.3390197753906,129.83398,436.84183
680.4620971679688,289.97515869140625,153.40692,431.2057
676.6275634765625,285.4429931640625,157.5404,435.73785
673.3531494140625,283.47650146484375,173.99384,437.70435
692.1898803710938,293.65167236328125,143.8836,417.79645
695.462646484375,281.1003112792969,138.67859,440.08054
688.9724731445312,287.43365478515625,140.47144,433.7472
684.2852783203125,288.27398681640625,129.9129,432.90686
698.7479858398438,296.082275390625,121.472046,400.1751
699.9771118164062,279.80267333984375,121.0199,441.37817
699.9103393554688,278.0540466308594,128.0094,443.1268
702.172119140625,283.25250244140625,129.04498,424.76996
700.4842529296875,280.861328125,137.34729,440.31952
700.9610595703125,276.92578125,144.65417,444.25507
705.1043701171875,276.46075439453125,142.74335,433.73993
704.43212890625,284.89276123046875,144.78967,421.27228
701.3539428710938,292.8628845214844,145.24396,421.6967
696.981689453125,282.83526611328125,150.07025,438.34558
691.7858276367188,276.4120788574219,163.94641,444.76877
687.8028564453125,276.3477783203125,161.73853,444.83307
685.0408325195312,270.1405944824219,161.87634,451.04025
682.9075927734375,279.09588623046875,163.06781,442.08496
680.7586669921875,270.5060729980469,160.82416,450.67477
686.56982421875,272.79925537109375,141.69873,446.1502
688.4342651367188,271.38702392578125,142.11884,449.79382
687.9266357421875,274.8603820800781,135.34967,446.32047
689.237548828125,276.2558288574219,122.53894,436.79092
688.35009765625,275.6976013183594,116.8562,429.71945
686.79736328125,278.6385803222656,112.62793,424.12704
682.2273559570312,272.63690185546875,111.54932,445.02826
680.1627197265625,263.39111328125,102.73633,457.78973
683.333740234375,269.9385681152344,118.06793,451.24228
677.5828857421875,301.1827697753906,138.281,409.7316
673.8203125,257.130859375,118.760315,464.05
671.5641479492188,272.0439453125,129.58655,449.1369
664.8113403320312,271.5934143066406,118.89783,449.58743
656.2472534179688,273.94952392578125,127.8194,447.23132
652.3094482421875,267.78271484375,132.83026,453.39813
639.0135498046875,463.70263671875,179.85223,250.893
628.906494140625,467.96441650390625,187.70703,248.18854
627.8623657226562,466.05072021484375,184.00604,252.18182
641.2554931640625,456.7347717285156,177.37488,264.44608
653.021240234375,262.2998352050781,133.94592,458.881
656.7854614257812,272.5762939453125,111.803345,448.60455
657.4418334960938,274.67242431640625,112.64502,441.0564
655.4161376953125,274.16278076171875,112.4682,391.70667
650.412841796875,272.8933410644531,115.63965,439.8107
635.78466796875,262.2441101074219,134.28162,458.93674
647.0482788085938,268.3284606933594,124.06061,435.33267
641.4234008789062,246.2402801513672,129.42084,474.94055
643.5547485351562,269.11590576171875,130.87982,452.06494
636.2805786132812,268.19342041015625,135.03284,452.98743
635.1080322265625,279.8883056640625,134.3186,441.29254
627.3929443359375,267.91064453125,124.36401,450.23193
624.1206665039062,266.8099670410156,139.58325,442.8729
620.586669921875,265.89056396484375,150.73212,445.15997
614.9110717773438,267.6466979980469,120.95105,387.53745
615.1365356445312,275.0321044921875,137.22113,395.26343
611.2570190429688,271.6847229003906,128.943,382.7465
610.460693359375,258.8341979980469,153.96588,446.69553
610.5159912109375,260.48699951171875,147.44702,457.30353
606.7822265625,268.0015869140625,127.84448,424.49152
607.8316650390625,271.74658203125,123.56293,449.43427
583.1387939453125,208.15789794921875,140.7052,513.02295
594.289306640625,258.7065124511719,115.55115,462.47433
600.7750854492188,262.00921630859375,109.66235,444.03107
597.9417114257812,247.89418029785156,117.35834,462.8047
597.9578247070312,261.0963134765625,114.209045,460.08453
593.457275390625,271.37652587890625,124.22858,449.80432
586.384765625,262.2482604980469,133.23969,455.07095
586.3349609375,263.5260009765625,115.89874,457.65485
575.9400634765625,253.32362365722656,112.4527,467.85724
569.9544067382812,261.0163269042969,117.603455,450.02823
564.802734375,271.6286926269531,118.138855,448.00504
563.999755859375,271.1433410644531,125.934265,434.1069
561.8497924804688,273.0212707519531,129.49316,434.50034
537.3949584960938,456.5426025390625,191.6499,263.90442
539.4905395507812,460.8300476074219,185.99054,258.32596
530.7294921875,471.5,186.87238,247.07336
550.6083984375,448.2227783203125,164.16217,265.82623
558.9844970703125,276.8131408691406,114.37805,421.3535
563.9490356445312,267.5806579589844,103.22772,423.9824
555.3681640625,267.2592468261719,106.07123,393.59433
535.71875,270.6445007324219,126.79755,450.53635
534.0302124023438,261.754150390625,126.28351,459.4267
536.224365234375,397.699462890625,124.207886,323.48138
548.7776489257812,468.94085693359375,96.87244,249.33331
550.336669921875,441.75238037109375,101.29651,279.42847
536.7820434570312,261.87554931640625,132.47333,446.46497
529.253662109375,258.37762451171875,130.83533,446.5741
524.3576049804688,266.1063232421875,146.13306,426.3161
516.545654296875,270.3741149902344,158.68,417.1605
510.46441650390625,249.17623901367188,152.6795,472.0046
510.6354675292969,260.7802429199219,125.931854,435.62064
500.8623352050781,257.11700439453125,132.23361,453.2473
503.94012451171875,267.4806213378906,131.94171,406.40372
500.1383972167969,267.2373046875,130.74515,386.47717
501.49658203125,245.41397094726562,133.86652,475.76688
493.7436828613281,241.1195068359375,132.215,480.06134
481.26800537109375,237.25267028808594,134.68243,483.92816
478.5320739746094,241.34303283691406,125.38278,479.83783
481.05450439453125,318.6864929199219,106.152954,395.06857
487.9632568359375,254.85101318359375,104.77826,463.45453
484.9602966308594,244.3863525390625,107.851105,469.30658
478.5774230957031,291.2666320800781,128.98874,426.72598
479.44171142578125,410.8663024902344,130.87933,310.31454
475.8398132324219,442.07269287109375,146.56503,279.083
472.24542236328125,445.2827453613281,153.93579,268.65445
472.6197509765625,441.93524169921875,169.48883,279.2456
488.94708251953125,458.51708984375,186.91351,257.1222
456.4654541015625,440.81121826171875,179.2207,271.73682
434.6200256347656,395.66302490234375,174.96957,325.51782
438.32757568359375,434.4881591796875,227.35217,286.6927
493.2330017089844,455.874267578125,166.24734,262.719
447.42999267578125,431.8362731933594,184.52014,271.94717
483.3241882324219,464.75927734375,151.35324,248.42188
396.92413330078125,438.214599609375,173.92639,278.87274
401.3404846191406,444.1193542480469,183.39108,277.0615
399.9739685058594,541.51611328125,165.18369,176.65045
407.7120056152344,522.3888549804688,165.2565,193.97662
418.09698486328125,486.97314453125,154.88977,229.5149
431.1214294433594,353.817626953125,139.42795,365.66254
440.0483093261719,328.3424987792969,128.3182,392.83835
442.53839111328125,338.9309997558594,122.615845,375.40884
435.3581237792969,257.75225830078125,119.21701,447.36566
430.793212890625,260.499267578125,110.31854,436.36224
423.09869384765625,318.26495361328125,141.07935,392.10846
422.2303771972656,249.35337829589844,141.03659,471.82745
415.0941467285156,255.56356811523438,117.70816,428.07108
411.9895935058594,247.0316162109375,118.97568,395.61353
411.0688171386719,248.95021057128906,123.38785,422.9798
408.7829895019531,246.35401916503906,133.82248,408.6714
407.0989990234375,249.10313415527344,125.459045,410.25128
405.78955078125,253.81907653808594,137.77301,441.38867
405.7499694824219,239.91815185546875,142.16129,481.2627
405.8425598144531,243.0146026611328,136.84421,476.1604
394.5436096191406,468.2127380371094,121.95157,241.35648
407.0456848144531,465.9972229003906,96.00162,242.30905
408.3626403808594,430.6246643066406,110.012115,290.55618
412.8719482421875,445.15771484375,102.66101,272.35504
412.57757568359375,421.6922607421875,130.73767,293.18933
408.7731018066406,425.8673095703125,134.39243,295.31354
414.3975524902344,425.79547119140625,136.11197,293.96747
404.2058410644531,367.94195556640625,153.16043,353.2389
401.3032531738281,401.9737243652344,166.7836,319.20712
444.1017761230469,434.3690185546875,162.41068,283.96527
427.0924987792969,441.18023681640625,184.4346,270.53662
417.4273681640625,435.1142883300781,189.94806,277.99594
431.69329833984375,435.745849609375,173.20917,277.9355
424.32281494140625,416.82208251953125,182.82367,304.35876
442.78509521484375,436.8337097167969,158.44373,283.55496
446.2760925292969,474.37408447265625,145.9631,242.94257
431.2502746582031,426.2955322265625,147.78207,292.17365
420.6486511230469,434.609375,154.21469,284.0428
350.6072692871094,449.24920654296875,186.18503,270.81805
356.72894287109375,495.7216491699219,189.72632,214.45901
364.38665771484375,512.4949340820312,177.6626,201.92206
374.9303283691406,494.2104187011719,162.40756,224.80453
390.79302978515625,439.3736267089844,140.96313,275.28775
402.52313232421875,446.9667053222656,115.632935,271.77963
406.81536865234375,418.7304382324219,104.59885,302.4504
396.9740295410156,409.4084777832031,109.54663,311.77237
395.0298767089844,421.5207214355469,118.43268,293.15506
389.46734619140625,422.1371154785156,152.37915,299.04373
390.65203857421875,431.1988830566406,157.98352,287.32333
382.41522216796875,441.6938171386719,178.92072,270.97653
374.102783203125,434.14031982421875,182.75793,284.62384
366.79193115234375,449.12457275390625,183.42975,263.406
360.3902282714844,441.61798095703125,190.63748,276.32025
359.6650390625,423.6260070800781,168.22607,293.1091
351.6897277832031,434.79937744140625,171.37125,278.71393
356.6714172363281,474.6563720703125,161.24826,237.8667
362.9697265625,448.87139892578125,134.46198,259.0086
372.3951110839844,462.1309814453125,115.875824,246.74231
373.4400634765625,446.1387634277344,110.533844,264.37967
378.4276428222656,417.3464660644531,127.8934,299.88443
376.10382080078125,401.2232971191406,134.6246,319.95755
381.5638732910156,379.77349853515625,137.25198,341.40735
392.63604736328125,383.944091796875,129.33008,337.23676
410.9007568359375,363.2369079589844,126.45007,357.94394
379.50823974609375,385.6158447265625,165.29669,335.565
351.5376281738281,284.8720703125,216.47696,436.30878
344.6349182128906,276.5152893066406,229.67215,444.66556
331.31732177734375,275.4056701660156,240.39014,445.77518
346.902099609375,257.2236022949219,217.60376,463.95724
442.9765930175781,480.65142822265625,149.54843,239.8858
423.260498046875,443.6427307128906,150.93005,271.8884
413.9612121582031,440.6458435058594,151.91043,276.82693
412.0619812011719,433.4550476074219,146.57169,284.2051
289.1290588378906,427.8804016113281,139.47351,286.25058
294.69415283203125,510.8500061035156,168.8157,204.72665
299.188232421875,517.3209838867188,155.59286,195.99725
313.2648620605469,502.8363952636719,194.0426,213.22495
325.5256652832031,492.35223388671875,175.19647,224.71869
339.429931640625,446.9984130859375,153.82047,270.31805
349.3866882324219,429.2264709472656,131.88867,291.95438
362.65582275390625,412.59564208984375,105.01868,308.5852
357.6189880371094,390.9867858886719,104.40518,330.19406
351.0926513671875,406.4088439941406,120.747345,308.89474
