0.03675485
0.01438141
0.01428175
0.01434278
0.01428652
0.01517987
0.01548195
0.01495218
0.01453280
0.01459479
0.01435566
0.01427293
0.01447916
0.01428366
0.01444650
0.01445174
0.01454163
0.01445818
0.01434040
0.01435471
0.01429129
0.01464438
0.01470017
0.01472211
0.01548171
0.01538563
0.01528740
0.01504636
0.01480484
0.01437616
0.01456952
0.01429343
0.01432037
0.01433659
0.01498747
0.01505017
0.01524639
0.01729655
0.01490140
0.01446700
0.01437640
0.01434875
0.01446772
0.01433825
0.01438093
0.01433492
0.01452899
0.01436400
0.01435423
0.01443553
0.01434684
0.01434278
0.01433730
0.01435184
0.01468849
0.01471376
0.01473379
0.01478195
0.01476908
0.01477170
0.01474881
0.01460624
0.01437664
0.01434064
0.01432991
0.01437402
0.01430130
0.01458001
0.01464176
0.01442409
0.01432705
0.01430964
0.01435041
0.01433921
0.01435924
0.01441216
0.01438451
0.01465201
0.01458383
0.01452494
0.01468134
0.01445651
0.01439738
0.01430392
0.01429272
0.01447773
0.01447868
0.01444745
0.01452947
0.01450562
0.01452446
0.01433706
0.01432467
0.01436257
0.01432920
0.01432204
0.01434803
0.01430798
0.01460958
0.01442575
0.01443744
0.01457524
0.01437974
0.01441383
0.01429963
0.01429939
0.01471305
0.01503921
0.01949906
0.01597834
0.01482677
0.01480341
0.01440024
0.01446223
0.01427460
0.01430416
0.01429248
0.01442027
0.01453710
0.01456475
0.01450276
0.01455998
0.01444936
0.01438665
0.01426458
0.01430583
0.01428628
0.01464915
0.01429319
0.01467180
0.01460481
0.01456308
0.01462388
0.01470065
0.01427460
0.01427531
0.01428533
0.01428938
0.01430225
0.01427889
0.01444554
0.01443815
