0.03571677
0.01451325
0.01446557
0.01443243
0.01442003
0.01443172
0.01480627
0.01478934
0.01455140
0.01474833
0.01481247
0.01483846
0.01488161
0.01515579
0.01544261
0.01568079
0.01525068
0.01512885
0.01457644
0.01451015
0.01443934
0.01443839
0.01444650
0.01445675
0.01447296
0.01443291
0.01445198
0.01444602
0.01443744
0.01480699
0.01479673
0.01482892
0.01481223
0.01480007
0.01502252
0.01469302
0.01455617
0.01442051
0.01443982
0.01442218
0.01444650
0.01443172
0.01450586
0.01450920
0.01471376
0.01489568
0.01484609
0.01463771
0.01460934
0.01446271
0.01478696
0.01449323
0.01477623
0.01470280
0.01447845
0.01454973
0.01443863
0.01445508
0.01446009
0.01451492
0.01445007
0.01568317
0.01504970
0.01481509
0.01486349
0.01469994
0.01459861
0.01460290
0.01451850
0.01451302
0.01523781
0.01504183
0.01455426
0.01466966
0.01447296
0.01446867
0.01469970
0.01443863
0.01442218
0.01470423
0.01477909
0.01488447
0.01463771
0.01452947
0.01467013
0.01451659
0.01459980
0.01501298
0.01557803
0.01533890
0.01475835
0.01457667
0.01460004
0.01470518
0.01462293
0.01474404
0.01473737
0.01448154
0.01487064
0.01489639
0.01463413
0.01456809
0.01445913
0.01442528
0.01453066
0.01451302
0.01445174
0.01442838
0.01473188
0.01445818
0.01485634
0.01465702
0.01494503
0.01471210
0.01456618
0.01462150
0.01454377
0.01445436
0.01465774
0.01441908
0.01441169
0.01443172
0.01466751
0.01458788
0.01476836
0.01448655
0.01479983
0.01514578
0.01479030
0.01480150
0.01483941
0.01443577
0.01488018
0.01475954
0.01461697
0.01463819
0.01442480
0.01473403
0.01470256
0.01808548
0.01522493
0.01537967
0.01520991
0.01502109
0.01458979
0.01474357
0.01461601
0.01443172
0.01443219
0.01443028
0.01448631
0.01451397
0.01475239
0.01455569
0.01457381
0.01485634
0.01459932
0.01442337
0.01441741
0.01444387
0.01451826
0.01441622
0.01442695
0.01444006
0.01462555
0.01446939
0.01487637
0.01486754
0.01454830
0.01462817
0.01455331
0.01444697
0.01442480
0.01481533
0.01448750
0.01473689
0.01487923
0.01460028
0.01457548
0.01458383
0.01460910
0.01456738
0.01449680
0.01449084
0.01442337
0.01471996
0.01482511
0.01479578
0.01478910
0.01463962
0.01452994
0.01447320
0.01485515
0.01450515
0.01447272
0.01496124
0.01503134
0.01502204
0.01467586
0.01475835
0.01508021
0.01483941
0.01445341
0.01447630
0.01444221
0.01440477
0.01473093
0.01460338
0.01453614
0.01472497
0.01451802
0.01446366
0.01443529
0.01442671
0.01454163
0.01464701
0.01446009
0.01448607
0.01440930
0.01442695
0.01499605
0.01447487
0.01437473
0.01443052
0.01444530
0.01442051
0.01493669
0.01474977
0.01452470
0.01440978
0.01441979
0.01442242
0.01442289
0.01447082
0.01457167
0.01495361
0.01450992
0.01479459
0.01462317
0.01477957
0.01467729
0.01443696
0.01440620
0.01470494
0.01462913
0.01455522
0.01445103
0.01441836
0.01442480
0.01478624
0.01468301
0.01462674
0.01479936
0.01454377
0.01453137
0.01442885
0.01483679
0.01483345
0.01470423
0.01465631
0.01455951
0.01455045
0.01443243
0.01445770
0.01443887
0.01456165
0.01508069
0.01453042
0.01442933
0.01444769
0.01457858
0.01448536
0.01443315
0.01478815
0.01482081
0.01471829
0.01444197
0.01492620
0.01460290
0.01463819
0.01479387
0.01479888
0.01483870
0.01479268
0.01452732
0.01485896
0.01486874
0.01461387
0.01445460
0.01444793
0.01479220
0.01482439
0.01473689
0.01449251
0.01494861
0.01477027
0.01464128
0.01455426
0.01452994
0.01443958
0.01442528
0.01461291
0.01481533
0.01518106
0.01520634
0.01512480
0.01469636
0.01453805
0.01442456
0.01444960
0.01461411
0.01483727
0.01487470
0.01449776
0.01443028
0.01455235
0.01452851
0.01907206
0.01492977
0.01454806
0.01445103
0.01444554
0.01449871
0.01444030
0.01444197
0.01441240
0.01449656
0.01457715
0.01490259
0.01495075
0.01466227
0.01452327
0.01449752
0.01442933
