0.03207350
0.01657128
0.01647305
0.01632428
0.01638699
0.01629639
0.01529598
0.01530814
0.01550174
0.01790786
0.01549053
0.01537156
0.01533079
0.01540852
0.01533937
0.01549435
0.01543307
0.01553202
0.01583815
0.01594973
0.01571679
0.01793742
0.01565647
0.01567864
0.01550174
0.01550055
0.01555014
0.01573801
0.01559258
0.01584768
0.01586127
0.01591516
0.01591468
0.01793194
0.01568151
0.01580977
0.01605630
0.01595330
0.01594996
0.01580262
0.01577306
0.01584792
0.01597047
0.01611400
0.01610923
0.01811600
0.01596928
0.01617932
0.01617742
0.01618624
0.01619935
0.01620722
0.01611757
0.01610923
0.01601648
0.01595736
0.01797843
0.01665998
0.01600432
0.01608372
0.01616120
0.01611733
0.01611304
0.01620102
0.01611066
0.01609540
0.01636291
0.01629448
0.01688790
0.01629257
0.01628399
0.01623797
0.01633811
0.01624274
0.01625943
0.01620793
0.01617742
0.01612854
0.01600003
0.01616883
0.01622653
0.01605916
0.02020836
0.01628780
0.01594448
0.01573277
0.01586580
0.01585746
0.01576591
0.01579642
0.01574874
0.01569128
0.01570725
0.01588583
0.01593852
0.01579905
0.01588678
0.01566672
0.01560807
0.01584506
0.01590371
0.01572371
0.01571608
0.01582384
0.01570082
0.01591039
0.01586914
0.01557875
0.01555991
0.01573825
0.01576829
0.01559019
0.01570964
0.01570368
0.01576209
0.01572967
0.01573753
0.01576924
0.01574969
0.01602149
0.01593375
0.01599264
0.01587391
0.01599765
0.01590919
0.01595736
0.01607847
0.01626372
0.01610589
0.01602554
0.01600480
0.01603341
0.01614189
0.01613665
0.01593518
0.01602960
0.01598310
0.01609087
0.01616359
0.01603317
0.01616120
0.01597071
0.01612020
0.01606131
0.01608014
0.01608396
0.01597977
0.01597261
0.01596928
0.01604819
