0.03698182
0.01628971
0.01626110
0.01626754
0.01636004
0.01560521
0.01527929
0.01527119
0.01529717
0.01530075
0.01530933
0.01530790
0.01532197
0.01538730
0.01533151
0.01533771
0.01537395
0.01528168
0.01530623
0.01526594
0.01547790
0.01562405
0.01574016
0.01538086
0.01550221
0.01542425
0.01540661
0.01542187
0.01567078
0.01549411
0.01579261
0.01550841
0.01545477
0.01575375
0.01564264
0.01564193
0.01573229
0.01554918
0.01542425
0.01557589
0.01539660
0.01564002
0.01547432
0.01553583
0.01550078
0.01548147
0.01541591
0.01540852
0.01543713
0.01542425
0.01557350
0.01591563
0.01592755
0.01552224
0.01556396
0.01545095
0.01536942
0.01545119
0.01551342
0.01542902
0.01542974
0.01554561
0.01747823
0.01549339
0.01554203
0.01537609
0.01535368
0.01532292
0.01535606
0.01538563
0.01529288
0.01522851
0.01526260
0.01531672
0.01532769
0.01530933
0.01533055
0.01533914
0.01532698
0.01531339
0.01517820
0.01519465
0.01518345
0.01519036
0.01521277
0.01538587
0.01529813
0.01528096
0.01515245
0.01523876
0.01517653
0.01520658
0.01540923
0.01542854
0.01525259
0.01522493
0.01526380
0.01540446
0.01535559
0.01538348
0.01561522
0.01541972
0.01560616
0.01549006
0.01538992
0.01539826
0.01534104
0.01556563
0.01602221
0.01626110
0.01553178
0.01577020
0.01562047
0.01548529
0.01546764
0.01544905
0.01542163
0.01523256
0.01542401
0.01533699
0.01525712
0.01527548
0.01549125
0.01537299
0.01535749
0.01525974
0.01524925
0.01521754
0.01527357
0.01521635
0.01524234
0.01521254
0.01521730
0.01520991
0.01532912
0.01526523
0.01527762
0.01536036
0.01532912
0.01537871
0.01544189
0.01549816
0.01550674
0.01546335
0.01560497
0.01567507
0.01567984
0.01553941
0.01554465
0.01561260
0.01567054
0.01569152
0.01566815
0.01565027
0.01577544
0.01579452
0.01591444
0.01589465
0.01589036
0.01603794
0.01608276
0.01586485
0.01621008
0.01591420
0.01581240
0.01592851
0.01613879
0.01620722
0.01611567
0.01588941
0.01574206
0.01595259
0.01593494
0.01573586
0.01572704
0.01572371
0.01572561
0.01571274
0.01569033
0.01566243
0.01568985
0.01579070
0.01586747
0.01614523
0.01611876
0.01594925
0.01626086
0.01609039
0.01593542
0.01592374
0.01587987
0.01570678
0.01582170
0.01602340
0.01598287
0.01586819
0.01602936
0.01598763
0.01604199
0.01603580
0.01574850
0.01569891
0.01562476
0.01568675
0.01561928
0.01587081
0.01568437
0.01569629
0.01569390
0.01567316
0.01567888
0.01567340
0.01566005
0.01568532
0.01566434
0.01588082
0.01589155
0.01571059
0.01561975
0.01547837
0.01547265
0.01553154
0.01626801
0.01578689
0.01559687
0.01571965
0.01560783
0.01535225
0.01545715
0.01543260
0.01550508
0.01546073
0.01846147
0.01545858
0.01525927
0.01521850
0.01519346
0.01511192
0.01518369
0.01518941
0.01519012
0.01539159
0.01527047
0.01546574
0.01543570
0.01536846
0.01537466
0.01547217
0.01533318
0.01534677
0.01553321
0.01545000
0.01548171
0.01560092
0.01555896
0.01564550
0.01544905
0.01557159
0.01558328
0.01580572
0.01579738
0.01575160
0.01575279
0.01588607
0.01577568
0.01579285
0.01587081
0.01588607
0.01567626
0.01587772
0.01585150
0.01577902
0.01606488
0.01600409
0.01587319
0.01593685
0.01595068
0.01583815
0.01593184
0.01633835
0.01635766
0.01597309
0.01574349
0.01579142
0.01568055
0.01556754
0.01551771
0.01547790
0.01546741
0.01551890
0.01547360
0.01545286
0.01527047
0.01524115
0.01547456
0.01523304
0.01526022
0.01525974
0.01522470
0.01520610
0.01520991
0.01520610
0.01520514
0.01521206
0.01519799
0.01518011
0.01520586
0.01538110
0.01522303
0.01539731
0.01552081
0.01531029
0.01555157
0.01554871
0.01556420
0.01555729
0.01550412
0.01552391
0.01553440
0.01534367
0.01526046
0.01548791
0.01545811
0.01525784
0.01526785
0.01527023
0.01539040
0.01537633
0.01557684
0.01560545
0.01543307
0.01539087
0.01564527
0.01557684
0.01569748
0.01551747
0.01576543
0.01592135
0.01594067
0.01604295
0.01599979
0.01580071
0.01581073
0.01577353
0.01573586
0.01589060
0.01596713
0.01578522
0.01590133
0.01582026
0.01569366
0.01568031
0.01571059
0.01591468
0.01576519
0.01575685
0.01578379
0.01565862
0.01580143
0.01589489
0.01574564
0.01582909
0.01576471
0.01579261
0.01590681
0.01614666
0.01605082
0.01605511
0.01598024
0.01595759
0.01597881
0.01601458
0.01620865
0.01628470
0.01622605
0.01616001
0.01610756
0.01625252
0.01633120
0.01621008
0.01612401
0.01631260
0.01632571
0.01614642
0.01610470
0.01605368
0.01624465
0.01611876
0.01630092
0.01637840
0.01621151
0.01620841
0.01623750
0.01600313
0.01588655
0.01587367
0.01578450
0.01585960
0.01589918
0.01596236
0.01601315
0.01597500
0.01586318
0.01582766
0.01577806
0.01591611
0.01574993
0.01571465
0.01567674
0.01567650
0.01569581
0.01568007
0.01559210
0.01560879
0.01562428
0.01563597
0.01562715
0.01575780
0.01566005
0.01583314
0.01581597
0.01549721
0.01561236
0.01543140
0.01542187
0.01541781
0.01539302
0.01562405
0.01535869
0.01535916
0.01541734
0.01569462
0.01546812
0.01553679
0.01542211
0.01547623
0.01550126
0.01541901
0.01557040
0.01554585
0.01561737
0.01562047
0.01564860
0.01569080
0.01571155
0.01569462
0.01568198
0.01567459
0.01569080
0.01574874
0.01592088
0.01585770
0.01576948
0.01582313
0.01570368
0.01572490
0.01571894
0.01566958
0.01555014
0.01546049
0.01547909
0.01548219
0.01562190
0.01544023
0.01542425
0.01538515
0.01541495
0.01530623
0.01534677
0.01532173
0.01529694
0.01534677
0.01527309
0.01527095
0.01523423
0.01526570
0.01529050
0.01543140
0.01543021
0.01540160
0.01535654
0.01539779
0.01547837
0.01540875
0.01528335
0.01532817
0.01524568
0.01543474
0.01525331
0.01532674
0.01528096
0.01534677
0.01529074
0.01522636
0.01522470
0.01524425
0.01517010
0.01552129
0.01558113
0.01554322
0.01556420
0.01546049
0.01537204
0.01530075
0.01545286
0.01530766
0.01553202
0.01554370
0.01565099
0.01559162
0.01546979
0.01547098
0.01552343
0.01543140
0.01519156
0.01528883
0.01538253
0.01528716
0.01554346
0.01534414
0.01539397
0.01539850
0.01548505
0.01546216
0.01558757
0.01570797
0.01578450
0.01561952
0.01573014
0.01555610
0.01567388
0.01556516
0.01557970
0.01549268
0.01568770
0.01565886
0.01559591
0.01581168
0.01568723
0.01573467
0.01571465
0.01572609
0.01570940
0.01552248
0.01541615
0.01546311
0.01568294
0.01566124
0.01557398
0.01566625
0.01557922
0.01532173
0.01551270
0.01541090
0.01531506
0.01537180
0.01543450
0.01555300
0.01549006
0.01551270
0.01537943
0.01537776
0.01530266
0.01523280
0.01526356
0.01597118
0.01538920
0.01551509
0.01545787
0.01555085
0.01513219
0.01518536
0.01510334
0.01502371
0.01504040
0.01502466
0.01509881
0.01509142
0.01508570
0.01504326
0.01508260
0.01508069
0.01506352
0.01515222
0.01538110
0.01521015
0.01541066
0.01542640
0.01524878
0.01523852
0.01525712
0.01512647
0.01517677
0.01538348
0.01514697
0.01534247
0.01537895
0.01536322
0.01504612
0.01525092
0.01522827
0.01514649
0.01521063
0.01529121
0.01518178
0.01511955
0.01560688
0.01527786
0.01527786
0.01517606
0.01520991
0.01519847
0.02102709
0.01781678
0.01524615
0.01522970
0.01525402
0.01549244
0.01546025
0.01529837
0.01548266
0.01559305
0.01564717
0.01993418
0.01682019
0.01573443
0.01550150
0.01558399
0.01532698
0.01538944
0.01529050
0.01546526
0.01532507
0.01530814
0.01543450
0.01549411
0.01530051
0.01530695
0.01530385
0.01549602
0.01529670
0.01534295
0.01547599
0.01530242
0.01536012
0.01548409
0.01547551
0.01534605
0.01532197
0.01556921
0.01538968
0.01525497
0.01523209
0.01533389
0.01532006
0.01557374
0.01558375
0.01541638
0.01553249
0.01542902
0.01547003
0.01569033
0.01546073
0.01550221
0.01547813
0.01563859
0.01549459
0.01551247
0.01561069
0.01576829
0.01576257
0.01549530
0.01563644
0.01566505
0.01566935
0.01577783
0.01582241
0.01560712
0.01560998
0.01558661
0.01566744
0.01578498
0.01566625
0.01584029
0.01563644
0.01596165
0.01577616
0.01580238
0.01585388
0.01566386
0.01557922
0.01548791
0.01546597
0.01558685
0.01548672
0.01552105
0.01556730
0.01559591
0.01574540
0.01566124
0.01554894
0.01554704
0.01566291
0.01558423
0.01556301
0.01545787
0.01541352
