264.000,311.000,37.000,69.000
266.009,309.178,37.217,67.547
265.225,307.709,37.358,67.163
265.404,304.511,37.066,67.471
267.395,298.840,35.342,67.427
268.572,295.867,33.894,67.753
269.731,293.657,32.351,68.733
269.600,292.777,29.827,69.495
270.930,290.269,27.741,70.306
271.806,289.808,26.300,70.551
270.278,291.687,25.627,70.112
267.520,293.202,26.308,69.980
265.658,292.566,28.090,69.826
263.604,291.215,30.347,69.372
262.945,290.211,31.789,68.995
260.161,290.523,34.023,68.143
257.212,290.343,36.315,67.202
254.942,289.188,37.588,67.326
254.232,288.796,37.443,67.353
254.165,288.698,36.242,67.836
253.325,287.704,34.811,67.877
252.768,285.578,33.844,68.316
251.102,285.438,32.894,68.477
251.475,283.501,31.728,69.054
250.892,282.841,30.514,69.252
248.931,282.707,29.188,70.600
248.670,281.528,28.081,71.331
249.713,281.865,26.222,71.468
248.151,282.704,25.470,70.388
248.808,284.764,25.248,70.170
242.181,286.596,28.674,70.034
242.306,287.400,30.122,71.527
240.945,284.329,32.950,73.396
235.794,283.371,33.985,72.548
233.574,280.558,34.493,72.080
231.698,279.029,34.398,70.992
230.944,278.269,33.427,70.079
230.349,278.559,32.188,69.610
231.043,278.717,30.905,69.463
231.926,276.067,29.506,69.318
232.038,275.656,27.745,69.369
231.575,277.902,26.612,70.288
233.416,277.593,25.175,71.065
234.880,275.138,24.893,70.522
234.112,276.937,25.388,70.755
235.245,280.286,25.577,71.111
236.430,277.289,25.755,70.980
227.216,282.618,27.031,72.036
224.681,286.910,27.543,72.689
224.970,287.805,28.336,72.179
226.501,292.701,28.315,72.616
229.448,293.585,28.685,72.049
229.804,294.330,30.369,71.518
231.722,293.679,30.245,71.131
234.606,289.574,29.842,72.082
236.391,290.891,29.542,72.036
238.736,283.593,29.319,74.621
239.382,285.118,29.804,76.433
239.018,283.373,30.041,77.593
240.931,281.651,30.663,79.209
240.485,277.594,31.051,80.324
241.425,276.378,31.707,81.639
236.040,274.933,32.334,81.850
231.460,269.694,32.569,80.095
230.482,272.153,32.637,78.202
229.109,272.110,31.807,76.274
228.438,274.014,31.310,74.102
228.808,275.374,30.303,72.331
230.101,273.871,29.123,70.896
230.895,273.124,28.892,70.507
231.147,272.161,27.670,69.897
230.015,270.128,26.583,69.151
229.120,270.890,25.250,68.495
228.939,271.616,24.222,68.075
229.274,269.926,23.518,67.781
228.966,271.251,23.237,67.971
228.636,273.046,23.365,67.866
229.179,271.699,24.093,68.582
227.692,271.628,25.385,68.617
225.761,273.269,27.379,69.583
223.909,275.009,29.137,71.293
220.490,277.396,31.781,73.276
211.263,279.525,37.395,75.669
209.645,279.750,40.689,78.576
213.437,279.036,40.861,79.617
215.534,280.017,39.070,79.886
218.252,280.977,36.190,80.474
219.896,280.017,33.946,81.264
223.179,279.677,32.323,81.678
224.954,278.256,32.548,81.942
235.592,282.621,31.440,81.498
240.380,285.182,30.892,80.461
246.594,289.265,31.429,77.927
249.301,292.167,32.871,75.893
252.541,294.749,34.334,73.994
256.850,296.734,35.725,72.896
261.405,299.348,35.619,72.196
267.601,301.329,34.397,71.623
272.603,301.944,32.995,71.191
279.755,302.083,31.491,71.038
286.646,304.793,29.907,70.792
292.815,304.480,28.520,71.042
298.824,305.313,27.125,71.698
303.554,306.563,26.206,72.096
309.016,306.070,25.637,73.060
313.034,306.725,25.460,73.751
318.507,306.592,26.386,74.756
323.262,306.292,27.550,75.872
327.897,306.111,29.614,76.813
331.788,306.563,31.799,77.998
335.909,306.955,33.316,78.894
338.503,308.422,35.273,79.859
341.487,308.475,36.691,79.553
347.006,308.508,37.528,79.465
351.488,307.857,37.323,79.769
355.505,309.731,36.612,79.794
360.471,309.387,35.866,79.874
364.289,311.383,35.384,79.876
366.040,308.820,34.847,80.202
369.286,309.582,34.375,80.218
373.615,308.437,34.188,79.722
377.121,310.598,34.749,78.717
380.059,313.470,35.644,77.594
381.814,312.682,37.347,77.027
386.209,313.375,38.318,76.793
392.609,315.689,38.451,75.861
397.605,315.730,37.001,74.496
401.644,316.345,35.448,73.658
405.428,320.537,33.789,72.432
409.032,322.170,33.388,71.731
414.347,321.076,32.070,71.465
419.477,321.902,31.279,71.219
423.162,321.434,31.249,71.904
426.829,321.704,31.390,72.564
431.193,322.961,31.218,72.906
437.016,325.545,30.967,73.006
442.277,326.400,31.286,72.563
445.556,331.354,31.929,71.255
447.886,329.804,32.468,72.654
450.932,333.148,31.448,72.500
456.996,329.164,29.259,75.093
455.922,324.019,28.232,76.859
455.221,323.659,27.872,77.496
455.351,322.465,27.691,77.665
451.375,321.269,27.738,77.525
452.947,319.732,27.719,77.347
453.381,319.423,27.621,77.283
454.099,320.592,27.528,77.293
455.497,324.026,27.367,77.416
454.489,323.989,27.264,77.414
454.660,324.006,27.075,77.380
454.687,325.103,26.878,77.341
455.370,328.319,26.638,77.722
455.776,329.419,26.424,78.031
454.815,328.252,26.279,78.448
435.768,322.177,26.174,79.219
437.770,322.802,26.009,79.777
440.641,323.765,25.898,80.142
442.891,324.984,25.725,80.594
446.189,323.904,25.669,80.896
447.789,324.312,25.509,81.265
451.139,323.419,25.419,81.930
453.150,321.608,25.178,82.624
454.144,320.326,25.091,83.140
432.815,319.036,25.542,79.591
436.066,321.278,26.308,76.757
439.316,325.175,27.419,73.798
443.160,322.212,28.376,72.347
446.256,322.454,29.462,70.282
448.621,323.767,29.819,69.707
452.282,322.854,28.777,70.138
455.973,322.332,27.135,71.717
459.695,328.873,25.210,72.694
460.499,338.843,24.738,73.122
459.679,338.882,24.623,73.315
458.868,345.068,24.525,73.470
458.366,343.520,24.373,73.658
458.291,341.778,24.300,73.831
458.390,340.735,24.221,74.013
457.819,338.483,24.140,74.275
459.107,338.100,24.141,74.408
459.130,338.159,24.141,74.531
459.994,340.646,24.122,74.653
460.628,343.751,24.122,74.738
460.443,343.345,24.079,74.886
462.702,345.036,24.145,74.917
462.966,345.193,24.136,74.947
463.588,346.868,24.086,75.028
465.375,348.303,24.117,75.059
460.818,347.110,24.249,75.049
461.414,346.467,24.280,75.100
461.473,346.707,24.296,75.152
461.209,347.063,24.304,75.218
459.786,347.162,24.301,75.323
459.763,347.804,24.358,75.356
460.255,347.501,24.465,75.357
460.380,348.261,24.596,75.362
460.466,349.725,24.655,75.402
461.657,349.738,24.762,75.422
462.863,350.443,24.819,75.441
462.732,351.048,24.797,75.500
462.142,350.982,24.766,75.558
462.256,352.670,24.767,75.591
461.512,352.591,24.707,75.688
460.525,353.943,24.749,75.703
461.970,354.060,24.781,75.762
461.875,354.551,24.759,75.806
462.062,355.745,24.740,75.877
460.871,356.066,24.690,75.980
461.139,356.092,24.688,76.035
460.808,354.396,24.651,76.146
459.808,354.836,24.634,76.228
458.151,353.155,24.631,76.308
455.610,349.811,24.645,76.437
450.867,347.678,24.944,76.423
443.749,339.663,25.162,76.559
435.496,326.774,24.979,77.431
437.936,309.999,25.026,77.672
444.365,317.617,24.632,78.884
446.982,316.726,24.383,80.145
450.880,314.999,24.270,82.098
453.441,313.469,24.262,84.167
454.951,320.248,24.124,85.683
455.652,321.783,23.878,87.019
456.260,318.932,23.442,88.948
458.179,320.809,23.057,89.802
459.908,315.339,22.618,90.465
459.798,314.776,22.289,90.630
458.916,315.019,22.199,90.263
460.381,317.573,21.808,90.363
459.881,320.585,21.575,90.413
456.937,319.165,21.908,90.006
452.549,310.598,22.293,89.203
437.155,308.408,22.903,88.547
435.672,307.267,24.135,86.895
433.604,307.042,25.182,85.734
435.782,306.150,26.534,84.265
430.220,307.189,27.847,82.770
432.689,305.760,28.972,81.511
431.435,307.190,30.097,80.279
430.935,307.959,31.476,78.901
434.142,306.250,32.567,77.522
434.295,305.083,33.675,76.122
435.657,302.370,34.495,74.828
438.384,297.538,35.220,73.636
442.552,298.351,35.579,72.600
433.908,295.249,36.884,71.208
431.990,302.311,37.749,70.369
431.359,309.592,38.000,70.187
430.795,295.856,38.527,69.724
431.010,292.712,39.268,68.986
430.863,293.168,40.267,67.838
428.903,294.059,41.240,66.800
426.829,294.841,42.379,65.689
432.631,299.541,42.855,64.936
433.333,300.167,43.249,64.256
435.753,299.634,43.464,63.692
434.325,297.592,43.835,62.987
432.519,299.043,44.219,62.450
436.596,299.602,44.254,62.026
438.327,298.849,44.156,61.554
437.116,299.679,44.121,61.199
433.589,297.702,44.351,60.725
440.303,302.270,44.111,60.352
439.220,306.535,43.972,60.272
434.646,306.034,44.042,60.257
431.378,306.233,44.206,60.264
429.738,308.600,44.355,60.332
428.712,309.852,44.489,60.357
431.602,305.284,44.590,60.402
432.410,305.148,44.605,60.437
430.238,308.854,44.702,60.510
432.752,308.615,44.674,60.560
431.684,308.741,44.749,60.630
431.347,306.354,44.774,60.741
429.768,307.790,44.870,60.815
431.604,308.660,44.887,60.780
434.325,310.047,44.855,60.811
435.314,309.459,44.828,60.863
434.297,314.243,44.829,60.931
434.676,314.384,44.800,60.962
433.202,314.081,44.808,60.994
432.947,315.374,44.809,61.002
434.544,315.875,44.762,61.054
435.518,316.035,44.702,61.128
435.678,317.919,44.656,61.195
436.620,318.381,44.569,61.370
437.008,316.129,44.497,61.571
435.442,313.891,44.492,61.754
434.505,314.114,44.489,61.846
437.148,313.368,44.427,61.992
436.460,312.527,44.402,62.123
436.304,310.359,44.398,62.281
439.580,309.013,44.303,62.471
438.957,311.793,44.266,62.711
441.797,311.390,44.120,63.032
443.992,310.344,43.956,63.339
446.422,311.379,43.779,63.716
448.486,311.615,43.621,64.031
447.847,313.398,43.475,64.303
446.185,317.643,43.355,64.683
446.797,320.555,43.395,64.823
441.418,326.971,43.400,65.018
433.888,336.907,43.950,65.328
425.852,342.626,44.657,65.539
426.492,348.057,45.468,65.690
423.645,346.236,46.256,65.886
422.311,349.597,46.975,65.992
423.866,347.671,47.714,66.132
426.971,347.306,48.120,66.378
429.823,346.602,48.337,66.723
433.184,349.956,48.651,67.265
436.633,348.517,48.665,67.911
436.680,345.614,48.650,68.265
439.491,341.950,48.521,68.627
438.591,339.010,48.375,69.001
439.881,337.621,48.234,69.269
442.144,341.018,48.091,69.846
444.469,337.927,47.932,70.443
447.025,342.482,47.808,71.299
447.797,346.340,47.431,72.213
447.100,340.027,46.871,73.354
447.822,342.846,46.096,74.310
450.217,345.033,45.034,75.372
450.942,341.427,44.261,76.408
451.339,339.129,43.795,77.090
451.622,340.699,42.773,78.105
452.969,343.393,41.827,79.118
453.796,338.090,40.875,80.011
454.056,335.724,39.550,81.150
456.089,335.021,38.327,82.090
456.190,330.046,37.253,82.968
455.743,332.062,36.164,83.621
457.384,334.233,35.328,84.185
458.440,334.912,34.192,84.885
456.948,329.673,33.424,85.369
456.555,322.567,32.269,86.575
455.990,323.692,31.578,87.277
457.375,330.659,31.059,87.577
459.389,331.696,31.003,87.670
464.791,330.277,31.419,88.620
464.630,328.706,31.739,89.766
464.233,334.239,32.534,90.813
464.029,332.040,32.943,91.615
463.851,328.801,33.299,92.356
463.659,325.993,33.682,93.076
463.394,323.959,34.212,93.859
463.179,322.414,34.641,94.420
463.000,319.850,34.999,95.156
462.671,325.999,35.658,96.507
456.964,323.741,35.564,96.761
458.044,324.010,34.989,97.542
462.710,328.178,35.580,97.804
462.608,325.258,35.784,99.161
462.249,331.536,36.502,100.335
461.857,338.157,37.286,101.550
461.726,353.464,37.548,103.579
461.270,359.252,38.460,105.562
461.258,354.260,38.483,107.927
461.026,347.675,38.949,109.932
460.602,351.974,39.796,111.774
460.241,354.969,40.519,113.936
460.023,347.431,40.955,116.430
459.653,351.103,41.694,118.662
459.067,355.036,42.866,120.734
458.790,348.403,43.421,123.298
458.342,351.356,44.315,125.429
458.183,346.092,44.634,128.221
457.765,342.410,45.471,129.936
457.434,340.368,46.132,131.467
449.506,346.091,45.541,132.169
447.204,341.810,45.182,132.756
446.856,336.017,44.785,133.327
445.906,319.512,44.222,133.538
444.686,315.266,43.451,133.729
445.392,318.758,42.544,134.133
445.477,326.208,41.928,134.148
444.143,328.909,41.502,134.107
445.130,336.751,41.209,133.964
443.456,336.252,40.894,133.855
445.541,336.037,40.748,133.746
445.974,335.966,40.214,133.723
447.558,343.958,39.834,133.622
447.238,338.511,39.149,133.606
446.621,336.569,38.811,133.501
446.295,338.264,38.660,133.406
446.623,339.736,38.405,133.335
446.346,345.066,38.178,133.216
445.713,348.361,38.042,133.107
445.630,348.999,37.870,132.925
446.797,349.919,37.723,132.783
446.669,350.835,37.551,132.636
446.595,353.486,37.357,132.457
446.202,353.388,37.188,132.299
446.199,357.223,36.988,132.152
445.853,358.112,36.843,132.087
446.696,360.575,36.714,131.912
445.441,360.333,36.626,131.823
445.865,361.171,36.504,131.805
444.666,363.037,36.425,131.949
444.243,362.457,36.398,132.003
445.551,367.605,36.527,131.803
444.323,365.323,36.452,131.717
444.875,367.564,36.336,131.584
446.669,371.049,36.303,131.488
447.132,371.877,36.134,131.362
447.473,370.640,35.987,131.189
448.019,371.303,35.759,131.043
448.983,369.991,35.529,130.783
450.781,367.333,35.310,130.675
451.032,368.623,34.925,130.682
452.675,368.441,34.674,130.480
454.297,372.342,34.744,130.427
454.829,370.401,34.911,130.302
458.049,369.274,35.747,129.997
462.242,363.207,36.516,131.575
461.784,377.286,37.432,132.945
461.206,379.620,38.587,134.801
460.704,382.821,39.592,136.445
460.311,375.404,40.378,138.589
459.654,380.846,41.693,140.033
459.266,372.502,42.468,142.239
458.974,363.979,43.052,144.109
458.501,366.992,43.998,145.930
457.899,371.553,45.201,147.449
457.238,375.013,46.525,149.334
456.888,365.274,47.225,151.409
456.441,368.023,48.118,153.466
456.129,368.957,48.742,155.556
455.827,371.876,49.346,157.515
455.547,359.853,49.905,159.934
455.106,361.485,50.788,162.092
454.763,364.143,51.474,164.364
454.639,355.298,51.722,167.462
454.148,359.403,52.704,169.190
453.600,362.245,53.799,171.462
453.382,364.047,54.236,173.751
453.025,352.614,54.949,176.039
452.620,358.208,55.759,177.799
452.300,361.961,56.401,180.205
451.988,366.470,57.023,182.241
451.903,360.736,57.194,185.819
451.794,356.226,57.412,189.548
451.934,351.120,57.131,193.510
452.134,349.092,56.732,197.087
452.169,345.621,56.662,200.522
452.224,341.960,56.551,203.976
452.050,336.185,56.901,206.816
451.844,330.835,57.312,209.433
451.598,328.522,57.803,211.775
451.432,323.852,58.137,213.943
451.262,320.927,58.477,216.342
451.156,315.887,58.687,219.127
451.006,309.771,58.988,221.075
450.928,303.336,59.143,223.600
450.852,295.729,59.295,226.250
431.768,297.340,59.090,226.905
430.930,302.749,58.926,227.362
430.033,326.704,58.805,227.727
409.961,367.594,59.041,227.518
372.822,424.004,59.748,226.810
369.839,430.132,61.632,224.765
368.803,429.085,63.170,223.058
365.272,428.465,64.773,221.326
362.407,423.021,66.236,219.814
358.431,420.130,67.734,218.281
354.115,418.265,69.240,216.786
351.517,417.234,71.049,215.149
347.761,414.778,72.848,213.607
342.627,412.879,75.143,211.639
334.478,411.145,76.944,210.129
326.836,408.844,78.767,208.618
319.480,407.940,80.406,207.196
313.572,406.440,81.942,205.907
299.610,402.760,83.490,204.659
294.682,402.558,85.107,203.209
288.368,402.116,86.885,201.559
277.503,399.789,88.400,200.097
270.749,401.467,89.828,198.731
261.796,402.020,91.318,197.258
254.896,398.397,92.576,195.942
246.159,398.870,94.077,194.470
238.756,397.395,95.307,193.230
227.903,394.608,96.460,192.054
217.455,388.317,97.526,190.925
213.499,389.482,99.079,189.123
206.836,390.765,100.354,187.693
200.740,389.259,101.625,186.146
193.282,388.881,103.012,184.423
187.760,388.588,104.567,182.470
181.277,386.248,105.989,180.573
175.143,382.744,107.253,178.834
170.906,378.734,108.738,176.691
165.058,376.935,110.125,174.517
158.558,374.226,111.389,172.497
153.816,371.938,112.569,170.706
145.921,370.841,113.761,168.868
138.816,368.365,114.793,167.242
133.465,368.643,115.801,165.566
128.171,367.715,116.849,163.674
121.849,370.338,117.907,161.810
115.739,371.654,118.843,160.075
110.047,371.047,119.608,158.650
102.529,371.027,120.292,157.360
96.737,369.978,121.008,156.004
92.527,369.903,121.609,154.741
87.074,366.901,122.256,153.364
79.067,369.098,122.871,152.048
73.867,370.683,123.626,150.579
65.289,369.430,124.260,149.170
61.330,365.770,124.848,147.880
51.519,367.863,125.532,146.406
43.880,362.683,126.124,144.970
40.836,364.202,126.876,143.242
35.877,360.682,127.567,141.977
26.009,357.369,128.018,141.071
23.747,360.476,128.578,139.784
15.772,354.588,128.802,138.907
18.006,359.630,129.279,137.484
12.732,351.981,129.480,136.763
14.222,356.023,129.677,135.605
8.479,357.111,129.743,134.939
11.900,361.123,130.076,134.306
8.597,363.736,130.186,133.382
8.491,363.998,130.352,132.572
3.298,359.767,130.248,131.573
6.801,361.395,130.434,130.901
6.923,352.341,130.623,129.957
8.872,353.509,130.865,129.340
9.539,348.296,131.226,128.311
-4.340,366.188,131.016,128.691
-2.609,356.688,130.849,128.798
-1.288,357.365,130.594,129.240
1.644,358.227,130.489,129.790
5.264,367.747,130.438,130.160
7.029,373.529,130.342,130.485
9.180,373.972,130.278,130.910
12.472,373.135,130.338,131.310
14.579,369.791,130.377,131.947
16.098,364.349,130.412,132.541
16.981,361.768,130.488,133.047
18.069,358.605,130.693,133.502
16.196,352.928,130.829,133.819
15.632,351.356,130.857,134.265
17.312,350.772,130.975,134.633
17.387,356.706,131.017,135.074
17.951,357.277,131.032,135.472
18.169,356.406,131.071,135.752
17.303,353.304,131.065,136.122
17.895,356.441,131.108,136.383
16.842,356.827,131.069,136.639
17.630,358.561,131.076,136.946
16.731,358.626,131.122,137.245
16.454,360.797,131.117,137.445
17.011,360.790,131.159,137.637
16.091,361.620,131.188,137.757
16.998,361.866,131.190,137.996
16.553,357.372,131.228,138.272
15.187,357.163,131.208,138.487
14.472,358.010,131.196,138.664
12.873,358.313,131.169,138.979
12.934,357.329,131.146,139.188
11.474,357.018,131.098,139.391
11.516,358.814,131.081,139.499
10.387,359.067,131.046,139.613
10.184,363.903,131.008,139.803
7.918,364.680,130.954,139.985
6.576,366.225,130.910,140.128
3.463,369.452,130.856,140.293
-1.435,365.951,130.797,140.472
-9.758,364.879,130.666,140.748
-25.504,369.190,130.443,141.019
-45.440,373.888,130.158,141.479
-42.485,379.161,129.824,141.902
-39.914,379.930,129.547,142.237
-39.837,381.925,129.251,142.672
-40.008,382.565,128.967,143.037
-37.967,381.857,128.702,143.432
-35.076,372.968,128.400,143.839
-28.767,368.171,128.137,144.216
-24.427,372.113,127.925,144.548
-26.082,370.304,127.716,144.913
-17.435,359.187,127.685,145.275
42.808,359.144,129.897,145.035
74.636,355.965,130.716,143.776
66.775,353.960,131.287,142.722
63.633,349.481,131.807,141.499
58.599,347.121,132.215,140.410
50.009,347.638,132.611,139.243
41.326,346.273,132.986,138.239
32.728,343.586,133.464,137.060
28.207,343.781,133.852,135.979
17.688,346.591,134.228,134.971
12.110,343.773,134.484,133.877
11.054,343.393,134.589,132.942
5.861,342.259,134.671,131.717
8.802,339.098,134.713,130.208
7.626,336.844,134.704,129.165
11.923,335.716,134.874,128.039
6.392,331.618,135.190,126.874
3.702,336.606,135.492,125.664
0.903,340.298,135.603,124.724
-4.206,331.422,135.419,123.082
-6.388,335.260,135.033,122.172
-18.600,335.826,134.032,121.341
-12.135,339.887,133.469,120.850
-26.558,341.189,131.761,121.321
-29.452,332.132,129.751,121.652
-34.843,337.863,127.803,122.488
-31.528,344.329,125.364,123.621
-7.189,333.727,124.837,122.636
-3.269,335.252,124.666,122.422
-0.636,327.809,124.766,122.048
11.291,316.462,125.428,120.648
10.156,322.329,125.822,119.685
11.069,325.305,125.841,119.386
9.654,324.822,125.811,119.106
10.495,319.735,125.789,119.036
11.805,321.726,125.768,118.765
14.267,326.558,125.638,118.741
14.156,325.997,125.612,119.037
16.232,325.059,125.699,118.838
18.777,323.147,126.017,118.199
24.373,327.048,126.427,117.711
19.522,307.234,126.729,117.207
23.728,316.804,127.045,116.333
24.917,316.063,127.379,115.758
23.834,315.011,127.654,115.336
23.776,314.162,127.920,114.829
23.184,317.517,128.190,114.228
23.382,318.178,128.507,113.502
25.848,320.269,128.851,112.765
21.535,317.128,129.140,112.399
22.387,318.167,129.560,111.543
19.985,298.066,129.821,111.187
17.364,299.349,129.969,110.575
15.126,298.748,130.252,110.122
17.270,302.957,130.462,109.363
15.473,309.442,130.510,109.350
13.619,306.692,130.457,109.520
12.156,302.065,130.392,109.479
10.334,304.676,130.224,109.423
8.723,307.416,130.080,109.496
9.959,312.066,129.877,109.764
12.714,309.888,129.786,109.471
12.900,313.804,129.677,109.554
13.502,314.119,129.742,109.060
12.067,311.578,129.789,108.793
10.479,305.842,129.694,108.981
8.966,303.624,129.610,108.787
12.106,300.715,129.314,108.720
10.677,296.655,129.296,108.581
8.295,295.656,129.215,108.460
8.350,291.704,129.060,108.432
11.336,287.373,128.993,108.185
15.138,288.189,128.769,108.116
15.462,282.873,128.659,107.961
5.798,263.717,128.104,107.953
2.678,258.701,127.337,108.569
-1.883,256.847,126.460,109.236
-11.397,236.170,125.301,111.331
-9.068,228.481,124.316,113.181
-7.127,224.656,123.506,115.130
-7.488,224.151,122.989,116.713
-4.423,222.702,122.316,118.323
0.358,219.338,121.576,119.863
10.139,213.954,120.615,120.990
12.516,206.846,120.087,121.494
15.911,201.970,119.490,122.276
19.234,196.287,118.914,122.877
21.678,190.678,118.409,123.363
22.583,188.423,118.188,123.667
24.054,185.642,117.846,124.204
30.189,198.138,117.340,124.957
36.205,198.127,116.865,125.430
38.793,196.354,116.607,125.736
42.905,197.524,116.374,126.027
44.819,198.617,115.970,126.405
45.910,201.766,115.651,126.732
45.112,203.818,115.413,126.925
48.646,202.776,115.169,127.206
48.273,203.289,114.864,127.446
48.548,206.266,114.576,127.688
49.146,206.957,114.337,127.918
49.055,212.044,113.960,128.209
50.196,219.442,113.639,128.496
48.704,231.718,113.382,128.868
42.272,277.942,112.780,129.061
37.037,302.819,112.910,127.842
31.001,306.037,113.318,125.944
35.682,336.668,113.846,124.813
32.702,335.774,114.175,123.802
25.110,333.990,114.320,122.808
20.173,333.678,114.762,121.768
5.812,332.982,114.666,121.112
1.662,336.124,114.415,120.577
-3.604,329.084,114.163,121.402
-9.345,331.288,113.459,121.703
-17.322,333.258,112.233,122.318
-19.660,334.770,110.958,123.062
-19.358,342.629,109.551,124.025
-27.215,336.146,108.575,124.486
-27.338,343.483,107.223,125.068
-25.235,343.281,106.182,125.866
-27.442,355.683,104.820,126.914
-27.674,358.916,102.589,128.485
-26.402,354.830,101.529,129.507
-17.636,360.200,100.887,130.365
-19.150,371.185,100.673,131.171
-19.725,374.868,100.043,132.188
-22.019,374.224,99.731,132.943
-26.019,391.923,98.992,134.536
-27.939,390.128,98.385,135.779
-27.333,392.522,97.598,137.090
-31.438,391.199,96.675,138.480
-31.597,381.761,95.397,139.900
-32.681,374.220,93.930,141.085
-31.576,365.243,92.343,142.470
-32.563,362.022,91.013,143.747
-34.297,366.554,90.075,144.398
-31.461,368.486,89.360,144.948
-29.343,366.372,88.998,145.299
-31.036,366.495,88.623,145.727
-29.968,370.343,88.224,146.129
-18.973,369.819,88.264,146.548
-20.616,372.480,88.187,146.950
-24.779,373.294,87.838,147.369
-24.783,376.222,87.398,147.874
-30.579,375.974,86.836,148.371
-32.588,375.764,86.420,148.773
-31.108,381.809,85.571,149.417
-27.135,392.225,84.270,150.748
-29.026,386.426,83.467,151.536
-33.972,381.975,83.000,151.962
-23.538,376.594,83.052,152.237
-21.728,369.403,82.972,152.387
-20.866,365.470,82.864,152.496
-15.318,376.387,82.663,152.204
31.212,390.460,83.499,151.166
70.896,381.297,85.973,150.682
90.895,388.440,87.850,150.613
85.491,390.513,89.773,150.109
79.245,389.543,91.459,149.338
63.215,382.953,92.596,148.758
54.421,390.521,93.702,148.300
45.804,381.469,94.533,148.011
32.889,374.465,95.722,147.618
23.201,375.639,96.317,147.306
13.756,372.651,96.924,146.926
13.503,372.872,97.500,146.371
9.614,373.707,98.080,145.556
2.287,367.065,98.241,144.542
-0.757,364.611,98.281,143.684
-6.528,366.919,97.871,143.297
-9.224,371.707,97.452,143.246
-14.981,378.145,96.492,143.523
-13.910,379.098,95.811,144.019
-10.633,366.843,95.263,143.796
0.535,360.596,95.351,143.029
8.772,354.816,95.702,142.140
8.136,346.290,96.105,140.950
6.915,336.447,96.476,140.117
14.407,334.607,97.355,138.195
12.349,335.334,98.240,136.317
11.070,336.855,98.873,134.871
10.959,336.421,99.534,133.628
10.116,337.056,100.201,132.146
10.483,338.960,100.841,130.676
11.766,336.401,101.594,129.428
14.035,338.277,102.407,128.255
18.075,340.695,103.123,127.291
16.488,341.216,103.947,125.899
14.647,344.317,104.557,124.209
13.608,348.369,105.120,122.907
13.174,351.186,105.625,121.719
11.553,356.670,106.333,120.159
13.872,355.516,107.213,118.867
12.546,354.600,107.993,117.256
9.206,350.817,108.417,116.029
6.828,347.379,108.764,115.123
6.503,344.319,109.192,113.737
6.109,342.023,109.682,112.439
4.434,339.128,110.151,111.092
1.252,337.446,110.414,109.906
-1.816,330.966,110.662,109.165
-1.715,326.949,110.883,108.437
-0.793,326.354,111.161,107.683
2.013,323.975,111.609,106.624
3.140,319.912,111.882,105.643
4.898,319.846,112.482,104.340
5.400,318.538,112.738,103.381
0.121,313.124,112.813,102.277
-0.567,316.235,113.099,101.355
-0.085,318.524,113.435,100.413
0.594,321.275,113.522,99.414
2.140,324.285,113.906,98.314
0.711,325.379,114.022,97.055
-1.931,328.153,114.032,96.139
-3.991,330.994,113.954,95.147
-5.664,328.741,113.961,94.453
-5.742,329.816,114.021,93.675
-8.157,330.842,114.005,93.130
-9.649,331.453,113.910,92.493
-9.908,332.694,113.783,91.883
-9.957,335.836,113.645,91.485
-10.203,335.802,113.479,90.846
-9.115,337.233,113.329,90.313
-9.746,338.476,113.243,89.928
-9.479,341.651,113.098,89.512
-10.529,342.820,112.883,89.005
-10.929,344.293,112.786,88.706
-10.760,347.851,112.661,88.381
-10.405,348.296,112.499,87.924
-10.759,353.013,112.329,87.575
-11.186,354.346,112.194,87.274
-10.097,354.996,112.232,86.897
-10.066,356.834,111.918,86.280
-10.887,357.861,111.772,85.857
-10.512,360.420,111.649,85.460
-10.671,358.929,111.587,84.908
-10.602,361.812,111.308,84.367
-10.617,360.898,111.232,83.857
-11.997,360.064,111.136,83.312
-11.751,361.691,111.003,83.018
-10.079,362.641,110.741,82.523
-9.833,362.949,110.513,82.104
-10.190,364.354,110.327,81.582
-8.556,362.078,110.478,80.913
-7.342,363.192,110.213,80.337
-6.591,361.595,110.181,79.765
-6.339,359.589,110.037,79.088
-8.365,358.589,109.805,78.590
-9.486,360.418,109.502,78.161
-2.184,359.010,109.272,77.321
-5.687,357.498,109.047,76.731
-7.044,357.956,108.654,76.185
-6.658,357.691,108.431,75.704
-5.675,360.647,108.183,75.150
-5.265,361.261,107.926,74.682
-2.512,361.687,107.990,74.082
-2.622,361.528,107.739,73.536
-3.111,363.145,107.418,73.032
-2.299,364.176,107.284,72.325
-4.576,363.427,106.882,71.893
-2.198,365.795,106.734,71.407
-2.355,365.258,106.557,70.963
-0.125,366.512,106.496,70.509
1.487,368.012,106.520,70.107
1.571,367.803,106.621,69.633
3.353,370.357,106.616,69.323
1.845,369.543,106.874,68.962
4.655,367.257,107.090,68.789
8.663,368.687,107.429,68.672
6.123,365.932,107.704,68.552
7.271,364.542,108.085,68.401
3.384,362.012,108.206,68.339
3.623,361.055,108.488,68.118
1.766,358.489,108.643,67.880
3.269,361.317,108.793,67.731
3.471,363.954,109.029,67.496
1.744,366.010,109.103,67.422
0.603,370.108,109.011,67.220
-0.767,379.320,108.852,66.754
0.180,385.016,108.638,66.432
0.308,385.218,108.574,66.045
0.632,384.957,108.479,65.791
1.056,378.772,108.462,65.388
0.927,378.316,108.654,65.059
-0.582,377.985,108.510,64.774
-0.287,380.573,108.295,64.678
0.356,379.684,108.227,64.509
3.835,381.068,108.254,64.492
2.506,385.204,108.428,64.307
3.003,388.290,108.564,64.196
2.922,387.744,108.659,64.069
8.514,388.554,108.869,64.111
14.707,390.813,109.011,64.155
10.579,393.769,109.264,64.226
18.833,396.356,109.331,64.445
14.096,397.084,109.527,64.754
11.461,407.833,109.643,64.911
7.531,411.204,109.852,64.972
14.000,412.167,110.052,65.076
7.886,413.158,110.006,64.993
3.157,416.881,110.009,64.916
3.986,418.304,110.003,64.911
0.639,419.194,109.920,64.846
0.077,420.248,109.818,64.735
89.793,379.362,95.134,70.726
93.773,382.885,81.317,75.663
97.266,386.541,70.659,78.693
104.976,390.867,60.446,81.154
106.966,393.965,52.896,83.506
112.177,392.147,48.116,84.899
119.606,383.056,44.515,87.024
125.467,380.157,42.222,88.940
127.551,380.888,40.156,89.426
130.156,378.257,38.629,90.803
132.406,374.681,38.338,91.663
135.898,372.487,38.179,91.508
144.090,370.662,38.513,92.317
144.990,368.621,38.686,92.717
144.067,370.275,39.418,92.605
143.694,369.031,39.690,93.262
142.096,367.494,39.664,92.689
138.596,369.652,39.089,92.798
138.035,372.061,38.746,93.304
135.436,371.152,37.887,93.193
136.772,370.595,36.939,93.458
137.267,369.193,36.126,93.982
137.475,368.117,35.085,94.694
136.563,368.605,34.462,95.475
138.163,369.855,33.527,95.432
139.307,368.826,32.712,95.967
141.842,368.734,32.057,96.038
145.399,367.644,31.221,96.264
147.659,366.113,30.701,96.481
154.105,365.832,30.109,96.642
157.796,361.730,30.257,95.983
164.868,357.657,29.603,96.253
172.118,354.343,29.163,95.928
175.494,352.498,28.961,96.517
175.542,354.219,28.644,96.709
183.994,358.538,28.843,96.036
190.806,364.736,28.717,95.528
191.232,372.621,28.501,96.555
188.489,380.206,28.332,95.776
187.697,388.510,28.414,96.085
190.405,392.506,28.449,95.650
197.578,385.940,28.569,96.583
206.682,379.166,28.507,97.046
213.055,377.361,28.670,96.552
219.111,377.036,28.603,96.856
225.097,377.943,28.663,96.588
230.671,376.647,28.956,96.834
238.059,371.476,29.015,96.581
246.332,369.553,29.179,97.212
252.626,369.704,28.961,96.842
260.298,368.259,28.738,96.842
263.988,365.573,29.311,95.957
263.583,362.955,29.621,95.250
260.234,361.459,29.401,95.815
259.108,357.177,29.549,95.663
256.472,354.608,29.503,96.619
251.931,354.529,29.274,96.089
244.167,353.580,29.141,96.253
239.081,356.031,28.843,95.707
234.331,355.878,28.718,95.437
230.070,354.098,28.457,96.388
226.019,350.948,28.241,96.813
221.611,349.371,27.830,96.750
217.958,352.822,28.503,96.169
217.027,350.695,27.890,96.928
216.038,350.670,27.809,97.051
214.048,353.990,27.888,97.180
213.849,355.140,27.493,96.869
213.318,355.209,27.762,97.580
213.295,353.630,27.632,98.071
215.080,357.313,27.126,96.951
214.962,356.160,26.909,96.858
220.311,354.157,26.658,96.691
221.013,355.781,26.853,96.801
220.489,355.281,26.894,97.338
222.070,354.091,26.545,97.372
222.121,351.814,26.683,98.145
222.664,351.314,27.342,98.130
221.817,352.280,27.236,98.878
221.062,354.207,27.490,98.396
219.815,353.335,27.354,98.203
221.445,351.038,27.357,98.241
221.998,351.113,27.683,98.637
220.856,352.065,27.867,98.302
222.308,350.696,27.902,98.173
222.779,350.002,28.285,98.104
225.647,349.263,28.688,97.787
230.814,348.088,28.873,97.611
232.478,347.009,29.262,97.732
234.707,346.283,29.549,97.631
237.792,345.961,29.894,97.268
240.190,345.032,30.092,97.415
241.478,343.733,30.427,97.481
242.428,345.221,30.762,97.472
242.068,345.628,30.901,96.982
239.999,345.748,30.732,97.356
237.021,347.652,30.979,97.101
232.359,345.316,30.748,96.332
232.511,342.137,30.603,96.607
231.104,341.546,31.013,97.669
230.337,343.030,31.388,97.752
229.804,340.097,31.082,98.006
228.834,340.963,31.121,97.418
230.334,342.619,31.343,97.119
231.228,338.954,31.491,96.457
228.563,339.361,31.497,96.727
224.226,343.832,31.730,96.594
223.776,342.489,31.434,97.517
224.224,341.744,31.455,97.739
225.040,342.514,31.845,97.795
224.619,340.294,31.525,97.698
223.993,339.375,31.310,97.755
221.555,344.589,31.635,97.010
221.010,345.434,31.555,97.036
220.299,344.081,31.561,96.610
219.732,343.399,31.321,97.076
218.946,347.693,31.248,96.160
218.444,346.050,31.049,96.779
219.220,344.785,31.179,97.338
218.330,347.568,31.484,97.120
218.445,345.695,31.525,97.630
221.175,344.276,31.408,97.541
222.780,342.248,31.392,97.679
224.090,341.078,31.063,97.696
226.933,339.998,31.017,97.752
229.560,337.287,30.825,97.497
231.813,336.100,30.957,97.813
231.794,338.916,31.143,97.841
231.995,339.049,30.996,97.977
231.337,337.742,31.072,98.046
231.406,335.681,31.100,98.214
230.901,333.640,31.155,98.689
230.634,332.264,31.192,97.794
229.016,330.615,31.417,97.134
227.663,329.215,31.071,97.298
226.800,328.763,31.145,97.756
226.493,328.521,31.344,97.941
225.002,329.642,31.092,97.495
225.078,329.670,30.850,97.102
225.610,331.157,30.713,97.382
225.725,331.909,30.593,97.417
225.911,332.431,30.736,97.659
225.411,330.233,30.510,97.694
227.696,327.611,30.806,97.399
233.024,326.547,30.621,96.969
233.446,323.723,30.477,97.512
233.554,320.721,30.486,97.621
233.884,319.513,30.611,98.169
230.853,319.098,30.864,98.251
230.401,319.357,30.720,98.323
227.641,316.723,30.634,97.845
226.733,315.243,30.683,98.185
224.717,314.851,30.474,97.921
224.231,312.450,30.246,97.740
220.168,316.391,30.358,97.197
216.598,321.513,30.752,96.502
208.876,321.190,30.549,96.743
204.228,324.229,30.614,96.173
202.028,327.928,30.797,96.073
197.619,327.010,30.577,96.601
196.549,331.598,31.170,97.008
192.629,332.090,31.187,96.353
192.663,334.266,30.938,96.638
192.613,334.117,30.841,97.603
192.469,335.583,30.658,97.664
192.690,334.822,30.661,97.753
192.687,334.178,30.626,97.719
193.036,330.486,31.039,96.726
195.840,328.799,30.806,97.373
196.620,325.307,31.025,97.401
197.720,322.842,31.250,96.999
200.646,320.353,31.125,97.088
202.398,317.335,30.764,96.346
203.504,315.560,30.953,97.300
204.707,312.906,30.737,96.457
206.609,310.150,31.055,96.782
206.972,309.562,31.051,96.844
205.645,309.011,30.785,97.004
208.232,307.478,30.794,96.938
207.956,308.771,30.719,96.777
204.922,310.255,30.603,96.483
204.454,308.056,30.378,97.039
204.332,305.382,30.314,97.095
200.729,305.467,30.586,96.994
198.730,303.501,31.062,96.422
198.659,299.980,31.070,95.874
198.424,298.864,30.674,96.799
198.312,299.566,30.830,96.772
198.010,297.969,30.830,97.071
196.014,299.179,31.009,96.874
199.924,300.450,31.051,97.200
200.516,298.607,30.832,96.757
201.227,298.489,31.046,97.073
200.411,299.012,30.835,96.787
200.230,298.281,30.648,97.797
201.259,300.769,30.823,97.191
200.482,301.640,30.901,97.486
199.727,301.086,30.678,97.617
198.653,303.357,30.897,96.912
198.207,304.421,31.057,96.436
198.243,305.821,30.699,96.038
196.690,309.184,30.953,95.657
195.026,311.796,31.090,96.127
193.082,312.462,30.974,96.191
190.907,313.359,30.899,96.160
190.631,312.015,30.906,96.608
188.916,311.424,31.089,96.596
187.267,313.837,31.268,96.560
185.732,312.763,31.082,97.145
184.737,309.601,30.725,97.300
184.977,312.165,30.567,96.726
184.373,310.079,30.293,97.109
184.763,309.799,30.352,97.736
185.140,307.516,30.508,98.040
184.342,306.767,30.389,97.849
182.926,308.729,30.470,96.796
183.138,306.668,30.784,97.273
184.953,307.501,30.682,97.341
184.265,306.625,30.541,97.039
185.223,305.355,30.689,96.716
185.492,306.802,30.283,96.242
183.165,309.400,31.032,95.792
183.353,309.211,31.041,96.124
184.175,307.676,30.920,96.529
184.897,309.716,30.792,96.892
185.468,309.188,30.273,97.350
186.381,308.808,30.050,97.691
186.790,307.117,30.288,97.477
185.536,307.717,30.838,96.964
186.265,307.038,31.268,96.347
187.179,305.629,31.666,95.882
185.890,306.266,32.790,96.012
185.735,307.079,33.394,95.277
184.827,306.903,33.832,94.912
182.564,307.829,34.589,95.206
180.313,312.470,34.723,94.671
179.775,312.109,35.326,95.136
179.157,310.056,36.022,96.729
177.135,310.231,36.334,95.785
177.648,312.404,36.290,95.439
177.654,309.473,36.468,96.091
179.101,310.656,36.768,96.682
179.781,308.341,36.726,97.096
181.438,305.301,36.367,97.641
183.396,302.364,35.376,97.387
184.902,303.779,34.353,96.145
187.214,304.295,33.510,95.997
190.749,303.084,33.127,95.504
194.059,304.354,33.420,94.873
198.877,309.763,34.312,94.675
202.100,312.472,35.374,94.568
205.499,311.932,36.637,94.102
207.468,317.279,38.782,93.497
210.006,318.717,41.443,92.064
213.263,321.604,42.721,91.183
215.272,324.085,43.191,91.052
216.703,325.599,43.625,90.635
216.399,328.110,44.633,91.028
215.070,331.389,45.334,91.012
213.500,330.647,45.824,91.068
213.510,329.567,45.612,90.850
214.385,333.362,45.285,90.148
213.944,332.332,46.348,90.224
215.580,332.481,49.015,90.890
214.193,337.030,49.290,91.019
215.241,339.423,48.721,90.236
216.680,337.421,48.533,91.530
217.137,339.909,48.107,91.395
217.798,343.317,49.907,90.716
219.847,345.975,52.419,89.697
221.803,346.280,53.827,89.544
224.285,346.600,53.437,89.869
227.482,345.503,55.673,89.975
226.074,343.962,53.985,89.730
225.958,344.703,51.311,90.623
227.415,345.336,48.873,90.892
229.053,346.024,46.834,91.314
230.822,345.342,45.980,91.548
229.429,345.208,42.769,91.973
231.986,346.608,43.552,91.294
228.600,346.076,40.734,91.203
227.269,346.295,40.788,91.174
225.832,349.126,42.391,90.164
225.154,350.729,44.933,88.869
224.647,351.031,49.441,87.667
223.614,350.922,51.519,87.668
223.814,349.542,51.706,87.383
224.165,352.210,51.307,87.966
225.128,350.246,51.200,88.521
227.236,347.463,50.669,89.915
229.233,346.932,48.564,90.281
229.488,346.215,45.020,90.590
233.814,345.119,43.589,90.634
235.406,345.288,40.970,92.145
238.130,349.401,38.494,92.516
237.956,351.337,37.424,91.245
240.091,352.543,36.570,91.187
242.016,356.866,36.474,91.002
241.822,359.657,36.552,90.034
244.060,361.950,38.737,90.175
248.968,360.776,40.547,90.607
253.171,359.691,42.626,90.769
257.819,357.488,44.279,91.729
262.633,356.327,44.825,91.673
266.565,355.798,45.918,91.380
270.647,358.712,45.413,91.253
276.708,356.886,44.865,90.992
286.266,357.019,42.511,90.548
294.818,358.444,39.245,90.605
305.696,359.830,36.538,89.362
314.415,360.704,33.999,89.547
318.260,358.910,32.664,89.724
321.903,361.212,31.968,89.874
324.987,363.408,32.938,89.671
327.256,361.713,35.699,90.097
327.202,363.109,38.011,91.220
327.014,364.831,41.478,90.301
326.776,363.879,45.771,88.838
329.584,365.462,48.059,88.135
331.852,367.606,49.820,87.504
334.065,368.054,49.851,87.008
332.232,369.735,51.426,88.687
334.361,370.622,50.359,88.608
338.419,369.902,48.398,87.258
340.338,367.657,45.853,87.023
343.496,364.145,42.889,87.672
343.621,359.059,40.322,88.288
343.693,358.424,37.844,88.615
343.228,356.948,36.069,90.648
343.262,353.277,35.007,91.279
343.195,348.799,35.343,91.768
344.596,348.076,34.950,92.465
342.313,347.534,36.129,93.779
339.165,350.098,37.625,93.367
336.573,351.918,38.523,91.463
335.767,347.295,39.291,89.950
332.890,348.026,40.230,89.738
329.402,344.705,40.879,91.114
328.313,338.565,40.585,91.980
328.387,334.973,38.859,93.272
328.901,328.574,37.164,93.418
330.153,323.322,34.793,93.907
332.429,322.768,32.665,94.278
333.079,321.173,31.553,95.299
328.906,320.941,31.585,95.985
322.554,320.595,33.249,95.660
321.070,317.107,33.503,96.814
316.614,316.312,34.711,97.915
312.420,315.055,34.940,97.961
307.960,314.089,35.316,98.532
304.709,311.509,35.809,98.380
302.961,307.997,36.580,97.719
300.768,304.694,37.507,98.524
299.148,299.613,38.791,101.000
296.526,294.890,41.126,103.563
293.928,292.192,44.003,106.307
290.781,292.349,47.077,107.751
291.705,289.037,48.617,109.238
293.145,287.884,48.432,110.812
294.280,290.302,48.035,112.030
300.263,292.658,47.098,113.664
303.863,292.285,46.791,113.541
309.520,291.955,46.410,114.208
313.995,293.489,46.025,114.252
317.564,296.640,46.041,113.719
321.572,298.408,46.559,113.075
324.363,299.243,46.772,111.550
322.342,304.195,47.011,110.368
324.311,304.243,47.964,111.256
326.780,307.850,48.471,110.640
326.570,312.507,48.401,108.763
323.386,318.421,49.057,105.334
316.609,315.873,48.906,104.544
312.105,313.859,48.398,104.199
307.111,313.557,45.969,103.852
303.104,314.682,43.713,102.763
302.047,317.582,41.317,101.790
302.376,315.936,39.405,101.706
303.047,318.925,38.026,100.418
301.980,324.743,38.932,100.514
301.837,329.077,43.382,100.505
300.863,330.853,46.203,99.692
301.659,335.394,48.491,97.991
298.990,337.273,50.357,97.632
301.652,337.521,50.022,96.776
302.953,337.813,49.474,96.709
305.339,344.358,47.795,96.212
309.797,345.233,47.869,97.643
315.220,342.281,46.741,98.588
316.488,345.348,46.022,97.984
318.070,347.596,43.943,97.346
321.845,344.692,41.272,97.594
325.694,344.475,39.474,97.691
330.299,348.291,38.390,97.846
332.057,348.528,37.888,98.782
334.194,346.791,38.006,99.781
336.660,349.216,38.711,100.565
338.470,350.333,39.010,101.122
339.225,350.166,39.777,101.050
339.414,349.689,40.997,100.783
336.284,347.445,43.140,100.500
332.193,350.011,45.105,99.776
326.881,348.583,45.625,100.517
321.648,346.448,45.659,101.027
316.142,345.151,45.452,102.143
312.440,343.691,44.227,102.447
310.846,345.773,42.434,103.014
306.690,344.328,40.586,102.984
306.450,341.303,38.449,102.984
304.415,344.738,36.884,103.142
302.806,347.795,36.107,103.468
302.468,349.957,35.672,104.010
301.658,348.819,36.190,103.512
302.599,346.987,37.476,103.400
302.544,347.873,39.254,102.964
303.201,347.119,41.299,102.032
305.157,345.869,44.295,100.782
307.375,344.490,46.734,99.680
309.638,343.789,47.545,99.391
311.893,344.894,49.452,98.906
314.774,345.325,48.487,98.443
317.898,344.896,47.832,97.958
320.537,343.692,47.294,98.694
320.732,342.630,45.930,99.471
317.686,345.082,43.911,99.848
315.192,344.695,41.202,100.714
313.509,345.286,39.417,101.968
308.423,347.585,39.563,102.454
301.607,349.395,39.921,103.636
294.885,348.728,41.394,103.216
288.096,349.775,43.201,102.538
282.816,350.060,46.059,101.888
276.546,349.633,47.385,101.383
272.563,347.765,49.309,99.740
267.051,346.748,50.189,99.496
261.900,347.186,52.009,100.150
254.757,348.524,54.872,101.357
247.785,349.216,54.136,102.265
241.517,347.632,52.026,102.534
240.083,347.625,49.650,103.064
237.619,346.804,46.894,103.419
236.078,345.897,44.046,105.003
236.405,345.654,41.614,105.973
236.613,343.462,40.410,107.850
235.376,342.332,38.912,107.728
234.630,343.131,37.789,107.032
234.362,348.418,37.308,105.235
232.878,348.740,38.361,105.099
233.002,350.349,37.762,104.751
227.049,347.668,38.309,106.895
224.618,356.718,39.967,107.203
221.896,356.153,41.923,107.334
216.071,373.378,41.273,114.368
216.316,373.481,42.887,120.483
213.139,375.261,42.668,124.257
211.686,377.584,43.194,126.621
209.817,376.366,43.557,127.123
207.324,380.911,42.741,127.706
205.239,377.318,41.006,128.459
203.709,373.669,40.539,128.408
199.324,374.221,39.376,125.972
200.030,369.318,39.312,122.297
200.776,370.740,39.597,119.966
200.669,370.390,39.930,116.910
201.720,372.250,40.622,113.453
202.594,374.084,42.358,110.561
208.561,373.408,44.749,108.445
211.884,372.971,45.475,107.373
216.354,374.156,46.869,106.422
219.980,373.350,47.574,106.110
225.264,372.257,47.334,106.307
230.727,371.260,46.510,106.399
235.076,371.276,45.088,106.168
240.330,371.957,42.834,106.426
245.895,371.883,40.415,106.409
249.810,371.124,37.733,106.421
252.024,371.867,36.433,106.529
255.621,371.312,35.502,106.456
257.716,369.981,36.220,105.807
260.276,366.553,37.435,105.585
261.560,366.412,39.886,106.008
260.578,367.606,44.216,105.536
260.400,366.550,47.940,105.179
261.388,368.640,51.121,104.236
261.736,372.178,53.059,103.081
263.283,370.980,52.188,102.530
263.729,371.759,51.349,103.136
261.457,373.872,52.044,103.733
259.935,371.157,51.346,104.672
256.506,369.818,50.789,106.078
255.502,371.181,48.853,106.947
255.297,373.174,47.313,107.530
251.056,372.880,45.227,107.773
249.141,372.166,43.056,107.802
246.980,372.734,41.225,107.482
246.696,371.938,40.221,108.813
246.420,368.900,39.452,108.870
243.618,370.477,41.318,108.179
241.579,368.398,43.652,108.110
242.967,366.347,45.314,107.737
242.712,364.263,48.714,107.414
241.388,364.009,51.153,107.156
241.322,360.462,51.996,106.845
247.811,354.776,53.438,106.882
246.789,356.301,52.395,107.202
244.545,355.170,50.861,108.475
244.564,348.651,46.800,109.507
245.119,342.145,42.195,109.878
246.186,337.434,38.337,110.119
246.908,338.865,36.538,110.506
246.214,336.147,35.276,109.581
244.723,337.175,35.730,109.225
241.867,334.394,36.943,108.543
235.604,334.732,41.475,107.865
230.692,332.692,45.981,108.356
226.203,333.141,50.222,108.229
225.350,335.934,53.521,106.899
224.267,337.325,56.542,106.504
225.782,338.092,57.398,106.169
228.775,339.410,56.931,105.892
229.694,338.005,55.801,106.373
230.395,338.181,54.914,105.772
232.640,337.672,52.371,105.567
234.007,337.413,49.414,105.129
234.993,333.132,45.666,105.154
239.460,327.318,42.978,106.881
245.782,327.721,40.613,107.167
247.688,325.176,38.680,108.306
250.904,326.181,37.994,108.656
254.607,329.049,39.138,108.135
258.282,327.618,40.613,108.133
261.911,327.996,43.394,107.032
267.319,329.729,47.284,105.552
271.756,330.284,49.339,104.147
278.082,331.239,51.704,103.720
277.763,335.635,53.278,103.812
281.889,343.110,53.367,99.629
284.835,340.541,53.159,99.002
289.946,331.859,51.410,100.838
291.002,335.095,49.438,99.581
293.977,333.304,45.842,100.211
294.649,329.128,42.835,102.078
296.221,328.921,40.266,103.426
296.155,328.014,38.802,103.871
295.255,326.691,38.063,104.765
294.517,329.895,37.622,105.487
291.539,330.534,38.338,104.766
291.582,328.551,40.289,104.983
290.272,326.635,41.656,105.030
287.501,329.577,44.305,103.937
285.994,329.291,47.693,102.648
286.253,329.887,49.326,102.128
285.287,330.962,50.184,101.208
281.909,328.550,50.894,101.296
280.822,326.219,51.593,101.412
278.373,326.641,51.969,100.802
276.000,328.595,50.072,100.330
275.381,329.722,48.208,99.835
275.400,329.711,46.157,99.967
277.235,327.389,44.054,100.869
278.798,326.306,42.234,102.210
280.523,330.151,40.323,102.645
282.720,332.178,39.916,102.853
285.999,330.462,42.954,103.970
283.204,333.808,44.166,104.071
282.839,331.703,47.300,103.590
283.535,329.759,50.243,102.624
285.104,332.638,54.535,102.082
285.395,337.063,56.928,100.855
287.323,339.979,57.518,100.449
291.754,338.878,58.111,101.453
294.982,339.561,56.626,101.481
295.154,340.042,54.725,101.815
295.107,341.835,52.169,101.445
292.177,345.628,48.992,101.206
291.892,345.987,47.050,101.451
289.648,343.759,45.670,101.863
290.959,345.169,43.815,102.159
290.009,348.182,42.875,101.499
288.249,345.236,42.512,101.767
285.187,343.870,43.605,103.431
283.110,351.878,44.679,102.381
275.442,354.058,47.205,101.711
274.134,355.410,49.592,102.417
269.122,360.141,51.398,101.436
264.431,365.980,52.444,100.805
260.870,369.892,53.861,100.280
258.833,367.324,54.230,100.957
259.505,371.043,53.455,99.933
259.926,367.041,52.522,100.531
260.580,367.489,51.431,100.811
262.759,369.361,50.127,100.641
262.770,359.734,48.805,102.110
264.682,360.845,46.793,102.955
264.081,360.259,43.248,103.877
268.048,354.289,40.724,105.656
272.654,354.443,41.945,106.034
272.621,354.672,44.080,105.890
273.207,352.694,46.539,107.170
270.123,355.517,50.809,107.119
269.299,354.836,53.888,107.211
270.425,352.891,54.518,107.523
272.351,352.674,55.030,108.608
275.772,356.193,55.904,109.095
276.565,357.403,54.575,109.667
276.407,354.257,51.973,109.424
277.310,354.206,49.373,109.674
274.540,351.902,45.545,110.217
272.161,351.690,41.548,110.169
269.217,352.827,38.952,110.883
266.739,355.472,36.644,110.816
264.312,351.954,36.502,110.856
261.051,354.540,37.468,110.534
253.467,354.733,42.788,109.573
247.261,358.505,48.790,107.270
243.515,359.876,53.842,105.592
244.276,359.886,57.299,103.896
247.297,360.958,60.253,103.385
253.153,361.356,63.640,103.261
259.452,360.742,64.056,103.906
263.783,360.503,63.653,104.637
268.322,354.869,61.381,105.177
272.361,356.976,59.828,105.740
277.704,356.930,56.448,106.476
280.845,358.082,52.059,106.837
281.019,356.862,48.355,107.680
284.744,358.813,45.028,109.256
286.780,358.803,44.433,110.742
284.125,357.507,44.479,111.365
283.461,357.397,45.144,111.459
279.911,356.599,48.105,111.122
275.111,356.572,51.653,110.343
269.096,359.588,56.148,109.070
263.859,359.751,60.036,107.686
261.964,358.222,62.085,107.075
260.691,359.154,62.875,106.631
258.173,359.257,62.674,106.263
259.400,356.824,60.260,106.864
250.491,358.150,59.752,107.326
251.542,357.422,56.382,107.465
246.750,356.737,53.440,107.299
244.867,356.632,49.157,106.523
242.102,355.482,46.415,107.666
238.442,355.691,45.447,110.448
232.512,355.262,43.394,111.803
226.717,357.902,44.134,112.922
223.203,359.332,45.937,112.887
218.545,359.598,49.344,111.907
213.323,363.533,52.207,110.699
210.589,364.035,54.880,109.299
208.261,365.584,56.535,109.273
203.096,365.597,55.937,109.841
201.004,364.586,55.151,110.146
197.463,362.554,54.598,111.739
194.548,360.481,52.966,112.619
190.303,359.315,51.025,113.811
185.812,360.153,47.183,113.820
180.698,359.132,43.908,115.521
176.275,356.792,42.630,116.276
170.387,358.336,40.491,118.150
166.605,359.190,39.627,120.585
163.307,353.892,39.779,120.984
158.609,354.851,40.428,120.379
155.188,355.022,41.790,122.494
151.928,348.996,43.261,120.552
151.780,350.997,45.112,119.127
148.789,349.343,46.859,116.598
143.167,348.012,50.017,115.526
142.574,350.528,51.792,115.342
136.422,349.901,55.125,115.167
137.754,351.590,55.501,114.442
136.117,350.516,56.074,114.707
133.824,350.191,56.782,116.070
132.832,349.789,57.989,116.174
128.630,355.996,56.174,119.775
127.634,352.300,56.363,120.643
121.973,356.022,54.443,122.133
119.528,354.541,53.895,122.930
117.062,349.910,54.089,123.079
108.064,350.066,51.328,123.131
108.869,351.270,49.291,121.109
106.710,351.399,47.208,119.975
106.584,351.773,45.601,117.237
102.286,353.103,43.617,115.663
103.699,355.410,42.174,114.469
102.004,357.226,42.824,115.889
96.732,355.445,43.228,115.429
93.798,359.682,44.039,114.208
91.236,355.088,44.747,115.158
92.650,354.650,44.866,115.694
94.048,357.010,45.071,117.184
96.215,352.163,45.140,118.228
99.804,352.560,45.859,120.512
101.262,360.199,46.482,123.991
102.174,360.314,47.261,126.656
105.644,362.046,46.927,129.855
115.563,447.935,46.021,127.315
120.936,450.730,44.877,124.574
125.421,447.785,44.174,123.707
127.055,451.934,44.011,121.648
130.982,454.076,43.242,120.312
135.117,453.420,43.109,119.686
137.488,456.170,43.184,118.704
140.339,456.147,43.165,118.380
142.407,458.017,43.483,117.775
141.152,461.306,43.128,117.623
142.993,461.628,43.321,117.259
144.748,460.120,43.354,117.345
146.340,459.771,43.556,117.209
146.561,458.653,43.119,117.447
146.109,458.786,42.832,117.598
146.595,456.825,42.511,117.216
144.295,458.474,42.499,116.818
141.758,458.744,42.675,116.446
141.597,457.593,42.451,116.660
139.069,457.674,42.465,116.934
136.492,453.975,42.559,116.996
133.467,452.115,42.650,117.325
131.038,453.455,42.533,116.946
128.343,452.284,42.658,117.239
127.172,453.158,42.566,116.825
127.177,449.697,42.442,116.866
129.169,448.917,42.530,116.809
128.009,450.367,42.288,116.597
128.453,451.185,42.259,116.704
130.556,451.389,42.489,116.586
132.752,450.819,42.892,116.585
135.517,450.962,43.063,116.613
137.292,453.668,43.159,116.652
138.789,455.964,43.073,116.734
141.160,454.490,43.142,116.958
142.849,454.699,43.156,116.891
144.729,453.956,43.173,116.952
145.768,456.433,42.759,117.173
147.130,456.486,42.615,117.076
147.431,457.033,42.484,116.931
149.247,453.552,42.539,116.975
148.544,453.410,42.408,117.106
146.316,454.463,42.327,116.959
145.290,455.872,42.018,117.198
146.287,453.539,42.372,117.494
145.802,450.443,42.139,117.622
145.490,451.023,41.934,117.459
146.323,448.277,42.411,117.380
147.454,447.242,42.612,117.466
144.775,447.591,42.542,117.439
144.801,444.266,42.459,117.844
145.980,442.426,42.571,118.241
144.536,445.346,42.400,118.084
141.957,446.366,42.524,117.780
141.860,445.733,42.401,117.825
139.867,447.728,42.303,117.679
139.036,449.142,42.291,117.655
139.310,449.934,42.410,117.455
136.444,452.236,42.529,117.274
135.644,453.514,42.234,117.554
134.120,455.801,42.460,117.665
134.438,456.637,42.460,117.639
134.230,457.788,42.359,118.000
132.757,459.363,42.417,117.329
132.033,457.042,42.752,117.528
134.057,453.311,43.225,117.687
134.734,452.610,43.419,117.875
136.186,450.996,43.559,118.341
137.561,450.618,43.962,118.235
138.477,449.026,43.812,118.548
139.586,446.946,43.908,118.980
141.147,444.022,44.248,119.581
142.258,441.182,44.853,119.437
141.262,441.107,44.339,118.858
142.114,439.754,44.001,118.381
145.322,436.385,43.724,118.409
143.973,437.118,43.525,118.210
142.519,439.523,43.227,117.881
142.903,439.987,42.351,117.176
144.084,439.851,41.474,117.280
141.816,442.346,41.186,117.179
141.677,443.270,40.889,117.008
143.927,441.509,40.202,117.408
141.374,443.800,40.552,117.566
138.222,447.828,40.250,117.198
136.539,449.177,40.370,117.388
135.749,447.538,40.391,117.259
132.976,451.000,40.276,116.884
130.181,454.117,39.563,116.356
127.871,456.923,39.414,116.355
125.761,458.545,39.428,116.374
124.014,459.566,39.597,115.507
123.636,458.922,39.395,115.496
123.857,459.780,38.992,115.669
124.208,459.427,38.687,115.313
125.235,456.736,38.191,114.686
125.417,455.635,38.092,114.029
125.082,453.110,37.974,113.784
123.115,455.096,37.676,113.177
124.049,453.070,37.387,113.182
124.961,450.237,37.098,113.117
122.964,451.954,37.204,113.689
122.402,452.396,37.347,113.712
122.010,450.648,37.849,113.810
120.029,448.628,38.107,113.524
118.613,449.737,38.380,113.610
118.182,448.807,38.495,113.536
119.388,445.256,39.273,113.010
118.197,444.837,40.016,113.467
115.264,445.154,41.145,113.883
112.564,442.723,42.599,113.836
109.934,443.294,43.778,114.359
105.226,442.492,45.465,114.249
105.258,440.890,46.170,114.485
