2.98044729
0.01496577
0.01488709
0.01477480
0.01484847
0.01477313
0.01481485
0.01481843
0.01494312
0.01498508
0.01515651
0.01514816
0.01499820
0.01499391
0.01498175
0.01497245
0.01496887
0.01496458
0.01495409
0.01498652
0.01499033
0.01499748
0.01510811
0.01522136
0.01503277
0.01504660
0.01501250
0.01508236
0.01501942
0.01503801
0.01504397
0.01508355
0.01504064
0.01502299
0.01500106
0.01504731
0.01500869
0.01506495
0.01508832
0.01511335
0.01522160
0.01518035
0.01520896
0.01511264
0.01509976
0.01509261
0.01512003
0.01549172
0.01516843
0.01540089
0.01540494
0.01516914
0.01545572
0.01562881
0.01545024
0.01544285
0.01539898
0.01542449
0.01540828
0.01546168
0.01546311
0.01552320
0.01549411
0.01565862
0.01559138
0.01561952
0.01570106
0.01573014
0.01559997
0.01560378
0.01579261
0.01598310
0.01599002
0.01618028
0.01599050
0.01599193
0.01610947
0.01583934
0.01585984
0.01606536
0.01622558
0.01614356
0.01597762
0.01606369
0.01603460
0.01602030
0.01598072
0.01600575
0.01599431
0.01597714
0.01597023
0.01597929
0.01597095
0.01600099
0.01597357
0.01606989
0.01614952
0.01619601
0.01621580
0.01620698
0.01620197
0.01602221
0.01613998
0.01617002
0.01616120
0.01602411
0.01605129
0.01603436
0.01614189
0.01598120
0.01601791
0.01603889
0.01597142
0.01597381
0.01596713
0.01599717
0.01601291
0.01598048
0.01620245
0.01607871
0.01621389
0.01614070
0.01614642
0.01644874
0.01618171
0.01603341
0.01594925
0.01607943
0.01598525
0.01603556
0.01606917
0.01621318
0.01628351
0.01630306
0.01611781
0.01604319
0.01627517
0.01615143
0.01627874
0.01609206
0.01605582
0.01602507
0.01597452
0.01598239
0.01594567
0.01595855
0.01600599
0.01606870
0.01599956
0.01599383
0.01605630
0.01603532
0.01611137
0.01606774
0.01587772
0.01591182
0.01571774
0.01572609
0.01567602
0.01566124
0.01566243
0.01564407
0.01564407
0.01551938
0.01545763
0.01544094
0.01549339
0.01544571
0.01561594
0.01555037
0.01550674
0.01551223
0.01543188
0.01541328
0.01540995
0.01538324
0.01537895
0.01538062
0.01536369
0.01539707
0.01541686
0.01537776
0.01551390
0.01526856
0.01540256
0.01529884
0.01519394
0.01520491
0.01521397
0.01536393
0.01533699
0.01536393
0.01522136
0.01521564
0.01533818
0.01540589
0.01533103
0.01529360
0.01513553
0.01506925
0.01505756
0.01511765
0.01533341
0.01510763
0.01499009
0.01504207
0.01509595
0.01507473
0.01526856
0.01533937
0.01533055
0.01535416
0.01532674
0.01529503
0.01527667
0.01520324
0.01512432
0.01531935
0.01533198
0.01538944
0.01521778
0.01516080
0.01527882
0.01531005
0.01534843
0.01532388
0.01528788
0.01545095
0.01539159
0.01544714
0.01547813
0.01544261
0.01545906
0.01550984
0.01545811
0.01546550
0.01554251
0.01559138
0.01573181
0.01562166
0.01588988
0.01607203
0.01578760
0.01571703
0.01569772
0.01574516
0.01591444
0.01602793
0.01610231
0.01595569
0.01606560
0.01600432
0.01604700
0.01618147
0.01616549
0.01622939
0.01620126
0.01612091
0.01631618
0.01612639
0.01624632
0.01612353
0.01615500
0.01620603
0.01616693
0.01597738
0.01601982
0.01614213
0.01600122
0.01620054
0.01616359
0.01620865
0.01615262
0.01616001
0.01599312
0.01590037
0.01590586
0.01586175
0.01582408
0.01588964
0.01583743
0.01606798
0.01583409
0.01611662
0.01566434
0.01558852
0.01564240
0.01559377
0.01559377
0.01557207
0.01563239
0.01564622
0.01562452
0.01550627
0.01546669
0.01566291
0.01572371
0.01550817
0.01556683
0.01553869
0.01551127
0.01552844
0.01522899
0.01540709
0.01537299
0.01526427
0.01517701
0.01516843
0.01517010
0.01517892
0.01517081
0.01526666
0.01526809
0.01526356
0.01546574
0.01540017
0.01531172
0.01511383
0.01509547
0.01513672
0.01518130
0.01517010
0.01530576
0.01517963
0.01521873
0.01509070
0.01506710
0.01512003
0.01514268
0.01514721
0.01512957
0.01531291
0.01534390
0.01518059
0.01521111
0.01519656
0.01536202
0.01518488
0.01528621
0.01519871
0.01520658
0.01524782
0.01524258
0.01514459
0.01513624
0.01660609
0.01509476
0.01507163
0.01511025
0.01502252
0.01504874
0.01517701
0.01513815
0.01518822
0.01522541
0.01515818
0.01514316
0.01516199
0.01519442
0.01528978
0.01531291
0.01525855
0.01526046
0.01526713
0.01538920
0.01522279
0.01521707
0.01520610
0.01541281
0.01547718
0.01540256
0.01561046
0.01529145
0.01530504
0.01523685
0.01528192
0.01514649
0.01534963
0.01521754
0.01521993
0.01517320
0.01513672
0.01533270
0.01528525
0.01520729
0.01515174
0.01514769
0.01517105
0.01517653
0.01534986
0.01521778
0.01521206
0.01517773
0.01517606
0.01528740
0.01529765
0.01511979
0.01519036
0.01527476
0.01532865
0.01529670
0.01529884
0.01526785
0.01532626
0.01527309
0.01525187
0.01523232
0.01523519
0.01523089
0.01522350
0.01523638
0.01524377
0.01527166
0.01516390
0.01538324
0.01521063
0.01518774
0.01514554
0.01541495
0.01514626
0.01513553
0.01512861
0.01523709
0.01542902
0.01529860
0.01519823
0.01523471
0.01530719
0.01551390
0.01541352
0.01531124
0.01542878
0.01552296
0.01549006
0.01541543
0.01529026
0.01537943
0.01537704
0.01534033
0.01569152
0.01554036
0.01561952
0.01539707
0.01539421
0.01541877
0.01570272
0.01555061
0.01550722
0.01544285
0.01541305
0.01545835
0.01546073
0.01546049
0.01545954
0.01539683
0.01550889
0.01555014
0.01547480
0.01558709
0.01564765
0.01579571
0.01553702
0.01551199
0.01549101
0.01565266
0.01548195
0.01546597
0.01546216
0.01549339
0.01547170
0.01544547
0.01546860
0.01542354
0.01554680
0.01548839
0.01546812
0.01545596
0.01551509
0.01550674
0.01551151
0.01545358
0.01553035
0.01556039
0.01552343
0.01551557
0.01543713
0.01546407
0.01545882
0.01546216
0.01544309
0.01543522
0.01553130
0.01552367
0.01549411
0.01548719
0.01547480
0.01550698
0.01548791
0.01547122
0.01547241
0.01554871
0.01579618
0.01562166
0.01554370
0.01562381
0.01549792
0.01548672
0.01557994
0.01550984
0.01567817
0.01573181
0.01570678
0.01569295
0.01570296
0.01570702
0.01570010
0.01572371
0.01567769
0.01551199
0.01548433
0.01546359
0.01548386
0.01565599
0.01552963
0.01557922
0.01551723
0.01571798
0.01566958
0.01546550
0.01566482
0.01543880
0.01546049
0.01545501
0.01549506
0.01548481
0.01547527
0.01546335
0.01547217
0.01566076
0.01551795
0.01566625
0.01556635
0.01545405
0.01559901
0.01554942
0.01552486
0.01556206
0.01547194
0.01552343
0.01548862
0.01545978
0.01547241
0.01549053
0.01554894
0.01546121
0.01553631
0.01565933
0.01568484
0.01553512
0.01547599
0.01545167
0.01553059
0.01567841
0.01590276
0.01584172
0.01565170
0.01558280
0.01554561
0.01549435
0.01546597
0.01546717
0.01544118
0.01546192
0.01545668
0.01565814
0.01551652
0.01547003
0.01547432
0.01551676
0.01548123
0.01547003
0.01546931
0.01552200
0.01538229
0.01541424
0.01539993
0.01540256
0.01542640
0.01540947
0.01538873
0.01547337
0.01549482
0.01544380
0.01529002
0.01522684
0.01515627
0.01514363
0.01516151
0.01537585
0.01528239
0.01532054
0.01520038
0.01528621
0.01517963
0.01525164
0.01515818
0.01513124
0.01512909
0.01517916
0.01517773
0.01517653
0.01556635
0.01534867
0.01554155
0.01558661
0.01561069
0.01556873
0.01557469
0.01547313
0.01547170
0.01549101
0.01549101
0.01547503
0.01552272
0.01567554
0.01580787
0.01585245
0.01572752
0.01590014
0.01601839
0.01571488
0.01604652
0.01562428
0.01562762
0.01566315
0.01561689
0.01571035
0.01572871
0.01572037
0.01589179
0.01575780
0.01566434
0.01553297
0.01572156
0.01558876
0.01557326
0.01556587
0.01558733
0.01567912
0.01571703
0.01591182
0.01556635
0.01542711
0.01534081
0.01531076
0.01529813
0.01536608
0.01533413
0.01524258
0.01526856
0.01523662
0.01523876
0.01514626
0.01512861
0.01516294
0.01515532
0.01515841
0.01529050
0.01518369
0.01547647
0.01537228
0.01517797
0.01516461
0.01514173
0.01512146
0.01514339
0.01512980
0.01518703
0.01529789
0.01540923
0.01544356
0.01541734
0.01544976
0.01546645
0.01552153
0.01547933
0.01598144
0.01551723
0.01559305
0.01568174
0.01555777
0.01551414
0.01539803
0.01528239
0.01529980
0.01526809
0.01550007
0.01556611
0.01551008
0.01534915
0.01538563
0.01571059
0.01533222
0.01525879
0.01516628
0.01515436
0.01513505
0.01518655
0.01513267
0.01526141
0.01523423
0.01546741
0.01555753
0.01534557
0.01521754
0.01528549
0.01533294
0.01520991
0.01540685
0.01528907
0.01530147
0.01532626
0.01554465
0.01539278
0.01527619
0.01523709
0.01537681
0.01529884
0.01546264
0.01539397
0.01535010
0.01535821
0.01552820
0.01536274
0.01539230
0.01537442
0.01535654
0.01560473
0.01587915
0.01551032
0.01545000
0.01552463
0.01666164
0.01554823
0.01554751
0.01552916
0.01559782
0.01560211
0.01615357
0.01572800
0.01558447
0.01580954
0.01590610
0.01568413
0.01579833
0.01593161
0.01573539
0.01568961
0.01589799
0.01572990
0.01577258
0.01573157
0.01572609
0.01568508
0.01570559
0.01590681
0.01587415
0.01568723
0.01568103
0.01588178
0.01588726
0.01589394
0.01584744
0.01573539
0.01592469
0.01594305
0.01581502
0.01568103
0.01577044
0.01604557
0.01577735
0.01578355
0.01576209
0.01567173
0.01561189
0.01567483
0.01573849
0.01561475
0.01597142
0.01579022
0.01581597
0.01548505
0.01555300
0.01552653
0.01546478
0.01548696
0.01547813
0.01548147
0.01547313
0.01549101
0.01547074
0.01538181
0.01520371
0.01519370
0.01519036
0.01519489
0.01517653
0.01516485
0.01541352
0.01555037
0.01566339
0.01538825
0.01546979
0.01528430
0.01523757
0.01515365
0.01528454
0.01528025
0.01554060
0.01547670
0.01550174
0.01533103
0.01546907
0.01559329
0.01557374
0.01563311
0.01557493
0.01544762
0.01552200
0.01565027
0.01551247
0.01562190
0.01557922
0.01557732
0.01564908
0.01566672
0.01548600
0.01545167
0.01544738
0.01543689
0.01544547
0.01553488
0.01558852
0.01562405
0.01566267
0.01566648
0.01563025
0.01566839
0.01578665
0.01570559
0.01568699
0.01580119
0.01579714
0.01573086
0.01578617
0.01581788
0.01581550
0.01587558
0.01585317
0.01588416
0.01581717
0.01581550
0.01569080
0.01569510
0.01569128
0.01570272
0.01567912
0.01568127
0.01566267
0.01569867
0.01574850
0.01572800
0.01574302
0.01574373
0.01568246
0.01564407
0.01567364
0.01570296
0.01566720
0.01567173
0.01557136
0.01552129
0.01552010
0.01560163
0.01562524
0.01558042
0.01550460
0.01551557
0.01549625
0.01550174
0.01568532
0.01547265
0.01546836
0.01561546
0.01550865
0.01568317
0.01560712
0.01553679
0.01546526
0.01546526
0.01522517
0.01518750
0.01540995
0.01543689
0.01540184
0.01542783
0.01541185
0.01515675
0.01516223
0.01518774
0.01504064
0.01510811
0.01531625
0.01529598
0.01518130
0.01542568
0.01524949
0.01520371
0.01526904
0.01525044
0.01527476
0.01511693
0.01515746
0.01529074
0.01530695
0.01541328
0.01541615
0.01543665
0.01542544
0.01546097
0.01540995
0.01546288
0.01579118
0.01548553
0.01542592
0.01541519
0.01544380
0.01557565
0.01537490
0.01530910
0.01542830
0.01528549
0.01557136
0.01551747
0.01529145
0.01542115
0.01539111
0.01545143
0.01538658
0.01542425
0.01570892
0.01544237
0.01552558
0.01542544
0.01547384
0.01542068
0.01547027
0.01556396
0.01560092
0.01556587
0.01557374
0.01550341
0.01575661
0.01557732
0.01557827
0.01559806
0.01561785
0.01556873
0.01549315
0.01550913
0.01547027
0.01565909
0.01553082
0.01556993
0.01570725
0.01559353
0.01561260
0.01559186
0.01585460
0.01577830
0.01574159
0.01575351
0.01581097
0.01570606
0.01571584
0.01570320
0.01563644
0.01568532
0.01565838
0.01569104
0.01583266
0.01566100
0.01574802
0.01578164
0.01573420
0.01577306
0.01583338
0.01588392
0.01575065
0.01565981
0.01559234
0.01579905
0.01579428
0.01560688
0.01577187
0.01561260
0.01577497
0.01579571
0.01567054
0.01563239
0.01565695
0.01555300
0.01557994
0.01556420
0.01561189
0.01546049
0.01543903
0.01543808
0.01543641
0.01523829
0.01512933
0.01515532
0.01516700
0.01514792
0.01520252
0.01551580
0.01527882
0.01534939
0.01533103
0.01535749
0.01525593
0.01522160
0.01507854
0.01508427
0.01531839
0.01529312
0.01507998
0.01543784
0.01551414
0.01522064
0.01512074
0.01508522
0.01516032
0.01506305
0.01508379
0.01510262
0.01512384
0.01507163
0.01517463
0.01532221
0.01526403
0.01529384
0.01540112
0.01520610
0.01536989
0.01545787
0.01552701
0.01553774
0.01537347
0.01542544
0.01542449
0.01534319
0.01529336
0.01529574
0.01538992
0.01562500
0.01541686
0.01543379
0.01547098
0.01560140
0.01547718
0.01553965
0.01544452
0.01557040
0.01550221
0.01570559
0.01559615
0.01553631
0.01548004
0.01566887
0.01565456
0.01543951
0.01546240
0.01547289
0.01545954
0.01546550
0.01545024
0.01565599
0.01545548
0.01550770
0.01554418
0.01564598
0.01553464
0.01546288
0.01548576
0.01548314
0.01549888
0.01574111
0.01559806
0.01565766
0.01559663
0.01560020
0.01557422
0.01568270
0.01562643
0.01564765
0.01563311
0.01563287
0.01559043
0.01562285
0.01559067
0.01556492
0.01549625
0.01568604
0.01570415
0.01567936
0.01567841
0.01561427
0.01562786
0.01544976
0.01538634
0.01538801
0.01537800
0.01554275
0.01527166
0.01528287
0.01527452
0.01528215
0.01537061
0.01525402
0.01521707
0.01538968
0.01522899
0.01516175
0.01516223
0.01514745
0.01515698
0.01743603
0.01514387
0.01508284
0.01501226
0.01503253
0.01503706
0.01500511
0.01503181
0.01503468
0.01501536
0.01499319
0.01502347
0.01501489
0.01527596
0.01510000
0.01511049
0.01510644
0.01509237
0.01510262
0.01518035
0.01522374
0.01541448
0.01522636
0.01517510
0.01522422
0.01536012
0.01547170
0.01546121
0.01523376
0.01519728
0.01520777
0.01522732
0.01512980
0.01523328
0.01518965
0.01515174
0.01525569
0.01545906
0.01533437
0.01517153
0.01514482
0.01509643
0.01508784
0.01516747
0.01519895
0.01528573
0.01521564
0.01519752
0.01521730
0.01516581
0.01517129
0.01516390
0.01516318
0.01521492
0.01517129
0.01514912
0.01523018
0.01525569
0.01528096
0.01542544
0.01531625
0.01531148
0.01537609
0.01537013
0.01539683
0.01541257
0.01556730
0.01556063
0.01542592
0.01548076
0.01559758
0.01556754
0.01558900
0.01567936
0.01571226
0.01554894
0.01554728
0.01568055
0.01565790
0.01558375
0.01551986
0.01553893
0.01555204
0.01566291
0.01559186
0.01558590
0.01547766
0.01547170
0.01548910
0.01546884
0.01548553
0.01547909
0.01559830
0.01531959
0.01550364
0.01554561
0.01533961
0.01533937
0.01540589
0.01538038
0.01528740
0.01529169
0.01534700
0.01541829
0.01567411
0.01601458
0.01561570
0.01551700
0.01568818
0.01559067
0.01539850
0.01546907
0.01560163
0.01581502
0.01555085
0.01549983
0.01544404
0.01547956
0.01552987
0.01566505
0.01563883
0.01553607
0.01544404
0.01536608
0.01538563
0.01537037
0.01570368
0.01548934
0.01545119
0.01541519
0.01547146
0.01537180
0.01550055
0.01538634
0.01560569
0.01568937
0.01549602
0.01548934
0.01551795
0.01563597
0.01550770
0.01554632
0.01561379
0.01552439
0.01547074
0.01545191
0.01546144
0.01554704
0.01572013
0.01567268
0.01556611
0.01564598
0.01577091
0.01558542
0.01549554
0.01573133
0.01582026
0.01554728
0.01549768
0.01547718
0.01547050
0.01546049
0.01554084
0.01563358
0.01554751
0.01548338
0.01570559
0.01583433
0.01616430
0.01563644
0.01560259
0.01582694
0.01550627
0.01533413
0.01548767
0.01552010
0.01551223
0.01550865
0.01548624
0.01550126
0.01547956
0.01549888
0.01546574
0.01525712
0.01530004
0.01558733
0.01565003
0.01544285
0.01529956
0.01535654
0.01545024
0.01531911
0.01521087
0.01513314
0.01513791
0.01514745
0.01515889
0.01516414
0.01525044
0.01531315
0.01529074
0.01522136
0.01552367
0.01551938
0.01558900
0.01568580
0.01559758
0.01532888
0.01542091
0.01525497
0.01525235
0.01525378
0.01531768
0.01530600
0.01545405
0.01553440
0.01543617
0.01554704
0.01538706
0.01558375
0.01545024
0.01548386
0.01549220
0.01553750
0.01547194
0.01560378
0.01550078
0.01584172
0.01573229
0.01561952
0.01560998
0.01562214
0.01546240
0.01547909
0.01547670
0.01561332
0.01547456
0.01569748
0.01575828
0.01566100
0.01590300
0.01555610
0.01555228
0.01558185
0.01577306
0.01575089
0.01563239
0.01571131
0.01575446
0.01571298
0.01563621
0.01546049
0.01539612
0.01540112
0.01540947
0.01544809
0.01541710
0.01542425
0.01562595
0.01559043
0.01544785
0.01527500
0.01554704
0.01528215
0.01554871
0.01549745
0.01549077
0.01535749
0.01585007
0.01559806
0.01567411
0.01549387
0.01554894
0.01548004
0.01545525
0.01560378
0.01563573
0.01542497
0.01560640
0.01561522
0.01556849
0.01550627
0.01554966
0.01555657
0.01549721
0.01565075
0.01570082
0.01567245
0.01568079
0.01600504
0.01577830
0.01568270
0.01572657
0.01607156
0.01568604
0.01567125
0.01571035
0.01571846
0.01575541
0.01595283
0.01593232
0.01592541
0.01600862
0.01590848
0.01583171
0.01586652
0.01588225
0.01597571
0.01602888
0.01597023
0.01596832
0.01599121
0.01599336
0.01599240
0.01599908
0.01599193
0.01598549
0.01613951
0.01605439
0.01613259
0.01605225
0.01597142
0.01603413
0.01595879
0.01599574
0.01597905
0.01597238
0.01601124
0.01602507
0.01599836
0.01596951
0.01588893
0.01583266
0.01588225
0.01581144
0.01583266
0.01583266
0.01579690
0.01583791
0.01574373
0.01568413
0.01568532
0.01568747
0.01575708
0.01575112
0.01601648
0.01571298
0.01576924
0.01573277
0.01553750
0.01591492
0.01581216
0.01573873
0.01559424
0.01558352
0.01561809
0.01549387
0.01548338
0.01545525
0.01534081
0.01529050
0.01528883
0.01534986
0.01530528
0.01529527
0.01525879
0.01525521
0.01525187
0.01526332
0.01527667
0.01523042
0.01515961
0.01519632
0.01549673
0.01524162
0.01522446
0.01525092
0.01519704
0.01514125
0.01513577
0.01511788
0.01509976
0.01517773
0.01522684
0.01527214
0.01526976
0.01525736
0.01527715
0.01529384
0.01526570
0.01528883
0.01540351
0.01554370
0.01547909
0.01535058
0.01940942
0.01587415
0.01524901
0.01532173
0.01518512
0.01515675
0.01520538
0.01516652
0.01514459
0.01517868
0.01521373
0.01527286
0.01539969
0.01543832
0.01544476
0.01514411
0.01520896
0.01586223
0.01552153
0.01532292
0.01524806
0.01520681
0.01512361
0.01530766
0.01525235
0.01524353
0.01518440
0.01515412
0.01518774
0.01525617
0.01528811
0.01523328
0.01520586
0.01513457
0.01519156
0.01532388
0.01528525
0.01539230
0.01519394
0.01521540
0.01522613
0.01525307
0.01530194
0.01540852
0.01518059
0.01520824
0.01523566
0.01523399
0.01520371
0.01545548
0.01522303
0.01535392
0.01541328
0.01533937
0.01552224
0.01538491
0.01549053
0.01542640
0.01538539
0.01560664
0.01570654
0.01558566
0.01563549
0.01552558
0.01565146
0.01548195
0.01551270
0.01567578
0.01564956
0.01562834
0.01548219
0.01559782
0.01549506
0.01547718
0.01545858
0.01547408
0.01548672
0.01561737
0.01565647
0.01624942
0.01601529
0.01594400
0.01577377
0.01579976
0.01531982
0.01534534
0.01543450
0.01530766
0.01532459
0.01531720
0.01530528
0.01527762
0.01534510
0.01527405
0.01545691
0.01531911
0.01528215
0.01551676
0.01537251
0.01555324
0.01533437
0.01537824
0.01540327
0.01541471
0.01549935
0.01553750
0.01552629
0.01546383
0.01549292
0.01553011
0.01548052
0.01552939
0.01550245
0.01556396
0.01553178
0.01578975
0.01569748
0.01574564
0.01568818
0.01585054
0.01573515
0.01568246
0.01578689
0.01590300
0.01569581
0.01578712
0.01581454
0.01573420
0.01577210
0.01593757
0.01594806
0.01591778
0.01610923
0.01586771
0.01573610
0.01577663
0.01567078
0.01567602
0.01583385
0.01588750
0.01573920
0.01573443
0.01566625
0.01556659
0.01553392
0.01549721
0.01547074
0.01551771
0.01548338
0.01567078
0.01557899
0.01572680
0.01551962
0.01525807
0.01515770
0.01518869
0.01516962
0.01516271
0.01516008
0.01515651
0.01512575
0.01519084
0.01519275
0.01514888
0.01514196
0.01513648
0.01513386
0.01512814
0.01514506
0.01520658
0.01520181
0.01528287
0.01512146
0.01522064
0.01521707
0.01528049
0.01526642
0.01532483
0.01536846
0.01530361
0.01528716
0.01525259
0.01549196
0.01545811
0.01520848
0.01530385
0.01529050
0.01536059
0.01532555
0.01537251
0.01538372
0.01537466
0.01531219
0.01529384
0.01521492
0.01520562
0.01518941
0.01519561
0.01518035
0.01517224
0.01511383
0.01544905
0.01539445
0.01554370
0.01564264
0.01556730
0.01555514
0.01544905
0.01543188
0.01556754
0.01538539
0.01543808
0.01542234
0.01544952
0.01544976
0.01554370
0.01547313
0.01576161
0.01549888
0.01575828
0.01574636
0.01566243
0.01563692
0.01563215
0.01567507
0.01560712
0.01562309
0.01565146
0.01560640
0.01566672
0.01558852
0.01560974
0.01562142
0.01550102
0.01545119
0.01559043
0.01549149
0.01571012
0.01552725
0.01545811
0.01547527
0.01549029
0.01566887
0.01538992
0.01527858
0.01530528
0.01551437
0.01539421
0.01560974
0.01552248
0.01543069
0.01528239
0.01524830
0.01527667
0.01522923
0.01525283
0.01526546
0.01527381
0.01533127
0.01527333
0.01527429
0.01529646
0.01548696
0.01535463
0.01573038
0.01593423
0.01568389
0.01543236
0.01541829
0.01540995
0.01546478
0.01524854
0.01525378
0.01525950
0.01526761
0.01526618
0.01542115
0.01526213
0.01543951
0.01545691
0.01548004
0.01533246
0.01543760
0.01532578
0.01539350
0.01532483
0.01537800
0.01532578
0.01544976
0.01539636
0.01538563
0.01558995
0.01540756
0.01538444
0.01535058
0.01532054
0.01530647
0.01529741
0.01530290
0.01526403
0.01528668
0.01526451
0.01530123
0.01529098
0.01537180
0.01518250
0.01521254
0.01534486
0.01533651
0.01540041
0.01515102
0.01541281
0.01533031
0.01537585
0.01550603
0.01555729
0.01557279
0.01552129
0.01565218
0.01549292
0.01548147
0.01544905
0.01546359
0.01559353
0.01575851
0.01548433
0.01547337
0.01547432
0.01548433
0.01555562
0.01560712
0.01566315
0.01572227
0.01557088
0.01556802
0.01556873
0.01560879
0.01556635
0.01556444
0.01566815
0.01564837
0.01557469
0.01556039
0.01576042
0.01551127
0.01567388
0.01557302
0.01567602
0.01552773
0.01557684
0.01568389
0.01569223
0.01559758
0.01540971
0.01527977
0.01548433
0.01549721
0.01532841
0.01553750
0.01548409
0.01552773
0.01538610
0.01528406
0.01529956
0.01521206
0.01525068
0.01528621
0.01566267
0.01560950
0.01528263
0.01521993
0.01515961
0.01515007
0.01524067
0.01517963
0.01518011
0.01519871
0.01519418
0.01521921
0.01521564
0.01513338
0.01515818
0.01514220
0.01516533
0.01528597
0.01523948
0.01521802
0.01521611
0.01533914
0.01532841
0.01533270
0.01528192
0.01524997
0.01541471
0.01519132
0.01519322
0.01539636
0.01883912
0.01547551
0.01542139
0.01549888
0.01558948
0.01557016
0.01569867
0.01571488
0.01570773
0.01553679
0.01574039
0.01575565
0.01567054
0.01556063
0.01575899
0.01565647
0.01563168
0.01553559
0.01553631
0.01560378
0.01556754
0.01578307
0.01577306
0.01570725
0.01580834
0.01588893
0.01591372
0.01561117
0.01550651
0.01557398
0.01579833
0.01562929
0.01556253
0.01567578
0.01554489
0.01577091
0.01568270
0.01555490
0.01552463
0.01548481
0.01545691
0.01548576
0.01549315
0.01556969
0.01551342
0.01553798
0.01555681
0.01580596
0.01566792
0.01557279
0.01552653
0.01563168
0.01600575
0.01615763
0.01585293
0.01564646
0.01566696
0.01569438
0.01562953
0.01557922
0.01573300
0.01577091
0.01581645
0.01565862
0.01571035
0.01536345
0.01541638
0.01529837
0.01530170
0.01530075
0.01534176
0.01539969
0.01557517
0.01537728
0.01532435
0.01528311
0.01522517
0.01516509
0.01515555
0.01517367
0.01522803
0.01518369
0.01528907
0.01519656
0.01510906
0.01520991
0.01514173
0.01513553
0.01546478
0.01517892
0.01525092
0.01534700
0.01535082
0.01512575
0.01514316
0.01544571
0.01521611
0.01532888
0.01536202
0.01535678
0.01527667
0.01530266
0.01547384
0.01564360
0.01565433
0.01551843
0.01552773
0.01560235
0.01547647
0.01568484
0.01551723
0.01564431
0.01561189
0.01567101
0.01582217
0.01610231
0.01613498
0.01587415
0.01577473
0.01592922
0.01568770
0.01568913
0.01573539
0.01585364
0.01583600
0.01583862
0.01602006
0.01581693
0.01601386
0.01615405
0.01598430
0.01600003
0.01598954
0.01603222
0.01643395
0.01599383
0.01591372
0.01576304
0.01575184
0.01566935
0.01569462
0.01579642
0.01576471
0.01573610
0.01567721
0.01566172
0.01566577
0.01571989
0.01579118
0.01580119
0.01567364
0.01564932
0.01568413
0.01567984
0.01553845
0.01550841
0.01546741
0.01546860
0.01548314
0.01546979
0.01556849
0.01558971
0.01550674
0.01548362
0.01550317
0.01545668
0.01546454
0.01560807
0.01554394
0.01551676
0.01551747
0.01568580
0.01556897
0.01557827
0.01546526
0.01578140
0.01547337
0.01555395
0.01549959
0.01545334
0.01523972
0.01526237
0.01534247
0.01537848
0.01516032
0.01516509
0.01527071
0.01515365
0.01515532
0.01515436
0.01513672
0.01514196
0.01531529
0.01516414
0.01514506
0.01516461
0.01524734
0.01521230
0.01513743
0.01507711
0.01518393
0.01514578
0.01501012
0.01491547
0.01490521
0.01493478
0.01500559
0.01495552
0.01495409
0.01499629
0.01501703
0.01517701
0.01521564
0.01534390
0.01508832
0.01505423
0.01486349
0.01491427
0.01494050
0.01505971
0.01496124
0.01497674
0.01498127
0.01500559
0.01499438
0.01494884
0.01495504
0.01494741
0.01496696
0.01496482
0.01494813
0.01498985
0.01493931
0.01502490
0.01497102
0.01498580
0.01500702
0.01502180
0.01519728
0.01523852
0.01529527
0.01515841
0.01523709
0.01535559
0.01550555
0.01526093
0.01521397
0.01557827
0.01516843
0.01512313
0.01528883
0.01517916
0.01521945
0.01534986
0.01535058
0.01530075
0.01524329
0.01518178
0.01517820
0.01539445
0.01540899
0.01537490
0.01519060
0.01527333
0.01531935
0.01528168
0.01520157
0.01514220
0.01520491
0.01524711
0.01536465
0.01524425
0.01528001
0.01526833
0.01553941
0.01552868
0.01526022
0.01533127
0.01527262
0.01513696
0.01514006
0.01512361
0.01524401
0.01532722
0.01540256
0.01551056
0.01548457
0.01529336
0.01517797
0.01521134
0.01523447
0.01520753
0.01543689
0.01530457
0.01522493
0.01522017
0.01517677
0.01514816
0.01516747
0.01517224
0.01533270
0.01545668
0.01538968
0.01514912
0.01542258
0.01543140
0.01564503
0.01562905
0.01544356
0.01537848
0.01550007
0.01552939
0.01545382
0.01552320
0.01537514
0.01526785
0.01530886
0.01522660
0.01538706
0.01532841
0.01526856
0.01527262
0.01515913
0.01528192
0.01517725
0.01524520
0.01541901
0.01549578
0.01564407
0.01535630
0.01535177
0.01528883
0.01528168
0.01544952
0.01542854
0.01540756
0.01556015
0.01560569
0.01573086
0.01548648
0.01556540
0.01568270
0.01566505
0.01570821
0.01549029
0.01552296
0.01565862
0.01582098
0.01561761
0.01558638
0.01570487
0.01556110
0.01567054
0.01571989
0.01582360
0.01563144
0.01582074
0.01572251
0.01568604
0.01560855
0.01583219
0.01580262
0.01574802
0.01570582
0.01578164
0.01571846
0.01545238
0.01543856
0.01554084
0.01555824
0.01550913
0.01552558
0.01545811
0.01562810
0.01548433
0.01541233
0.01537156
0.01548028
0.01548958
0.01544857
0.01546264
0.01537085
0.01545691
0.01562285
0.01562977
0.01535034
0.01521063
0.01522636
0.01524615
0.01542330
0.01543975
0.01532197
0.01526523
0.01545072
0.01529813
0.01532650
0.01713705
0.01507282
0.01542139
0.01511812
0.01509571
0.01504660
0.01521134
0.01519608
0.01500201
0.01501250
0.01505232
0.01504683
0.01512098
0.01504397
0.01503038
0.01501131
0.01498890
0.01498246
0.01502323
0.01502824
0.01503944
0.01508021
0.01510310
0.01541638
0.01519179
0.01505566
0.01505804
0.01505136
0.01504707
0.01523042
0.01519489
0.01517487
0.01525617
0.01525497
0.01531386
0.01521277
0.01522899
0.01524830
0.01542854
0.01544094
0.01532197
0.01539755
0.01537418
0.01536298
0.01532292
0.01529765
0.01547170
0.01539707
0.01559234
0.01583982
0.01572061
0.01547956
0.01548529
0.01540208
0.01539421
0.01540136
0.01538682
0.01536083
0.01538563
0.01543665
0.01547050
0.01547050
0.01567912
0.01572180
0.01568747
0.01571274
0.01559663
0.01545405
0.01549697
0.01548958
0.01548958
0.01549721
0.01563811
0.01563406
0.01579785
0.01580620
0.01567054
0.01561165
0.01562119
0.01562691
0.01563144
0.01562905
0.01563644
0.01573682
0.01583242
0.01581073
0.01568651
0.01565742
0.01560736
0.01555777
0.01545763
0.01559043
0.01555014
0.01550746
0.01564240
0.01564097
0.01548481
0.01553082
0.01547074
0.01547742
0.01533151
0.01535845
0.01530075
0.01539803
0.01532984
0.01533103
0.01543546
0.01538086
0.01532483
0.01534104
0.01543522
0.01528406
0.01524305
0.01517701
0.01519275
0.01521134
0.01512456
0.01514626
0.01516914
0.01518989
0.01521349
0.01546049
0.01565814
0.01524925
0.01530862
0.01534510
0.01549220
0.01540923
0.01520228
0.01515222
0.01513410
0.01512146
0.01512122
0.01512313
0.01516318
0.01516557
0.01515889
0.01517844
0.01515698
0.01517487
0.01520562
0.01532602
0.01543951
0.01560855
0.01546216
0.01545525
0.01562810
0.01548696
0.01546717
0.01542592
0.01559448
0.01558232
0.01552558
0.01563072
0.01583195
0.01593137
0.01562428
0.01567769
0.01574802
0.01556730
0.01578474
0.01559854
0.01558852
0.01559734
0.01559401
0.01587200
0.01590252
0.01588988
0.01565862
0.01566315
0.01566958
0.01570845
0.01593781
0.01567006
0.01571250
0.01577353
0.01574349
0.01577520
0.01590562
0.01586843
0.01569843
0.01572633
0.01563764
0.01559234
0.01562119
0.01568532
0.01572704
0.01584435
0.01564074
0.01536751
0.01539946
0.01548624
0.01539755
0.01542020
0.01542544
0.01543546
0.01524186
0.01524830
0.01530838
0.01516175
0.01517105
0.01520610
0.01514626
0.01536393
0.01517391
0.01512671
0.01513171
0.01531124
0.01554513
0.01546121
0.01515126
0.01513791
0.01517105
0.01535749
0.01539445
0.01522946
0.01529503
0.01526856
0.01538920
0.01542592
0.01526356
0.01518822
0.01518035
0.01511526
0.01516771
0.01515126
0.01535130
0.01533604
0.01527667
0.01527643
0.01526165
0.01526880
0.01527476
0.01535392
0.01530695
0.01554441
0.01538587
0.01538920
0.01541162
0.01560831
0.01548338
0.01542926
0.01551604
0.01544356
0.01538897
0.01537085
0.01538324
0.01543403
0.01545906
0.01545501
0.01550221
0.01557994
0.01548862
0.01546097
0.01545215
0.01545262
0.01545930
0.01547790
0.01546049
0.01545954
0.01545048
0.01543522
0.01544547
0.01544309
0.01544642
0.01545382
0.01546860
0.01548314
0.01544976
0.01573396
0.01580715
0.01564717
0.01567793
0.01573229
0.01561093
0.01570463
0.01593208
0.01626253
0.01580238
0.01579809
0.01582408
0.01578331
0.01575756
0.01591825
0.01579762
0.01574922
0.01582360
0.01582861
0.01568961
0.01604295
0.01616049
0.01622152
0.01609516
0.01597071
0.01597834
0.01597738
0.01596785
0.01600909
0.01602435
0.01603127
0.01620698
0.01606083
0.01604939
0.01607394
0.01597738
0.01601338
0.01596975
0.01596928
0.01597095
0.01617360
0.01600957
0.01593733
0.01602459
0.01607871
0.01599503
0.01620173
0.01601982
0.01592231
0.01590538
0.01590681
0.01615620
0.01606584
0.01591778
0.01591992
0.01581693
0.01580691
0.01582360
0.01553512
0.01546597
0.01548576
0.01545691
0.01547408
0.01545882
0.01549363
0.01546669
0.01543283
0.01544499
0.01514721
0.01516533
0.01522589
0.01517820
0.01517248
0.01515651
0.01529503
0.01513815
0.01511335
0.01512313
0.01510668
0.01509714
0.01524377
0.01523232
0.01532793
0.01520014
0.01509714
0.01512408
0.01512337
0.01513076
0.01512504
0.01513433
0.01520228
0.01523399
0.01539636
0.01559258
0.01572466
0.01536036
0.01533413
0.01537728
0.01544547
0.01536965
0.01539755
0.01549554
0.01542878
0.01546049
0.01544690
0.01562834
0.01569247
0.01549315
0.01548672
0.01544428
0.01547313
0.01546121
0.01545644
0.01554179
0.01559162
0.01558876
0.01571441
0.01576591
0.01571822
0.01573873
0.01575398
0.01584053
0.01578045
0.01584578
0.01575208
0.01559377
0.01653051
0.01562381
0.01546073
0.01547980
0.01562667
0.01563025
0.01564026
0.01557803
0.01561093
0.01573968
0.01556087
0.01563668
0.01549816
0.01544380
0.01550865
0.01564384
0.01557493
0.01555371
0.01549768
0.01564765
0.01579666
0.01573610
0.01549959
0.01550961
0.01576614
0.01572275
0.01555610
0.01570749
0.01560068
0.01553130
0.01544762
0.01548600
0.01528883
0.01519036
0.01516509
0.01518440
0.01536608
0.01542640
0.01512504
0.01534796
0.01533747
0.01531768
0.01557612
0.01535988
0.01513147
0.01514244
0.01516604
0.01537585
0.01539874
0.01543403
0.01516700
0.01533222
0.01517987
0.01518822
0.01514816
0.01515937
0.01541138
0.01538181
0.01540089
0.01541471
0.01543403
0.01541162
0.01513529
0.01515365
0.01521420
0.01518178
0.01596975
0.01604438
0.01548314
0.01540446
0.01538062
0.01532459
0.01515388
0.01515079
0.01518846
0.01520753
0.01515031
0.01514935
0.01518297
0.01533055
0.01530457
0.01532340
0.01520395
0.01519561
0.01517963
0.01528907
0.01521969
0.01552367
0.01544619
0.01533461
0.01518559
0.01529908
0.01525068
0.01545644
0.01546288
0.01528311
0.01559138
0.01532388
0.01536155
0.01536727
0.01541424
0.01538372
0.01542735
0.01558065
0.01561260
0.01548457
0.01548147
0.01557159
0.01553535
0.01544333
0.01539278
0.01541233
0.01556969
0.01539063
0.01537633
0.01538563
0.01542997
0.01541448
0.01560020
0.01543450
0.01539207
0.01537156
0.01541615
0.01538706
0.01541066
0.01543260
0.01539445
0.01560545
0.01581526
0.01552606
0.01570845
0.01567841
0.01550007
0.01546836
0.01563740
0.01552105
0.01549649
0.01549125
0.01565671
0.01571822
0.01571417
0.01570463
0.01574755
0.01550627
0.01577520
0.01560760
0.01551938
0.01549721
0.01568508
0.01600122
0.01569748
0.01566029
0.01568079
0.01556802
0.01567769
0.01549649
0.01551342
0.01550293
0.01549649
0.01565504
0.01563478
0.01564932
0.01564407
0.01571631
0.01567912
0.01570702
0.01569748
0.01591134
0.01578426
0.01579475
0.01597357
0.01591277
0.01556277
0.01552343
0.01562905
0.01552701
0.01548982
0.01552677
0.01550961
0.01550078
0.01544642
0.01556230
0.01549745
0.01547861
0.01547241
0.01564169
0.01554799
0.01546764
0.01548386
0.01616836
0.01615381
0.01600504
0.01556039
0.01549411
0.01539636
0.01535654
0.01534224
0.01519299
0.01538968
0.01526523
0.01528025
0.01521921
0.01543880
0.01506615
0.01510334
0.01529121
0.01528263
0.01518178
0.01519847
0.01520824
0.01516175
0.01502252
0.01502800
0.01507759
0.01503229
0.01504517
0.01503873
0.01501989
0.01522756
0.01518106
0.01504159
0.01504421
0.01508355
0.01526928
0.01524448
0.01521659
0.01533246
0.01529002
0.01525378
0.01510668
0.01510215
0.01509166
0.01509356
0.01535153
0.01536608
0.01526260
0.01528478
0.01569796
0.01528215
0.01524067
0.01521397
0.01521540
0.01519918
0.01522708
0.01531744
0.01544809
0.01550364
0.01551318
0.01551080
0.01544023
0.01548409
0.01565409
0.01603365
0.01594687
0.01591253
0.01603842
0.01561594
0.01574564
0.01560783
0.01548433
0.01544690
0.01545882
0.01547623
0.01564264
0.01568341
0.01556587
0.01557231
0.01552868
0.01571202
0.01559114
0.01569772
0.01561308
0.01560926
0.01564145
0.01570034
0.01564670
0.01570725
0.01571178
0.01570344
0.01566648
0.01561689
0.01563931
0.01571035
0.01566339
0.01584268
0.01571560
0.01569915
0.01569986
0.01571727
0.01583815
0.01581883
0.01558852
0.01560068
0.01558638
0.01551628
0.01549315
0.01551127
0.01551771
0.01555324
0.01548505
0.01551652
0.01546049
0.01548147
0.01548648
0.01545978
0.01551700
0.01574755
0.01551890
0.01554227
0.01560235
0.01516581
0.01517057
0.01534319
0.01537776
0.01553631
0.01544547
0.01561141
0.01530862
0.01517820
0.01527572
0.01542783
0.01509428
0.01527047
0.01529908
0.01511335
0.01534057
0.01523733
0.01509714
0.01524734
0.01527667
0.01519418
0.01558280
0.01545024
0.01560736
0.01523972
0.01534986
0.01534748
0.01517534
0.01514602
0.01514840
0.01533222
0.01540494
0.01542783
0.01544404
0.01524019
0.01539302
0.01544189
0.01567817
0.01529074
0.01524282
0.01527381
0.01517391
0.01531649
0.01541352
0.01522374
0.01525450
0.01520324
0.01517129
0.01525021
0.01529336
0.01525259
0.01522708
0.01516151
0.01516747
0.01529503
0.01523924
0.01538491
0.01535034
0.01522303
0.01521945
0.01533318
0.01534390
0.01541042
0.01538134
0.01537681
0.01537490
0.01549721
0.01548553
0.01538420
0.01534867
0.01532006
0.01535869
0.01548767
0.01567650
0.01527381
0.01520562
0.01541090
0.01523018
0.01528430
0.01529288
0.01531291
0.01533723
0.01541495
0.01562953
0.01549387
0.01547432
0.01541829
0.01763821
0.01543188
0.01539087
0.01541066
0.01556492
0.01569009
0.01572895
0.01569462
0.01548576
0.01551032
0.01547551
0.01566887
0.01560664
0.01550436
0.01551557
0.01562619
0.01576829
0.01559997
0.01572609
0.01550722
0.01550817
0.01551723
0.01550412
0.01575851
0.01567292
0.01572371
0.01578951
0.01550055
0.01552176
0.01548266
0.01548934
0.01549840
0.01550007
0.01530576
0.01529527
0.01531339
0.01539278
0.01539874
0.01545024
0.01546001
0.01554132
0.01559305
0.01558757
0.01537371
0.01529026
0.01518083
0.01523185
0.01518464
0.01539946
0.01517653
0.01512909
0.01513171
0.01512957
0.01508474
0.01501060
0.01500368
0.01502323
0.01503038
0.01529813
0.01526165
0.01516747
0.01510715
0.01539016
0.01508880
0.01509356
0.01510859
0.01501775
0.01513600
0.01511598
0.01513481
0.01529908
0.01522017
0.01515770
0.01500654
0.01500583
0.01537466
0.01518798
0.01519156
0.01516390
0.01531577
0.01538301
0.01535916
0.01523590
0.01546669
0.01525927
0.01524448
0.01531935
0.01528478
0.01520371
0.01545405
0.01539111
0.01532769
0.01540446
0.01547027
0.01558995
0.01542687
0.01562619
0.01560307
0.01569080
0.01567817
0.01577473
0.01563644
0.01574945
0.01575208
0.01585102
0.01593971
0.01574397
0.01579928
0.01581836
0.01589131
0.01593542
0.01570034
0.01571131
0.01569843
0.01563120
0.01562023
0.01581740
0.01584673
0.01566696
0.01571727
0.01583672
0.01575470
0.01570845
0.01573133
0.01571727
0.01573110
0.01553679
0.01567602
0.01571441
0.01571941
0.01568937
0.01568198
0.01547146
0.01543164
0.01541805
0.01545215
0.01557374
0.01554489
0.01551485
0.01548362
0.01573181
0.01559353
0.01565051
0.01549602
0.01558280
0.01563311
0.01567698
0.01542544
0.01542902
0.01562643
0.01567626
0.01566982
0.01565409
0.01537776
0.01559210
0.01554608
0.01544309
0.01543903
0.01548409
0.01558423
0.01540709
0.01548243
0.01538587
0.01550794
0.01545811
0.01551867
0.01541638
0.01534033
0.01539707
0.01540565
0.01558971
0.01543474
0.01529098
0.01541448
0.01539969
0.01531243
0.01535416
0.01540971
0.01528907
0.01545334
0.01529384
0.01531076
0.01535153
0.01531053
0.01523256
0.01525640
0.01525187
0.01529622
0.01533961
0.01535916
0.01530600
0.01527214
0.01549792
0.01530409
0.01538610
0.01532698
0.01530695
0.01548409
0.01554918
0.01550364
0.01563668
0.01562238
0.01571107
0.01558042
0.01558661
0.01550913
0.01557636
0.01553464
0.01572442
0.01556182
0.01550436
0.01566029
0.01586437
0.01573515
0.01576352
0.01572537
0.01567936
0.01568389
0.01581001
0.01566863
0.01568985
0.01570106
0.01573300
0.01569247
0.01577210
0.01648784
0.01618576
0.01598382
0.01594710
0.01608753
0.01590300
0.01575494
0.01589775
0.01585817
0.01584435
0.01589370
0.01602387
0.01611876
0.01619387
0.01608658
0.01598501
0.01605392
0.01598549
0.01602697
0.01602221
0.01601601
0.01598978
0.01601434
0.01601267
0.01601839
0.01605368
0.01612210
0.01622415
0.01628971
0.01602221
0.01602316
0.01619840
0.01619244
0.01595950
0.01598239
0.01598740
0.01598787
0.01607108
0.01603317
0.01597142
0.01596403
0.01598692
0.01599121
0.01596999
0.01597738
0.01597095
0.01566935
0.01590109
0.01587319
0.01569152
0.01567149
0.01569009
0.01567578
0.01566243
0.01567197
0.01571393
0.01567817
0.01559186
0.01561093
0.01571584
0.01586676
0.01592731
0.01572967
0.01569819
0.01582694
0.01569200
0.01556277
0.01552510
0.01547527
0.01541018
0.01539493
0.01541185
0.01538801
0.01540518
0.01537728
0.01526833
0.01516581
0.01521730
0.01550364
0.01537728
0.01519847
0.01521826
0.01519012
0.01540256
0.01540112
0.01539803
0.01513171
0.01515841
0.01517963
0.01515365
0.01516008
0.01518893
0.01528549
0.01520228
0.01520300
0.01517534
0.01527452
0.01546836
0.01532841
0.01530528
0.01540899
0.01538587
0.01538086
0.01562810
0.01553726
0.01548433
0.01558805
0.01569057
0.01567864
0.01572704
0.01561332
0.01553535
0.01568079
0.01565027
0.01548147
0.01552773
0.01549339
0.01568580
0.01570868
0.01555896
0.01574016
0.01559544
0.01562119
0.01563239
0.01554847
0.01557183
0.01556563
0.01559782
0.01552987
0.01547885
0.01547122
0.01559210
0.01552320
0.01547956
0.01564217
0.01560140
0.01558733
0.01553679
0.01548028
0.01560473
0.01555204
0.01565480
0.01556754
0.01553178
0.01548028
0.01549578
0.01553178
0.01548433
0.01549435
0.01547122
0.01553249
0.01553822
0.01567507
0.01583338
0.01580191
0.01552296
0.01559043
0.01552296
0.01540494
0.01541281
0.01543808
0.01540065
0.01539898
0.01539350
0.01540065
0.01520634
0.01521993
0.01519632
0.01617479
0.01526618
0.01529574
0.01522207
0.01516628
0.01548958
0.01536798
0.01525688
0.01516104
0.01513171
0.01540327
0.01519036
0.01519513
0.01520467
0.01520014
0.01521587
0.01537776
0.01541853
0.01528430
0.01538038
0.01533628
0.01526594
0.01522541
0.01536775
0.01528478
0.01551294
0.01567626
0.01556134
0.01533103
0.01530194
0.01538634
0.01540542
0.01541424
0.01541471
0.01537871
0.01540494
0.01540518
0.01545477
0.01530671
0.01532817
0.01555276
0.01550293
0.01547003
0.01538587
0.01541591
0.01529050
0.01538372
0.01547146
0.01529336
0.01520944
0.01525259
0.01524806
0.01521730
0.01522684
0.01519608
0.01526499
0.01528978
0.01540017
0.01522827
0.01524091
0.01526117
0.01536965
0.01536894
0.01534891
0.01551485
0.01558733
0.01562262
0.01548100
0.01549935
0.01557350
0.01555967
0.01573324
0.01576352
0.01576734
0.01566505
0.01561308
0.01559782
0.01572704
0.01571274
0.01571918
0.01578951
0.01580119
0.01599431
0.01602602
0.01565266
0.01567125
0.01570034
0.01570702
0.01571512
0.01569843
0.01577759
0.01572967
0.01573181
0.01586771
0.01588130
0.01578093
0.01577306
0.01581120
0.01572013
0.01591969
0.01595759
0.01580954
0.01573777
0.01596451
0.01607847
0.01579261
0.01589704
0.01571417
0.01590204
0.01584291
0.01567173
0.01583719
0.01569915
0.01596284
0.01577640
0.01574802
0.01566339
0.01554537
0.01544070
0.01550746
0.01546526
0.01546121
0.01546693
0.01546025
0.01544642
0.01551962
0.01536131
0.01539421
0.01536870
0.01538277
0.01538253
0.01534414
0.01533341
0.01533747
0.01534319
0.01534677
0.01533437
0.01527047
0.01530218
0.01532578
0.01538324
0.01544690
0.01533985
0.01546383
0.01532149
0.01522303
0.01534081
0.01536059
0.01527500
0.01557493
0.01546073
0.01554346
0.01521039
0.01548934
0.01547694
0.01551962
0.01534009
0.01525354
0.01527357
0.01531076
0.01550531
0.01555443
0.01554513
0.01551676
0.01551342
0.01549149
0.01534534
0.01544333
0.01536465
0.01537752
0.01548958
0.01551390
0.01568007
0.01565623
0.01582217
0.01571536
0.01559377
0.01561904
0.01560760
0.01575518
0.01576519
0.01576996
0.01576591
0.01559091
0.01556301
0.01554823
0.01576447
0.01573825
0.01578283
0.01594543
0.01596594
0.01590729
0.01577282
0.01587963
0.01587462
0.01565886
0.01553893
0.01556540
0.01554680
0.01556873
0.01563430
0.01559901
0.01562548
0.01580453
0.01576161
0.01539898
0.01526117
0.01529622
0.01553488
0.01579261
0.01552105
0.01549363
0.01545000
0.01543117
0.01545000
0.01543665
0.01530004
0.01543689
0.01532841
0.01537967
0.01527429
0.01529455
0.01551247
0.01550126
0.01558065
0.01523495
0.01519942
0.01522398
0.01542401
0.01546240
0.01551270
0.01547432
0.01549792
0.01548409
0.01550007
0.01536417
0.01543355
0.01526833
0.01532102
0.01550508
0.01553655
0.01552176
0.01554942
0.01543140
0.01565242
0.01551843
0.01556230
0.01572609
0.01577401
0.01556110
0.01556730
0.01555920
0.01556063
0.01554513
0.01574183
0.01568055
0.01569986
0.01573277
0.01594210
0.01595926
0.01593280
0.01610136
0.01624894
0.01590180
0.01592803
0.01587796
0.01592231
0.01591825
0.01595688
0.01593232
0.01601267
0.01609492
0.01602173
0.01605344
0.01574445
0.01575422
0.01573300
0.01580572
0.01573038
0.01574397
0.01596713
0.01594329
0.01602864
0.01578426
0.01573896
0.01587677
0.01577210
0.01592565
0.01573944
0.01593280
0.01599050
0.01598120
0.01599097
0.01578069
0.01554656
0.01553154
0.01571298
0.01572466
0.01567245
0.01576304
0.01573730
0.01557183
0.01558828
0.01551318
0.01530170
0.01541257
0.01550627
0.01541424
0.01528764
0.01522017
0.01520801
0.01522398
0.01516271
0.01519871
0.01516604
0.01517367
0.01519370
0.01520586
0.01517010
0.01518226
0.01552415
0.01524162
0.01521564
0.01517463
0.01522708
0.01513267
0.01515675
0.01515341
0.01514578
0.01540637
0.01516581
0.01547837
0.01538825
0.01530147
0.01531315
0.01534867
0.01538324
0.01545811
0.01521444
0.01528788
0.01528883
0.01535368
0.01545811
0.01531887
0.01529336
0.01530409
0.01545095
0.01544333
0.01565552
0.01552653
0.01547146
0.01546454
0.01551151
0.01547980
0.01555490
0.01551867
0.01570153
0.01573682
0.01568794
0.01547003
0.01571107
0.01573825
