2.88135624
0.01511908
0.01489186
0.01475954
0.01435184
0.01447892
0.01447916
0.01444864
0.01450443
0.01446033
0.01468658
0.01455021
0.01451349
0.01452017
0.01452017
0.01453853
0.01464391
0.01474452
0.01483130
0.01473069
0.01465154
0.01464605
0.01456165
0.01449347
0.01444340
0.01441789
0.01465631
0.01449800
0.01442623
0.01443863
0.01462007
0.01462317
0.01458716
0.01467872
0.01449871
0.01450109
0.01456380
0.01455808
0.01470971
0.01460743
0.01468253
0.01462507
0.01484632
0.01486754
0.01498532
0.01483321
0.01466250
0.01466346
0.01463008
0.01461005
0.01464748
0.01456428
0.01474118
0.01473188
0.01450777
0.01467514
0.01451254
0.01456094
0.01458144
0.01459837
0.01458526
0.01457930
0.01469398
0.01449466
0.01459384
0.01450872
0.01450467
0.01450491
0.01453948
0.01462865
0.01459813
0.01457763
0.01461792
0.01460910
0.01458430
0.01458788
0.01459146
0.01484656
0.01470256
0.01473856
0.01486421
0.01469564
0.01469278
0.01471639
0.01478505
0.01499271
0.01486564
0.01480460
0.01485133
0.01488185
0.01491213
0.01490021
0.01481009
0.01475883
0.01481295
0.01481724
0.01490474
0.01474047
0.01473594
0.01499104
0.01476383
0.01477194
0.01476574
0.01474357
0.01473165
0.01485682
0.01492071
0.01491666
0.01495695
0.01481867
0.01496959
0.01480985
0.01477623
0.01495886
0.01502895
0.01490164
0.01476502
0.01476669
0.01475167
0.01478362
0.01479840
0.01484275
0.01479697
0.01497102
0.01512551
0.01488948
0.01508689
0.01498413
0.01510596
0.01499867
0.01506472
0.01516080
0.01510954
0.01515150
0.01535249
0.01519156
0.01523733
0.01528525
0.01539493
0.01530766
0.01526880
0.01518893
0.01535034
0.01518273
0.01526213
0.01533818
0.01587224
0.01602125
0.01568270
0.01564598
0.01560569
0.01567435
0.01552701
0.01560926
0.01566076
0.01577306
0.01564956
0.01564050
0.01574230
0.01579905
0.01571751
0.01579046
0.01564956
0.01558900
0.01555657
0.01553893
0.01556945
0.01554418
0.01553750
0.01557493
0.01559401
0.01579618
0.01559734
0.01585221
0.01559258
0.01567769
0.01580977
0.01582193
0.01562929
0.01565409
0.01574016
0.01565981
0.01577401
0.01583743
0.01574039
0.01577926
0.01573849
0.01574588
0.01573682
0.01572776
0.01582527
0.01575112
0.01605511
0.01599693
0.01626015
0.01655102
0.01615739
0.01622868
0.01604366
0.01615548
0.01626015
0.01677155
0.01630282
0.01628637
0.01619792
0.01623416
0.01598024
0.01599646
0.01599073
0.01598310
0.01601171
0.01601768
0.01599622
0.01599860
0.01596236
0.01585793
0.01585984
0.01588535
0.01602674
0.01591802
0.01608634
0.01620984
0.01600718
0.01605105
0.01610351
0.01622272
0.01632166
0.01617837
0.01614475
0.01617980
0.01623464
0.01619482
0.01617384
0.01597023
0.01594639
0.01592779
0.01593590
0.01594043
0.01595402
0.01593423
0.01604366
0.01579738
0.01579976
0.01581597
0.01579332
0.01581216
0.01580882
0.01577806
0.01578379
0.01576686
0.01554155
0.01564145
0.01549840
0.01540756
0.01544523
0.01545119
0.01552081
0.01562119
0.01567531
0.01552916
0.01546717
0.01535869
0.01537037
0.01543546
0.01550364
0.01548767
0.01553535
0.01551795
0.01556444
0.01562405
0.01565433
0.01563573
0.01568222
0.01565742
0.01567817
0.01568460
0.01584411
0.01571202
0.01579356
0.01578331
0.01582718
0.01593065
0.01590681
0.01587605
0.01592040
0.01581097
0.01575851
0.01594305
0.01601338
0.01627970
0.01627994
0.01609421
0.01599264
0.01596761
0.01596475
0.01613331
0.01601243
0.01596999
0.01593423
0.01623416
0.01605320
0.01599145
0.01573634
0.01549911
0.01543427
0.01544905
0.01546311
0.01557636
0.01547527
0.01571703
0.01559043
0.01568890
0.01555753
0.01570535
0.01587725
0.01561880
0.01566052
0.01553845
0.01549029
0.01543403
0.01494527
0.01496601
0.01515031
0.01500082
0.01504254
0.01506400
0.01506066
0.01523805
0.01501060
0.01509261
0.01495957
0.01493239
0.01495075
0.01501012
0.01500964
0.01522994
0.01534390
0.01506281
0.01518822
0.01500368
0.01510429
0.01507092
0.01495099
0.01496482
0.01495004
0.01494789
0.01500773
0.01493764
0.01491785
0.01491857
0.01494527
0.01493335
0.01510024
0.01507330
0.01516628
0.01508188
0.01500130
0.01497841
0.01514626
0.01523900
0.01520753
0.01493669
0.01499152
0.01491404
0.01493502
0.01491094
0.01494193
0.01492643
0.01485777
0.01490068
0.01496935
0.01491523
0.01499772
0.01493239
0.01497841
0.01486969
0.01472306
0.01467872
0.01474047
0.01472640
0.01466393
0.01468277
0.01474690
0.01467133
0.01466012
0.01464486
0.01463580
0.01477242
0.01472282
0.01493216
0.01477313
0.01512694
