0.86750293
0.01914287
0.01768470
0.01672435
0.01660848
0.01660085
0.01652765
0.01657104
0.01667905
0.01661730
0.02257657
0.01658773
0.01648235
0.01665115
0.01673651
0.01642108
0.01657605
0.01763105
0.01647496
0.01644731
0.01655579
0.01716185
0.01705885
0.02305937
0.01681924
0.01693225
0.01677608
0.01649570
0.01673245
0.01706958
0.01697826
0.01646209
0.01638937
0.01673937
0.01697063
0.01748776
0.01834607
0.01780128
0.01739621
0.01706481
0.01686525
0.01753497
0.01701808
0.01848459
0.01740408
0.01829171
0.01724267
0.01674056
0.01713061
0.01668358
0.01820564
0.01746917
0.01663589
0.01673222
0.01657200
0.01655364
0.01641393
0.01657343
0.01646805
0.01672935
0.02089977
0.01683259
0.01674104
0.01670384
0.01652193
0.01663160
0.01650381
0.01674175
0.01657820
0.01639152
0.01676059
0.01674628
0.01667285
0.01917410
0.01718593
0.01715803
0.01699972
0.01768351
0.01707458
0.01679230
0.01676440
0.02208471
0.01692295
0.01682425
0.01670933
0.01694822
0.01690197
0.01675677
0.02074075
0.01659346
0.01670861
0.01665521
0.01811337
0.01837516
0.01690722
0.01674700
0.02066231
0.01684141
0.01697850
0.01698685
0.01669145
0.01692700
0.01683331
0.01702642
0.02039647
0.01661563
0.01682758
0.01690269
0.01701236
0.01674986
0.01672387
0.02101684
0.01781130
0.01770377
0.01677775
0.01667762
0.01641345
0.01663303
0.01673675
0.01910782
0.01671457
0.01709723
0.01699018
0.01802087
0.01759839
0.01686478
0.01709414
0.02260351
0.01849389
0.01716328
0.01759744
0.01766324
0.01714420
0.01682377
0.01730299
0.02229214
0.01788235
0.01721716
0.01792455
0.01742649
0.01673484
0.01654077
0.01765156
0.02232647
0.01795530
0.01765919
0.01817441
0.01707053
0.01683283
0.01688004
0.01684642
0.02086902
0.01703334
0.01774597
0.01757646
0.01670313
0.01652575
0.01652694
0.01646900
0.01662707
0.02073073
0.01666999
0.01742339
0.01687169
0.01699638
0.01675105
0.01650643
0.01676464
0.02077723
0.01673484
0.01706553
0.01705217
0.01696491
0.01684761
0.01688933
0.01703262
0.01685381
0.01920867
0.01703382
0.01705217
0.01672912
0.01676393
0.01650167
0.01709747
0.01780844
0.02275133
0.01763153
0.01643658
0.01674771
0.01680541
0.01691961
0.01692343
0.01822305
0.01840162
0.01761341
0.01719236
0.01728320
0.01664877
0.01686859
0.01678491
0.01640558
0.01726580
0.02247787
0.01759076
0.01692843
0.01680827
0.01734185
0.01780605
0.01779246
0.01736951
0.01699805
0.01687479
0.01795626
0.01818109
0.01787519
0.01814532
0.01764536
0.01710296
0.02155566
0.01722717
0.01646042
0.01660323
0.01684022
0.01762104
0.01792526
0.01671100
0.01658177
0.01684713
0.01684332
0.01652884
0.01676083
0.01766682
0.01715446
0.01683569
0.01664782
0.01663208
0.01663232
0.01647258
0.01651931
0.01656985
0.01655698
0.01658940
0.01776314
0.01818371
0.01760197
0.01733041
0.01736927
0.01763582
0.01802230
0.01716685
0.01687789
0.02110934
0.01774645
0.01781917
0.01679111
0.01665354
0.01681685
0.02317023
0.01832390
0.01859403
0.01866627
0.01876998
0.01861405
0.01864815
0.01864719
0.01939154
0.02358150
0.01874518
0.01582766
0.01460314
0.01517653
0.01481175
0.01435113
0.01424384
0.01454616
0.01421070
0.01416421
0.01462388
0.01434922
0.01451159
0.01464891
0.01497793
0.01436996
0.01435924
0.01429749
0.01431251
0.01438427
0.01498127
0.01456618
0.01426506
0.01424050
0.01657557
0.01429749
0.01414895
0.01642799
0.01544642
0.01590991
0.01505804
0.01446986
0.01518965
0.01478553
0.01416421
0.01430106
0.01414394
0.01416469
0.01430082
0.01438165
0.01431298
0.01421404
0.01450253
0.01883769
0.01511383
0.01429439
0.01438284
0.01433325
0.01465631
0.01437092
0.01495314
0.01453376
0.01429939
0.01438785
0.01430464
0.01420736
0.01436186
0.01469231
0.01438189
0.01510501
0.01479864
0.01447463
0.01440215
0.01429772
0.01420450
0.01430082
0.01432014
0.01420879
0.01420426
0.01428413
0.01431870
0.01427984
0.01416421
0.01429939
0.01423359
0.01458287
0.01428699
0.01493192
0.01470709
0.01430225
0.01429009
0.01843810
0.01462555
0.01433802
0.01466513
0.01544666
0.01600766
0.01504135
0.01436973
0.01445127
0.01442933
0.01434207
0.01425552
0.01426554
0.01432061
0.01431370
0.01452112
0.01434684
0.01449943
0.01432395
0.01417542
0.01435113
0.01430917
0.01433134
0.01429439
0.01448941
0.01440120
0.01428890
0.01425195
0.01421022
0.01424313
0.01422834
0.01422477
0.01423788
0.01448822
0.01432300
0.01438069
0.01438761
0.01508522
0.01878667
0.01449227
0.01420379
0.01423264
0.01428246
0.01429129
0.01423645
0.01424837
0.01427555
0.01424789
0.01446295
0.01444840
0.01505804
0.01461673
0.01437092
0.01429105
0.01420259
0.01426005
0.01422596
0.01444077
0.01421952
0.01431036
0.01432419
0.01431203
0.01435161
0.01467347
0.01443195
0.01442122
0.01432538
0.01423764
0.01424551
0.01419640
0.01418090
0.01427794
0.01443911
0.01476192
0.01479626
0.01453280
0.01425409
0.01434946
0.01442266
0.01425290
0.01437593
0.01442552
0.01431942
0.01420045
0.01421571
0.01428199
0.01421523
0.01428699
0.01420951
0.01423240
0.01417303
0.01418376
0.01418066
0.01424432
0.01420641
0.01419139
0.01427484
0.01435733
0.01418734
0.01420689
0.01425433
0.01421571
0.01415014
0.01414013
0.01423550
0.01420188
0.01420116
0.01421428
0.01429224
0.01422548
0.01411772
0.01422572
0.01439834
0.01418376
0.01801205
0.01420999
0.01424670
0.01425576
0.01419687
0.01421928
0.01434755
0.01441717
0.01435161
0.01437378
0.01418781
0.01438642
0.01433587
0.01423621
0.01431227
0.01440430
0.01440525
0.01435208
0.01410532
0.01428747
0.01424980
0.01420236
0.01447439
0.01442432
0.01494575
0.01449037
0.01425982
0.01421976
0.01428580
0.01424646
0.01420069
0.01428843
0.01421952
0.01424909
0.01417804
0.01434922
0.01444697
0.01413679
0.01766539
0.01423240
0.01466346
0.01440001
0.01496458
0.01485419
0.01440644
0.01461101
0.01416659
0.01421356
0.01434064
0.01428318
0.01426673
0.01424026
0.01425648
0.01429844
0.01429105
0.01461911
0.01466060
0.01435542
0.01427650
0.01434088
0.01436043
0.01427960
0.01414990
0.01417470
0.01424909
0.01413846
0.01423931
0.01480675
0.01466298
0.01501679
0.01476431
0.01507592
0.01426530
0.01436448
0.01428604
0.01416683
0.01677299
0.01424098
0.01420140
0.01433492
0.01419759
0.01422858
0.01417136
0.01419973
0.01450419
0.01442957
0.01421475
0.01424527
0.01429939
0.01418471
0.01422191
0.01428270
0.01416421
0.01424074
0.01459646
0.01435161
0.01430082
0.01413870
0.01431632
0.01419258
0.01419568
0.01418734
0.01419187
0.01430893
0.01414251
0.01436543
0.01435494
0.01464939
0.01462531
0.01435876
0.01421547
0.01424766
0.01431942
0.01434541
0.01855302
0.01487446
0.01422071
0.01428962
0.01448202
0.01419854
0.01491976
0.01462555
0.01437020
0.01418257
0.01416397
0.01427007
0.01437330
0.01425958
0.01424360
0.01432800
0.01414537
0.01410723
0.01427245
0.01433253
0.01432347
0.01473784
0.01435709
0.01430178
0.01427436
0.01414156
0.01415348
0.01428509
0.01428771
0.01420355
0.01421785
0.01428294
0.01415730
0.01416779
0.01417875
0.01422548
0.01420617
0.01433372
0.01432753
0.01476359
0.01476932
0.01429772
0.01428676
0.01422882
0.01409554
0.01425099
0.01427293
0.01418495
0.01420069
0.01425219
0.01440310
0.01424193
0.01484537
0.01501870
0.01439738
0.01420403
0.01427579
0.01419783
0.01428318
0.01417589
0.01418018
0.01427245
0.01416945
0.01432991
0.01429176
0.01440120
0.01430750
0.01486230
0.01454759
0.01430392
0.01450944
0.01518369
0.01510692
0.01447487
0.01435852
0.01432204
0.01845384
0.01437497
0.01428890
0.01419687
0.01423526
0.01419902
0.01418948
0.01444006
0.01447439
0.01486802
0.01461387
0.01433587
0.01433945
0.01428318
0.01425719
0.01423669
0.01439571
0.01437306
0.01425004
0.01427221
0.01439762
0.01425600
0.01420259
0.01436687
0.01448607
0.01432657
0.01448750
0.01459241
0.01508999
0.01450634
0.01432133
0.01437116
0.01433182
0.01424336
0.01429081
0.01434541
0.01434684
0.01464891
0.01432276
0.01455426
0.01464105
0.01491618
0.01467156
0.01441026
0.01436877
0.01444435
0.01427460
0.01427937
0.01436043
0.01434827
0.01435041
0.01440597
0.01435113
0.01448202
0.01433682
0.01472044
0.01454711
0.01506734
0.01494288
0.01466489
0.01446891
0.01451182
0.01441765
0.01434422
0.01431251
0.01436305
0.01431847
0.01436019
0.01454377
0.01446486
0.01500130
0.01456571
0.01436973
