0.74418211
0.01544595
0.01529074
0.01516438
0.01533151
0.01556206
0.01557255
0.01559854
0.01574397
0.01569366
0.01555443
0.01567459
0.01567507
0.01584721
0.01598549
0.01608682
0.01605988
0.01631784
0.01626611
0.01589942
0.01587939
0.01594090
0.01572013
0.01585841
0.01593661
0.01610231
0.01606202
0.01605463
0.01607013
0.01568842
0.01600671
0.01630592
0.01657391
0.01637888
0.01605392
0.01625371
0.01614952
0.01572037
0.01578236
0.01577520
0.01565003
0.01572275
0.01581812
0.01589203
0.01584387
0.01605892
0.01585507
0.01561570
0.01564193
0.01560783
0.01556206
0.01548600
0.01558375
0.01552653
0.01560760
0.01550579
0.01550126
0.01564884
0.01580524
0.01538563
0.01571679
0.01527953
0.01528931
0.01537943
0.01521611
0.01534796
0.01528049
0.01517749
0.01520205
0.01517344
0.01566863
0.01544571
0.01557755
0.01533222
0.01522803
0.01536751
0.01540828
0.01570177
0.01562214
0.01535320
0.01532483
0.01538467
0.01531553
0.01564336
0.01540327
0.01581192
0.01571321
0.01560235
0.01530457
0.01537728
0.01516008
0.01518440
0.01529598
0.01530623
0.01525140
0.01544690
0.01539922
0.01598907
0.01558518
0.01554561
0.01546264
0.01552939
0.01555181
0.01552391
0.01547670
0.01560640
0.01557159
0.01559830
0.01576185
0.01600695
0.01597977
0.01583982
0.01562715
0.01602340
0.01577592
0.01536751
0.01551127
0.01538610
0.01554990
0.01559329
0.01555848
0.01567340
0.01542115
0.01560235
0.01553726
0.01554155
0.01545429
0.01546288
0.01556182
0.01591563
0.01585603
0.01495028
0.01503921
0.01525593
0.01536250
0.01496911
0.01479363
0.01476097
0.01502967
0.01488471
0.01489401
0.01484108
0.01486039
0.01499963
0.01498675
0.01492524
0.01506090
0.01501441
0.01508307
0.01518703
0.01506376
0.01500463
0.01521921
0.01529241
0.01511884
0.01509786
0.01532912
0.01526999
0.01557040
0.01528454
0.01500082
0.01508689
0.01503110
0.01499867
0.01514220
0.01518536
0.01548052
0.01531577
0.01513505
0.01533294
0.01514244
0.01562500
0.01522136
0.01515937
0.01525259
0.01510739
0.01511574
0.01516700
0.01525998
0.01518559
0.01531816
0.01534891
0.01533771
0.01533532
0.01531506
0.01582360
0.01553988
0.01572371
0.01568270
0.01524520
0.01544428
0.01531601
0.01552010
0.01530337
0.01526618
0.01529527
0.01524377
0.01538944
0.01536727
0.01515126
0.01521587
0.01529050
0.01535034
0.01528859
0.01571560
0.01558590
0.01548147
0.01570272
0.01546335
0.01524949
0.01537013
0.01559043
0.01555085
0.01555753
0.01570797
0.01584244
0.01625776
0.01594639
0.01580667
0.01575637
0.01576686
0.01564837
0.01574922
0.01591063
0.01575637
0.01927376
0.01590037
0.01575494
0.01553679
0.01551318
0.01565480
0.01564360
0.01604509
0.01612282
0.01625347
0.01582193
0.01567483
0.01558518
0.01564455
0.01564097
0.01612067
0.01589704
0.01556540
0.01516414
0.01531076
0.01520681
0.01542211
0.01529908
0.01571918
0.01552844
0.01531148
0.01489997
0.01492476
0.01494479
0.01495242
0.01496387
0.01529694
0.01526928
0.01488137
0.01483893
0.01478505
0.01479006
0.01491833
0.01509595
0.01541829
0.01527762
0.01519799
0.01505256
0.01493406
0.01496649
0.01484466
0.01504803
0.01528168
0.01513243
0.01505899
0.01491594
0.01495075
0.01519203
0.01515985
0.01509023
0.01491046
0.01487613
0.01498580
0.01502752
0.01523376
0.01527452
0.01519847
0.01526403
0.01521111
0.01516747
0.01527524
0.01515841
0.01502156
0.01493263
0.01498461
0.01533675
0.01520586
0.01556683
0.01538515
0.01512027
0.01515651
0.01504111
0.01506925
0.01528120
0.01519060
0.01512051
0.01520181
0.01555467
0.01535511
0.01544237
0.01533437
0.01536250
0.01536822
0.01564908
0.01554251
0.01477098
0.01479959
0.01477504
0.01480651
0.01483560
0.01480651
0.01483846
0.01500154
0.01509547
0.01512122
0.01524138
0.01521635
0.01530623
0.01573229
0.01552486
0.01562905
0.01584697
0.01557493
0.01518822
0.01567984
0.01521540
0.01520443
0.01516652
0.01508403
0.01514959
0.01512194
0.01520872
0.01517296
0.01529813
0.01512671
0.01506495
0.01518154
0.01527834
0.01524091
0.01513362
