0.73916006
0.01570606
0.01492119
0.01490569
0.01491928
0.01528025
0.01505947
0.01488924
0.01476574
0.01476288
0.01470852
0.01479268
0.01494861
0.01501179
0.01494575
0.01487207
0.01497555
0.01488590
0.01521897
0.01503825
0.01506996
0.01507139
0.01538491
0.01531839
0.01497841
0.01503277
0.01507092
0.01530814
0.01516223
0.01500964
0.01518536
0.01503301
0.01551032
0.01531076
0.01520562
0.01503396
0.01500916
0.01529217
0.01551986
0.01531696
0.01528811
0.01493096
0.01515293
0.01523733
0.01528025
0.01517534
0.01495457
0.01497340
0.01510239
0.01490021
0.01488256
0.01507640
0.01507401
0.01504469
0.01501369
0.01501656
0.01521587
0.01528907
0.01549745
0.01545286
0.01547265
0.01524544
0.01542044
0.01531839
0.01559639
0.01556754
0.01525736
0.01521397
0.01519775
0.01523185
0.01523709
0.01539803
0.01528120
0.01540542
0.01544070
0.01561809
0.01564026
0.01533198
0.01530790
0.01525784
0.01519608
0.01520443
0.01537609
0.01518059
0.01521683
0.01524448
0.01524305
0.01523042
0.01523757
0.01539183
0.01537180
0.01543665
0.01545334
0.01546860
0.01553249
0.01549315
0.01551914
0.01549673
0.01552916
0.01556492
0.01551032
0.01554441
0.01559544
0.01550007
0.01554585
0.01552558
0.01565051
0.01557112
0.01554203
0.01556253
0.01557922
0.01565957
0.01565385
0.01563239
0.01569200
0.01565433
0.01566315
0.01572132
0.01578116
0.01579595
0.01574206
0.01637435
0.01620913
0.01653075
0.01588774
0.01588202
0.01576614
0.01578426
0.01583624
0.01601124
0.01599216
0.01587987
0.01586580
0.01602197
0.01627350
0.01625443
0.01593590
0.01598430
0.01585436
0.01586199
0.01591849
0.01585579
0.01590037
0.01600766
0.01602101
0.01608157
0.01605201
0.01611710
0.01608419
0.01611185
0.01600170
0.01608777
0.01630569
0.01606512
0.01603723
0.01609159
0.01613855
0.01612091
0.01605701
0.01601982
0.01608467
0.01609087
0.01610541
0.01619792
0.01604295
0.01603007
0.01608014
0.01618719
0.01616812
0.01649404
0.01655865
0.01626062
0.01606369
0.01612306
0.01604509
0.01613951
0.01623535
0.01647019
0.01630902
0.01627588
0.01658463
0.01635456
0.01615191
0.01653814
0.01643395
0.01867294
0.01644969
0.01631713
0.01613045
0.01622033
0.01609826
0.01607084
0.01605153
0.01608348
0.01602054
0.01614428
0.01604915
0.01608872
0.01618099
0.01604390
0.01606321
0.01610947
0.01615906
0.01605201
0.01615500
0.01603174
0.01599813
0.01612377
0.01609612
0.01606441
0.01608133
0.01604915
0.01609397
0.01607609
0.01629066
0.01621056
0.01615143
0.01603794
0.01610947
0.01620436
0.01604819
0.01618361
0.01607060
0.01615739
0.01623464
0.01616669
0.01621890
0.01637554
0.01654482
0.01629710
0.01621294
0.01633763
0.01648784
0.01628065
0.01611590
0.01609850
0.01616263
0.01614618
0.01612163
0.01614499
0.01608253
0.01607370
0.01607418
0.01610732
0.01621890
0.01699710
0.01645470
0.01668501
0.01659131
0.01659918
0.01627660
0.01637459
0.01666903
0.01648831
0.01617956
0.01621556
0.01613665
0.01608872
0.01604676
0.01609278
0.01606274
0.01617646
0.01608658
0.01604199
0.01615119
0.01632071
0.01620531
0.01644301
0.01654053
0.01642013
0.01622820
0.01626325
0.01640677
0.01647091
0.01623368
0.01616812
0.01609397
0.01611209
0.01604319
0.01615071
0.01613212
0.01607656
0.01600337
0.01607680
0.01616240
0.01606393
0.01606035
0.01603746
0.01603389
0.01623821
0.01615930
0.01606679
0.01608753
0.01605844
0.01613808
0.01611662
0.01624036
0.01619840
0.01643682
0.01655102
0.01630354
0.01611400
0.01617098
0.01608849
0.01600957
0.01604128
0.01610041
0.01646948
0.01624346
0.01656032
0.01645136
0.01639271
0.01604557
0.01590991
0.01586366
0.01590133
0.01615739
0.01601839
0.01599216
0.01603365
0.01595306
0.01593256
0.01603341
0.01571202
0.01563263
0.01566815
0.01550484
0.01555634
0.01554728
0.01558614
0.01555872
0.01551533
0.01557374
0.01555538
0.01550245
0.01545501
0.01548028
0.01551914
0.01556778
0.01545787
0.01545382
0.01550436
0.01553202
0.01550603
0.01544094
0.01548481
0.01547790
0.01557827
0.01581645
0.01581883
0.01569247
0.01612139
0.01593685
0.01600027
0.01578069
0.01572323
0.01583266
0.01573348
0.01568508
0.01575208
0.01568818
0.01572108
0.01569557
0.01567197
0.01577640
0.01568890
0.01567364
0.01574564
0.01583028
0.01576066
0.01593494
0.01584697
0.01581788
0.01572680
0.01574779
0.01572418
0.01563954
0.01567602
0.01587296
0.01586080
0.01599026
0.01585412
0.01584816
0.01589251
0.01591420
0.01595998
0.01594281
0.01584482
0.01582432
0.01582766
0.01584816
0.01587105
0.01600218
0.01598120
0.01613021
0.01604605
0.01602101
0.01597929
0.01605225
0.01600456
0.01614332
0.01614666
0.01602721
0.01600003
0.01597881
0.01621914
0.01603961
0.01610446
0.01616454
0.01644945
0.01641273
0.01629806
0.01614428
0.01644588
0.01626682
0.01615214
0.01595902
0.01601696
0.01604199
0.01602960
0.01603818
0.01614141
0.01617289
0.01636100
0.01644897
0.01610923
0.01608777
0.01615953
0.01595712
0.01598907
0.01606369
0.01606083
0.01617122
0.01686597
0.01676846
0.01647663
0.01635766
0.01618052
0.01604915
0.01608276
0.01598811
0.01601982
0.01618886
0.01594901
0.01603031
0.01610780
0.01600122
0.01599216
0.01610947
0.01599884
0.01614285
0.01614499
0.01602221
0.01602936
0.01611018
0.01595116
0.01642203
0.01610637
0.01613212
0.01606464
0.01614428
0.01625419
0.01606941
0.01606417
0.01596403
0.01606393
0.01605272
0.01596165
0.01604605
0.01608491
0.01595354
0.01601148
0.01637030
0.01611447
0.01635957
0.01652145
0.01625037
0.01598692
0.01606464
0.01613665
0.01605701
0.01604962
0.01599574
0.01603150
0.01610875
0.01595974
0.01603699
0.01644397
0.01610565
0.01601148
0.01614761
0.01594496
0.01599097
0.01612210
0.01614642
0.01700020
0.01683378
0.01641679
0.01652575
0.01622319
0.01629233
0.01601195
0.01617575
0.01605749
0.01602554
0.01598215
0.01641226
0.01613641
0.01596332
0.01597381
0.01584697
0.01595926
0.01594448
0.01604939
0.01592374
0.01585340
0.01608920
0.01601624
0.01579356
0.01592398
0.01593852
0.01577353
0.01568818
0.01563907
0.01556635
0.01556492
0.01548219
0.01557541
0.01558113
0.01559567
0.01563931
0.01570845
0.01577520
0.01588130
0.01574373
0.01577854
0.01570702
0.01571584
0.01583028
0.01578784
0.01573515
0.01576757
0.01567483
0.01579070
0.01589441
0.01582003
0.01594186
0.01582432
0.01585507
0.01592374
0.01586103
0.01589274
0.01582241
0.01587486
0.01594567
0.01608658
0.01612782
0.01640320
0.01692128
0.01685429
0.01621604
0.01609707
0.01617670
0.01631141
0.01617074
0.01613665
0.01604271
0.01615715
0.01603603
0.01603794
0.01619720
0.01602387
0.01611066
0.01605678
0.01603103
0.01611400
0.01603556
0.01601982
0.01603723
0.01604295
0.01627421
0.01606679
0.01603198
0.01617455
0.01907563
0.01609635
0.01619291
0.01598358
0.01605964
0.01604438
0.01608133
0.01624513
0.01612759
0.01609278
0.01611900
0.01605964
0.01607442
0.01622152
0.01603723
0.01604486
0.01601887
0.01606202
0.01607037
0.01632333
0.01608682
0.01605272
0.01622772
0.01598477
0.01588774
0.01599264
0.01571488
0.01581359
0.01574254
0.01569223
0.01578283
0.01561475
0.01568151
0.01609111
0.01586723
0.01555252
0.01594257
0.01559186
0.01578808
0.01559520
0.01554203
0.01562166
0.01560140
0.01546907
0.01553035
0.01550984
0.01559377
0.01547122
0.01548862
0.01591730
0.01569247
0.01558280
0.01564908
0.01558542
0.01565623
0.01564956
0.01569295
0.01573300
0.01566839
0.01576996
0.01582360
0.01572919
0.01580024
0.01579618
0.01573157
0.01574326
0.01570487
0.01572680
0.01596451
0.01568890
0.01579380
0.01582527
0.01569390
0.01583290
0.01579380
0.01586223
0.01611090
0.01580739
0.01589680
0.01595545
0.01621771
0.01624894
0.01606894
0.01599360
0.01605749
0.01608157
0.01633263
0.01603198
0.01604152
0.01597595
0.01605701
0.01613069
0.01586890
0.01591134
0.01587296
0.01585484
0.01584458
0.01591659
0.01591825
0.01595783
0.01592278
0.01590204
0.01586676
0.01578975
0.01593637
0.01585412
0.01569939
0.01578164
0.01572704
0.01573753
0.01572347
0.01564097
0.01591325
0.01580906
0.01574326
0.01579523
0.01585650
0.01591969
0.01600933
0.01593113
0.01610804
0.01604271
0.01598406
0.01599622
0.01609516
0.01626945
0.01644611
0.01644659
0.01625204
0.01602602
0.01621962
0.01610041
0.01599884
0.01611876
0.01598573
0.01596832
0.01603031
0.01599264
0.01604009
0.01604056
0.01603651
0.01599407
0.01611185
0.01614833
0.01620960
0.01628017
0.01624346
0.01628399
0.01646447
0.01645994
0.01620317
0.01652431
0.01622915
0.01606059
0.01585603
0.01589847
0.01593447
0.01594567
0.01584864
0.01582551
0.01595902
0.01616502
0.01622224
0.01622009
0.01580048
0.01580477
0.01581264
0.01583338
0.01577234
0.01581430
0.01571894
0.01577330
0.01563334
0.01577783
0.01574588
0.01595831
0.01585960
0.01575112
0.01573992
0.01579332
0.01579118
0.01570797
0.01568031
0.01571512
0.01567721
0.01569819
0.01566410
0.01582789
0.01589012
0.01581407
0.01589298
0.01585627
0.01587367
0.01591611
0.01584625
0.01603675
0.01592398
0.01584673
0.01592493
0.01588535
0.01584291
0.01598668
0.01602983
0.01615191
0.01606178
0.01605773
0.01604199
0.01601624
0.01604605
0.01611567
0.01605511
0.01640749
0.01606035
0.01616859
0.01608658
0.01613927
0.01619911
0.01616263
0.01597524
0.01596999
0.01609445
0.01604819
0.01606035
0.01599193
0.01606965
0.01624036
0.01637197
0.01605248
0.01618958
0.01598477
0.01597619
0.01603317
0.01599836
0.01571250
0.01577997
0.01583719
0.01591229
0.01599193
0.01602864
0.01591849
0.01619911
0.01628232
0.01623726
0.01580453
0.01594377
0.01584339
0.01602840
0.01612473
0.01608896
0.01575065
0.01574564
0.01580071
0.01569152
0.01560235
0.01568866
0.01567650
0.01583743
0.01599169
0.01603842
0.01618719
0.01592398
0.01611662
0.01627493
0.01586008
0.01565242
0.01572108
0.01571488
0.01565552
0.01570058
0.01567745
0.01583767
0.01600266
0.01601887
0.01608372
0.01601887
0.01602554
0.01601243
0.01598573
0.01607037
0.01600385
0.01605296
0.01613712
0.01602864
0.01597667
0.01604819
0.01614809
0.01628566
0.01637292
0.01646900
0.01636219
0.01636028
0.01612115
0.01627064
0.01631141
0.01637363
0.01608729
0.01605940
0.01616311
0.01603365
0.01607680
0.01603174
0.01596928
0.01600933
0.01597118
0.01601791
0.01600075
0.01597786
0.01594830
0.01601696
0.01598120
0.01605248
0.01626420
0.01609850
0.01597261
0.01598525
0.01599765
0.01615667
0.01608109
0.01614881
0.01603675
0.01603055
0.01601481
0.01606345
0.01573563
0.01574612
0.01577711
0.01575923
0.01580930
0.01581311
0.01579523
0.01578808
0.01576400
0.01588106
0.01562810
0.01567769
0.01589847
0.01598763
0.01588607
0.01555204
0.01551890
0.01573706
0.01556015
0.01550698
0.01530457
0.01526833
0.01526427
0.01528859
0.01532745
0.01530075
0.01541901
0.01562071
0.01542377
0.01550078
0.01548696
0.01530528
0.01522708
0.01527023
0.01537776
0.01534009
0.01527691
0.01533842
0.01519251
0.01517725
0.01518416
0.01528168
0.01529288
0.01517701
0.01512313
0.01523566
0.01514316
0.01528597
0.01519275
0.01528835
0.01545954
0.01534009
0.01537466
0.01535106
0.01541471
0.01555037
0.01557541
0.01542592
0.01556277
0.01551151
0.01566052
0.01555252
0.01545954
0.01552606
0.01545596
0.01556468
0.01549411
0.01557136
0.01564980
0.01574302
0.01582551
0.01609921
0.01587129
0.01572061
0.01574636
0.01583624
0.01572919
0.01584387
0.01576924
0.01573229
0.01815438
0.01573300
0.01583791
0.01579928
0.01586103
0.01586318
0.01595163
0.01591158
0.01599383
0.01596904
0.01608109
0.01633978
0.01607871
0.01609135
0.01619554
0.01619291
0.01608753
0.01609969
0.01605868
0.01613355
0.01600361
0.01598597
0.01602387
0.01602697
0.01604724
0.01612473
0.01621389
0.01618886
0.01597500
0.01603222
0.01615357
0.01616263
0.01640439
