0.74647236
0.01574612
0.01557779
0.01546717
0.01538324
0.01530528
0.01537204
0.01538897
0.01539683
0.01555467
0.01577210
0.01572609
0.01573992
0.01575947
0.01583123
0.01578808
0.01585174
0.01583838
0.01600456
0.01604033
0.01600361
0.01625443
0.01628733
0.01594496
0.01587200
0.01588392
0.01577830
0.01615810
0.01584125
0.01597619
0.01588607
0.01605558
0.01613617
0.01602769
0.01584935
0.01569653
0.01569295
0.01565385
0.01586246
0.01594543
0.01594114
0.01573229
0.01624155
0.01618505
0.01576161
0.01574063
0.01602221
0.01597500
0.01631474
0.01606512
0.01574850
0.01587152
0.01559734
0.01567793
0.01573825
0.01572847
0.01570249
0.01563549
0.01574898
0.01575518
0.01576138
0.01605058
0.01575375
0.01580906
0.01584578
0.01568413
0.01566839
0.01573610
0.01561689
0.01566601
0.01569843
0.01561189
0.01562023
0.01557088
0.01536083
0.01531148
0.01541901
0.01537871
0.01534748
0.01548719
0.01527905
0.01536870
0.01547718
0.01531053
0.01530313
0.01535392
0.01548338
0.01529074
0.01537490
0.01531863
0.01542521
0.01541615
0.01542544
0.01531410
0.01558638
0.01540685
0.01554966
0.01543593
0.01559377
0.01565742
0.01547289
0.01546240
0.01551676
0.01559186
0.01562309
0.01577044
0.01582360
0.01565838
0.01558924
0.01571202
0.01573658
0.01572251
0.01573205
0.01581621
0.01563716
0.01576018
0.01578975
0.01600146
0.01587653
0.01598859
0.01602769
0.01584673
0.01569700
0.01575398
0.01580286
0.01578927
0.01575279
0.01585913
0.01598954
0.01614070
0.01606798
0.01606488
0.01582479
0.01584697
0.01598620
0.01589870
0.01581955
0.01593709
0.01598167
0.01596642
0.01594782
0.01587844
0.01597810
0.01585841
0.01590347
0.01599693
0.01596093
0.01595402
0.01620173
0.01602840
0.01621056
0.01625967
0.01591372
0.01587629
0.01605248
0.01597309
0.01597881
0.01616168
0.01611590
0.01616812
0.01635432
0.01629138
0.01600385
0.01575541
0.01568413
0.01567626
0.01571035
0.01574397
0.01574135
0.01563358
0.01560998
0.01574039
0.01567817
0.01557684
0.01568890
0.01568437
0.01557589
0.01578259
0.01586485
0.01601243
0.01993895
0.01577616
0.01558208
0.01542783
0.01542139
0.01537561
0.01542783
0.01535201
0.01539779
0.01528716
0.01531482
0.01527810
0.01537848
0.01527190
0.01537442
0.01535726
0.01542377
0.01540828
0.01544428
0.01582980
0.01582742
0.01576185
0.01567411
0.01547575
0.01579642
0.01579976
0.01558185
0.01534796
0.01547909
0.01544499
0.01579499
0.01565909
0.01545048
0.01545954
0.01586771
0.01583266
0.01558876
0.01550317
0.01553130
0.01570368
0.01589894
0.01565146
0.01559067
0.01558089
0.01593757
0.01580691
0.01577616
0.01552844
0.01554370
0.01554775
0.01552701
0.01550102
0.01563573
0.01575208
0.01563382
0.01597714
0.01592374
0.01561761
0.01569390
0.01563668
0.01595068
0.01596618
0.01553988
0.01536965
0.01542282
0.01546073
0.01567864
0.01551414
0.01547003
0.01549768
0.01552820
0.01547766
0.01544285
0.01545024
0.01543069
0.01541352
0.01549029
0.01555419
0.01552963
0.01550746
0.01554656
0.01561880
0.01559281
0.01565218
0.01567316
0.01562238
0.01559424
0.01575398
0.01571679
0.01578689
0.01572108
0.01574516
0.01589322
0.01566601
0.01570177
0.01560998
0.01567101
0.01554608
0.01574922
0.01560569
0.01565337
0.01557207
0.01559544
0.01569295
0.01570964
0.01567531
0.01562667
0.01576400
0.01560235
0.01561141
0.01562142
0.01563931
0.01556849
0.01548386
0.01555109
0.01553988
0.01548505
0.01551127
0.01570129
0.01552892
0.01543021
0.01550198
0.01524925
0.01522160
0.01524162
0.01521301
0.01525593
0.01523757
0.01581478
0.01584935
0.01601553
0.01565480
0.01568866
0.01579022
0.01523566
0.01538396
0.01521230
0.01524353
0.01533508
0.01516700
0.01528811
0.01529956
0.01539731
0.01539803
0.01557326
0.01558232
0.01605582
0.01589870
0.01545882
0.01549697
0.01536727
0.01543832
0.01551223
0.01550841
0.01589608
0.01552343
0.01578760
0.01577544
0.01553893
0.01545048
0.01541710
0.01542306
0.01543260
0.01538515
0.01589298
0.01556921
0.01597452
0.01611209
0.01588941
0.01559186
0.01580834
0.01572776
0.01592159
0.01600981
0.01590681
0.01558423
0.01548171
0.01557589
0.01543617
0.01550245
0.01547837
0.01550174
0.01546478
0.01567721
0.01569009
0.01583862
0.01580787
0.01594734
0.01590014
0.01580286
0.01583028
0.01564956
0.01570964
0.01575780
0.01569057
0.01571488
0.01569963
0.01558661
0.01550555
0.01575160
0.01567984
0.01556802
0.01564670
0.01562357
0.01572967
0.01585960
0.01592112
0.01614976
0.01619840
0.01575232
0.01570106
0.01561570
0.01555228
0.01557469
0.01562405
0.01579142
0.01583767
0.01579285
0.01609182
0.01588416
0.01595783
0.01552677
0.01549959
0.01553416
0.01547551
0.01548123
0.01587796
0.01570988
0.01597714
0.01594067
0.01577497
0.01544619
0.01548076
0.01536727
0.01534510
0.01553559
0.01561213
0.01546597
0.01589799
0.01585436
0.01537371
0.01538467
0.01541305
0.01552153
0.01560545
0.01552820
0.01581478
0.01567817
0.01579690
0.01585412
0.01593637
0.01543808
0.01576853
0.01561999
0.01582074
0.01582265
0.01592326
0.01554990
0.01561832
0.01536894
0.01558995
0.01529598
0.01547742
0.01559925
0.01563168
0.01583362
0.01591301
0.01539326
0.01546788
0.01543522
0.01530647
0.01533961
0.01553702
0.01553941
0.01556468
0.01594162
0.01590037
0.01564050
0.01568007
0.01558638
0.01530409
0.01534677
0.01551533
0.01559258
0.01556802
0.01591253
0.01575994
0.01550627
0.01534081
0.01537132
0.01542640
0.01545262
0.01544929
0.01540399
0.01533294
0.01534843
0.01554990
0.01551390
0.01591516
0.01575089
0.01582599
0.01561427
0.01546502
0.01531243
0.01530814
0.01537013
0.01540852
0.01544476
0.01545358
0.01537156
0.01545405
0.01545930
0.01547098
0.01573038
0.01577640
0.01599622
0.01606035
0.01585507
0.01541734
0.01540971
0.01538777
0.01539397
0.01538396
0.01532459
0.01552606
0.01546454
0.01538444
0.01541829
0.01541758
0.01557732
0.01560879
0.01568389
0.01558065
0.01577401
0.01579905
0.01563001
0.01578069
0.01588082
0.01595592
0.01565313
0.01579475
0.01569033
0.01609778
0.01591420
0.01582313
0.01592684
0.01605630
0.01590061
0.01586461
0.01592565
0.01600194
0.01606917
0.01599455
0.01592088
0.01602745
0.01603937
0.01648808
0.01654983
0.01628399
0.01593137
0.01587796
0.01588154
0.01594925
0.01595950
0.01625919
0.01606631
0.01621413
0.01643467
0.01619601
0.01581955
0.01586127
0.01571059
0.01568532
0.01565433
0.01572990
0.01596403
0.01614070
0.01631951
0.01626158
0.01575279
0.01606941
0.01613903
0.01590657
0.01573730
0.01599240
0.01575279
0.01595211
0.01624584
0.01580811
0.01558900
0.01557255
0.01538038
0.01541829
0.01540732
0.01550698
0.01543260
0.01781058
0.01542234
0.01541829
0.01550436
0.01535916
0.01586056
0.01587081
0.01557684
0.01559663
0.01560402
0.01577663
0.01587772
0.01577926
0.01570010
0.01547360
0.01566076
0.01545715
0.01526618
0.01554799
0.01556659
0.01542282
0.01554656
0.01559448
0.01539731
0.01545906
0.01548958
0.01543450
0.01549387
0.01535702
0.01538539
0.01538658
0.01547146
0.01545882
0.01557064
0.01555848
0.01557970
0.01551938
0.01580667
0.01558614
0.01562381
0.01565790
0.01593971
0.01596427
0.01582050
0.01560163
0.01548100
0.01553702
0.01578021
0.01556492
0.01556897
0.01535749
0.01542425
0.01547837
0.01557446
0.01548672
0.01535964
0.01541901
0.01541781
0.01547480
0.01550508
0.01545644
0.01554132
0.01531863
0.01556897
0.01539612
0.01546526
0.01543880
0.01548290
0.01553965
0.01535964
0.01543808
0.01536751
0.01543021
0.01547122
0.01533556
0.01538038
0.01535583
0.01532960
0.01532698
0.01536560
0.01558447
0.01544118
0.01573658
0.01597500
0.01576471
0.01568460
0.01541901
0.01553249
0.01538277
0.01542115
0.01540303
0.01568866
0.01548934
0.01589131
0.01605248
0.01569676
0.01540494
0.01541662
0.01539731
0.01536989
0.01547647
0.01533794
0.01546407
0.01573586
0.01549196
0.01580763
0.01565838
0.01547027
0.01545286
0.01544356
0.01533699
0.01548076
0.01538634
0.01539826
0.01540256
0.01553941
0.01545024
0.01546502
0.01555371
0.01552153
0.01556802
0.01559448
0.01570511
0.01566434
0.01568031
0.01572752
0.01574421
0.01564240
0.01571155
0.01576066
0.01579547
0.01565957
0.01585698
0.01585770
0.01574516
0.01565409
0.01589751
0.01596904
0.01580286
0.01616430
0.01602983
0.01577950
0.01568937
0.01565981
0.01570392
0.01571441
0.01577044
0.01580238
0.01585031
0.01608205
0.01596904
0.01585150
0.01581693
0.01578259
0.01571274
0.01573896
0.01567221
0.01567769
0.01556778
0.01556444
0.01566124
0.01589417
0.01563144
0.01590276
0.01581788
0.01592326
0.01615906
0.01603222
0.01578283
0.01574016
0.01569176
0.01563811
0.01558280
0.01559472
0.01515722
0.01525474
0.01528311
0.01545310
0.01555991
0.01573992
0.01557446
0.01576138
0.01537657
0.01532578
0.01513624
0.01515388
0.01508904
0.01524687
0.01519299
0.01522803
0.01558352
0.01553655
0.01511168
0.01516676
0.01517844
0.01504564
0.01511574
0.01510739
0.01554823
0.01524758
0.01574945
0.01575780
0.01534915
0.01519299
0.01518488
0.01521492
0.01513219
0.01514173
0.01524878
0.01546788
0.01531744
0.01564169
0.01553082
0.01523399
0.01530671
0.01527119
0.01518512
0.01525164
0.01516843
0.01547360
0.01547647
0.01558113
0.01590538
0.01576257
0.01534772
0.01542473
0.01544738
0.01546359
0.01556301
0.01561403
0.01543117
0.01557779
0.01564026
0.01577759
0.01566267
0.01558089
0.01565337
0.01564503
0.01583505
0.01564455
0.01573229
0.01585698
0.01568365
0.01581478
0.01573920
0.01597118
0.01594901
0.01598501
0.01633358
0.01613450
0.01599598
0.01608253
0.01599097
0.01616192
0.01609778
0.01600194
0.01588488
0.01604414
0.01632857
0.01603317
0.01585436
0.01582623
0.01579714
0.01574445
0.01592565
0.01600885
0.01594996
0.01587749
0.01598835
0.01588130
0.01599693
0.01590300
0.01589227
0.01581740
0.01574922
0.01578498
0.01572394
0.01576519
0.01562142
0.01593447
0.01596498
0.01586604
0.01576591
0.01580048
0.01614809
0.01614618
0.01620865
0.01580596
0.01637793
0.01642799
0.01628375
0.01594377
0.01579523
0.01578331
0.01565456
0.01559353
0.01580453
0.01579237
0.01609111
0.01602340
0.01573133
0.01569915
0.01566410
0.01563692
0.01565528
0.01583195
0.01584673
0.01579499
0.01612639
0.01596260
0.01568913
0.01592946
0.01559305
0.01546788
0.01543808
0.01535368
