0.74859738
0.01501632
0.01506400
0.01486850
0.01464581
0.01472449
0.01477361
0.01487613
0.01486945
0.01505780
0.01491356
0.01497006
0.01502562
0.01491761
0.01486802
0.01506233
0.01499462
0.01485944
0.01490879
0.01485801
0.01497173
0.01503491
0.01497006
0.01508951
0.01510668
0.01546502
0.01546192
0.01538539
0.01504493
0.01508856
0.01496983
0.01508021
0.01483297
0.01484442
0.01493526
0.01485252
0.01487756
0.01515627
0.01512694
0.01551890
0.01539826
0.01506972
0.01505661
0.01526952
0.01507592
0.01513267
0.01536107
0.01523900
0.01533031
0.01515579
0.01535130
0.01508236
0.01521754
0.01508331
0.01517153
0.01508522
0.01525259
0.01513481
0.01513362
0.01503134
0.01501489
0.01506925
0.01523018
0.01528311
0.01545238
0.01568294
0.01541996
0.01516175
0.01522613
0.01504111
0.01510072
0.01526117
0.01526213
0.01526690
0.01540089
0.01563311
0.01549101
0.01580381
0.01574826
0.01561761
0.01549768
0.01562333
0.01568031
0.01589060
0.01591516
0.01583767
0.01562905
0.01566124
0.01558042
0.01560831
0.01550579
0.01554990
0.01561117
0.01568723
0.01579237
0.01586652
0.01580882
0.01582170
0.01585841
0.01599908
0.01601148
0.01608086
0.01635957
0.01673841
0.01660252
0.01621675
0.01611280
0.01634192
0.01601744
0.01616573
0.01619077
0.01618052
0.01644182
0.01660657
0.01677871
0.01628447
0.01660037
0.01630831
0.01618838
0.01619768
0.01611328
0.01608896
0.01619220
0.01618505
0.01606774
0.01605654
0.01619554
0.01617599
0.01619434
0.01624703
0.01610756
0.01610303
0.01647568
0.01630044
0.01651216
0.01627946
0.01633334
0.01613116
0.01617599
0.01611042
0.01603436
0.01613879
0.01586986
0.01592040
0.01573801
0.01581693
0.01591778
0.01591349
0.01580191
0.01591349
0.01586962
0.01568818
0.01580429
0.01591682
0.01595926
0.01615477
0.01563334
0.01578021
0.01577950
0.01572943
0.01537752
0.01533723
0.01540065
0.01545596
0.01534081
0.01533866
0.01541781
0.01540995
0.01543307
0.01544094
0.01532769
0.01540279
0.01534033
0.01555562
0.01561284
0.01545596
0.01534319
0.01546931
0.01529813
0.01528692
0.01532745
0.01537776
0.01542640
0.01531887
0.01519632
0.01544237
0.01537681
0.01528120
0.01512384
0.01514530
0.01523900
0.01520395
0.01541662
0.01520538
0.01520252
0.01554060
0.01545095
0.01525259
0.01525688
0.01531315
0.01532626
0.01561642
0.01549554
0.01577234
0.01575065
0.01555943
0.01546240
0.01533294
0.01529908
0.01532197
0.01549959
0.01536059
0.01527524
0.01533866
0.01536584
0.01540899
0.01556563
0.01562452
0.01571393
0.01564026
0.01580930
0.01562762
0.01604247
0.01593018
0.01581717
0.01568055
0.01580691
0.01607108
0.01601434
0.01582456
0.01578927
0.01578736
0.01594520
0.01550102
0.01549149
0.01555848
0.01568294
0.01564813
0.01559854
0.01563263
0.01560736
0.01565409
0.01563644
0.01576495
0.01569486
0.01576185
0.01569057
0.01578307
0.01575828
0.01577711
0.01578426
0.01584172
0.01604342
0.01591039
0.01584792
0.01583672
0.01586485
0.01583862
0.01582170
0.01590228
0.01574206
0.01578426
0.01582813
0.01595855
0.01599860
0.01578999
0.01590300
0.01595068
0.01592278
0.01582432
0.01583481
0.01595974
0.01592088
0.01580358
0.01581621
0.01586485
0.01590610
0.01592660
0.01594520
0.01580715
0.01593876
0.01588964
0.01597452
0.01666117
0.01618195
0.01598191
0.01605582
0.01599455
0.01593852
0.01592755
0.01588893
0.01578784
0.01592588
0.01624131
0.01628685
0.01629877
0.01598930
0.01592183
0.01564860
0.01562905
0.01608586
0.01593161
0.01579881
0.01607871
0.01589417
0.01567173
0.01577663
0.01559377
0.01549435
0.01809597
0.01570201
0.01553106
0.01554894
0.01591182
0.01566648
0.01561928
0.01558924
0.01550770
0.01554823
0.01596093
0.01561785
0.01598954
0.01582146
0.01555347
0.01555586
0.01544714
0.01544261
0.01559734
0.01563430
0.01554394
0.01518798
0.01533532
0.01533580
0.01518798
0.01532745
0.01539683
0.01528049
0.01523185
0.01571274
0.01569009
0.01619530
0.01615882
0.01552534
0.01548243
0.01545429
0.01538706
0.01539063
0.01551557
0.01531196
0.01547933
0.01553607
0.01553822
0.01556420
0.01529956
0.01525307
0.01526284
0.01533699
0.01555824
0.01540041
0.01573944
0.01591039
0.01575899
0.01530695
0.01513553
0.01510525
0.01514149
0.01523995
0.01537275
0.01524615
0.01566601
0.01541209
0.01515603
0.01495194
0.01509309
0.01513028
0.01542902
0.01550937
0.01550865
0.01518512
0.01502872
0.01510644
0.01510954
0.01521754
0.01529694
0.01536632
0.01558137
0.01546431
0.01547027
0.01513052
0.01507735
0.01523018
0.01512432
0.01515722
0.01520085
0.01525664
0.01576686
0.01566958
0.01552176
0.01538134
0.01550961
0.01535320
0.01530719
0.01528955
0.01524067
0.01536608
0.01537681
0.01559186
0.01553965
0.01579309
0.01570559
0.01538491
0.01534390
0.01540542
0.01526237
0.01533699
0.01548243
0.01548433
0.01563883
0.01586819
0.01566863
0.01528955
0.01522708
0.01527095
0.01546526
0.01532125
0.01545477
0.01534843
0.01557064
0.01560521
0.01552653
0.01527643
0.01530933
0.01533937
0.01565170
0.01579070
0.01587844
0.01553321
0.01577950
0.01579738
0.01549459
0.01546597
0.01579595
0.01556468
0.01586652
0.01616287
0.01623821
0.01590395
0.01614308
0.01596189
0.01562047
0.01565289
0.01572776
0.01587462
0.01605868
0.01604247
0.01583099
0.01614594
0.01610684
0.01586485
0.01589370
0.01575613
0.01576853
0.01573443
0.01581764
0.01578021
0.01570630
0.01560116
0.01555586
0.01575303
0.01587987
0.01581264
0.01583099
0.01580119
0.01579499
0.01583338
0.01581812
0.01577234
0.01578879
0.01592994
0.01580596
0.01592755
0.01590014
0.01621938
0.01604772
0.01594782
0.01583457
0.01576519
0.01580358
0.01581287
0.01587152
0.01587081
0.01620531
0.01610374
0.01587892
0.01569557
0.01572013
0.01564288
0.01578116
0.01578784
0.01583266
0.01578140
0.01539922
0.01546192
0.01545858
0.01549888
0.01554775
0.01558924
0.01557827
0.01573634
0.01581287
0.01595974
0.01655459
0.01635432
0.01557708
0.01591730
0.01569915
0.01558805
0.01536298
0.01542234
0.01525784
0.01520562
0.01542783
0.01542091
0.01528764
0.01551318
0.01552892
0.01525402
0.01529574
0.01528287
0.01532316
0.01533365
0.01548457
0.01547503
0.01537085
0.01531935
0.01533747
0.01541185
0.01544642
0.01555920
0.01558781
0.01561642
0.01576757
0.01598525
0.01588821
0.01617765
0.01597381
0.01573205
0.01574373
0.01555634
0.01569152
0.01567388
0.01601934
0.01579142
0.01609898
0.01593781
0.01571703
0.01562095
0.01567316
0.01557326
0.01569223
0.01566601
0.01559854
0.01577759
0.01564169
0.01592255
0.01568890
0.01570368
0.01580620
0.01651359
0.01651859
0.01623964
0.01599813
0.01626444
0.01600623
0.01543045
0.01540136
0.01539874
0.01544952
0.01527286
0.01536393
0.01545477
0.01553440
0.01530957
0.01522446
0.01551867
0.01576662
0.01563549
0.01583409
0.01569843
0.01532817
0.01537013
0.01550341
0.01521969
0.01516318
0.01516271
0.01535439
0.01526213
0.01526356
0.01542139
0.01547194
0.01530910
0.01556063
0.01537943
0.01542711
0.01541853
0.01547480
0.01531792
0.01532030
0.01542521
0.01539993
0.01552606
0.01554394
0.01575184
0.01549745
0.01545763
0.01551056
0.01535463
0.01533437
0.01536512
0.01549411
0.01543188
0.01585555
0.01574445
0.01552868
0.01528168
0.01539159
0.01540637
0.01552701
0.01539350
0.01565552
0.01547289
0.01571298
0.01555014
0.01541305
0.01559067
0.01536179
0.01534629
0.01540303
0.01543379
0.01534462
0.01541519
0.01530266
0.01546216
0.01533437
0.01531744
0.01536918
0.01572728
0.01557064
0.01526690
0.01518202
0.01516747
0.01541162
0.01552653
0.01537752
0.01527286
0.01539016
0.01534867
0.01529694
0.01522398
0.01566243
0.01562047
0.01535821
0.01516199
0.01513243
0.01526189
0.01523113
0.01516819
0.01526475
0.01515889
0.01512098
0.01540375
0.01529074
0.01515412
0.01526594
0.01512718
0.01523352
0.01920104
0.01514721
0.01571298
0.01565123
0.01537037
0.01511264
0.01505136
0.01571465
0.01541305
0.01508307
0.01535678
0.01519632
0.01529455
0.01530313
0.01535487
0.01532817
0.01532412
0.01544762
0.01543593
0.01536608
0.01548386
0.01573372
0.01590443
0.01557684
0.01538467
0.01554871
0.01563096
0.01556873
0.01549792
0.01554561
0.01561546
