0.74167752
0.01486564
0.01475859
0.01460671
0.01432729
0.01438856
0.01460695
0.01461005
0.01455879
0.01456547
0.01492596
0.01483130
0.01458883
0.01456618
0.01458383
0.01460981
0.01474404
0.01470542
0.01497579
0.01478457
0.01480913
0.01477981
0.01471210
0.01505756
0.01510215
0.01474833
0.01455331
0.01470423
0.01495147
0.01508951
0.01484418
0.01458502
0.01461768
0.01449895
0.01447463
0.01454139
0.01445103
0.01458216
0.01444936
0.01456904
0.01461148
0.01444435
0.01454997
0.01456380
0.01453543
0.01459908
0.01461363
0.01462507
0.01467633
0.01461029
0.01472545
0.01479483
0.01464820
0.01467323
0.01478338
0.01496577
0.01485634
0.01504540
0.01511645
0.01473331
0.01482391
0.01502419
0.01510978
0.01494241
0.01474428
0.01468301
0.01464772
0.01465750
0.01476765
0.01480269
0.01469493
0.01465845
0.01470780
0.01477981
0.01478267
0.01472855
0.01481843
0.01518774
0.01530862
0.01527715
0.01528430
0.01546216
0.01487255
0.01481271
0.01478934
0.01485944
0.01472402
0.01479483
0.01485896
0.01473594
0.01470661
0.01464224
0.01473737
0.01471376
0.01456380
0.01469302
0.01479101
0.01476431
0.01467562
0.01473236
0.01476383
0.01477647
0.01473284
0.01481009
0.01484370
0.01481485
0.01484084
0.01486659
0.01527333
0.01519513
0.01499033
0.01477766
0.01483989
0.01488614
0.01476741
0.01471305
0.01477623
0.01483917
0.01504922
0.01474452
0.01479435
0.01475787
0.01479816
0.01467800
0.01477337
0.01481676
0.01481199
0.01489735
0.01483750
0.01496816
0.01489305
0.01473570
0.01475239
0.01487017
0.01485157
0.01507950
0.01505709
0.01515341
0.01504850
0.01533103
0.01506233
0.01500893
0.01492095
0.01513529
0.01521611
0.01510501
0.01513958
0.01520705
0.01528025
0.01529980
0.01529384
0.01517844
0.01520848
0.01520920
0.01529074
0.01527095
0.01524973
0.01532865
0.01530218
0.01536083
0.01542187
0.01551986
0.01550913
0.01551366
0.01554585
0.01555562
0.01565456
0.01555300
0.01570940
0.01567769
0.01567578
0.01565862
0.01579380
0.01583314
0.01583648
0.01582265
0.01592398
0.01593566
0.01591039
0.01592398
0.01591110
0.01595640
0.01599026
0.01590133
0.01593089
0.01586747
0.01591110
0.01578474
0.01589489
0.01622343
0.01608586
0.01636839
0.01672626
0.01684046
0.01675940
0.01610994
0.01626635
0.01629972
0.01595545
0.01589274
0.01597691
0.01617908
0.01619697
0.01626277
0.01603770
0.01583838
0.01578641
0.01588154
0.01574016
0.01575208
0.01581526
0.01556230
0.01585746
0.01570559
0.01545882
0.01549339
0.01540852
0.01548219
0.01548195
0.01561642
0.01549840
0.01576805
0.01581502
0.01551437
0.01550078
0.01578379
0.01570201
0.01537871
0.01538348
0.01497173
0.01504254
0.01511455
0.01519275
0.01510406
0.01514459
0.01527786
0.01528025
0.01519203
0.01519918
0.01520205
0.01518869
0.01530027
0.01524234
0.01533747
0.01540661
0.01555490
0.01547170
0.01560783
0.01545668
0.01572347
0.01587725
0.01541829
0.01544428
0.01543522
0.01527762
0.01535296
0.01536655
0.01542425
0.01558256
0.01556134
0.01576567
0.01556969
0.01606631
0.01588130
0.01556540
0.01548028
0.01550722
0.01555705
0.01565385
0.01551175
0.01557612
0.01551676
0.01550841
0.01579785
0.01571131
0.01578641
0.01560116
0.01565742
0.01585031
0.01594257
0.01580286
0.01613450
0.01609468
0.01563883
0.01550794
0.01555109
0.01567602
0.01559877
0.01557207
0.01563978
0.01596403
0.01603723
0.01581025
0.01576900
0.01569963
0.01566124
0.01566434
0.01582527
0.01573300
0.01572633
0.01566148
0.01550674
0.01578069
0.01567245
0.01556873
0.01560259
0.01571488
0.01583862
0.01577091
0.01579428
0.01566863
0.01570415
0.01582766
0.01573730
0.01569128
0.01573443
0.01568580
0.01572466
0.01538086
0.01534843
0.01541686
0.01555657
0.01550007
0.01571631
0.01584554
0.01546264
0.01539135
0.01584220
0.01570892
0.01554918
0.01547575
0.01523805
0.01535153
0.01539540
0.01550579
0.01549959
0.01547122
0.01557827
0.01562810
0.01561022
0.01550221
0.01548624
0.01553106
0.01554346
0.01569986
0.01576114
0.01568747
0.01564145
0.01596498
0.01583505
0.01575112
