858,456,82,33
842,440,83,33
827,424,83,33
814,418,82,33
802,407,82,33
763,394,82,33
765,387,82,33
738,380,82,33
723,359,85,34
701,359,88,35
726,355,92,37
731,355,88,35
715,354,88,35
703,379,88,35
755,383,88,35
780,381,87,35
807,381,87,35
781,376,88,35
780,371,88,35
779,372,90,36
778,370,92,37
775,372,94,37
776,371,92,37
776,370,92,37
776,371,92,37
777,378,94,37
776,373,94,37
775,373,94,37
774,377,96,38
773,377,96,38
777,378,96,38
773,377,96,38
775,377,96,38
774,378,97,39
773,378,99,40
771,388,99,40
772,388,99,40
771,388,101,41
770,388,101,41
768,389,103,41
767,390,103,41
772,390,103,41
810,374,103,41
767,384,103,41
766,386,106,42
760,386,106,42
764,376,106,42
764,375,106,42
764,375,106,42
764,375,106,42
767,365,106,42
761,366,106,42
765,366,106,42
768,358,106,42
765,357,106,42
766,358,106,42
766,358,106,42
765,358,108,43
765,358,108,43
766,358,108,43
712,341,108,43
744,357,110,44
748,357,110,44
748,357,110,44
709,363,108,43
671,369,110,44
670,369,110,44
671,369,110,44
669,364,112,45
668,363,114,46
668,364,114,46
669,357,114,46
668,357,114,46
668,357,114,46
668,357,114,46
668,357,114,46
668,357,114,46
668,357,114,46
643,374,117,47
647,374,117,47
647,374,117,47
647,374,117,47
644,380,117,47
644,380,117,47
641,380,117,47
645,380,117,47
662,381,117,47
642,382,117,47
642,382,117,47
652,382,117,47
672,382,117,47
661,381,117,47
650,382,117,47
671,382,117,47
668,382,117,47
665,382,117,47
678,382,117,47
662,382,117,47
618,382,117,47
619,382,117,47
618,382,117,47
617,382,117,47
617,382,117,47
570,386,117,47
576,387,117,47
607,386,117,47
607,386,117,47
571,399,117,47
570,400,117,47
571,399,117,47
572,399,117,47
573,399,117,47
572,399,117,47
572,399,117,47
573,400,117,47
573,400,117,47
573,400,117,47
573,400,117,47
573,400,117,47
573,400,117,47
573,400,117,47
573,400,117,47
573,400,117,47
573,400,117,47
573,400,117,47
573,400,117,47
573,400,117,47
573,400,117,47
573,400,117,47
573,400,117,47
573,400,117,47
573,400,117,47
572,399,117,47
572,398,117,47
572,398,114,46
573,398,114,46
573,398,114,46
573,398,114,46
573,398,114,46
573,398,114,46
573,395,114,46
572,395,117,47
571,394,119,48
572,394,119,48
572,394,119,48
572,394,119,48
572,394,119,48
572,392,117,47
572,392,117,47
572,392,117,47
571,392,117,47
571,392,117,47
572,392,117,47
572,392,117,47
572,392,117,47
572,393,117,47
571,393,117,47
621,392,117,47
608,393,117,47
646,392,119,48
646,392,119,48
646,392,119,48
646,392,119,48
646,392,119,48
645,392,119,48
646,392,119,48
647,392,119,48
646,392,119,48
646,392,119,48
646,392,119,48
646,392,119,48
646,392,119,48
610,392,119,48
609,392,119,48
609,392,119,48
573,392,119,48
572,393,119,48
573,393,119,48
572,393,119,48
572,398,117,47
572,398,117,47
571,398,117,47
571,398,117,47
571,398,117,47
571,398,117,47
571,398,117,47
572,387,117,47
572,388,117,47
571,387,117,47
558,387,117,47
549,387,117,47
570,387,117,47
596,387,117,47
573,368,117,47
572,381,117,47
572,381,117,47
572,381,117,47
573,381,117,47
570,381,117,47
557,381,117,47
570,381,117,47
570,382,117,47
591,382,117,47
574,381,117,47
595,381,117,47
591,381,117,47
595,381,117,47
572,381,117,47
595,381,117,47
595,381,117,47
605,381,117,47
606,380,117,47
605,381,117,47
608,381,117,47
607,381,117,47
620,381,117,47
621,381,117,47
644,381,117,47
643,381,117,47
643,381,117,47
620,381,117,47
620,381,117,47
620,387,117,47
620,387,117,47
604,386,117,47
624,386,114,46
620,382,114,46
623,382,114,46
622,382,114,46
622,378,114,46
594,379,114,46
622,380,114,46
623,381,114,46
623,382,114,46
624,382,114,46
623,382,114,46
623,382,114,46
623,382,114,46
623,382,114,46
624,382,114,46
624,382,114,46
621,382,114,46
622,382,114,46
621,382,114,46
622,386,114,46
623,386,114,46
622,386,114,46
621,380,117,47
632,380,117,47
633,380,117,47
632,380,117,47
633,386,117,47
633,386,117,47
632,386,117,47
633,386,117,47
633,386,117,47
633,386,117,47
633,386,117,47
633,380,117,47
633,380,117,47
633,380,117,47
633,380,117,47
657,380,117,47
658,380,117,47
658,380,117,47
671,381,117,47
660,381,117,47
658,380,119,48
657,380,119,48
657,381,119,48
658,382,117,47
657,382,117,47
657,382,117,47
620,386,117,47
620,386,117,47
620,387,117,47
621,387,117,47
621,387,117,47
621,387,117,47
620,387,117,47
599,393,117,47
599,394,117,47
572,393,117,47
605,376,117,47
618,391,119,48
596,392,119,48
584,392,119,48
620,392,119,48
620,392,119,48
620,392,119,48
620,392,119,48
620,392,119,48
620,392,119,48
620,392,119,48
620,392,119,48
620,392,119,48
620,392,119,48
633,393,119,48
608,393,119,48
601,393,119,48
610,393,119,48
619,393,119,48
619,393,119,48
620,392,119,48
619,392,119,48
642,392,119,48
633,392,119,48
634,392,119,48
621,392,119,48
621,392,119,48
620,392,119,48
619,392,119,48
632,392,119,48
622,392,119,48
623,393,119,48
622,393,119,48
622,393,119,48
621,393,119,48
621,393,119,48
621,393,119,48
637,392,119,48
641,392,119,48
635,392,119,48
645,392,119,48
635,392,119,48
620,392,119,48
619,392,119,48
619,392,119,48
620,392,119,48
619,392,119,48
618,392,119,48
618,392,119,48
619,392,119,48
619,392,119,48
620,386,119,48
619,386,119,48
619,387,119,48
620,387,119,48
620,387,119,48
620,387,119,48
620,387,119,48
620,387,119,48
620,387,119,48
620,387,119,48
619,387,119,48
619,387,119,48
620,387,119,48
620,387,119,48
619,387,119,48
620,387,119,48
620,387,119,48
620,387,119,48
619,387,119,48
619,387,119,48
619,387,119,48
620,387,119,48
619,387,119,48
620,387,119,48
620,387,119,48
620,387,119,48
620,387,119,48
620,387,119,48
620,387,119,48
620,387,119,48
620,387,119,48
620,387,119,48
620,387,119,48
620,387,119,48
620,387,119,48
620,387,119,48
620,387,119,48
620,387,119,48
620,387,119,48
696,387,119,48
696,387,119,48
696,387,119,48
697,387,119,48
696,387,121,49
696,387,119,48
696,387,119,48
695,387,119,48
696,387,119,48
695,387,119,48
695,387,119,48
695,387,119,48
695,387,119,48
696,387,119,48
696,387,119,48
696,387,119,48
696,387,119,48
696,387,119,48
696,387,119,48
695,387,119,48
695,387,119,48
695,387,119,48
695,387,119,48
695,387,119,48
695,387,119,48
695,387,119,48
695,387,119,48
695,387,119,48
695,387,119,48
695,387,119,48
695,387,119,48
696,387,119,48
696,387,119,48
696,391,119,48
696,391,119,48
696,391,119,48
696,391,119,48
696,391,119,48
696,391,119,48
696,391,119,48
696,391,119,48
696,391,119,48
695,392,119,48
696,389,117,47
697,390,117,47
696,391,117,47
696,391,117,47
695,386,119,48
695,386,119,48
695,386,119,48
695,386,119,48
695,382,121,49
695,381,121,49
694,381,121,49
695,381,119,48
695,382,119,48
695,382,121,49
695,381,119,48
695,382,119,48
695,382,119,48
694,382,121,49
667,370,119,48
620,386,119,48
620,387,119,48
620,387,119,48
620,387,119,48
620,387,119,48
621,387,119,48
621,387,119,48
620,387,119,48
620,387,119,48
620,387,119,48
620,387,119,48
620,387,119,48
620,387,119,48
621,388,117,47
694,387,119,48
695,387,119,48
695,387,119,48
671,387,117,47
695,387,117,47
696,387,117,47
696,387,117,47
734,387,114,46
735,387,114,46
735,387,114,46
735,387,114,46
772,382,112,45
772,382,112,45
772,382,112,45
770,376,117,47
771,375,117,47
771,375,117,47
772,375,114,46
771,376,117,47
770,375,119,48
770,375,119,48
772,375,117,47
771,376,117,47
770,376,117,47
770,376,117,47
770,376,117,47
770,376,117,47
770,376,117,47
770,376,117,47
770,379,117,47
770,379,117,47
770,379,117,47
769,379,117,47
769,379,117,47
769,379,117,47
769,379,117,47
769,379,117,47
769,379,117,47
769,379,117,47
769,376,117,47
769,379,117,47
769,379,117,47
769,379,117,47
770,379,117,47
770,379,117,47
770,379,117,47
770,379,117,47
770,380,117,47
770,380,117,47
770,380,117,47
770,380,117,47
770,380,117,47
770,380,117,47
770,380,117,47
770,380,117,47
770,380,117,47
770,380,117,47
770,380,117,47
770,380,117,47
770,380,117,47
770,380,117,47
770,380,117,47
770,380,117,47
770,380,117,47
770,380,117,47
770,379,117,47
770,379,117,47
770,379,117,47
771,379,114,46
772,379,114,46
772,380,114,46
772,380,114,46
772,381,114,46
772,381,114,46
773,381,114,46
773,381,114,46
772,381,114,46
772,381,114,46
772,381,114,46
772,382,114,46
772,381,114,46
772,381,114,46
771,381,117,47
770,380,117,47
770,379,117,47
770,379,117,47
770,379,117,47
770,379,117,47
770,379,117,47
770,379,117,47
769,377,119,48
769,377,119,48
769,377,119,48
769,377,119,48
769,377,119,48
769,377,119,48
769,377,119,48
770,379,117,47
770,379,117,47
770,379,117,47
770,379,117,47
769,377,119,48
769,377,119,48
769,377,119,48
769,377,119,48
769,377,119,48
769,377,119,48
769,377,119,48
769,377,119,48
769,377,119,48
769,377,119,48
769,377,119,48
769,377,119,48
769,377,119,48
769,377,119,48
769,377,119,48
769,377,119,48
769,377,119,48
769,377,119,48
769,377,119,48
768,377,119,48
769,377,119,48
769,377,119,48
769,377,119,48
769,377,119,48
769,377,119,48
769,377,119,48
769,377,119,48
769,377,119,48
769,377,119,48
769,377,119,48
769,377,119,48
769,377,119,48
769,377,119,48
769,377,119,48
769,377,119,48
770,378,117,47
770,378,117,47
769,377,119,48
769,377,119,48
768,378,119,48
769,378,119,48
769,378,119,48
769,378,119,48
769,379,119,48
769,379,119,48
769,379,119,48
769,379,119,48
769,379,119,48
769,379,119,48
769,379,119,48
769,379,119,48
769,378,119,48
769,378,119,48
769,379,117,47
770,380,117,47
770,380,117,47
770,380,117,47
770,380,117,47
769,379,119,48
770,380,117,47
770,380,117,47
770,380,117,47
770,380,117,47
770,380,117,47
770,380,117,47
770,380,117,47
770,380,117,47
770,380,117,47
770,380,117,47
770,380,117,47
769,379,119,48
770,380,117,47
770,380,117,47
770,380,117,47
770,380,117,47
770,380,117,47
770,380,117,47
770,380,117,47
770,380,117,47
770,380,117,47
770,380,117,47
770,380,117,47
770,380,117,47
770,380,117,47
769,380,117,47
771,380,114,46
772,381,114,46
772,381,114,46
772,381,114,46
772,380,114,46
772,380,114,46
772,380,114,46
772,380,114,46
773,380,114,46
773,381,114,46
773,381,114,46
773,381,114,46
773,378,114,46
772,378,117,47
771,377,117,47
771,377,117,47
771,377,117,47
771,377,117,47
771,377,117,47
770,380,117,47
770,380,117,47
770,380,117,47
770,379,117,47
770,380,117,47
770,380,117,47
770,380,117,47
770,380,117,47
770,380,117,47
769,379,119,48
769,380,119,48
770,380,117,47
770,379,117,47
770,379,117,47
769,377,119,48
769,377,119,48
769,377,119,48
769,377,119,48
769,378,119,48
770,379,117,47
770,379,117,47
770,378,117,47
769,377,119,48
769,378,119,48
769,378,119,48
769,378,119,48
769,378,119,48
769,378,119,48
769,378,119,48
769,378,119,48
769,378,119,48
769,378,119,48
769,378,119,48
769,378,119,48
769,378,119,48
769,378,119,48
769,378,119,48
769,378,119,48
769,378,119,48
769,378,119,48
769,378,119,48
769,378,119,48
769,378,119,48
769,377,119,48
769,377,119,48
769,377,119,48
769,377,119,48
769,377,119,48
769,377,119,48
769,377,119,48
769,377,119,48
769,377,119,48
769,377,119,48
769,377,119,48
769,377,119,48
769,377,119,48
769,377,119,48
769,377,119,48
769,377,119,48
768,377,119,48
769,377,119,48
769,377,119,48
769,377,119,48
769,377,119,48
769,377,119,48
769,377,119,48
769,377,119,48
769,377,119,48
769,377,119,48
769,377,119,48
769,377,119,48
769,377,119,48
769,374,119,48
769,374,119,48
769,374,119,48
769,377,119,48
769,377,119,48
769,377,119,48
769,377,119,48
769,377,119,48
769,377,119,48
769,377,119,48
769,377,119,48
769,377,119,48
769,377,119,48
769,377,119,48
769,377,119,48
769,377,119,48
769,377,119,48
769,377,119,48
769,374,119,48
769,375,119,48
769,375,119,48
770,377,117,47
769,375,119,48
769,375,119,48
769,375,119,48
768,375,119,48
769,375,119,48
769,375,119,48
769,375,119,48
768,375,119,48
769,375,119,48
769,375,119,48
769,375,119,48
769,375,119,48
769,375,119,48
769,375,119,48
769,375,119,48
769,375,119,48
769,375,119,48
768,378,121,49
767,377,121,49
767,377,121,49
767,377,121,49
767,377,121,49
767,377,121,49
768,377,119,48
768,377,119,48
767,376,121,49
767,375,121,49
767,375,121,49
767,375,121,49
767,375,121,49
767,375,121,49
767,375,121,49
768,376,119,48
769,376,119,48
769,377,119,48
769,377,119,48
769,377,119,48
769,377,119,48
769,377,119,48
769,377,119,48
769,377,119,48
769,377,119,48
769,377,119,48
769,377,119,48
769,377,119,48
769,377,119,48
769,377,119,48
769,377,119,48
769,377,119,48
769,377,119,48
770,379,117,47
770,379,117,47
770,379,117,47
771,380,117,47
771,380,117,47
772,379,114,46
774,381,112,45
775,381,112,45
774,381,112,45
774,381,112,45
775,380,110,44
774,381,112,45
773,380,114,46
773,380,114,46
773,380,114,46
773,380,114,46
773,380,114,46
773,380,114,46
773,380,114,46
773,380,114,46
773,380,114,46
773,379,114,46
772,378,117,47
771,378,117,47
771,378,117,47
771,378,117,47
771,378,117,47
771,378,117,47
771,378,117,47
771,378,117,47
771,379,117,47
771,379,117,47
771,379,117,47
772,379,114,46
773,379,114,46
773,379,114,46
773,380,114,46
773,381,114,46
773,381,114,46
773,381,114,46
773,380,114,46
773,380,114,46
773,380,114,46
773,379,114,46
773,379,114,46
774,380,112,45
775,380,110,44
775,379,112,45
775,378,112,45
775,378,112,45
775,378,112,45
775,378,112,45
775,378,112,45
775,378,112,45
775,378,112,45
775,378,112,45
775,378,112,45
774,376,114,46
772,376,117,47
771,376,117,47
771,376,117,47
771,377,117,47
772,377,114,46
773,377,114,46
774,379,112,45
773,378,114,46
773,378,114,46
773,378,114,46
773,377,114,46
773,377,114,46
773,377,114,46
773,377,114,46
772,376,117,47
771,376,117,47
771,376,117,47
770,375,119,48
770,375,119,48
770,375,119,48
770,375,119,48
770,375,119,48
770,375,119,48
770,375,119,48
771,377,117,47
771,377,117,47
771,378,117,47
771,378,117,47
771,378,117,47
771,378,117,47
771,378,117,47
771,378,117,47
771,379,117,47
772,379,114,46
773,379,114,46
773,380,114,46
773,380,114,46
773,380,114,46
773,380,114,46
773,380,114,46
773,380,114,46
773,380,114,46
773,380,114,46
773,379,114,46
773,379,114,46
773,379,114,46
773,379,114,46
773,379,114,46
773,379,114,46
773,379,114,46
773,379,114,46
773,379,114,46
773,379,114,46
773,379,114,46
773,379,114,46
773,379,114,46
773,378,114,46
773,377,114,46
773,377,114,46
773,377,114,46
773,377,114,46
773,377,114,46
773,377,114,46
773,377,114,46
773,377,114,46
773,377,114,46
773,377,114,46
772,376,117,47
770,375,119,48
770,375,119,48
770,375,119,48
769,375,119,48
769,375,119,48
770,375,119,48
769,375,119,48
769,375,119,48
769,375,119,48
769,375,119,48
769,375,119,48
769,375,119,48
769,375,119,48
769,375,119,48
769,375,119,48
769,375,119,48
769,375,119,48
769,375,119,48
769,375,119,48
769,375,119,48
769,374,119,48
770,374,119,48
769,374,119,48
770,375,117,47
770,374,117,47
772,374,114,46
772,375,114,46
773,375,114,46
773,375,114,46
773,375,114,46
773,375,114,46
773,375,114,46
773,375,114,46
773,375,114,46
773,376,114,46
772,376,117,47
770,375,119,48
770,375,119,48
769,376,119,48
770,377,117,47
770,377,117,47
770,377,117,47
770,377,117,47
770,378,117,47
770,378,117,47
771,378,117,47
771,378,117,47
771,378,117,47
771,378,117,47
771,378,117,47
770,378,117,47
769,377,119,48
770,377,117,47
769,377,119,48
769,377,119,48
769,377,119,48
769,377,119,48
769,377,119,48
769,377,119,48
769,377,119,48
769,377,119,48
769,377,119,48
769,377,119,48
769,377,119,48
769,377,119,48
769,377,119,48
769,377,119,48
769,378,119,48
769,378,119,48
769,378,119,48
770,378,117,47
770,379,117,47
770,380,117,47
770,380,117,47
770,379,117,47
770,379,117,47
770,379,117,47
770,379,117,47
770,379,117,47
771,379,117,47
770,379,117,47
770,379,117,47
770,379,117,47
770,379,117,47
770,379,117,47
770,379,117,47
770,379,117,47
770,379,117,47
771,378,114,46
772,379,114,46
772,379,114,46
772,379,114,46
773,379,114,46
773,379,114,46
773,379,114,46
773,379,114,46
773,379,114,46
773,379,114,46
773,378,114,46
773,378,114,46
773,378,114,46
773,378,114,46
773,378,114,46
773,377,114,46
773,377,114,46
773,377,114,46
774,378,112,45
773,377,114,46
773,377,114,46
773,377,114,46
773,377,114,46
773,377,114,46
773,377,114,46
773,377,114,46
773,378,114,46
773,378,114,46
773,378,114,46
773,377,114,46
773,377,114,46
773,377,114,46
773,377,114,46
772,376,117,47
771,376,117,47
770,375,119,48
770,377,117,47
770,375,119,48
769,375,119,48
769,375,119,48
769,376,119,48
769,376,119,48
769,376,119,48
769,376,119,48
769,376,119,48
769,376,119,48
770,377,117,47
770,377,117,47
770,377,117,47
770,377,117,47
770,377,117,47
770,377,117,47
770,377,117,47
770,377,117,47
770,377,117,47
770,377,117,47
770,377,117,47
770,377,117,47
770,377,117,47
770,377,117,47
770,377,117,47
770,377,117,47
770,377,117,47
770,377,117,47
770,377,117,47
770,377,117,47
770,377,117,47
770,377,117,47
770,377,117,47
770,378,117,47
770,379,117,47
770,379,117,47
769,377,119,48
769,377,119,48
769,377,119,48
769,377,119,48
768,377,119,48
768,377,119,48
768,377,119,48
768,377,119,48
768,377,119,48
768,377,119,48
768,377,119,48
768,377,119,48
768,377,119,48
768,377,119,48
768,377,119,48
768,377,119,48
768,377,119,48
768,377,119,48
768,377,119,48
768,377,119,48
768,377,119,48
769,377,119,48
769,377,119,48
769,377,119,48
769,377,119,48
769,377,119,48
769,377,119,48
769,377,119,48
769,377,119,48
769,377,119,48
769,376,119,48
770,377,117,47
770,377,117,47
770,377,117,47
770,377,117,47
770,377,117,47
770,377,117,47
770,377,117,47
770,377,117,47
770,377,117,47
770,377,117,47
770,377,117,47
770,377,117,47
770,377,117,47
770,377,117,47
770,377,117,47
770,377,117,47
770,377,117,47
770,377,117,47
770,377,117,47
770,377,117,47
770,377,117,47
770,377,117,47
770,377,117,47
770,377,117,47
770,377,117,47
770,377,117,47
770,377,117,47
770,378,117,47
770,379,117,47
770,379,117,47
770,379,117,47
770,379,117,47
770,379,117,47
770,379,117,47
770,379,117,47
771,379,114,46
772,379,114,46
772,380,114,46
772,380,114,46
772,380,114,46
772,380,114,46
772,380,114,46
772,380,114,46
773,380,114,46
773,380,114,46
773,380,114,46
773,380,114,46
773,380,114,46
773,379,114,46
772,380,114,46
772,380,114,46
772,380,114,46
772,380,114,46
772,380,114,46
772,380,114,46
772,380,114,46
772,380,114,46
772,380,114,46
772,380,114,46
772,380,114,46
772,380,114,46
772,380,114,46
772,380,114,46
772,380,114,46
772,380,114,46
772,380,114,46
773,380,112,45
773,380,112,45
774,380,112,45
774,380,112,45
774,380,112,45
774,380,112,45
774,380,112,45
774,380,112,45
773,378,114,46
773,378,114,46
773,378,114,46
772,378,114,46
771,378,117,47
770,378,117,47
770,377,117,47
770,377,117,47
770,377,117,47
770,377,117,47
770,378,117,47
770,378,117,47
770,377,117,47
770,377,117,47
769,377,119,48
769,378,119,48
770,379,117,47
770,379,117,47
770,379,117,47
770,379,117,47
770,379,117,47
771,379,114,46
772,380,114,46
772,380,114,46
772,380,114,46
772,380,114,46
772,380,114,46
772,380,114,46
772,380,114,46
772,380,114,46
772,381,114,46
772,381,114,46
772,380,114,46
772,380,114,46
772,381,114,46
772,381,114,46
772,381,114,46
771,381,117,47
770,381,117,47
770,381,117,47
770,381,117,47
770,381,117,47
770,381,117,47
770,378,117,47
770,378,117,47
770,378,117,47
770,377,117,47
770,377,117,47
770,377,117,47
770,377,117,47
770,377,117,47
770,377,117,47
770,377,117,47
770,377,117,47
770,377,117,47
770,377,117,47
770,377,117,47
769,375,119,48
769,375,119,48
769,375,119,48
769,375,119,48
769,375,119,48
769,375,119,48
769,375,119,48
769,375,119,48
769,375,119,48
769,375,119,48
768,375,119,48
769,375,119,48
769,375,119,48
769,375,119,48
769,375,119,48
769,375,119,48
769,375,119,48
769,375,119,48
769,375,119,48
769,375,119,48
769,375,119,48
769,375,119,48
770,377,117,47
770,377,117,47
770,377,117,47
770,376,117,47
770,377,117,47
770,377,117,47
770,377,117,47
770,377,117,47
770,377,117,47
770,377,117,47
771,377,114,46
771,376,117,47
770,375,119,48
769,375,119,48
770,377,117,47
770,377,117,47
770,377,117,47
770,377,117,47
770,377,117,47
770,377,117,47
770,377,117,47
770,377,117,47
770,377,117,47
770,377,117,47
770,377,117,47
770,377,117,47
770,377,117,47
769,377,119,48
769,377,119,48
769,377,119,48
769,377,119,48
769,377,119,48
769,377,119,48
769,377,119,48
769,377,119,48
769,377,119,48
769,377,119,48
769,377,119,48
769,377,119,48
769,377,119,48
769,377,119,48
769,377,119,48
769,377,119,48
769,377,119,48
769,377,119,48
769,377,119,48
769,378,117,47
770,375,117,47
770,375,117,47
770,376,117,47
769,375,119,48
769,375,119,48
769,375,119,48
767,375,121,49
766,369,121,49
766,373,121,49
764,369,124,50
764,371,124,50
764,371,124,50
764,371,124,50
762,371,124,50
765,369,124,50
762,371,126,51
761,370,129,52
759,373,129,52
758,370,131,53
756,368,131,53
758,370,131,53
756,370,131,53
758,370,131,53
758,368,131,53
758,370,131,53
756,370,131,53
754,369,134,54
754,369,134,54
754,371,134,54
756,374,131,53
754,371,134,54
754,371,134,54
756,375,131,53
756,375,131,53
759,375,129,52
760,373,126,51
763,376,124,50
765,377,121,49
766,377,121,49
767,378,119,48
768,379,119,48
768,380,119,48
768,380,119,48
768,392,119,48
770,393,117,47
770,392,117,47
769,393,117,47
772,394,117,47
771,394,117,47
770,394,117,47
770,394,117,47
771,394,117,47
767,393,119,48
769,377,117,47
769,397,117,47
770,398,117,47
769,399,117,47
769,394,119,48
768,394,119,48
768,393,119,48
768,394,119,48
768,394,119,48
768,394,119,48
769,394,119,48
768,394,119,48
768,394,119,48
768,394,119,48
768,394,119,48
768,393,119,48
768,393,119,48
768,393,119,48
770,377,117,47
770,391,117,47
770,392,117,47
769,393,117,47
769,382,117,47
770,381,117,47
770,381,117,47
770,381,117,47
770,381,117,47
770,381,117,47
770,381,117,47
770,388,117,47
770,388,117,47
769,389,117,47
769,388,117,47
769,392,117,47
770,392,117,47
770,392,117,47
770,378,117,47
769,394,117,47
769,395,117,47
769,395,117,47
769,398,117,47
769,399,117,47
769,399,117,47
769,400,117,47
770,394,117,47
770,394,117,47
770,394,117,47
770,394,117,47
770,394,117,47
770,394,117,47
770,394,117,47
770,394,117,47
770,394,117,47
770,394,117,47
770,394,114,46
771,394,114,46
772,394,114,46
772,394,114,46
772,398,114,46
773,399,112,45
773,399,112,45
773,399,112,45
773,400,112,45
773,400,112,45
773,401,112,45
772,411,112,45
773,410,112,45
773,410,112,45
773,410,112,45
773,413,112,45
773,413,112,45
773,413,112,45
773,413,112,45
773,412,112,45
773,412,112,45
773,413,112,45
773,399,112,45
773,399,112,45
773,399,112,45
773,399,112,45
773,388,114,46
772,387,114,46
772,387,114,46
772,376,114,46
772,376,114,46
773,376,114,46
773,376,114,46
773,370,114,46
773,370,114,46
773,370,114,46
773,373,114,46
773,373,114,46
773,373,114,46
773,373,114,46
773,369,114,46
773,369,114,46
773,369,114,46
773,369,114,46
773,366,114,46
773,366,114,46
773,366,114,46
773,363,114,46
772,364,117,47
772,363,117,47
771,363,117,47
771,366,117,47
771,365,117,47
772,365,114,46
772,368,114,46
772,371,114,46
773,370,114,46
773,370,114,46
773,373,114,46
773,373,114,46
773,373,114,46
773,373,114,46
773,373,114,46
773,373,114,46
773,373,114,46
773,373,114,46
773,373,114,46
773,373,114,46
773,373,114,46
773,373,114,46
773,373,114,46
773,373,114,46
773,373,112,45
774,373,112,45
774,373,112,45
774,373,112,45
774,373,112,45
774,373,112,45
774,373,112,45
774,373,112,45
774,373,112,45
774,373,112,45
774,373,112,45
774,373,112,45
774,373,112,45
774,373,112,45
774,373,112,45
774,377,112,45
774,377,112,45
773,376,114,46
773,374,112,45
773,376,114,46
773,376,114,46
773,376,114,46
773,373,114,46
773,373,114,46
773,373,114,46
773,373,114,46
773,373,114,46
773,373,114,46
773,373,114,46
773,373,114,46
773,373,114,46
773,373,114,46
773,373,114,46
773,373,114,46
773,373,114,46
773,373,114,46
774,375,112,45
774,378,112,45
773,376,114,46
773,376,114,46
773,376,114,46
773,376,114,46
773,376,114,46
773,376,114,46
773,376,114,46
773,376,114,46
773,376,114,46
774,376,112,45
774,375,112,45
774,375,112,45
774,375,112,45
774,375,112,45
774,375,112,45
774,375,112,45
774,375,112,45
774,375,112,45
774,375,112,45
774,375,112,45
774,376,112,45
774,376,112,45
774,376,112,45
774,376,112,45
774,376,112,45
774,376,112,45
774,376,112,45
774,376,112,45
774,376,112,45
774,376,112,45
774,376,112,45
774,377,112,45
774,377,112,45
774,378,112,45
774,378,112,45
774,378,112,45
774,378,112,45
774,378,112,45
774,378,112,45
775,377,110,44
775,377,110,44
776,377,110,44
774,376,112,45
774,376,112,45
774,376,112,45
774,375,112,45
774,375,112,45
774,375,112,45
774,375,112,45
774,375,112,45
774,375,112,45
774,375,112,45
773,373,114,46
773,373,114,46
773,373,114,46
773,373,114,46
773,374,114,46
774,375,112,45
774,375,112,45
774,375,112,45
774,376,112,45
774,376,112,45
774,376,112,45
774,379,112,45
775,378,110,44
775,378,110,44
776,378,110,44
776,378,110,44
776,378,110,44
776,378,110,44
776,378,110,44
776,378,110,44
776,378,110,44
776,379,110,44
776,378,110,44
776,378,110,44
776,378,110,44
777,378,108,43
778,378,108,43
778,378,108,43
778,379,108,43
778,378,108,43
778,378,108,43
778,378,108,43
778,378,108,43
777,376,110,44
776,375,110,44
776,375,110,44
776,376,110,44
775,376,112,45
774,376,112,45
774,376,112,45
774,373,112,45
774,373,112,45
774,373,112,45
775,376,110,44
776,373,110,44
776,366,110,44
776,366,110,44
774,365,112,45
773,367,114,46
773,366,114,46
773,366,114,46
773,370,114,46
773,371,114,46
773,371,114,46
772,371,114,46
773,371,114,46
773,371,114,46
773,371,114,46
773,371,114,46
773,371,114,46
773,371,114,46
772,372,114,46
773,371,114,46
773,371,114,46
773,371,114,46
773,368,114,46
773,368,114,46
773,368,114,46
773,368,114,46
773,371,114,46
773,371,114,46
773,371,114,46
773,371,114,46
773,371,114,46
773,371,114,46
773,371,114,46
773,375,114,46
773,376,114,46
774,377,112,45
774,380,112,45
774,380,112,45
774,380,112,45
774,380,112,45
773,381,112,45
774,381,112,45
774,381,112,45
774,381,112,45
775,381,110,44
776,381,110,44
775,381,110,44
775,381,110,44
775,381,110,44
775,380,110,44
775,380,110,44
775,383,110,44
775,383,110,44
776,382,110,44
775,386,110,44
776,385,110,44
775,384,110,44
775,384,110,44
776,384,108,43
777,387,108,43
777,386,108,43
777,382,108,43
777,385,108,43
777,385,108,43
776,386,108,43
776,386,108,43
776,385,108,43
776,385,108,43
776,385,108,43
777,384,108,43
777,384,108,43
776,384,110,44
776,379,110,44
776,378,110,44
776,378,110,44
776,378,110,44
776,377,110,44
776,377,110,44
776,377,110,44
776,377,110,44
776,377,110,44
776,377,110,44
776,377,110,44
776,373,110,44
776,372,110,44
776,372,110,44
776,372,110,44
776,372,110,44
776,373,110,44
776,373,110,44
776,372,110,44
776,372,110,44
776,372,110,44
776,372,110,44
777,368,110,44
777,369,110,44
777,369,110,44
777,369,110,44
777,369,110,44
776,369,110,44
776,369,110,44
776,372,110,44
776,372,110,44
776,372,110,44
776,372,110,44
776,372,110,44
775,372,112,45
775,372,112,45
775,372,112,45
775,372,112,45
775,372,112,45
775,372,112,45
775,372,112,45
775,372,112,45
775,372,112,45
775,372,112,45
775,375,112,45
775,375,112,45
773,375,114,46
773,375,114,46
773,375,114,46
773,375,114,46
773,375,114,46
774,377,112,45
773,375,114,46
774,377,112,45
774,381,112,45
774,381,112,45
774,382,112,45
774,382,112,45
774,382,112,45
774,382,112,45
774,381,112,45
774,382,112,45
774,387,112,45
773,386,114,46
774,387,112,45
774,387,112,45
774,387,112,45
775,387,112,45
774,387,112,45
774,387,112,45
774,388,112,45
774,388,112,45
774,387,112,45
774,387,112,45
774,387,112,45
774,387,112,45
774,384,112,45
774,384,112,45
774,384,112,45
774,384,112,45
774,384,112,45
774,384,112,45
774,384,112,45
774,384,112,45
774,384,112,45
774,384,112,45
774,384,112,45
774,383,112,45
774,383,112,45
774,383,112,45
774,383,112,45
774,382,112,45
774,382,112,45
774,382,112,45
774,378,112,45
774,377,112,45
774,377,112,45
774,377,112,45
774,377,112,45
774,377,112,45
774,377,112,45
774,382,112,45
774,381,112,45
774,381,112,45
774,380,112,45
774,377,112,45
774,377,112,45
774,377,112,45
774,377,112,45
774,377,112,45
774,377,112,45
774,378,112,45
774,378,112,45
773,377,114,46
773,377,114,46
773,377,114,46
773,377,114,46
773,377,114,46
773,377,114,46
772,378,114,46
773,377,114,46
773,377,114,46
773,377,114,46
774,378,112,45
774,377,112,45
774,377,112,45
774,377,112,45
774,380,112,45
774,380,112,45
774,380,112,45
774,377,112,45
774,377,112,45
774,377,112,45
774,377,112,45
774,369,112,45
774,369,112,45
774,369,112,45
774,369,112,45
775,368,112,45
774,366,114,46
774,366,114,46
773,377,114,46
773,377,114,46
773,377,114,46
773,377,114,46
773,381,114,46
773,381,114,46
774,383,112,45
774,379,112,45
774,379,112,45
774,379,112,45
774,379,112,45
774,379,112,45
774,379,112,45
774,379,112,45
774,379,112,45
774,379,112,45
774,379,112,45
774,379,112,45
774,379,112,45
774,379,112,45
774,379,112,45
774,379,112,45
774,380,112,45
774,381,112,45
774,381,112,45
774,380,112,45
774,380,112,45
774,380,112,45
774,380,112,45
774,381,112,45
774,381,112,45
774,381,112,45
774,381,112,45
774,381,112,45
774,381,112,45
774,381,112,45
774,382,112,45
774,382,112,45
775,382,112,45
775,382,112,45
774,381,112,45
774,381,112,45
774,381,112,45
774,381,112,45
774,381,112,45
774,381,112,45
774,381,112,45
774,381,112,45
774,381,112,45
774,381,112,45
774,381,112,45
774,381,112,45
774,381,112,45
774,381,112,45
774,381,112,45
774,381,112,45
774,381,112,45
774,381,112,45
774,382,112,45
774,382,112,45
774,382,112,45
774,382,112,45
774,382,112,45
774,382,112,45
774,382,112,45
774,382,112,45
774,382,112,45
774,382,112,45
774,382,112,45
774,382,112,45
774,382,112,45
774,382,112,45
774,382,112,45
774,382,112,45
774,382,112,45
774,382,112,45
774,379,112,45
774,379,112,45
774,379,112,45
774,379,112,45
774,379,112,45
774,379,112,45
774,379,112,45
774,378,112,45
774,378,112,45
774,378,112,45
774,378,112,45
774,379,112,45
774,379,112,45
774,379,112,45
774,378,112,45
774,378,112,45
774,378,112,45
774,378,112,45
774,378,112,45
774,378,112,45
774,378,112,45
774,378,112,45
774,378,112,45
774,378,112,45
774,378,112,45
774,378,112,45
774,378,112,45
774,378,112,45
774,379,112,45
774,378,112,45
774,378,112,45
774,378,112,45
774,378,112,45
774,378,112,45
774,378,112,45
774,378,112,45
774,378,112,45
774,378,112,45
774,378,112,45
774,378,112,45
774,378,112,45
774,378,112,45
774,378,112,45
774,378,112,45
774,378,112,45
774,378,112,45
774,379,110,44
774,379,112,45
774,379,112,45
774,379,112,45
774,379,112,45
774,379,112,45
774,379,112,45
774,379,112,45
774,379,112,45
774,379,112,45
774,379,112,45
774,382,112,45
774,381,112,45
774,381,112,45
774,381,112,45
774,381,112,45
774,381,112,45
774,381,112,45
774,378,112,45
774,381,112,45
774,381,112,45
774,381,112,45
774,381,112,45
774,381,112,45
774,381,112,45
774,381,112,45
774,381,112,45
774,381,112,45
774,381,112,45
774,381,112,45
774,381,112,45
774,381,112,45
774,381,112,45
774,382,112,45
774,382,112,45
775,382,110,44
775,381,110,44
775,382,110,44
776,382,110,44
776,382,110,44
776,382,110,44
776,382,110,44
777,383,108,43
778,383,108,43
778,383,108,43
778,383,108,43
778,383,108,43
778,383,108,43
778,383,108,43
778,383,108,43
779,383,108,43
779,383,108,43
778,383,108,43
778,383,108,43
777,382,110,44
777,382,108,43
777,381,110,44
776,381,110,44
776,381,110,44
776,381,110,44
776,381,110,44
776,381,110,44
776,381,110,44
777,382,108,43
778,382,108,43
778,382,108,43
777,381,110,44
776,381,110,44
776,381,110,44
776,381,110,44
776,380,110,44
776,380,110,44
776,380,110,44
776,381,110,44
776,380,110,44
776,380,110,44
776,380,110,44
776,380,110,44
776,380,110,44
776,380,110,44
776,380,110,44
776,380,110,44
776,380,110,44
776,380,110,44
776,380,110,44
776,380,110,44
776,380,110,44
776,381,110,44
776,381,110,44
776,381,110,44
776,381,110,44
776,381,110,44
776,381,110,44
776,381,110,44
776,381,110,44
776,381,110,44
776,381,110,44
776,381,110,44
776,381,110,44
776,381,110,44
776,381,110,44
776,381,110,44
776,381,110,44
776,382,110,44
776,382,110,44
776,382,110,44
776,382,110,44
776,382,110,44
776,382,110,44
777,382,108,43
778,383,108,43
778,383,108,43
779,383,108,43
778,383,108,43
778,383,108,43
778,383,108,43
778,383,108,43
778,383,108,43
779,383,108,43
779,383,108,43
780,383,106,42
780,383,106,42
779,383,108,43
779,383,108,43
778,382,108,43
778,382,108,43
778,382,108,43
779,382,106,42
780,382,106,42
780,382,106,42
780,382,106,42
780,382,106,42
780,382,106,42
780,382,106,42
780,382,106,42
780,381,106,42
780,381,106,42
780,381,106,42
780,382,106,42
780,382,106,42
780,382,106,42
780,382,106,42
780,382,106,42
780,382,106,42
780,382,106,42
780,382,106,42
780,382,106,42
780,382,106,42
780,382,106,42
780,383,106,42
780,383,106,42
780,383,106,42
780,383,106,42
780,382,106,42
780,381,106,42
780,381,106,42
780,381,106,42
780,381,106,42
780,381,106,42
780,381,106,42
780,381,106,42
780,381,106,42
780,381,106,42
780,381,106,42
780,381,106,42
780,381,106,42
780,381,106,42
780,381,106,42
780,381,106,42
780,381,106,42
780,381,106,42
780,381,106,42
780,381,106,42
780,381,106,42
780,380,106,42
780,380,106,42
780,380,106,42
780,380,106,42
780,381,106,42
780,381,106,42
780,381,106,42
780,381,106,42
780,381,106,42
780,381,106,42
780,381,106,42
780,381,106,42
782,383,103,41
782,382,103,41
782,382,103,41
782,382,103,41
782,382,103,41
782,382,103,41
780,380,106,42
780,380,106,42
780,380,106,42
780,380,106,42
780,381,106,42
780,381,106,42
780,381,106,42
780,382,106,42
780,382,106,42
780,382,106,42
780,382,106,42
780,381,106,42
780,380,106,42
780,380,106,42
780,380,106,42
780,380,106,42
780,380,106,42
780,380,106,42
780,380,106,42
780,380,106,42
780,380,106,42
780,380,106,42
780,381,106,42
780,381,106,42
780,381,106,42
780,381,106,42
780,381,106,42
780,381,106,42
780,382,106,42
780,382,106,42
780,382,106,42
780,382,106,42
780,381,106,42
780,381,106,42
780,381,106,42
780,382,106,42
780,383,106,42
780,383,106,42
780,383,106,42
780,383,106,42
780,383,106,42
780,383,106,42
780,383,106,42
780,383,106,42
780,383,106,42
780,383,106,42
780,382,106,42
780,382,106,42
780,382,106,42
780,382,106,42
780,382,106,42
780,382,106,42
780,382,106,42
780,382,106,42
780,382,106,42
780,382,106,42
780,382,106,42
780,382,106,42
780,382,106,42
780,382,106,42
780,383,106,42
780,383,106,42
780,383,106,42
780,383,106,42
780,383,106,42
780,383,106,42
780,383,106,42
780,382,106,42
780,381,106,42
780,381,106,42
780,381,106,42
782,383,103,41
782,382,103,41
783,382,101,41
784,383,101,41
784,383,101,41
784,383,101,41
784,383,101,41
783,383,103,41
782,382,103,41
782,382,103,41
783,382,101,41
784,382,101,41
784,382,101,41
784,382,101,41
784,382,101,41
784,382,101,41
784,382,101,41
784,382,101,41
784,382,101,41
784,382,101,41
784,382,101,41
784,382,101,41
784,382,101,41
784,382,101,41
784,382,101,41
784,382,101,41
784,382,101,41
784,382,101,41
784,382,101,41
785,381,99,40
786,382,99,40
786,382,99,40
786,382,99,40
786,382,99,40
786,383,99,40
786,382,99,40
786,382,99,40
786,382,99,40
786,382,99,40
786,382,99,40
787,383,97,39
787,383,97,39
786,382,99,40
786,382,99,40
785,382,99,40
785,382,99,40
785,382,99,40
785,383,99,40
786,383,99,40
786,383,99,40
786,383,99,40
786,383,99,40
786,383,99,40
786,383,99,40
786,383,99,40
786,383,99,40
786,383,99,40
786,383,99,40
786,383,99,40
786,382,99,40
786,382,99,40
786,382,99,40
786,382,99,40
786,382,99,40
786,383,99,40
786,383,99,40
786,383,99,40
786,383,99,40
786,383,99,40
786,383,99,40
786,383,99,40
786,383,99,40
786,383,99,40
786,383,99,40
786,383,99,40
786,383,99,40
786,383,99,40
786,383,99,40
786,383,99,40
786,383,99,40
786,382,99,40
786,383,99,40
786,383,99,40
786,383,99,40
786,383,99,40
786,383,99,40
786,383,99,40
786,383,99,40
786,383,99,40
786,383,99,40
786,383,99,40
786,383,99,40
786,383,99,40
786,383,99,40
786,383,99,40
786,383,99,40
786,383,99,40
786,383,99,40
786,383,99,40
786,383,99,40
786,383,99,40
786,383,99,40
786,383,99,40
786,383,99,40
786,383,99,40
786,383,99,40
786,383,99,40
786,383,99,40
787,383,97,39
787,383,97,39
787,383,97,39
787,384,97,39
787,384,97,39
787,383,97,39
787,383,97,39
787,383,97,39
787,383,97,39
787,384,97,39
787,384,97,39
786,383,99,40
786,383,99,40
786,383,99,40
786,383,99,40
786,383,99,40
786,383,99,40
786,383,99,40
786,383,99,40
786,383,99,40
786,383,99,40
786,383,99,40
786,383,99,40
786,383,99,40
786,383,99,40
786,383,99,40
786,383,99,40
786,383,99,40
786,383,99,40
786,383,99,40
786,383,99,40
786,383,99,40
786,383,99,40
786,383,99,40
786,383,99,40
786,383,99,40
786,383,99,40
786,383,99,40
786,383,99,40
786,383,99,40
786,383,99,40
786,383,99,40
786,383,99,40
786,383,99,40
786,383,99,40
786,383,99,40
786,383,99,40
786,383,99,40
786,383,99,40
786,383,99,40
786,383,99,40
786,383,99,40
786,383,99,40
786,383,99,40
786,383,99,40
786,383,99,40
786,383,99,40
786,383,99,40
786,383,99,40
786,383,99,40
786,383,99,40
786,383,99,40
786,383,99,40
786,383,99,40
786,383,99,40
786,383,99,40
786,383,99,40
786,383,99,40
786,383,99,40
786,383,99,40
786,383,99,40
786,383,99,40
786,383,99,40
786,383,99,40
786,383,99,40
786,383,99,40
786,383,99,40
786,383,99,40
786,383,99,40
786,383,99,40
786,383,99,40
786,383,99,40
786,383,99,40
786,383,99,40
786,383,99,40
786,383,99,40
786,383,99,40
786,383,99,40
786,383,99,40
786,383,99,40
786,383,99,40
786,383,99,40
786,383,99,40
786,383,99,40
786,383,99,40
786,383,99,40
786,383,99,40
786,383,99,40
786,383,99,40
786,383,99,40
786,383,99,40
786,383,99,40
786,383,99,40
786,383,99,40
