674,311,18,64
674,311,18,64
674,311,18,64
673,311,18,64
673,311,18,64
673,311,18,64
673,312,18,64
672,312,18,64
672,312,18,64
672,312,18,64
671,313,18,64
671,313,18,64
671,313,18,64
671,313,18,64
671,313,18,64
670,313,18,64
670,313,18,64
670,313,18,64
670,313,18,64
669,313,18,64
669,313,18,64
668,313,18,64
668,313,18,64
668,314,18,64
668,314,18,64
667,314,18,64
667,315,18,64
667,315,18,64
667,315,18,64
667,315,18,64
667,315,18,64
667,316,18,64
667,316,18,64
667,316,18,64
667,316,18,64
667,316,18,64
667,316,18,64
666,316,18,64
666,316,18,64
666,317,18,64
665,317,18,64
665,318,18,64
664,318,18,64
664,318,18,64
663,319,18,64
663,319,18,64
662,319,18,64
662,319,18,64
661,319,18,64
661,319,18,64
660,319,18,64
660,319,18,64
659,319,18,64
659,319,18,64
658,320,18,64
658,320,18,64
657,321,18,64
657,321,18,64
657,321,18,64
656,322,18,64
656,322,18,64
656,323,18,64
656,323,18,64
656,323,18,64
656,323,18,64
656,324,18,64
655,324,18,64
655,324,18,64
655,324,18,64
655,324,18,64
655,325,18,64
655,325,18,64
654,325,18,64
654,325,18,64
654,326,18,64
654,326,18,64
653,326,18,64
653,327,18,64
653,327,18,64
653,327,18,64
652,328,18,64
652,328,18,64
652,328,18,64
651,328,18,64
651,328,18,64
651,328,18,64
651,328,18,64
650,329,18,64
650,329,18,64
649,329,18,64
649,329,18,64
649,329,18,64
649,330,18,64
648,330,18,64
648,330,18,64
648,331,18,64
648,332,18,64
648,332,18,64
648,332,18,64
648,332,18,64
647,332,18,64
647,333,18,64
647,333,18,64
647,333,18,64
647,333,18,64
647,333,18,64
647,333,18,64
647,334,18,64
647,334,18,64
646,334,18,64
645,335,18,64
645,336,18,64
645,336,18,64
644,337,18,64
644,337,18,64
644,337,18,64
643,338,18,64
643,338,18,64
643,338,18,64
642,338,18,64
642,338,18,64
642,338,18,64
641,338,18,64
641,339,18,64
640,339,18,64
640,339,18,64
639,340,18,64
639,340,18,64
639,341,18,64
639,341,18,64
638,342,18,64
638,342,18,64
638,343,18,64
638,343,18,64
638,343,18,64
638,343,18,64
638,344,18,64
638,344,18,64
638,344,18,64
638,344,18,64
638,344,18,64
638,344,18,64
638,344,18,64
638,344,18,64
638,345,18,64
638,345,18,64
638,345,18,64
638,346,18,64
638,346,18,64
638,346,18,64
638,346,18,64
638,346,18,64
638,346,18,64
638,346,18,64
638,346,18,64
638,346,18,64
638,346,18,64
638,346,18,64
638,346,18,64
638,346,18,64
638,346,18,64
638,346,18,64
638,346,18,64
638,347,18,64
638,347,18,64
638,347,18,64
638,348,18,64
639,348,18,64
639,348,18,64
639,348,18,64
640,348,18,64
640,348,18,64
640,348,18,64
640,348,18,64
640,348,18,64
641,348,18,64
641,348,18,64
641,348,18,64
641,348,18,64
642,348,18,64
642,348,18,64
642,348,18,64
642,348,18,64
642,349,18,64
642,349,18,64
643,349,18,64
643,349,18,64
643,349,18,64
643,349,18,64
644,348,18,64
644,348,18,64
644,348,18,64
644,348,18,64
644,348,18,64
644,348,18,64
645,348,18,64
645,348,18,64
645,348,18,64
645,348,18,64
645,348,18,64
646,348,18,64
646,348,18,64
646,348,18,64
647,348,18,64
647,348,18,64
648,348,18,64
648,348,18,64
648,348,18,64
649,348,18,64
649,347,18,64
650,347,18,64
650,347,18,64
650,347,18,64
650,347,18,64
650,347,18,64
650,347,18,64
650,347,18,64
650,347,18,64
651,347,18,64
651,347,18,64
651,347,18,64
651,347,18,64
651,347,18,64
651,347,18,64
652,346,18,64
652,346,18,64
652,346,18,64
652,346,18,64
652,345,18,64
652,345,18,64
652,345,18,64
653,345,18,64
653,345,18,64
653,345,18,64
654,346,18,64
654,346,18,64
654,346,18,64
655,346,18,64
655,346,18,64
656,346,18,64
656,346,18,64
657,346,18,64
657,346,18,64
657,345,18,64
658,345,18,64
658,345,18,64
659,345,18,64
659,345,18,64
659,345,18,64
659,345,18,64
659,345,18,64
660,345,18,64
660,345,18,64
660,345,18,64
660,345,18,64
660,345,18,64
660,345,18,64
660,345,18,64
661,345,18,64
661,345,18,64
661,345,18,64
661,344,18,64
661,344,18,64
661,344,18,64
661,344,18,64
661,344,18,64
661,344,18,64
661,345,18,64
661,345,18,64
662,345,18,64
662,345,18,64
662,345,18,64
663,345,18,64
663,345,18,64
663,345,18,64
664,345,18,64
664,345,18,64
664,345,18,64
664,344,18,64
664,344,18,64
664,344,18,64
664,344,18,64
664,344,18,64
664,344,18,64
664,344,18,64
664,344,18,64
663,344,18,64
663,344,18,64
663,344,18,64
663,344,18,64
662,344,18,64
662,343,18,64
661,343,18,64
661,343,18,64
661,343,18,64
660,342,18,64
659,342,18,64
659,342,18,64
658,341,18,64
658,341,18,64
657,341,18,64
656,341,18,64
656,341,18,64
655,341,18,64
655,341,18,64
654,341,18,64
654,341,18,64
653,341,18,64
653,341,18,64
652,340,18,64
652,340,18,64
651,340,18,64
650,339,18,64
650,339,18,64
649,339,18,64
648,338,18,64
648,338,18,64
647,338,18,64
646,338,18,64
645,338,18,64
644,338,18,64
643,338,18,64
643,337,18,64
642,337,18,64
641,337,18,64
640,336,18,64
640,336,18,64
639,335,18,64
638,335,18,64
637,334,18,64
636,334,18,64
636,334,18,64
635,333,18,64
634,333,18,64
634,333,18,64
633,333,18,64
632,333,18,64
632,333,18,64
631,333,18,64
631,333,18,64
630,332,18,64
630,332,18,64
630,332,18,64
629,331,18,64
629,331,18,64
629,331,18,64
628,330,18,64
628,330,18,64
628,329,18,64
627,329,18,64
627,329,18,64
626,329,18,64
626,329,18,64
625,328,18,64
625,328,18,64
624,328,18,64
624,328,18,64
623,328,18,64
623,328,18,64
623,327,18,64
622,327,18,64
622,327,18,64
621,326,18,64
621,326,18,64
620,325,18,64
620,325,18,64
619,325,18,64
619,325,18,64
619,324,18,64
618,324,18,64
618,324,18,64
618,324,18,64
617,324,18,64
617,324,18,64
617,324,18,64
617,324,18,64
617,324,18,64
617,324,18,64
616,323,18,64
616,323,18,64
616,323,18,64
616,322,18,64
615,322,18,64
615,322,18,64
614,322,18,64
614,322,18,64
614,322,18,64
613,322,18,64
613,322,18,64
612,322,18,64
612,322,18,64
611,322,18,64
611,322,18,64
611,322,18,64
610,321,18,64
610,321,18,64
610,321,18,64
609,320,18,64
609,320,18,64
608,320,18,64
608,320,18,64
607,320,18,64
607,320,18,64
607,320,18,64
606,320,18,64
606,320,18,64
606,320,18,64
606,320,18,64
605,320,18,64
605,320,18,64
605,320,18,64
605,320,18,64
605,320,18,64
604,320,18,64
604,320,18,64
604,320,18,64
603,319,18,64
603,319,18,64
602,319,18,64
602,319,18,64
601,319,18,64
601,319,18,64
600,319,18,64
600,320,18,64
600,320,18,64
599,320,18,64
599,320,18,64
599,320,18,64
598,320,18,64
598,320,18,64
598,320,18,64
598,319,18,64
597,319,18,64
597,319,18,64
597,319,18,64
596,319,18,64
596,319,18,64
595,319,18,64
595,320,18,64
595,320,18,64
594,320,18,64
594,320,18,64
594,320,18,64
594,320,18,64
594,320,18,64
594,320,18,64
594,320,18,64
594,319,18,64
594,319,18,64
594,319,18,64
594,319,18,64
594,319,18,64
594,319,18,64
593,319,18,64
593,319,18,64
593,319,18,64
593,319,18,64
592,319,18,64
592,319,18,64
592,319,18,64
591,319,18,64
591,319,18,64
591,319,18,64
591,319,18,64
590,318,18,64
590,318,18,64
590,318,18,64
589,318,18,64
589,318,18,64
589,318,18,64
588,318,18,64
588,318,18,64
588,318,18,64
587,318,18,64
587,318,18,64
587,318,18,64
587,318,18,64
587,318,18,64
587,318,18,64
587,318,18,64
587,318,18,64
587,318,18,64
587,318,18,64
587,318,18,64
587,318,18,64
587,318,18,64
586,318,18,64
586,318,18,64
586,318,18,64
586,318,18,64
585,318,18,64
585,318,18,64
585,318,18,64
585,318,18,64
585,318,18,64
585,318,18,64
584,318,18,64
584,318,18,64
584,318,18,64
584,318,18,64
584,317,18,64
584,317,18,64
583,317,18,64
583,317,18,64
583,318,18,64
583,318,18,64
582,318,18,64
582,318,18,64
582,318,18,64
582,318,18,64
582,318,18,64
582,318,18,64
582,318,18,64
582,318,18,64
582,318,18,64
582,318,18,64
582,318,18,64
582,318,18,64
582,318,18,64
582,318,18,64
582,318,18,64
582,318,18,64
582,319,18,64
582,319,18,64
581,319,18,64
581,319,18,64
581,319,18,64
581,319,18,64
581,319,18,64
581,319,18,64
581,319,18,64
581,319,18,64
581,318,18,64
581,318,18,64
581,318,18,64
580,318,18,64
580,318,18,64
580,318,18,64
580,318,18,64
580,318,18,64
580,318,18,64
579,318,18,64
579,318,18,64
579,318,18,64
579,318,18,64
580,318,18,64
580,318,18,64
580,318,18,64
580,318,18,64
580,317,18,64
580,317,18,64
580,317,18,64
580,317,18,64
580,317,18,64
580,317,18,64
580,317,18,64
580,317,18,64
580,317,18,64
580,317,18,64
579,316,18,64
579,316,18,64
579,316,18,64
579,316,18,64
579,316,18,64
579,316,18,64
579,315,18,64
579,315,18,64
579,314,18,64
579,314,18,64
579,313,18,64
579,313,18,64
579,313,18,64
579,313,18,64
579,313,18,64
579,313,18,64
579,313,18,64
579,313,18,64
579,312,18,64
579,312,18,64
580,312,18,64
580,311,18,64
580,311,18,64
580,310,18,64
580,310,18,64
580,309,18,64
580,308,18,64
580,308,18,64
580,308,18,64
580,307,18,64
580,307,18,64
580,307,18,64
580,307,18,64
580,306,18,64
580,306,18,64
580,306,18,64
580,305,18,64
580,305,18,64
580,304,18,64
580,304,18,64
580,303,18,64
580,302,18,64
579,302,18,64
579,301,18,64
579,301,18,64
579,301,18,64
579,300,18,64
579,300,18,64
579,300,18,64
579,300,18,64
579,300,18,64
579,299,18,64
579,299,18,64
579,299,18,64
579,298,18,64
580,298,18,64
580,298,18,64
580,297,18,64
580,297,18,64
580,296,18,64
580,296,18,64
580,296,18,64
580,296,18,64
580,295,18,64
580,295,18,64
580,295,18,64
580,295,18,64
580,295,18,64
580,295,18,64
580,295,18,64
580,295,18,64
580,294,18,64
580,294,18,64
580,294,18,64
579,294,18,64
579,294,18,64
579,293,18,64
579,293,18,64
579,293,18,64
579,293,18,64
579,293,18,64
579,294,18,64
579,294,18,64
579,294,18,64
579,295,18,64
579,295,18,64
579,295,18,64
579,295,18,64
579,295,18,64
580,295,18,64
580,295,18,64
580,295,18,64
580,295,18,64
580,295,18,64
581,295,18,64
581,295,18,64
581,295,18,64
581,295,18,64
581,295,18,64
581,295,18,64
581,295,18,64
581,295,18,64
582,295,18,64
582,296,18,64
582,296,18,64
582,296,18,64
582,296,18,64
582,296,18,64
583,296,18,64
583,296,18,64
583,296,18,64
583,296,18,64
583,296,18,64
583,296,18,64
584,296,18,64
584,296,18,64
584,297,18,64
584,297,18,64
585,298,18,64
585,298,18,64
585,298,18,64
586,299,18,64
587,299,18,64
587,299,18,64
588,299,18,64
588,300,18,64
589,300,18,64
589,300,18,64
589,300,18,64
590,301,18,64
590,301,18,64
590,301,18,64
591,302,18,64
591,303,18,64
591,303,18,64
592,303,18,64
592,304,18,64
592,305,18,64
593,305,18,64
593,305,18,64
593,305,18,64
594,306,18,64
594,306,18,64
595,306,18,64
595,306,18,64
596,307,18,64
596,307,18,64
596,308,18,64
597,308,18,64
597,309,18,64
598,309,18,64
598,310,18,64
599,311,18,64
600,312,18,64
600,312,18,64
601,312,18,64
602,313,18,64
603,313,18,64
604,314,18,64
604,314,18,64
605,314,18,64
606,315,18,64
607,315,18,64
607,315,18,64
608,316,18,64
608,316,18,64
609,317,18,64
610,318,18,64
610,318,18,64
611,319,18,64
611,319,18,64
612,320,18,64
612,321,18,64
613,321,18,64
613,321,18,64
614,321,18,64
614,321,18,64
615,322,18,64
615,322,18,64
615,322,18,64
616,322,18,64
616,323,18,64
616,323,18,64
616,324,18,64
617,324,18,64
617,325,18,64
618,325,18,64
618,326,18,64
618,326,18,64
619,327,18,64
619,327,18,64
620,327,18,64
620,327,18,64
620,328,18,64
621,328,18,64
621,328,18,64
621,328,18,64
621,329,18,64
621,329,18,64
621,329,18,64
621,330,18,64
621,331,18,64
621,331,18,64
621,331,18,64
621,332,18,64
621,332,18,64
621,333,18,64
622,333,18,64
622,333,18,64
622,333,18,64
622,333,18,64
622,333,18,64
622,333,18,64
623,333,18,64
623,333,18,64
623,334,18,64
623,334,18,64
623,334,18,64
623,335,18,64
623,335,18,64
624,336,18,64
624,336,18,64
624,336,18,64
625,336,18,64
625,336,18,64
625,336,18,64
625,336,18,64
626,336,18,64
626,336,18,64
626,336,18,64
626,336,18,64
626,337,18,64
626,337,18,64
626,337,18,64
626,338,18,64
626,338,18,64
626,338,18,64
626,338,18,64
626,339,18,64
626,339,18,64
626,339,18,64
626,339,18,64
625,339,18,64
625,339,18,64
625,338,18,64
625,338,18,64
625,338,18,64
625,338,18,64
625,338,18,64
625,338,18,64
625,338,18,64
625,339,18,64
625,339,18,64
625,339,18,64
625,339,18,64
625,339,18,64
625,339,18,64
625,339,18,64
626,339,18,64
626,339,18,64
626,339,18,64
626,339,18,64
627,339,18,64
627,339,18,64
627,339,18,64
627,339,18,64
627,339,18,64
627,339,18,64
627,339,18,64
627,339,18,64
627,340,18,64
627,340,18,64
627,340,18,64
627,340,18,64
628,340,18,64
628,340,18,64
628,340,18,64
628,339,18,64
628,339,18,64
628,339,18,64
628,339,18,64
628,339,18,64
628,338,18,64
628,338,18,64
628,338,18,64
629,339,18,64
629,339,18,64
629,339,18,64
629,339,18,64
630,339,18,64
630,339,18,64
631,339,18,64
631,339,18,64
631,339,18,64
632,339,18,64
632,339,18,64
632,338,18,64
632,338,18,64
632,338,18,64
632,338,18,64
633,338,18,64
633,338,18,64
633,338,18,64
633,338,18,64
633,338,18,64
633,338,18,64
633,338,18,64
633,338,18,64
633,338,18,64
634,337,18,64
634,337,18,64
634,337,18,64
634,336,18,64
634,336,18,64
635,336,18,64
635,336,18,64
635,335,18,64
635,335,18,64
635,335,18,64
635,335,18,64
635,335,18,64
635,335,18,64
636,335,18,64
636,335,18,64
637,335,18,64
637,335,18,64
637,334,18,64
638,334,18,64
638,334,18,64
639,334,18,64
639,333,18,64
639,333,18,64
639,333,18,64
639,333,18,64
639,332,18,64
639,332,18,64
639,332,18,64
639,332,18,64
639,332,18,64
639,332,18,64
639,332,18,64
639,332,18,64
640,331,18,64
640,331,18,64
641,331,18,64
641,330,18,64
641,330,18,64
641,330,18,64
642,329,18,64
642,329,18,64
642,329,18,64
643,329,18,64
643,328,18,64
643,328,18,64
643,328,18,64
643,328,18,64
643,328,18,64
644,328,18,64
644,328,18,64
645,328,18,64
645,327,18,64
646,327,18,64
646,326,18,64
646,326,18,64
647,326,18,64
647,325,18,64
647,325,18,64
647,325,18,64
647,325,18,64
648,325,18,64
648,324,18,64
648,324,18,64
648,324,18,64
648,324,18,64
649,324,18,64
649,324,18,64
649,323,18,64
649,323,18,64
650,322,18,64
650,322,18,64
650,321,18,64
650,321,18,64
650,320,18,64
651,320,18,64
651,320,18,64
651,319,18,64
651,319,18,64
652,319,18,64
652,319,18,64
652,319,18,64
653,319,18,64
653,319,18,64
654,318,18,64
654,318,18,64
655,318,18,64
656,317,18,64
656,317,18,64
657,316,18,64
657,316,18,64
657,316,18,64
658,315,18,64
658,315,18,64
658,315,18,64
658,315,18,64
659,315,18,64
659,315,18,64
659,315,18,64
660,315,18,64
660,315,18,64
660,315,18,64
660,314,18,64
661,314,18,64
661,313,18,64
661,313,18,64
662,313,18,64
662,312,18,64
662,312,18,64
662,312,18,64
662,311,18,64
662,311,18,64
663,311,18,64
663,311,18,64
663,311,18,64
663,311,18,64
664,311,18,64
664,311,18,64
665,310,18,64
665,310,18,64
666,310,18,64
666,309,18,64
666,309,18,64
667,308,18,64
667,308,18,64
667,308,18,64
667,308,18,64
667,307,18,64
667,307,18,64
668,307,18,64
668,307,18,64
668,307,18,64
668,307,18,64
667,307,18,64
667,307,18,64
667,306,18,64
667,306,18,64
667,306,18,64
667,305,18,64
667,305,18,64
667,305,18,64
667,304,18,64
667,304,18,64
666,303,18,64
666,303,18,64
666,303,18,64
666,303,18,64
666,303,18,64
666,303,18,64
666,303,18,64
666,303,18,64
666,303,18,64
666,303,18,64
666,302,18,64
666,302,18,64
666,302,18,64
667,302,18,64
667,302,18,64
667,301,18,64
667,301,18,64
667,301,18,64
667,301,18,64
667,301,18,64
667,301,18,64
666,301,18,64
666,301,18,64
666,301,18,64
666,301,18,64
666,301,18,64
666,301,18,64
666,301,18,64
666,301,18,64
665,300,18,64
665,300,18,64
665,300,18,64
665,300,18,64
664,299,18,64
664,299,18,64
663,299,18,64
663,299,18,64
663,299,18,64
662,299,18,64
662,299,18,64
662,299,18,64
662,299,18,64
662,299,18,64
661,299,18,64
661,299,18,64
661,299,18,64
661,299,18,64
661,299,18,64
660,298,18,64
660,298,18,64
660,298,18,64
659,297,18,64
658,297,18,64
658,297,18,64
657,297,18,64
657,297,18,64
656,297,18,64
656,298,18,64
656,298,18,64
655,298,18,64
654,298,18,64
653,298,18,64
652,298,18,64
651,297,18,64
651,297,18,64
650,297,18,64
650,297,18,64
649,296,18,64
648,296,18,64
648,296,18,64
647,295,18,64
647,295,18,64
647,295,18,64
646,295,18,64
646,295,18,64
646,295,18,64
645,295,18,64
645,295,18,64
645,295,18,64
645,295,18,64
645,294,18,64
645,294,18,64
645,294,18,64
645,294,18,64
645,293,18,64
645,293,18,64
645,293,18,64
645,293,18,64
645,293,18,64
645,293,18,64
645,293,18,64
645,293,18,64
645,293,18,64
645,293,18,64
645,293,18,64
645,293,18,64
645,293,18,64
645,293,18,64
645,293,18,64
645,293,18,64
646,293,18,64
646,293,18,64
646,293,18,64
646,293,18,64
646,293,18,64
646,293,18,64
646,293,18,64
646,293,18,64
647,293,18,64
647,293,18,64
647,294,18,64
648,294,18,64
648,294,18,64
649,294,18,64
649,294,18,64
649,294,18,64
650,294,18,64
650,294,18,64
650,294,18,64
651,294,18,64
651,294,18,64
651,294,18,64
651,294,18,64
651,294,18,64
651,294,18,64
651,294,18,64
651,294,18,64
651,294,18,64
651,294,18,64
651,294,18,64
651,294,18,64
651,294,18,64
651,294,18,64
651,294,18,64
651,294,18,64
651,293,18,64
651,293,18,64
651,293,18,64
651,293,18,64
651,293,18,64
651,293,18,64
651,293,18,64
651,293,18,64
651,293,18,64
651,294,18,64
652,294,18,64
652,294,18,64
652,294,18,64
652,294,18,64
653,294,18,64
653,294,18,64
653,294,18,64
653,294,18,64
654,294,18,64
654,294,18,64
654,294,18,64
654,294,18,64
654,294,18,64
654,294,18,64
654,294,18,64
654,294,18,64
654,295,18,64
654,295,18,64
654,295,18,64
654,295,18,64
654,294,18,64
654,294,18,64
654,294,18,64
653,294,18,64
653,294,18,64
653,294,18,64
653,294,18,64
653,294,18,64
653,294,18,64
653,294,18,64
652,294,18,64
652,294,18,64
652,294,18,64
652,294,18,64
652,294,18,64
653,294,18,64
653,294,18,64
653,294,18,64
653,294,18,64
653,294,18,64
653,294,18,64
653,294,18,64
653,294,18,64
653,294,18,64
653,294,18,64
653,294,18,64
653,294,18,64
652,294,18,64
652,294,18,64
652,294,18,64
651,295,18,64
651,295,18,64
651,295,18,64
651,295,18,64
651,295,18,64
650,295,18,64
650,295,18,64
650,294,18,64
650,294,18,64
649,294,18,64
649,294,18,64
648,294,18,64
648,294,18,64
648,294,18,64
648,294,18,64
647,294,18,64
647,294,18,64
647,294,18,64
646,294,18,64
646,294,18,64
646,294,18,64
646,294,18,64
646,294,18,64
645,294,18,64
645,294,18,64
645,294,18,64
644,294,18,64
644,293,18,64
644,293,18,64
643,293,18,64
643,294,18,64
642,294,18,64
642,294,18,64
641,294,18,64
641,294,18,64
641,294,18,64
640,294,18,64
640,294,18,64
639,294,18,64
639,294,18,64
639,294,18,64
638,294,18,64
638,294,18,64
638,294,18,64
637,294,18,64
637,294,18,64
636,294,18,64
636,294,18,64
636,294,18,64
636,295,18,64
635,295,18,64
635,295,18,64
635,295,18,64
635,295,18,64
635,295,18,64
635,295,18,64
635,295,18,64
634,295,18,64
634,295,18,64
634,295,18,64
634,295,18,64
634,295,18,64
633,295,18,64
633,296,18,64
632,296,18,64
632,296,18,64
631,296,18,64
631,296,18,64
631,297,18,64
631,297,18,64
630,297,18,64
630,297,18,64
630,297,18,64
630,297,18,64
630,297,18,64
630,297,18,64
630,296,18,64
629,296,18,64
629,296,18,64
629,296,18,64
629,296,18,64
629,296,18,64
628,296,18,64
628,296,18,64
628,297,18,64
628,297,18,64
628,297,18,64
628,297,18,64
629,297,18,64
629,297,18,64
630,297,18,64
630,297,18,64
630,297,18,64
630,297,18,64
630,297,18,64
630,296,18,64
630,296,18,64
630,296,18,64
630,296,18,64
630,296,18,64
630,296,18,64
630,296,18,64
630,297,18,64
630,297,18,64
630,297,18,64
630,296,18,64
631,296,18,64
631,296,18,64
631,296,18,64
632,296,18,64
632,295,18,64
632,295,18,64
632,295,18,64
633,295,18,64
633,294,18,64
633,294,18,64
633,294,18,64
634,294,18,64
634,294,18,64
634,294,18,64
635,294,18,64
635,294,18,64
636,294,18,64
637,294,18,64
637,294,18,64
637,294,18,64
638,293,18,64
638,293,18,64
639,293,18,64
639,293,18,64
639,293,18,64
639,293,18,64
639,293,18,64
639,293,18,64
640,293,18,64
640,293,18,64
640,293,18,64
640,293,18,64
640,293,18,64
640,293,18,64
640,292,18,64
640,292,18,64
640,292,18,64
640,291,18,64
640,291,18,64
640,291,18,64
640,291,18,64
640,291,18,64
640,291,18,64
640,291,18,64
640,291,18,64
640,291,18,64
640,291,18,64
640,291,18,64
640,291,18,64
641,291,18,64
641,291,18,64
641,291,18,64
642,291,18,64
642,290,18,64
642,290,18,64
642,290,18,64
643,290,18,64
643,290,18,64
643,290,18,64
643,290,18,64
643,290,18,64
643,290,18,64
643,290,18,64
643,290,18,64
644,290,18,64
644,290,18,64
644,290,18,64
644,290,18,64
644,290,18,64
645,290,18,64
645,290,18,64
645,290,18,64
646,290,18,64
646,290,18,64
646,289,18,64
646,289,18,64
646,289,18,64
647,290,18,64
647,290,18,64
648,290,18,64
648,290,18,64
648,290,18,64
649,291,18,64
649,291,18,64
650,291,18,64
650,291,18,64
651,291,18,64
651,291,18,64
652,291,18,64
652,291,18,64
653,291,18,64
653,291,18,64
653,291,18,64
653,291,18,64
654,291,18,64
654,292,18,64
654,292,18,64
654,292,18,64
654,292,18,64
654,293,18,64
655,293,18,64
655,293,18,64
655,293,18,64
655,293,18,64
655,293,18,64
656,293,18,64
656,293,18,64
656,293,18,64
656,293,18,64
656,293,18,64
656,293,18,64
656,293,18,64
656,294,18,64
657,294,18,64
657,294,18,64
657,295,18,64
657,295,18,64
658,295,18,64
658,295,18,64
658,295,18,64
659,295,18,64
659,295,18,64
659,295,18,64
659,295,18,64
660,295,18,64
660,295,18,64
660,295,18,64
660,296,18,64
660,296,18,64
660,296,18,64
660,297,18,64
660,297,18,64
660,297,18,64
660,298,18,64
660,298,18,64
660,298,18,64
660,298,18,64
660,298,18,64
660,298,18,64
660,298,18,64
661,297,18,64
661,297,18,64
661,297,18,64
661,297,18,64
661,297,18,64
661,297,18,64
661,298,18,64
661,298,18,64
661,298,18,64
661,298,18,64
661,299,18,64
662,299,18,64
662,299,18,64
662,299,18,64
662,299,18,64
662,299,18,64
662,298,18,64
663,298,18,64
663,298,18,64
663,299,18,64
663,299,18,64
663,299,18,64
663,299,18,64
663,299,18,64
662,299,18,64
662,299,18,64
662,300,18,64
662,300,18,64
662,300,18,64
662,300,18,64
662,300,18,64
662,300,18,64
662,299,18,64
662,299,18,64
661,299,18,64
661,299,18,64
661,299,18,64
661,299,18,64
661,299,18,64
660,299,18,64
660,299,18,64
660,299,18,64
660,300,18,64
660,300,18,64
660,300,18,64
660,300,18,64
660,300,18,64
660,300,18,64
660,300,18,64
660,300,18,64
660,300,18,64
660,300,18,64
660,300,18,64
660,300,18,64
660,300,18,64
660,300,18,64
660,300,18,64
659,300,18,64
659,300,18,64
659,300,18,64
659,300,18,64
659,300,18,64
658,300,18,64
658,300,18,64
658,300,18,64
658,300,18,64
658,299,18,64
658,299,18,64
657,299,18,64
657,299,18,64
657,299,18,64
656,299,18,64
656,299,18,64
656,299,18,64
655,299,18,64
655,299,18,64
655,299,18,64
655,299,18,64
655,299,18,64
655,299,18,64
655,299,18,64
655,298,18,64
654,298,18,64
654,298,18,64
654,298,18,64
654,298,18,64
653,298,18,64
653,298,18,64
653,298,18,64
652,298,18,64
651,298,18,64
651,298,18,64
650,298,18,64
650,298,18,64
649,298,18,64
649,298,18,64
648,298,18,64
648,298,18,64
647,298,18,64
647,297,18,64
646,297,18,64
645,297,18,64
645,296,18,64
644,296,18,64
644,296,18,64
643,296,18,64
642,296,18,64
642,296,18,64
642,296,18,64
641,297,18,64
641,297,18,64
640,297,18,64
640,297,18,64
640,297,18,64
639,297,18,64
639,297,18,64
638,297,18,64
638,297,18,64
637,297,18,64
637,297,18,64
636,296,18,64
636,296,18,64
635,296,18,64
635,297,18,64
634,297,18,64
633,297,18,64
633,297,18,64
632,297,18,64
632,297,18,64
631,297,18,64
631,297,18,64
630,297,18,64
630,297,18,64
630,297,18,64
629,296,18,64
628,296,18,64
628,296,18,64
627,296,18,64
627,296,18,64
626,296,18,64
626,296,18,64
625,296,18,64
625,296,18,64
624,296,18,64
624,296,18,64
624,296,18,64
624,296,18,64
624,296,18,64
624,296,18,64
623,296,18,64
623,296,18,64
623,295,18,64
623,295,18,64
623,295,18,64
623,295,18,64
622,295,18,64
622,296,18,64
622,296,18,64
622,296,18,64
621,296,18,64
621,296,18,64
621,296,18,64
621,296,18,64
621,296,18,64
621,296,18,64
621,296,18,64
621,296,18,64
621,296,18,64
621,296,18,64
621,295,18,64
621,295,18,64
621,295,18,64
621,295,18,64
621,296,18,64
621,296,18,64
621,296,18,64
622,297,18,64
622,297,18,64
622,297,18,64
622,298,18,64
623,298,18,64
623,298,18,64
624,298,18,64
624,298,18,64
625,298,18,64
625,298,18,64
626,299,18,64
626,299,18,64
626,299,18,64
627,299,18,64
627,299,18,64
627,300,18,64
628,300,18,64
628,301,18,64
628,301,18,64
628,301,18,64
629,302,18,64
629,302,18,64
629,302,18,64
629,302,18,64
630,302,18,64
630,302,18,64
630,302,18,64
630,302,18,64
630,302,18,64
630,302,18,64
631,302,18,64
631,303,18,64
631,303,18,64
631,303,18,64
631,304,18,64
631,304,18,64
631,305,18,64
631,305,18,64
631,305,18,64
632,305,18,64
632,305,18,64
632,305,18,64
633,305,18,64
633,305,18,64
633,305,18,64
634,306,18,64
634,306,18,64
634,306,18,64
634,306,18,64
634,307,18,64
634,307,18,64
634,307,18,64
634,307,18,64
634,308,18,64
634,308,18,64
634,308,18,64
634,308,18,64
634,308,18,64
635,308,18,64
635,308,18,64
635,308,18,64
635,308,18,64
635,307,18,64
635,307,18,64
635,307,18,64
635,307,18,64
635,308,18,64
635,308,18,64
635,309,18,64
635,309,18,64
636,309,18,64
636,310,18,64
636,310,18,64
637,310,18,64
637,310,18,64
638,310,18,64
638,310,18,64
639,310,18,64
639,311,18,64
640,311,18,64
640,311,18,64
641,311,18,64
641,311,18,64
641,311,18,64
641,312,18,64
641,312,18,64
641,312,18,64
642,312,18,64
642,313,18,64
642,313,18,64
643,313,18,64
643,313,18,64
644,314,18,64
644,314,18,64
645,313,18,64
645,314,18,64
646,314,18,64
646,314,18,64
646,314,18,64
646,314,18,64
647,314,18,64
647,315,18,64
647,315,18,64
647,316,18,64
647,316,18,64
648,317,18,64
648,318,18,64
648,318,18,64
649,318,18,64
650,319,18,64
651,320,18,64
651,320,18,64
651,320,18,64
652,321,18,64
653,321,18,64
653,322,18,64
653,322,18,64
654,323,18,64
654,324,18,64
654,324,18,64
655,325,18,64
655,326,18,64
655,326,18,64
655,327,18,64
655,327,18,64
655,328,18,64
656,328,18,64
656,329,18,64
657,329,18,64
657,330,18,64
658,330,18,64
659,331,18,64
659,331,18,64
660,331,18,64
660,332,18,64
660,332,18,64
660,332,18,64
660,333,18,64
661,334,18,64
661,334,18,64
661,335,18,64
661,335,18,64
661,336,18,64
661,337,18,64
662,337,18,64
662,338,18,64
662,339,18,64
661,339,18,64
658,340,18,64
655,341,18,64
652,341,18,64
648,342,18,64
644,342,18,64
637,343,18,64
632,343,18,64
626,344,18,64
619,344,18,64
612,345,18,64
603,346,18,64
595,346,18,64
587,347,18,64
580,348,18,64
572,349,18,64
562,350,18,64
555,351,18,64
547,351,18,64
540,352,18,64
533,353,18,64
525,354,18,64
518,355,18,64
512,355,18,64
507,356,18,64
501,357,18,64
495,358,18,64
491,359,18,64
487,359,18,64
484,360,18,64
481,361,18,64
478,362,18,64
476,363,18,64
474,363,18,64
472,364,18,64
471,365,18,64
470,366,18,64
469,367,18,64
469,368,18,64
468,368,18,64
467,369,18,64
466,370,18,64
466,371,18,64
466,372,18,64
465,372,18,64
465,373,18,64
464,374,18,64
464,375,18,64
463,375,18,64
462,376,18,64
461,377,18,64
460,377,18,64
459,378,18,64
458,379,18,64
457,379,18,64
455,380,18,64
453,381,18,64
451,381,18,64
449,382,18,64
447,383,18,64
444,384,18,64
439,385,18,64
435,386,18,64
431,386,18,64
427,386,18,64
423,387,18,64
418,388,18,64
414,388,18,64
410,389,18,64
407,389,18,64
403,390,18,64
399,390,18,64
395,391,18,64
392,391,18,64
389,391,18,64
386,392,18,64
383,392,18,64
380,393,18,64
378,393,18,64
376,393,18,64
374,393,18,64
372,394,18,64
370,394,18,64
369,394,18,64
368,394,18,64
367,394,18,64
366,394,18,64
365,395,18,64
364,395,18,64
363,395,18,64
363,395,18,64
362,395,18,64
361,395,18,64
361,395,18,64
361,395,18,64
360,395,18,64
359,395,18,64
359,395,18,64
358,395,18,64
358,395,18,64
357,395,18,64
357,395,18,64
356,395,18,64
356,394,18,64
355,394,18,64
354,394,18,64
353,394,18,64
353,394,18,64
352,394,18,64
351,394,18,64
350,394,18,64
349,394,18,64
348,394,18,64
346,394,18,64
345,394,18,64
344,394,18,64
341,394,18,64
340,394,18,64
338,394,18,64
336,394,18,64
334,394,18,64
330,395,18,64
327,395,18,64
324,395,18,64
321,395,18,64
318,396,18,64
314,396,18,64
310,397,18,64
307,397,18,64
305,397,18,64
302,398,18,64
299,398,18,64
297,398,18,64
424,468,18,64
418,449,18,64
416,448,18,64
416,448,18,64
415,448,18,64
414,448,18,64
415,448,18,64
415,448,18,64
415,447,18,64
415,447,18,64
415,447,18,64
416,447,18,64
416,446,18,64
416,446,18,64
416,446,18,64
417,446,18,64
417,446,18,64
417,445,18,64
418,445,18,64
452,451,18,64
451,454,18,64
452,454,18,64
452,454,18,64
453,454,18,64
453,454,18,64
453,454,18,64
454,454,18,64
454,453,18,64
454,453,18,64
454,453,18,64
454,453,18,64
454,453,18,64
470,427,18,64
474,437,18,64
476,436,18,64
477,436,18,64
477,436,18,64
477,436,18,64
478,436,18,64
478,436,18,64
478,436,18,64
479,436,18,64
479,436,18,64
479,436,18,64
479,436,18,64
479,436,18,64
479,436,18,64
480,436,18,64
480,436,18,64
480,436,18,64
480,436,18,64
480,436,18,64
480,436,18,64
515,426,18,64
511,426,18,64
511,426,18,64
512,425,18,64
512,424,18,64
513,425,18,64
514,425,18,64
514,425,18,64
514,425,18,64
514,425,18,64
514,426,18,64
515,426,18,64
515,426,18,64
515,426,18,64
515,426,18,64
515,426,18,64
516,426,18,64
516,426,18,64
516,426,18,64
541,368,18,64
542,368,18,64
543,368,18,64
545,368,18,64
546,368,18,64
547,368,18,64
549,368,18,64
551,368,18,64
552,368,18,64
554,367,18,64
555,367,18,64
557,366,18,64
558,366,18,64
559,366,18,64
561,366,18,64
562,366,18,64
564,365,18,64
565,365,18,64
566,365,18,64
567,365,18,64
568,365,18,64
570,366,18,64
571,366,18,64
572,366,18,64
573,366,18,64
575,366,18,64
576,366,18,64
577,366,18,64
579,366,18,64
580,366,18,64
581,366,18,64
583,365,18,64
584,365,18,64
585,365,18,64
586,365,18,64
587,365,18,64
588,365,18,64
589,365,18,64
589,365,18,64
589,366,18,64
590,366,18,64
590,366,18,64
590,366,18,64
589,366,18,64
588,366,18,64
588,366,18,64
587,366,18,64
586,366,18,64
585,366,18,64
584,366,18,64
583,366,18,64
582,365,18,64
580,365,18,64
580,365,18,64
579,365,18,64
578,365,18,64
576,365,18,64
575,365,18,64
574,365,18,64
573,365,18,64
573,365,18,64
571,365,18,64
571,365,18,64
570,366,18,64
569,366,18,64
569,366,18,64
568,365,18,64
568,365,18,64
567,365,18,64
567,365,18,64
567,364,18,64
567,364,18,64
567,364,18,64
567,364,18,64
567,364,18,64
567,363,18,64
568,363,18,64
568,363,18,64
568,363,18,64
568,363,18,64
569,363,18,64
569,363,18,64
569,363,18,64
569,363,18,64
570,363,18,64
570,362,18,64
570,362,18,64
570,361,18,64
570,361,18,64
570,361,18,64
571,360,18,64
571,360,18,64
571,360,18,64
571,359,18,64
571,359,18,64
571,359,18,64
572,359,18,64
572,359,18,64
572,359,18,64
572,359,18,64
573,359,18,64
573,359,18,64
574,359,18,64
574,359,18,64
574,358,18,64
574,358,18,64
574,357,18,64
574,357,18,64
574,357,18,64
574,357,18,64
574,357,18,64
574,356,18,64
574,356,18,64
574,356,18,64
574,356,18,64
574,356,18,64
573,356,18,64
573,356,18,64
573,356,18,64
573,356,18,64
572,356,18,64
572,356,18,64
572,356,18,64
572,356,18,64
572,356,18,64
572,356,18,64
571,355,18,64
571,355,18,64
571,355,18,64
571,355,18,64
571,355,18,64
571,355,18,64
571,355,18,64
571,355,18,64
572,356,18,64
572,356,18,64
572,356,18,64
572,356,18,64
572,357,18,64
573,357,18,64
573,357,18,64
574,357,18,64
574,357,18,64
574,357,18,64
575,357,18,64
575,357,18,64
575,357,18,64
575,357,18,64
576,357,18,64
576,357,18,64
576,357,18,64
576,358,18,64
576,358,18,64
577,358,18,64
577,359,18,64
577,359,18,64
577,360,18,64
577,360,18,64
577,360,18,64
577,360,18,64
577,361,18,64
577,361,18,64
577,361,18,64
577,361,18,64
577,361,18,64
577,361,18,64
577,361,18,64
577,362,18,64
577,362,18,64
577,362,18,64
577,363,18,64
577,363,18,64
577,364,18,64
577,364,18,64
578,365,18,64
578,365,18,64
579,366,18,64
580,366,18,64
580,366,18,64
581,366,18,64
581,366,18,64
581,366,18,64
582,366,18,64
582,367,18,64
583,367,18,64
583,367,18,64
583,367,18,64
583,367,18,64
583,367,18,64
584,368,18,64
584,368,18,64
584,369,18,64
584,369,18,64
585,369,18,64
585,369,18,64
585,369,18,64
585,370,18,64
586,370,18,64
586,370,18,64
586,370,18,64
586,370,18,64
586,370,18,64
586,370,18,64
586,370,18,64
586,370,18,64
586,370,18,64
586,370,18,64
586,371,18,64
586,371,18,64
586,371,18,64
586,372,18,64
587,372,18,64
587,373,18,64
587,373,18,64
588,373,18,64
588,373,18,64
589,373,18,64
589,373,18,64
589,373,18,64
590,373,18,64
590,373,18,64
590,373,18,64
591,373,18,64
591,373,18,64
591,374,18,64
592,374,18,64
592,374,18,64
592,374,18,64
592,375,18,64
593,375,18,64
593,375,18,64
593,376,18,64
593,376,18,64
593,376,18,64
594,376,18,64
594,376,18,64
594,376,18,64
594,376,18,64
594,376,18,64
594,376,18,64
594,376,18,64
595,376,18,64
595,377,18,64
595,377,18,64
596,378,18,64
596,378,18,64
596,379,18,64
597,380,18,64
597,380,18,64
598,381,18,64
598,381,18,64
599,381,18,64
600,381,18,64
600,381,18,64
601,380,18,64
602,380,18,64
603,381,18,64
604,381,18,64
605,381,18,64
605,382,18,64
605,383,18,64
606,384,18,64
606,384,18,64
606,386,18,64
606,387,18,64
606,388,18,64
606,390,18,64
606,391,18,64
605,393,18,64
605,395,18,64
605,396,18,64
604,398,18,64
604,399,18,64
603,401,18,64
603,402,18,64
602,404,18,64
601,406,18,64
601,407,18,64
600,408,18,64
600,410,18,64
599,411,18,64
599,413,18,64
598,415,18,64
598,416,18,64
598,418,18,64
597,419,18,64
597,421,18,64
597,422,18,64
597,424,18,64
597,425,18,64
596,427,18,64
596,429,18,64
595,430,18,64
595,432,18,64
595,433,18,64
595,435,18,64
594,437,18,64
594,438,18,64
594,440,18,64
593,441,18,64
593,443,18,64
592,445,18,64
592,446,18,64
592,448,18,64
591,450,18,64
591,451,18,64
590,453,18,64
590,455,18,64
589,457,18,64
589,458,18,64
588,460,18,64
587,462,18,64
587,463,18,64
586,465,18,64
586,467,18,64
585,469,18,64
585,471,18,64
584,472,18,64
584,474,18,64
583,476,18,64
583,478,18,64
582,480,18,64
582,482,18,64
581,484,18,64
581,485,18,64
581,487,18,64
580,489,18,64
580,491,18,64
579,493,18,64
579,495,18,64
578,496,18,64
578,499,18,64
578,501,18,64
577,503,18,64
577,504,18,64
576,506,18,64
576,509,18,64
575,510,18,64
575,512,18,64
575,514,18,64
574,516,18,64
574,518,18,64
573,520,18,64
573,521,18,64
572,523,18,64
572,525,18,64
571,527,18,64
571,529,18,64
570,531,18,64
570,533,18,64
569,534,18,64
568,537,18,64
568,538,18,64
567,541,18,64
567,542,18,64
566,544,18,64
566,547,18,64
565,549,18,64
564,551,18,64
564,553,18,64
564,555,18,64
563,558,18,64
562,560,18,64
562,561,18,64
561,564,18,64
561,565,18,64
560,568,18,64
560,570,18,64
559,572,18,64
559,574,18,64
558,575,18,64
558,578,18,64
557,580,18,64
557,582,18,64
557,583,18,64
556,585,18,64
556,588,18,64
555,589,18,64
555,591,18,64
554,593,18,64
554,594,18,64
554,597,18,64
553,599,18,64
553,600,18,64
552,602,18,64
552,604,18,64
552,606,18,64
551,608,18,64
551,609,18,64
550,611,18,64
550,613,18,64
550,615,18,64
549,617,18,64
549,619,18,64
548,620,18,64
548,622,18,64
548,624,18,64
547,626,18,64
546,628,18,64
546,629,18,64
546,631,18,64
545,634,18,64
544,635,18,64
544,637,18,64
543,639,18,64
543,641,18,64
542,644,18,64
542,646,18,64
541,648,18,64
541,650,18,64
722,610,18,64
727,621,18,64
727,612,18,64
726,614,18,64
727,615,18,64
726,617,18,64
727,619,18,64
727,620,18,64
727,622,18,64
727,623,18,64
727,625,18,64
727,627,18,64
727,628,18,64
727,630,18,64
727,631,18,64
727,633,18,64
727,635,18,64
727,637,18,64
727,638,18,64
727,640,18,64
727,641,18,64
727,644,18,64
727,645,18,64
727,647,18,64
727,649,18,64
727,650,18,64
727,653,18,64
727,655,18,64
727,656,18,64
727,658,18,64
727,660,18,64
727,663,18,64
727,664,18,64
727,666,18,64
727,668,18,64
727,670,18,64
727,672,18,64
727,674,18,64
727,676,18,64
727,677,18,64
728,679,18,64
728,682,18,64
728,683,18,64
728,685,18,64
728,687,18,64
729,689,18,64
729,691,18,64
729,693,18,64
729,695,18,64
729,697,18,64
729,699,18,64
729,701,18,64
730,703,18,64
730,705,18,64
730,707,18,64
730,709,18,64
731,711,18,64
731,713,18,64
732,715,18,64
550,675,18,64
548,671,18,64
547,675,18,64
548,679,18,64
547,682,18,64
547,685,18,64
547,688,18,64
547,692,18,64
548,696,18,64
548,700,18,64
548,703,18,64
551,690,18,64
551,693,18,64
551,696,18,64
551,699,18,64
547,691,18,64
543,693,18,64
543,697,18,64
544,701,18,64
535,695,18,64
533,698,18,64
532,700,18,64
535,691,18,64
539,693,18,64
538,694,18,64
538,696,18,64
537,689,18,64
538,691,18,64
538,692,18,64
538,694,18,64
538,696,18,64
538,698,18,64
538,700,18,64
538,702,18,64
538,704,18,64
538,706,18,64
539,708,18,64
539,710,18,64
539,712,18,64
539,714,18,64
539,716,18,64
540,718,18,64
540,721,18,64
540,722,18,64
540,723,18,64
540,725,18,64
541,727,18,64
541,730,18,64
540,731,18,64
541,733,18,64
542,736,18,64
546,717,18,64
549,709,18,64
553,695,18,64
553,697,18,64
554,699,18,64
554,700,18,64
554,703,18,64
554,704,18,64
554,706,18,64
558,696,18,64
558,697,18,64
558,700,18,64
558,702,18,64
558,704,18,64
558,706,18,64
557,708,18,64
556,711,18,64
556,713,18,64
555,715,18,64
772,659,18,64
768,650,18,64
766,651,18,64
765,654,18,64
763,655,18,64
762,658,18,64
759,659,18,64
755,660,18,64
753,662,18,64
751,663,18,64
748,664,18,64
745,667,18,64
741,668,18,64
738,670,18,64
736,672,18,64
733,673,18,64
731,676,18,64
727,677,18,64
726,680,18,64
723,681,18,64
722,684,18,64
720,685,18,64
719,688,18,64
717,689,18,64
716,692,18,64
716,694,18,64
715,695,18,64
715,699,18,64
715,700,18,64
715,703,18,64
715,704,18,64
717,707,18,64
718,709,18,64
719,712,18,64
720,714,18,64
721,716,18,64
722,718,18,64
723,721,18,64
724,724,18,64
725,726,18,64
725,728,18,64
727,731,18,64
728,734,18,64
728,736,18,64
730,738,18,64
731,741,18,64
732,743,18,64
734,746,18,64
735,749,18,64
735,750,18,64
736,751,18,64
735,744,18,64
739,745,18,64
740,747,18,64
740,749,18,64
744,740,18,64
745,738,18,64
746,738,18,64
754,741,18,64
746,722,18,64
745,710,18,64
745,713,18,64
747,713,18,64
747,714,18,64
749,716,18,64
749,718,18,64
750,721,18,64
751,723,18,64
750,724,18,64
750,726,18,64
750,727,18,64
750,728,18,64
750,730,18,64
750,731,18,64
749,734,18,64
749,735,18,64
746,736,18,64
745,738,18,64
745,739,18,64
744,740,18,64
743,741,18,64
741,742,18,64
740,745,18,64
740,746,18,64
741,747,18,64
744,739,18,64
742,740,18,64
744,743,18,64
748,738,18,64
749,739,18,64
750,740,18,64
753,740,18,64
754,740,18,64
752,742,18,64
753,740,18,64
750,739,18,64
747,739,18,64
746,739,18,64
746,740,18,64
745,740,18,64
745,740,18,64
751,738,18,64
752,739,18,64
751,739,18,64
752,739,18,64
753,740,18,64
753,740,18,64
750,741,18,64
751,742,18,64
754,740,18,64
757,739,18,64
758,739,18,64
759,740,18,64
762,740,18,64
761,740,18,64
759,740,18,64
759,740,18,64
758,740,18,64
754,739,18,64
755,739,18,64
756,740,18,64
759,740,18,64
759,740,18,64
760,740,18,64
760,740,18,64
762,739,18,64
761,739,18,64
760,740,18,64
760,740,18,64
760,740,18,64
760,740,18,64
760,740,18,64
759,740,18,64
760,741,18,64
761,740,18,64
762,740,18,64
763,740,18,64
763,739,18,64
762,740,18,64
761,740,18,64
761,740,18,64
759,740,18,64
758,740,18,64
759,741,18,64
763,739,18,64
764,740,18,64
763,740,18,64
762,740,18,64
760,740,18,64
757,740,18,64
755,740,18,64
756,740,18,64
752,740,18,64
751,740,18,64
747,740,18,64
747,740,18,64
746,740,18,64
742,741,18,64
738,740,18,64
737,739,18,64
737,740,18,64
734,740,18,64
734,740,18,64
731,739,18,64
732,739,18,64
732,740,18,64
732,741,18,64
736,740,18,64
737,740,18,64
733,739,18,64
732,739,18,64
733,740,18,64
732,740,18,64
729,740,18,64
728,740,18,64
728,740,18,64
727,740,18,64
727,740,18,64
727,740,18,64
727,740,18,64
726,740,18,64
725,740,18,64
728,740,18,64
731,740,18,64
732,740,18,64
732,740,18,64
731,740,18,64
732,740,18,64
727,740,18,64
728,741,18,64
730,740,18,64
731,740,18,64
730,740,18,64
729,740,18,64
728,740,18,64
726,740,18,64
729,741,18,64
725,740,18,64
723,740,18,64
720,740,18,64
724,740,18,64
728,740,18,64
726,740,18,64
727,740,18,64
727,740,18,64
728,740,18,64
728,740,18,64
730,740,18,64
730,740,18,64
732,740,18,64
733,740,18,64
734,740,18,64
733,739,18,64
734,740,18,64
735,740,18,64
735,740,18,64
734,740,18,64
735,740,18,64
736,740,18,64
735,740,18,64
736,740,18,64
740,740,18,64
739,740,18,64
739,740,18,64
738,740,18,64
741,740,18,64
742,740,18,64
744,739,18,64
742,739,18,64
742,740,18,64
743,740,18,64
742,740,18,64
741,739,18,64
741,740,18,64
741,740,18,64
741,740,18,64
742,740,18,64
742,740,18,64
741,740,18,64
741,740,18,64
744,740,18,64
746,740,18,64
742,740,18,64
741,740,18,64
744,740,18,64
745,740,18,64
745,740,18,64
745,740,18,64
746,740,18,64
748,740,18,64
746,740,18,64
748,740,18,64
749,740,18,64
750,740,18,64
751,740,18,64
753,740,18,64
754,740,18,64
754,740,18,64
755,740,18,64
756,740,18,64
756,740,18,64
757,740,18,64
761,740,18,64
763,740,18,64
764,740,18,64
766,740,18,64
767,741,18,64
763,740,18,64
763,740,18,64
763,740,18,64
763,740,18,64
762,740,18,64
762,740,18,64
763,740,18,64
763,740,18,64
763,740,18,64
763,740,18,64
764,740,18,64
764,740,18,64
764,740,18,64
765,740,18,64
765,740,18,64
764,740,18,64
763,740,18,64
764,740,18,64
763,740,18,64
761,740,18,64
761,740,18,64
760,740,18,64
758,740,18,64
758,740,18,64
757,740,18,64
756,740,18,64
756,740,18,64
757,740,18,64
758,740,18,64
756,740,18,64
759,740,18,64
759,740,18,64
759,740,18,64
759,740,18,64
759,740,18,64
760,740,18,64
760,740,18,64
761,740,18,64
763,740,18,64
764,740,18,64
765,740,18,64
766,740,18,64
767,740,18,64
767,740,18,64
766,740,18,64
767,740,18,64
766,740,18,64
769,739,18,64
770,739,18,64
770,740,18,64
771,740,18,64
771,740,18,64
770,740,18,64
771,740,18,64
771,740,18,64
772,740,18,64
773,740,18,64
772,740,18,64
773,741,18,64
773,741,18,64
777,740,18,64
776,740,18,64
775,740,18,64
774,740,18,64
773,740,18,64
774,740,18,64
774,740,18,64
774,741,18,64
775,741,18,64
775,740,18,64
776,740,18,64
777,740,18,64
778,740,18,64
777,740,18,64
778,740,18,64
778,740,18,64
777,740,18,64
776,740,18,64
777,741,18,64
777,741,18,64
779,740,18,64
779,741,18,64
778,741,18,64
778,740,18,64
780,740,18,64
780,740,18,64
780,740,18,64
779,740,18,64
778,740,18,64
779,740,18,64
780,741,18,64
781,740,18,64
783,740,18,64
784,740,18,64
786,739,18,64
786,740,18,64
787,740,18,64
788,740,18,64
790,740,18,64
790,740,18,64
791,740,18,64
791,740,18,64
788,740,18,64
788,740,18,64
789,740,18,64
788,740,18,64
788,740,18,64
790,740,18,64
789,741,18,64
790,741,18,64
794,740,18,64
796,740,18,64
795,740,18,64
795,740,18,64
796,740,18,64
795,740,18,64
792,740,18,64
790,740,18,64
791,740,18,64
790,740,18,64
791,740,18,64
791,740,18,64
793,740,18,64
795,740,18,64
797,740,18,64
799,740,18,64
801,740,18,64
802,740,18,64
803,740,18,64
803,740,18,64
803,741,18,64
800,740,18,64
799,740,18,64
799,740,18,64
802,740,18,64
803,740,18,64
806,741,18,64
806,740,18,64
807,740,18,64
807,740,18,64
809,740,18,64
806,740,18,64
805,740,18,64
804,740,18,64
805,740,18,64
806,740,18,64
806,741,18,64
806,741,18,64
807,741,18,64
807,741,18,64
810,741,18,64
812,740,18,64
813,740,18,64
814,740,18,64
814,741,18,64
814,741,18,64
813,741,18,64
813,741,18,64
812,740,18,64
816,740,18,64
818,740,18,64
819,740,18,64
820,740,18,64
820,740,18,64
820,741,18,64
821,741,18,64
822,741,18,64
824,741,18,64
826,741,18,64
826,741,18,64
826,741,18,64
825,740,18,64
825,740,18,64
821,741,18,64
821,741,18,64
819,740,18,64
817,740,18,64
820,740,18,64
819,740,18,64
815,741,18,64
815,740,18,64
815,740,18,64
813,740,18,64
813,741,18,64
812,741,18,64
811,741,18,64
811,740,18,64
811,741,18,64
812,741,18,64
810,741,18,64
810,741,18,64
809,741,18,64
810,740,18,64
808,740,18,64
808,740,18,64
808,740,18,64
807,741,18,64
805,741,18,64
803,741,18,64
802,741,18,64
801,740,18,64
800,741,18,64
799,740,18,64
799,740,18,64
799,740,18,64
799,741,18,64
797,741,18,64
796,741,18,64
796,741,18,64
796,741,18,64
797,741,18,64
795,740,18,64
794,741,18,64
794,741,18,64
796,741,18,64
794,741,18,64
793,740,18,64
796,740,18,64
796,740,18,64
796,740,18,64
794,740,18,64
793,741,18,64
794,742,18,64
794,741,18,64
794,741,18,64
795,740,18,64
794,741,18,64
794,741,18,64
792,740,18,64
792,741,18,64
789,740,18,64
789,740,18,64
790,740,18,64
792,740,18,64
792,741,18,64
791,741,18,64
791,741,18,64
788,741,18,64
788,741,18,64
788,741,18,64
786,741,18,64
786,742,18,64
785,741,18,64
784,742,18,64
783,741,18,64
788,741,18,64
789,741,18,64
791,741,18,64
792,741,18,64
793,741,18,64
797,740,18,64
797,740,18,64
797,741,18,64
796,741,18,64
795,741,18,64
797,741,18,64
798,741,18,64
798,741,18,64
798,741,18,64
797,741,18,64
794,741,18,64
793,741,18,64
793,741,18,64
790,741,18,64
788,741,18,64
788,741,18,64
788,741,18,64
787,741,18,64
784,741,18,64
782,741,18,64
779,740,18,64
776,741,18,64
774,741,18,64
773,741,18,64
772,740,18,64
771,740,18,64
771,741,18,64
770,741,18,64
769,741,18,64
767,741,18,64
767,741,18,64
766,741,18,64
766,741,18,64
766,741,18,64
766,741,18,64
765,742,18,64
764,741,18,64
763,741,18,64
762,741,18,64
762,742,18,64
762,742,18,64
762,742,18,64
760,741,18,64
758,741,18,64
758,741,18,64
758,741,18,64
758,741,18,64
758,742,18,64
757,741,18,64
758,741,18,64
757,742,18,64
759,741,18,64
760,741,18,64
762,741,18,64
761,741,18,64
762,742,18,64
759,741,18,64
758,741,18,64
758,742,18,64
758,742,18,64
758,742,18,64
760,742,18,64
761,742,18,64
762,741,18,64
763,741,18,64
763,741,18,64
764,741,18,64
764,741,18,64
765,741,18,64
767,741,18,64
768,742,18,64
768,742,18,64
768,742,18,64
767,741,18,64
767,741,18,64
768,741,18,64
769,741,18,64
770,742,18,64
770,742,18,64
771,742,18,64
771,742,18,64
772,742,18,64
772,742,18,64
773,742,18,64
774,743,18,64
774,742,18,64
774,742,18,64
775,741,18,64
775,741,18,64
775,742,18,64
776,741,18,64
777,742,18,64
778,741,18,64
780,742,18,64
780,742,18,64
781,742,18,64
782,742,18,64
782,742,18,64
783,742,18,64
784,742,18,64
784,742,18,64
785,742,18,64
785,742,18,64
786,742,18,64
787,742,18,64
788,742,18,64
789,742,18,64
789,742,18,64
790,742,18,64
791,742,18,64
792,742,18,64
793,742,18,64
793,742,18,64
794,742,18,64
795,742,18,64
796,742,18,64
796,742,18,64
797,742,18,64
798,741,18,64
799,741,18,64
799,741,18,64
800,741,18,64
800,741,18,64
801,741,18,64
801,741,18,64
802,740,18,64
803,740,18,64
803,740,18,64
804,740,18,64
805,740,18,64
806,739,18,64
806,739,18,64
807,739,18,64
808,739,18,64
808,739,18,64
808,738,18,64
809,739,18,64
808,737,18,64
808,737,18,64
808,737,18,64
807,735,18,64
806,735,18,64
806,734,18,64
805,733,18,64
805,733,18,64
804,732,18,64
803,731,18,64
803,731,18,64
803,730,18,64
802,729,18,64
802,728,18,64
802,728,18,64
801,727,18,64
801,726,18,64
801,725,18,64
801,725,18,64
801,724,18,64
801,724,18,64
801,723,18,64
801,722,18,64
801,722,18,64
801,721,18,64
801,720,18,64
801,720,18,64
801,719,18,64
801,718,18,64
801,718,18,64
801,717,18,64
802,717,18,64
802,716,18,64
802,715,18,64
802,715,18,64
802,714,18,64
802,713,18,64
802,713,18,64
802,712,18,64
801,711,18,64
801,711,18,64
801,710,18,64
800,709,18,64
799,708,18,64
797,707,18,64
796,706,18,64
794,706,18,64
793,705,18,64
790,704,18,64
788,703,18,64
786,702,18,64
783,701,18,64
781,700,18,64
778,699,18,64
775,698,18,64
773,698,18,64
771,697,18,64
768,696,18,64
765,695,18,64
763,695,18,64
760,694,18,64
759,693,18,64
756,693,18,64
753,692,18,64
751,691,18,64
749,691,18,64
747,690,18,64
745,690,18,64
743,690,18,64
742,689,18,64
740,689,18,64
739,689,18,64
738,689,18,64
737,688,18,64
737,688,18,64
736,688,18,64
736,688,18,64
736,688,18,64
736,688,18,64
736,688,18,64
736,688,18,64
736,688,18,64
737,688,18,64
737,688,18,64
737,688,18,64
737,688,18,64
737,689,18,64
738,689,18,64
738,689,18,64
738,689,18,64
738,689,18,64
738,689,18,64
738,690,18,64
739,690,18,64
739,690,18,64
739,690,18,64
739,690,18,64
740,691,18,64
740,691,18,64
740,691,18,64
740,691,18,64
740,692,18,64
741,692,18,64
741,692,18,64
741,693,18,64
741,693,18,64
741,694,18,64
742,694,18,64
742,695,18,64
743,696,18,64
743,696,18,64
743,697,18,64
743,698,18,64
743,699,18,64
744,699,18,64
744,700,18,64
744,701,18,64
744,702,18,64
745,702,18,64
745,704,18,64
745,704,18,64
746,705,18,64
746,706,18,64
747,708,18,64
747,709,18,64
747,709,18,64
748,711,18,64
748,712,18,64
748,713,18,64
749,714,18,64
749,716,18,64
749,717,18,64
750,718,18,64
750,720,18,64
751,721,18,64
751,722,18,64
752,724,18,64
752,725,18,64
753,727,18,64
753,728,18,64
753,729,18,64
754,731,18,64
754,732,18,64
755,734,18,64
755,735,18,64
756,737,18,64
756,738,18,64
756,739,18,64
757,742,18,64
757,743,18,64
759,744,18,64
759,746,18,64
760,747,18,64
757,731,18,64
756,721,18,64
759,725,18,64
759,726,18,64
759,691,18,64
759,683,18,64
760,685,18,64
761,687,18,64
761,688,18,64
761,690,18,64
762,691,18,64
763,694,18,64
763,694,18,64
764,697,18,64
764,698,18,64
765,700,18,64
765,702,18,64
766,703,18,64
766,704,18,64
767,706,18,64
768,708,18,64
768,710,18,64
768,711,18,64
769,713,18,64
770,714,18,64
770,716,18,64
771,718,18,64
771,719,18,64
771,721,18,64
771,722,18,64
772,724,18,64
773,726,18,64
773,727,18,64
773,729,18,64
773,730,18,64
774,732,18,64
775,734,18,64
775,735,18,64
775,736,18,64
775,738,18,64
776,740,18,64
776,741,18,64
777,743,18,64
777,744,18,64
777,745,18,64
777,747,18,64
772,729,18,64
773,703,18,64
774,704,18,64
774,705,18,64
775,706,18,64
776,706,18,64
776,708,18,64
776,709,18,64
776,711,18,64
776,712,18,64
777,713,18,64
777,715,18,64
777,716,18,64
778,717,18,64
778,719,18,64
779,720,18,64
779,721,18,64
779,723,18,64
779,724,18,64
780,725,18,64
780,727,18,64
780,727,18,64
780,729,18,64
780,730,18,64
781,731,18,64
781,732,18,64
781,733,18,64
781,734,18,64
781,735,18,64
782,737,18,64
782,738,18,64
782,739,18,64
782,740,18,64
783,741,18,64
784,744,18,64
784,744,18,64
784,745,18,64
784,747,18,64
784,747,18,64
784,749,18,64
782,733,18,64
780,722,18,64
781,723,18,64
781,724,18,64
781,725,18,64
782,727,18,64
782,728,18,64
782,728,18,64
783,730,18,64
783,731,18,64
784,732,18,64
784,733,18,64
785,734,18,64
785,735,18,64
785,736,18,64
786,738,18,64
785,739,18,64
785,738,18,64
783,734,18,64
785,738,18,64
787,745,18,64
788,745,18,64
788,746,18,64
788,746,18,64
788,747,18,64
784,734,18,64
784,734,18,64
784,736,18,64
784,736,18,64
785,737,18,64
786,738,18,64
785,740,18,64
784,740,18,64
784,737,18,64
783,734,18,64
784,736,18,64
783,737,18,64
784,737,18,64
784,737,18,64
785,739,18,64
786,734,18,64
788,735,18,64
783,735,18,64
783,735,18,64
785,737,18,64
786,736,18,64
786,736,18,64
786,737,18,64
786,737,18,64
783,734,18,64
781,735,18,64
781,735,18,64
782,736,18,64
781,736,18,64
777,736,18,64
775,736,18,64
774,736,18,64
774,736,18,64
772,736,18,64
772,736,18,64
770,736,18,64
771,735,18,64
771,735,18,64
769,736,18,64
769,736,18,64
768,736,18,64
767,736,18,64
766,736,18,64
765,736,18,64
766,736,18,64
763,736,18,64
761,736,18,64
757,737,18,64
760,736,18,64
762,734,18,64
763,735,18,64
766,735,18,64
767,736,18,64
766,736,18,64
767,736,18,64
767,736,18,64
764,735,18,64
762,736,18,64
762,736,18,64
760,737,18,64
760,736,18,64
759,736,18,64
759,736,18,64
765,735,18,64
762,735,18,64
765,735,18,64
764,735,18,64
765,736,18,64
768,736,18,64
768,736,18,64
769,736,18,64
770,736,18,64
770,736,18,64
773,736,18,64
774,736,18,64
773,737,18,64
774,737,18,64
781,736,18,64
781,736,18,64
781,735,18,64
783,735,18,64
786,736,18,64
787,737,18,64
789,737,18,64
784,737,18,64
781,737,18,64
776,736,18,64
774,737,18,64
778,736,18,64
779,736,18,64
780,736,18,64
772,735,18,64
772,736,18,64
772,736,18,64
772,736,18,64
771,736,18,64
772,736,18,64
771,736,18,64
771,736,18,64
773,735,18,64
772,735,18,64
769,736,18,64
765,736,18,64
761,737,18,64
757,737,18,64
755,736,18,64
750,736,18,64
746,737,18,64
741,737,18,64
736,736,18,64
733,737,18,64
737,736,18,64
732,737,18,64
734,734,18,64
735,735,18,64
731,736,18,64
730,737,18,64
725,737,18,64
721,737,18,64
716,738,18,64
717,731,18,64
714,732,18,64
711,734,18,64
710,735,18,64
711,736,18,64
709,737,18,64
709,738,18,64
710,738,18,64
709,738,18,64
710,731,18,64
711,734,18,64
713,735,18,64
714,736,18,64
714,737,18,64
713,738,18,64
713,739,18,64
717,732,18,64
717,732,18,64
717,734,18,64
718,736,18,64
719,737,18,64
722,737,18,64
722,739,18,64
723,730,18,64
724,731,18,64
724,734,18,64
726,735,18,64
727,736,18,64
727,736,18,64
728,738,18,64
728,739,18,64
731,737,18,64
735,732,18,64
733,735,18,64
736,736,18,64
738,736,18,64
739,737,18,64
738,738,18,64
742,730,18,64
743,732,18,64
743,735,18,64
740,735,18,64
741,735,18,64
739,735,18,64
736,736,18,64
739,732,18,64
736,736,18,64
739,739,18,64
739,737,18,64
737,737,18,64
738,737,18,64
742,739,18,64
743,738,18,64
742,739,18,64
740,739,18,64
747,739,18,64
749,738,18,64
748,738,18,64
751,736,18,64
750,736,18,64
756,735,18,64
756,735,18,64
754,736,18,64
752,736,18,64
751,736,18,64
750,737,18,64
748,737,18,64
747,738,18,64
744,738,18,64
743,738,18,64
742,738,18,64
740,739,18,64
738,738,18,64
736,737,18,64
734,738,18,64
732,738,18,64
730,738,18,64
728,738,18,64
734,737,18,64
733,736,18,64
731,736,18,64
730,736,18,64
727,736,18,64
725,736,18,64
722,736,18,64
720,736,18,64
719,736,18,64
717,737,18,64
715,737,18,64
713,737,18,64
711,737,18,64
710,737,18,64
708,738,18,64
707,737,18,64
706,737,18,64
705,737,18,64
704,737,18,64
705,737,18,64
704,737,18,64
705,736,18,64
703,736,18,64
703,737,18,64
702,737,18,64
702,736,18,64
702,735,18,64
702,735,18,64
700,736,18,64
699,736,18,64
699,736,18,64
700,736,18,64
700,736,18,64
698,736,18,64
698,737,18,64
697,737,18,64
697,737,18,64
698,736,18,64
699,736,18,64
699,736,18,64
700,736,18,64
697,737,18,64
697,737,18,64
698,737,18,64
699,737,18,64
698,737,18,64
697,737,18,64
697,737,18,64
698,737,18,64
698,737,18,64
697,737,18,64
699,737,18,64
698,737,18,64
696,738,18,64
693,738,18,64
692,738,18,64
696,738,18,64
697,737,18,64
693,737,18,64
692,737,18,64
692,738,18,64
691,738,18,64
691,738,18,64
689,738,18,64
686,737,18,64
682,737,18,64
682,737,18,64
683,737,18,64
683,737,18,64
681,736,18,64
683,736,18,64
682,736,18,64
682,737,18,64
683,738,18,64
683,738,18,64
686,738,18,64
686,738,18,64
689,737,18,64
690,738,18,64
687,737,18,64
691,737,18,64
688,737,18,64
688,737,18,64
690,737,18,64
687,737,18,64
688,737,18,64
689,738,18,64
686,738,18,64
690,738,18,64
690,738,18,64
691,738,18,64
688,738,18,64
687,738,18,64
690,738,18,64
690,738,18,64
687,737,18,64
685,738,18,64
685,737,18,64
684,737,18,64
684,737,18,64
685,737,18,64
685,738,18,64
683,738,18,64
688,737,18,64
688,737,18,64
685,737,18,64
686,737,18,64
688,737,18,64
685,737,18,64
686,737,18,64
688,737,18,64
686,737,18,64
685,737,18,64
684,737,18,64
681,737,18,64
682,737,18,64
686,738,18,64
685,738,18,64
682,738,18,64
681,737,18,64
682,737,18,64
680,737,18,64
680,737,18,64
680,738,18,64
681,737,18,64
679,738,18,64
674,737,18,64
671,737,18,64
671,737,18,64
672,737,18,64
675,738,18,64
678,738,18,64
673,737,18,64
675,737,18,64
674,738,18,64
676,738,18,64
674,737,18,64
673,738,18,64
677,738,18,64
675,737,18,64
673,737,18,64
671,737,18,64
671,738,18,64
676,737,18,64
674,737,18,64
674,737,18,64
677,737,18,64
677,738,18,64
675,738,18,64
676,737,18,64
676,737,18,64
676,737,18,64
677,737,18,64
680,738,18,64
680,737,18,64
680,738,18,64
678,738,18,64
678,737,18,64
674,738,18,64
673,737,18,64
673,737,18,64
672,738,18,64
674,738,18,64
677,738,18,64
672,737,18,64
675,737,18,64
671,737,18,64
670,738,18,64
671,737,18,64
669,737,18,64
670,737,18,64
672,738,18,64
671,737,18,64
670,737,18,64
672,737,18,64
671,737,18,64
674,738,18,64
675,737,18,64
673,738,18,64
672,737,18,64
674,737,18,64
673,738,18,64
675,738,18,64
676,738,18,64
675,737,18,64
674,737,18,64
675,738,18,64
676,738,18,64
677,738,18,64
675,738,18,64
676,738,18,64
675,737,18,64
677,738,18,64
677,738,18,64
677,737,18,64
676,738,18,64
678,738,18,64
679,737,18,64
679,738,18,64
678,737,18,64
678,737,18,64
679,738,18,64
679,737,18,64
680,737,18,64
680,737,18,64
681,737,18,64
683,738,18,64
684,738,18,64
684,738,18,64
684,737,18,64
682,738,18,64
679,738,18,64
677,738,18,64
676,738,18,64
678,737,18,64
676,738,18,64
675,738,18,64
673,738,18,64
671,738,18,64
667,738,18,64
662,738,18,64
666,738,18,64
663,738,18,64
661,738,18,64
659,738,18,64
655,738,18,64
651,738,18,64
649,738,18,64
648,738,18,64
646,738,18,64
643,738,18,64
646,737,18,64
646,738,18,64
649,737,18,64
650,738,18,64
649,738,18,64
648,738,18,64
646,738,18,64
645,738,18,64
644,738,18,64
643,738,18,64
643,738,18,64
643,738,18,64
642,738,18,64
642,738,18,64
642,738,18,64
641,739,18,64
641,739,18,64
637,738,18,64
637,738,18,64
638,738,18,64
641,738,18,64
641,738,18,64
642,738,18,64
642,738,18,64
641,738,18,64
639,739,18,64
638,739,18,64
634,738,18,64
632,738,18,64
629,738,18,64
627,738,18,64
626,738,18,64
624,738,18,64
624,738,18,64
626,738,18,64
628,738,18,64
627,738,18,64
626,738,18,64
626,738,18,64
625,738,18,64
624,737,18,64
623,737,18,64
622,738,18,64
621,738,18,64
621,739,18,64
621,738,18,64
620,738,18,64
621,738,18,64
620,738,18,64
618,738,18,64
618,738,18,64
617,738,18,64
618,738,18,64
620,738,18,64
621,738,18,64
622,738,18,64
621,738,18,64
620,739,18,64
622,738,18,64
624,738,18,64
625,738,18,64
624,738,18,64
624,738,18,64
622,738,18,64
619,738,18,64
618,740,18,64
619,739,18,64
622,738,18,64
622,738,18,64
622,738,18,64
620,738,18,64
620,739,18,64
617,738,18,64
618,738,18,64
618,739,18,64
620,739,18,64
615,738,18,64
614,738,18,64
615,738,18,64
616,738,18,64
620,738,18,64
621,738,18,64
621,738,18,64
618,738,18,64
620,738,18,64
624,738,18,64
627,738,18,64
631,739,18,64
631,738,18,64
635,738,18,64
637,739,18,64
636,739,18,64
637,738,18,64
640,738,18,64
642,738,18,64
639,738,18,64
643,738,18,64
645,739,18,64
646,739,18,64
646,739,18,64
645,738,18,64
645,738,18,64
645,739,18,64
646,739,18,64
645,739,18,64
641,739,18,64
640,738,18,64
638,738,18,64
635,738,18,64
639,738,18,64
638,739,18,64
637,739,18,64
639,739,18,64
638,739,18,64
638,738,18,64
638,738,18,64
638,738,18,64
638,738,18,64
634,739,18,64
637,739,18,64
639,738,18,64
642,738,18,64
643,738,18,64
642,738,18,64
643,739,18,64
641,739,18,64
642,739,18,64
643,739,18,64
645,739,18,64
641,738,18,64
643,739,18,64
644,738,18,64
644,739,18,64
647,739,18,64
648,739,18,64
650,738,18,64
654,739,18,64
657,739,18,64
658,739,18,64
660,739,18,64
660,738,18,64
660,738,18,64
662,739,18,64
664,739,18,64
667,739,18,64
668,738,18,64
670,738,18,64
671,738,18,64
672,739,18,64
673,739,18,64
676,739,18,64
679,739,18,64
681,739,18,64
682,739,18,64
682,739,18,64
679,739,18,64
680,739,18,64
681,739,18,64
678,739,18,64
680,738,18,64
677,739,18,64
679,740,18,64
678,739,18,64
681,739,18,64
681,739,18,64
680,739,18,64
680,739,18,64
681,739,18,64
684,739,18,64
684,739,18,64
688,739,18,64
690,739,18,64
691,739,18,64
690,739,18,64
693,738,18,64
697,738,18,64
698,738,18,64
699,739,18,64
699,739,18,64
698,739,18,64
697,739,18,64
695,739,18,64
696,739,18,64
694,739,18,64
691,738,18,64
688,739,18,64
688,739,18,64
688,739,18,64
689,739,18,64
690,739,18,64
691,739,18,64
690,739,18,64
690,739,18,64
689,739,18,64
689,739,18,64
688,738,18,64
688,738,18,64
686,739,18,64
687,739,18,64
690,739,18,64
690,739,18,64
692,739,18,64
695,739,18,64
695,739,18,64
694,739,18,64
692,739,18,64
689,739,18,64
687,739,18,64
685,739,18,64
686,739,18,64
682,739,18,64
681,739,18,64
680,739,18,64
676,739,18,64
675,739,18,64
675,739,18,64
674,739,18,64
673,739,18,64
674,739,18,64
675,739,18,64
673,739,18,64
672,739,18,64
675,739,18,64
674,739,18,64
674,739,18,64
675,739,18,64
676,739,18,64
676,739,18,64
674,739,18,64
673,739,18,64
676,739,18,64
679,739,18,64
680,739,18,64
683,739,18,64
686,739,18,64
689,739,18,64
692,739,18,64
693,739,18,64
694,739,18,64
695,739,18,64
692,739,18,64
693,739,18,64
695,739,18,64
695,739,18,64
697,739,18,64
696,739,18,64
696,739,18,64
698,739,18,64
698,739,18,64
698,739,18,64
700,739,18,64
702,739,18,64
704,740,18,64
705,740,18,64
705,739,18,64
706,739,18,64
708,739,18,64
710,739,18,64
708,739,18,64
708,739,18,64
710,739,18,64
714,740,18,64
718,740,18,64
716,739,18,64
718,739,18,64
720,739,18,64
721,739,18,64
724,739,18,64
725,739,18,64
726,740,18,64
729,740,18,64
726,739,18,64
726,739,18,64
729,739,18,64
731,739,18,64
734,739,18,64
736,739,18,64
737,739,18,64
740,740,18,64
741,740,18,64
745,740,18,64
744,740,18,64
742,739,18,64
742,739,18,64
743,739,18,64
744,739,18,64
743,739,18,64
743,739,18,64
742,739,18,64
741,740,18,64
738,740,18,64
736,740,18,64
734,740,18,64
731,740,18,64
728,740,18,64
724,740,18,64
721,740,18,64
717,740,18,64
713,740,18,64
709,740,18,64
703,740,18,64
698,740,18,64
693,740,18,64
688,740,18,64
683,740,18,64
676,740,18,64
672,740,18,64
668,740,18,64
664,740,18,64
661,740,18,64
658,740,18,64
656,741,18,64
655,741,18,64
653,741,18,64
652,742,18,64
652,742,18,64
652,742,18,64
653,742,18,64
654,743,18,64
655,742,18,64
657,744,18,64
658,744,18,64
661,743,18,64
662,746,18,64
664,746,18,64
667,747,18,64
668,747,18,64
668,739,18,64
669,739,18,64
671,740,18,64
672,740,18,64
674,740,18,64
676,740,18,64
678,740,18,64
682,740,18,64
684,741,18,64
686,741,18,64
688,742,18,64
690,742,18,64
694,741,18,64
699,740,18,64
702,739,18,64
703,740,18,64
706,740,18,64
709,740,18,64
711,741,18,64
713,742,18,64
718,740,18,64
720,741,18,64
723,741,18,64
726,741,18,64
728,741,18,64
731,741,18,64
733,741,18,64
735,741,18,64
730,740,18,64
732,740,18,64
734,740,18,64
737,740,18,64
740,740,18,64
743,741,18,64
746,741,18,64
749,741,18,64
752,740,18,64
755,740,18,64
759,740,18,64
760,741,18,64
764,740,18,64
766,740,18,64
768,741,18,64
772,741,18,64
775,741,18,64
778,741,18,64
781,741,18,64
784,740,18,64
787,741,18,64
791,741,18,64
794,741,18,64
790,740,18,64
792,740,18,64
795,741,18,64
799,741,18,64
801,742,18,64
805,742,18,64
805,741,18,64
803,740,18,64
805,740,18,64
807,741,18,64
813,742,18,64
817,741,18,64
816,740,18,64
818,740,18,64
820,740,18,64
823,741,18,64
826,741,18,64
825,740,18,64
828,740,18,64
828,740,18,64
825,740,18,64
824,741,18,64
826,740,18,64
820,740,18,64
821,740,18,64
824,740,18,64
823,740,18,64
827,741,18,64
828,741,18,64
829,740,18,64
829,740,18,64
829,741,18,64
829,741,18,64
829,741,18,64
823,741,18,64
822,741,18,64
821,740,18,64
825,741,18,64
824,740,18,64
822,740,18,64
823,741,18,64
824,741,18,64
826,740,18,64
828,740,18,64
830,741,18,64
828,741,18,64
831,741,18,64
829,740,18,64
829,740,18,64
828,740,18,64
831,741,18,64
833,741,18,64
835,741,18,64
836,741,18,64
836,741,18,64
838,741,18,64
838,741,18,64
838,740,18,64
838,741,18,64
834,741,18,64
836,741,18,64
835,740,18,64
837,741,18,64
835,741,18,64
833,741,18,64
838,741,18,64
839,741,18,64
844,741,18,64
844,741,18,64
844,741,18,64
847,741,18,64
846,741,18,64
845,741,18,64
844,741,18,64
844,741,18,64
842,741,18,64
839,740,18,64
839,741,18,64
838,741,18,64
837,741,18,64
836,741,18,64
837,741,18,64
839,742,18,64
841,741,18,64
845,741,18,64
845,741,18,64
844,741,18,64
844,742,18,64
845,741,18,64
846,741,18,64
847,741,18,64
849,740,18,64
850,740,18,64
851,741,18,64
852,741,18,64
853,741,18,64
854,741,18,64
855,742,18,64
856,741,18,64
853,741,18,64
850,741,18,64
849,741,18,64
845,741,18,64
844,741,18,64
844,742,18,64
843,742,18,64
839,741,18,64
836,742,18,64
834,741,18,64
834,741,18,64
837,742,18,64
840,741,18,64
840,741,18,64
839,741,18,64
839,741,18,64
839,741,18,64
840,741,18,64
843,742,18,64
841,741,18,64
840,741,18,64
843,740,18,64
844,741,18,64
843,741,18,64
842,741,18,64
843,741,18,64
844,741,18,64
843,741,18,64
842,741,18,64
844,742,18,64
841,741,18,64
841,740,18,64
841,741,18,64
839,741,18,64
842,741,18,64
840,741,18,64
841,741,18,64
841,741,18,64
839,741,18,64
839,741,18,64
840,741,18,64
840,741,18,64
840,742,18,64
835,741,18,64
836,742,18,64
837,742,18,64
838,742,18,64
834,741,18,64
836,741,18,64
835,742,18,64
832,741,18,64
830,741,18,64
830,741,18,64
831,742,18,64
833,741,18,64
834,741,18,64
833,741,18,64
833,742,18,64
829,741,18,64
829,742,18,64
832,742,18,64
829,741,18,64
827,740,18,64
828,740,18,64
827,740,18,64
827,741,18,64
826,741,18,64
825,741,18,64
824,741,18,64
824,741,18,64
822,741,18,64
821,741,18,64
822,742,18,64
824,741,18,64
826,741,18,64
821,741,18,64
821,741,18,64
822,741,18,64
824,741,18,64
823,741,18,64
821,741,18,64
820,741,18,64
819,741,18,64
820,742,18,64
822,741,18,64
821,741,18,64
820,742,18,64
820,742,18,64
817,741,18,64
818,741,18,64
821,741,18,64
821,741,18,64
822,741,18,64
823,742,18,64
826,742,18,64
827,742,18,64
829,741,18,64
827,741,18,64
829,741,18,64
830,741,18,64
831,741,18,64
830,742,18,64
831,742,18,64
834,742,18,64
836,742,18,64
840,741,18,64
840,741,18,64
842,741,18,64
841,741,18,64
838,741,18,64
837,741,18,64
837,741,18,64
838,741,18,64
838,742,18,64
841,741,18,64
841,741,18,64
841,741,18,64
842,741,18,64
841,741,18,64
842,742,18,64
845,742,18,64
848,741,18,64
849,741,18,64
849,741,18,64
846,741,18,64
842,741,18,64
841,741,18,64
841,741,18,64
840,741,18,64
838,741,18,64
839,741,18,64
840,742,18,64
841,742,18,64
837,741,18,64
836,741,18,64
836,741,18,64
833,741,18,64
834,741,18,64
833,741,18,64
832,741,18,64
833,742,18,64
831,742,18,64
830,742,18,64
826,741,18,64
826,741,18,64
826,741,18,64
825,741,18,64
823,741,18,64
823,741,18,64
820,741,18,64
818,741,18,64
814,741,18,64
813,741,18,64
812,740,18,64
809,741,18,64
810,741,18,64
808,741,18,64
810,742,18,64
812,742,18,64
812,741,18,64
812,742,18,64
815,742,18,64
816,742,18,64
818,741,18,64
821,742,18,64
817,741,18,64
815,741,18,64
815,741,18,64
812,741,18,64
806,741,18,64
806,741,18,64
808,742,18,64
806,742,18,64
809,742,18,64
809,742,18,64
814,742,18,64
810,741,18,64
812,742,18,64
809,741,18,64
810,742,18,64
813,742,18,64
816,742,18,64
816,742,18,64
814,741,18,64
814,741,18,64
815,741,18,64
814,742,18,64
809,741,18,64
812,741,18,64
817,741,18,64
816,742,18,64
818,742,18,64
822,742,18,64
826,742,18,64
831,741,18,64
831,741,18,64
829,741,18,64
829,741,18,64
827,742,18,64
827,742,18,64
824,741,18,64
824,741,18,64
824,741,18,64
827,742,18,64
831,742,18,64
833,742,18,64
836,741,18,64
835,741,18,64
833,741,18,64
830,742,18,64
835,741,18,64
834,741,18,64
837,742,18,64
837,742,18,64
838,741,18,64
838,742,18,64
838,742,18,64
838,742,18,64
836,741,18,64
838,742,18,64
838,741,18,64
839,742,18,64
844,741,18,64
847,741,18,64
849,742,18,64
850,742,18,64
852,742,18,64
850,742,18,64
848,741,18,64
847,742,18,64
845,741,18,64
842,742,18,64
837,741,18,64
833,742,18,64
829,742,18,64
827,741,18,64
825,741,18,64
824,741,18,64
826,742,18,64
828,742,18,64
828,742,18,64
832,742,18,64
835,742,18,64
837,742,18,64
833,741,18,64
833,741,18,64
831,742,18,64
830,742,18,64
831,742,18,64
827,741,18,64
827,741,18,64
826,741,18,64
826,742,18,64
823,742,18,64
820,742,18,64
819,742,18,64
817,741,18,64
818,742,18,64
821,741,18,64
823,741,18,64
818,741,18,64
818,742,18,64
822,742,18,64
822,742,18,64
822,742,18,64
823,742,18,64
821,742,18,64
817,742,18,64
819,741,18,64
819,742,18,64
821,741,18,64
819,741,18,64
818,742,18,64
819,742,18,64
822,741,18,64
823,742,18,64
819,742,18,64
815,741,18,64
812,742,18,64
814,741,18,64
817,741,18,64
816,742,18,64
815,742,18,64
816,742,18,64
818,741,18,64
819,742,18,64
821,742,18,64
823,742,18,64
822,742,18,64
823,742,18,64
824,742,18,64
821,742,18,64
822,742,18,64
821,742,18,64
819,742,18,64
816,742,18,64
814,742,18,64
817,741,18,64
817,742,18,64
819,742,18,64
815,741,18,64
814,742,18,64
814,742,18,64
818,742,18,64
817,742,18,64
821,742,18,64
819,742,18,64
822,742,18,64
819,742,18,64
817,742,18,64
818,742,18,64
814,742,18,64
808,742,18,64
810,742,18,64
809,741,18,64
812,741,18,64
813,742,18,64
814,742,18,64
811,741,18,64
813,742,18,64
816,742,18,64
818,742,18,64
819,742,18,64
816,741,18,64
813,741,18,64
813,742,18,64
817,742,18,64
820,742,18,64
817,742,18,64
817,742,18,64
818,742,18,64
816,742,18,64
815,741,18,64
810,742,18,64
808,742,18,64
803,742,18,64
800,742,18,64
800,742,18,64
802,742,18,64
801,742,18,64
798,742,18,64
795,742,18,64
797,742,18,64
794,742,18,64
798,741,18,64
798,742,18,64
799,742,18,64
794,742,18,64
791,742,18,64
793,742,18,64
796,742,18,64
798,742,18,64
799,742,18,64
802,742,18,64
804,742,18,64
808,742,18,64
806,742,18,64
805,742,18,64
802,742,18,64
798,742,18,64
796,742,18,64
797,742,18,64
800,742,18,64
799,743,18,64
798,742,18,64
797,742,18,64
793,742,18,64
793,742,18,64
795,742,18,64
790,742,18,64
791,742,18,64
794,742,18,64
796,742,18,64
797,742,18,64
795,742,18,64
796,742,18,64
796,741,18,64
799,742,18,64
805,742,18,64
806,742,18,64
807,742,18,64
806,742,18,64
804,742,18,64
800,742,18,64
800,742,18,64
803,742,18,64
804,743,18,64
804,743,18,64
802,742,18,64
798,741,18,64
798,741,18,64
798,742,18,64
801,742,18,64
805,742,18,64
808,743,18,64
811,742,18,64
811,742,18,64
814,741,18,64
816,742,18,64
814,742,18,64
813,742,18,64
813,742,18,64
812,742,18,64
813,743,18,64
815,742,18,64
814,742,18,64
813,742,18,64
813,742,18,64
813,742,18,64
813,743,18,64
814,743,18,64
818,742,18,64
820,742,18,64
820,742,18,64
821,743,18,64
823,742,18,64
824,742,18,64
825,742,18,64
825,742,18,64
824,742,18,64
823,742,18,64
823,743,18,64
823,743,18,64
823,743,18,64
823,743,18,64
823,743,18,64
823,743,18,64
823,743,18,64
823,743,18,64
823,743,18,64
824,743,18,64
825,743,18,64
825,743,18,64
825,743,18,64
825,743,18,64
825,743,18,64
825,743,18,64
824,743,18,64
824,743,18,64
824,743,18,64
824,743,18,64
824,744,18,64
824,744,18,64
825,743,18,64
826,743,18,64
826,743,18,64
826,743,18,64
826,744,18,64
826,744,18,64
825,744,18,64
824,744,18,64
824,744,18,64
823,743,18,64
821,743,18,64
821,743,18,64
821,742,18,64
821,742,18,64
820,742,18,64
820,743,18,64
820,743,18,64
819,742,18,64
819,743,18,64
819,743,18,64
818,743,18,64
818,743,18,64
818,743,18,64
819,743,18,64
820,743,18,64
819,744,18,64
819,744,18,64
817,743,18,64
816,743,18,64
816,743,18,64
816,743,18,64
816,743,18,64
817,743,18,64
818,743,18,64
817,744,18,64
815,743,18,64
815,743,18,64
815,743,18,64
815,743,18,64
816,743,18,64
815,743,18,64
813,742,18,64
812,743,18,64
812,743,18,64
811,743,18,64
811,743,18,64
814,743,18,64
813,743,18,64
812,743,18,64
813,744,18,64
812,744,18,64
810,744,18,64
811,744,18,64
812,743,18,64
815,743,18,64
813,743,18,64
815,743,18,64
817,743,18,64
818,743,18,64
817,743,18,64
816,744,18,64
815,744,18,64
816,744,18,64
817,743,18,64
819,742,18,64
820,743,18,64
822,743,18,64
824,743,18,64
819,743,18,64
817,743,18,64
816,743,18,64
816,743,18,64
817,743,18,64
815,743,18,64
818,743,18,64
815,743,18,64
818,743,18,64
818,743,18,64
817,743,18,64
817,743,18,64
817,743,18,64
820,743,18,64
822,743,18,64
818,743,18,64
816,743,18,64
812,743,18,64
811,743,18,64
810,743,18,64
809,743,18,64
810,743,18,64
807,743,18,64
804,743,18,64
800,744,18,64
804,743,18,64
804,743,18,64
802,743,18,64
805,743,18,64
803,743,18,64
801,743,18,64
799,743,18,64
799,743,18,64
802,743,18,64
801,743,18,64
800,743,18,64
798,743,18,64
793,743,18,64
792,743,18,64
789,743,18,64
790,743,18,64
789,743,18,64
789,743,18,64
785,743,18,64
784,743,18,64
785,743,18,64
781,743,18,64
782,743,18,64
783,743,18,64
782,743,18,64
782,743,18,64
778,743,18,64
779,743,18,64
778,743,18,64
777,743,18,64
778,743,18,64
777,743,18,64
776,743,18,64
778,743,18,64
778,743,18,64
779,743,18,64
781,743,18,64
782,743,18,64
785,743,18,64
788,743,18,64
789,743,18,64
789,743,18,64
790,743,18,64
792,743,18,64
795,742,18,64
794,743,18,64
792,744,18,64
795,743,18,64
795,743,18,64
795,743,18,64
794,743,18,64
790,743,18,64
792,743,18,64
796,743,18,64
798,742,18,64
801,743,18,64
801,743,18,64
799,743,18,64
796,743,18,64
796,743,18,64
799,743,18,64
798,743,18,64
796,743,18,64
795,743,18,64
798,743,18,64
799,743,18,64
799,743,18,64
799,743,18,64
801,743,18,64
803,743,18,64
801,743,18,64
802,743,18,64
803,743,18,64
806,743,18,64
807,743,18,64
808,743,18,64
809,743,18,64
812,743,18,64
809,743,18,64
805,743,18,64
801,743,18,64
802,743,18,64
799,743,18,64
799,743,18,64
798,743,18,64
801,743,18,64
801,743,18,64
804,743,18,64
803,743,18,64
802,742,18,64
801,743,18,64
803,743,18,64
806,743,18,64
809,743,18,64
812,743,18,64
812,743,18,64
816,742,18,64
814,743,18,64
817,743,18,64
817,743,18,64
818,742,18,64
818,743,18,64
822,743,18,64
819,743,18,64
817,743,18,64
819,743,18,64
820,743,18,64
822,743,18,64
817,743,18,64
814,743,18,64
814,743,18,64
816,742,18,64
815,743,18,64
817,743,18,64
820,743,18,64
820,743,18,64
817,743,18,64
816,743,18,64
815,743,18,64
815,743,18,64
814,743,18,64
811,743,18,64
814,742,18,64
815,744,18,64
815,744,18,64
815,743,18,64
816,743,18,64
815,742,18,64
814,744,18,64
810,743,18,64
809,743,18,64
808,743,18,64
804,743,18,64
806,743,18,64
806,743,18,64
810,742,18,64
813,743,18,64
815,742,18,64
811,743,18,64
806,743,18,64
805,743,18,64
805,743,18,64
803,743,18,64
808,742,18,64
805,743,18,64
805,743,18,64
806,743,18,64
809,743,18,64
810,743,18,64
810,743,18,64
811,743,18,64
812,742,18,64
810,743,18,64
809,743,18,64
810,743,18,64
810,743,18,64
806,743,18,64
805,743,18,64
805,744,18,64
809,743,18,64
805,743,18,64
805,743,18,64
807,743,18,64
804,743,18,64
804,743,18,64
803,743,18,64
802,743,18,64
808,744,18,64
810,743,18,64
806,743,18,64
808,743,18,64
808,743,18,64
812,743,18,64
816,743,18,64
820,743,18,64
822,743,18,64
825,744,18,64
825,743,18,64
823,743,18,64
822,744,18,64
823,743,18,64
818,743,18,64
821,744,18,64
817,744,18,64
815,744,18,64
814,743,18,64
813,743,18,64
815,743,18,64
818,743,18,64
818,743,18,64
815,744,18,64
814,743,18,64
812,743,18,64
816,744,18,64
814,744,18,64
810,744,18,64
812,744,18,64
810,743,18,64
811,743,18,64
815,743,18,64
818,743,18,64
814,743,18,64
818,744,18,64
819,744,18,64
819,743,18,64
816,743,18,64
816,743,18,64
811,743,18,64
808,743,18,64
804,743,18,64
804,744,18,64
807,744,18,64
806,743,18,64
809,743,18,64
813,743,18,64
808,743,18,64
809,744,18,64
812,743,18,64
816,742,18,64
820,744,18,64
822,743,18,64
817,743,18,64
812,743,18,64
809,743,18,64
807,742,18,64
811,744,18,64
812,743,18,64
812,743,18,64
811,742,18,64
815,744,18,64
812,743,18,64
815,744,18,64
811,743,18,64
813,744,18,64
817,744,18,64
817,743,18,64
815,744,18,64
813,744,18,64
814,743,18,64
813,743,18,64
818,743,18,64
816,743,18,64
818,743,18,64
818,743,18,64
814,743,18,64
812,743,18,64
815,743,18,64
812,743,18,64
812,743,18,64
812,744,18,64
816,743,18,64
816,742,18,64
814,743,18,64
812,743,18,64
809,743,18,64
803,742,18,64
807,744,18,64
811,743,18,64
812,744,18,64
813,744,18,64
812,743,18,64
815,743,18,64
817,742,18,64
813,744,18,64
816,744,18,64
815,743,18,64
818,743,18,64
816,743,18,64
817,743,18,64
820,743,18,64
816,743,18,64
813,743,18,64
819,743,18,64
822,743,18,64
825,743,18,64
823,743,18,64
820,743,18,64
823,743,18,64
820,743,18,64
823,743,18,64
824,743,18,64
825,743,18,64
830,743,18,64
829,743,18,64
831,743,18,64
834,743,18,64
836,743,18,64
834,743,18,64
838,743,18,64
837,743,18,64
840,743,18,64
844,743,18,64
849,743,18,64
852,743,18,64
848,743,18,64
853,743,18,64
855,742,18,64
858,743,18,64
860,743,18,64
861,743,18,64
863,743,18,64
859,743,18,64
861,743,18,64
857,743,18,64
860,743,18,64
864,743,18,64
866,744,18,64
864,743,18,64
865,743,18,64
866,742,18,64
870,743,18,64
870,743,18,64
870,743,18,64
869,743,18,64
872,743,18,64
869,743,18,64
871,743,18,64
872,743,18,64
873,743,18,64
876,743,18,64
880,743,18,64
883,743,18,64
885,744,18,64
890,743,18,64
889,743,18,64
889,743,18,64
891,743,18,64
888,743,18,64
889,743,18,64
891,743,18,64
891,743,18,64
891,743,18,64
891,743,18,64
886,743,18,64
885,743,18,64
884,743,18,64
881,743,18,64
878,743,18,64
878,743,18,64
885,743,18,64
885,744,18,64
884,743,18,64
884,743,18,64
881,743,18,64
884,743,18,64
882,744,18,64
884,743,18,64
881,743,18,64
875,743,18,64
879,743,18,64
875,743,18,64
875,743,18,64
877,743,18,64
879,743,18,64
878,743,18,64
878,743,18,64
878,743,18,64
875,743,18,64
875,743,18,64
871,743,18,64
871,743,18,64
870,743,18,64
867,743,18,64
868,743,18,64
868,743,18,64
871,743,18,64
871,743,18,64
872,743,18,64
870,743,18,64
869,743,18,64
874,743,18,64
880,743,18,64
877,743,18,64
880,743,18,64
882,743,18,64
888,743,18,64
885,743,18,64
882,743,18,64
880,744,18,64
881,743,18,64
878,743,18,64
879,743,18,64
879,743,18,64
882,743,18,64
882,743,18,64
885,743,18,64
882,743,18,64
881,743,18,64
881,743,18,64
883,743,18,64
878,743,18,64
881,743,18,64
879,743,18,64
874,743,18,64
872,742,18,64
868,743,18,64
866,743,18,64
867,743,18,64
863,743,18,64
864,743,18,64
868,743,18,64
868,743,18,64
867,743,18,64
869,743,18,64
870,743,18,64
868,743,18,64
869,743,18,64
873,743,18,64
875,743,18,64
875,743,18,64
880,743,18,64
883,743,18,64
881,743,18,64
881,743,18,64
881,743,18,64
884,743,18,64
889,743,18,64
888,743,18,64
889,743,18,64
887,743,18,64
889,743,18,64
886,743,18,64
888,743,18,64
887,743,18,64
888,743,18,64
888,743,18,64
892,743,18,64
896,743,18,64
898,743,18,64
902,743,18,64
906,743,18,64
909,743,18,64
911,743,18,64
912,743,18,64
912,743,18,64
915,743,18,64
917,743,18,64
920,743,18,64
918,743,18,64
923,743,18,64
926,743,18,64
926,743,18,64
925,743,18,64
928,743,18,64
930,743,18,64
932,743,18,64
928,743,18,64
930,743,18,64
932,742,18,64
931,743,18,64
934,742,18,64
935,743,18,64
938,743,18,64
941,743,18,64
942,743,18,64
945,743,18,64
946,743,18,64
948,743,18,64
945,743,18,64
944,743,18,64
944,743,18,64
944,743,18,64
943,743,18,64
939,743,18,64
938,743,18,64
937,743,18,64
934,743,18,64
933,743,18,64
934,743,18,64
934,743,18,64
934,743,18,64
935,743,18,64
931,743,18,64
932,743,18,64
928,743,18,64
922,743,18,64
925,743,18,64
928,743,18,64
931,742,18,64
931,743,18,64
929,743,18,64
929,743,18,64
927,743,18,64
920,743,18,64
922,743,18,64
919,743,18,64
921,743,18,64
919,743,18,64
919,743,18,64
915,743,18,64
919,743,18,64
923,743,18,64
923,743,18,64
920,743,18,64
923,743,18,64
923,743,18,64
925,743,18,64
928,743,18,64
931,743,18,64
930,743,18,64
932,743,18,64
936,743,18,64
939,743,18,64
940,743,18,64
937,742,18,64
942,743,18,64
939,743,18,64
940,743,18,64
935,743,18,64
932,743,18,64
936,743,18,64
938,743,18,64
940,743,18,64
939,743,18,64
944,743,18,64
943,743,18,64
941,743,18,64
939,743,18,64
935,742,18,64
933,743,18,64
933,743,18,64
930,743,18,64
932,743,18,64
928,743,18,64
926,743,18,64
923,743,18,64
926,743,18,64
924,743,18,64
927,742,18,64
928,744,18,64
930,743,18,64
931,744,18,64
932,744,18,64
931,744,18,64
931,744,18,64
928,743,18,64
928,743,18,64
929,743,18,64
929,743,18,64
930,744,18,64
930,743,18,64
929,743,18,64
927,743,18,64
931,743,18,64
928,743,18,64
931,743,18,64
930,743,18,64
927,743,18,64
927,743,18,64
927,743,18,64
929,743,18,64
933,743,18,64
935,743,18,64
934,743,18,64
937,743,18,64
932,743,18,64
933,743,18,64
937,743,18,64
934,743,18,64
934,743,18,64
932,743,18,64
929,743,18,64
931,743,18,64
928,743,18,64
924,743,18,64
928,743,18,64
930,742,18,64
932,743,18,64
930,743,18,64
931,743,18,64
931,743,18,64
927,743,18,64
930,743,18,64
930,743,18,64
928,743,18,64
931,743,18,64
934,743,18,64
938,743,18,64
938,743,18,64
941,743,18,64
940,743,18,64
938,743,18,64
939,743,18,64
940,742,18,64
940,743,18,64
944,743,18,64
946,743,18,64
949,743,18,64
945,743,18,64
948,742,18,64
948,743,18,64
951,743,18,64
953,743,18,64
949,743,18,64
949,743,18,64
946,743,18,64
950,743,18,64
953,743,18,64
955,743,18,64
947,743,18,64
946,743,18,64
946,743,18,64
945,743,18,64
942,743,18,64
943,743,18,64
945,743,18,64
947,743,18,64
948,743,18,64
947,743,18,64
950,743,18,64
950,743,18,64
948,743,18,64
951,742,18,64
953,743,18,64
954,742,18,64
957,743,18,64
953,743,18,64
957,743,18,64
960,743,18,64
962,743,18,64
959,744,18,64
958,743,18,64
957,743,18,64
955,743,18,64
960,743,18,64
963,742,18,64
959,743,18,64
958,743,18,64
958,743,18,64
955,743,18,64
955,743,18,64
953,743,18,64
953,743,18,64
952,743,18,64
949,743,18,64
949,743,18,64
947,743,18,64
944,743,18,64
947,743,18,64
943,743,18,64
940,743,18,64
938,743,18,64
942,743,18,64
940,742,18,64
938,743,18,64
938,743,18,64
939,743,18,64
937,743,18,64
938,743,18,64
