582.000,403.000,184.000,228.000
580.939,399.984,188.383,221.191
582.223,407.691,192.240,220.331
578.588,408.537,195.215,215.763
582.435,410.656,198.631,213.052
580.879,411.612,201.737,212.452
583.651,410.007,205.419,209.799
580.539,410.965,209.273,208.089
581.351,408.210,213.956,206.747
580.311,406.665,218.184,205.996
581.570,406.889,220.183,206.835
582.785,409.918,222.229,212.564
585.521,403.605,222.252,209.182
586.976,406.603,222.953,213.106
589.614,405.874,223.705,215.727
591.107,407.517,224.477,220.139
592.978,407.697,224.873,220.698
597.918,409.258,225.389,219.602
600.885,412.007,224.748,216.366
604.100,415.237,223.647,215.049
604.091,415.048,224.641,213.831
608.865,415.309,225.907,213.137
610.023,415.066,227.557,214.061
610.888,414.428,230.659,213.739
609.220,415.103,233.999,215.014
609.516,414.464,237.313,214.971
606.545,414.841,239.810,216.846
607.745,412.286,241.552,216.818
607.483,412.879,242.766,217.818
609.512,412.806,243.489,221.070
608.633,410.841,245.140,224.961
608.767,409.718,246.067,227.960
608.441,405.962,246.446,226.250
609.113,408.091,247.457,225.705
610.244,409.148,248.243,226.107
609.045,409.305,248.635,225.012
613.027,413.977,248.462,222.826
613.635,416.210,250.039,218.665
615.984,418.797,250.533,216.183
614.122,421.587,252.959,215.823
613.226,421.186,255.098,216.619
613.078,421.398,255.859,217.584
610.336,419.410,258.519,217.948
608.558,418.085,259.974,217.521
607.172,417.655,260.544,217.956
606.947,415.972,259.613,218.663
604.981,415.099,256.947,219.520
604.010,413.598,255.115,219.188
605.029,412.161,253.306,220.454
604.713,410.546,252.050,220.552
606.911,409.990,249.724,219.874
607.378,410.694,248.281,219.404
612.464,410.228,244.743,218.521
613.141,410.587,243.589,216.608
616.038,413.529,242.165,215.834
615.644,414.214,242.570,215.942
616.792,411.197,243.826,215.809
615.805,412.148,246.123,213.888
612.964,414.052,250.287,211.190
611.141,415.159,253.601,212.257
608.840,414.042,256.716,214.078
606.265,411.451,259.190,216.425
602.675,411.861,261.699,218.378
601.614,407.129,264.770,219.662
600.707,407.615,266.048,221.198
597.365,405.294,266.767,223.339
598.463,403.086,265.849,228.037
597.879,400.187,264.467,229.958
600.923,400.031,262.272,231.237
601.350,399.974,262.042,231.108
601.725,400.458,260.657,231.833
602.852,401.033,259.019,232.958
603.732,402.269,258.204,233.311
604.625,405.319,256.533,230.289
607.283,405.974,255.012,228.362
608.179,408.153,254.096,227.784
607.885,407.323,255.190,225.989
604.964,408.933,256.884,223.908
605.428,408.753,259.765,221.978
603.635,409.393,263.226,220.911
602.437,407.412,264.760,219.945
600.726,409.008,266.460,220.366
598.454,406.376,268.069,222.557
597.529,404.634,269.227,223.840
596.437,404.329,269.268,224.275
594.460,403.249,268.132,227.403
593.148,401.941,266.704,228.254
593.027,402.760,265.540,227.614
593.960,406.117,264.496,227.751
593.465,408.097,264.161,227.322
593.729,410.954,262.953,226.413
592.796,410.619,261.989,226.458
593.280,412.626,261.776,225.813
594.019,412.581,263.626,224.742
592.937,413.375,267.293,223.761
590.876,414.489,269.975,223.228
589.023,413.150,272.657,223.490
588.246,411.462,274.632,223.576
588.004,411.826,275.497,223.295
586.540,408.727,275.638,225.108
584.161,406.122,275.969,225.651
584.220,405.792,274.460,227.338
584.514,400.307,273.683,231.444
584.872,397.713,272.497,233.878
583.913,397.711,272.185,235.425
582.480,397.533,270.718,236.052
583.761,400.013,268.855,236.118
583.480,398.568,267.387,235.711
584.972,403.141,266.668,235.145
586.330,403.718,264.684,234.663
584.454,404.478,265.422,232.393
582.704,404.909,267.744,231.582
580.004,404.933,270.045,229.935
576.907,405.811,272.217,228.959
571.947,399.535,272.792,230.574
567.197,399.576,273.522,232.162
566.086,394.214,274.381,233.552
566.622,394.253,275.157,235.817
563.302,392.307,276.268,236.391
560.776,391.309,276.237,237.409
558.614,388.179,275.548,239.797
554.172,390.885,276.071,240.084
553.895,393.623,275.924,240.280
551.808,390.094,277.073,241.609
551.537,394.958,278.795,240.800
549.008,392.923,280.840,240.695
548.263,389.978,282.933,242.562
543.976,384.185,283.464,246.043
537.832,380.645,281.867,250.636
537.487,373.241,279.483,256.298
533.915,371.247,277.671,261.479
533.893,366.298,275.589,265.159
532.185,361.612,274.155,267.052
533.551,360.116,270.993,266.545
533.958,360.771,268.480,267.083
533.343,359.808,266.805,267.968
537.378,358.570,264.136,268.781
536.139,358.525,263.683,270.256
538.102,360.092,262.252,271.884
538.051,354.598,262.362,270.391
540.651,354.743,262.560,270.351
541.794,356.113,261.863,272.085
542.526,355.259,261.803,273.211
543.572,356.868,261.046,273.343
541.507,357.067,263.840,273.353
541.667,355.702,264.060,271.893
541.368,353.440,263.935,269.611
541.290,357.418,263.768,268.320
540.241,356.224,263.250,266.432
541.618,359.195,261.567,266.947
542.612,359.946,260.612,267.147
543.653,359.334,260.249,268.969
545.050,357.760,258.493,267.741
546.439,359.132,256.408,265.019
549.333,361.724,253.760,263.895
543.296,366.706,254.327,259.573
544.106,373.284,252.477,255.520
543.263,374.902,252.611,252.458
544.657,384.029,252.289,250.342
545.615,385.435,252.462,246.344
546.935,388.194,253.236,243.477
549.030,388.428,255.497,241.872
550.794,385.818,257.862,240.921
549.006,384.247,259.133,242.105
547.987,379.293,259.089,244.048
549.557,379.745,260.015,246.719
548.338,381.521,260.174,251.920
546.944,378.258,260.112,255.552
548.585,375.236,259.700,257.276
549.887,375.825,258.251,259.081
548.891,376.328,258.509,260.274
548.475,376.175,257.998,260.946
550.767,376.983,256.632,260.975
555.015,378.214,253.918,259.510
551.264,378.858,253.994,258.969
553.708,381.639,253.364,257.815
551.229,383.292,253.969,256.302
548.813,385.589,254.844,256.786
549.507,385.320,256.221,254.929
548.425,385.718,256.559,253.351
548.951,387.674,257.450,253.808
547.266,387.235,259.145,254.237
545.797,386.947,260.649,255.338
543.527,383.886,260.913,254.553
542.280,385.560,261.246,255.680
544.853,382.875,261.295,256.798
541.380,384.665,261.402,258.355
542.058,383.276,260.272,259.376
543.430,385.734,261.075,261.642
549.333,390.328,263.318,260.533
545.818,390.386,263.592,258.422
546.243,391.908,260.617,256.390
545.888,397.390,262.204,255.112
545.199,397.891,260.841,254.525
542.053,397.474,259.623,254.067
540.378,396.729,257.813,255.706
540.358,394.777,255.406,257.509
539.268,393.668,252.737,257.101
543.168,392.931,249.754,256.164
544.630,391.056,249.249,255.137
544.545,391.483,248.363,254.388
546.046,392.607,246.949,254.840
545.868,391.988,245.689,255.100
550.518,390.421,244.697,255.332
555.958,393.820,242.258,255.614
556.662,395.292,240.370,255.680
555.777,396.892,239.913,253.075
558.819,398.967,240.330,251.014
559.214,401.817,240.381,246.434
563.173,406.851,239.928,243.588
564.573,408.248,239.801,240.828
565.170,409.953,241.128,240.113
565.641,409.698,242.630,238.669
566.585,409.025,243.782,236.712
563.860,408.409,245.398,236.093
566.161,406.804,245.845,237.514
565.510,403.578,245.288,240.695
563.696,406.311,244.977,241.215
564.522,403.828,245.604,241.170
570.788,400.629,245.159,241.684
568.535,403.300,242.811,242.952
570.286,402.233,242.105,244.229
571.171,399.877,240.803,242.631
573.008,401.097,239.129,240.508
573.352,404.000,235.985,236.735
574.385,406.844,232.503,233.410
573.873,412.950,229.830,232.089
574.705,416.408,228.175,232.844
578.021,417.097,226.984,231.112
577.680,418.268,226.118,229.358
578.282,417.398,227.786,229.656
577.311,416.026,228.500,229.501
576.805,416.227,230.650,230.419
575.686,415.799,231.897,231.132
577.809,415.386,233.912,234.011
579.160,409.897,235.535,232.607
578.099,409.096,236.655,235.262
578.918,407.662,237.286,234.390
580.161,406.613,237.495,235.559
582.880,404.524,238.603,236.974
585.682,403.244,239.475,236.964
587.023,406.897,239.481,236.786
588.264,403.066,239.066,235.844
589.300,408.314,238.172,236.403
591.810,406.352,237.932,235.698
593.019,409.489,238.056,234.539
591.411,410.163,237.493,233.144
590.423,410.545,236.734,232.659
589.331,408.980,235.592,231.118
588.365,410.205,235.686,230.635
586.537,410.739,234.264,231.868
587.337,407.728,233.146,230.737
586.965,407.074,232.581,233.568
589.630,406.747,231.032,236.571
587.577,405.164,230.638,238.348
584.083,402.420,230.667,239.881
588.334,398.320,228.543,240.303
590.982,399.106,226.257,241.866
589.625,394.702,225.226,238.722
592.786,395.544,222.442,237.012
590.354,398.840,223.757,237.861
595.198,399.825,221.210,238.206
589.936,400.729,221.950,237.810
590.272,402.428,223.103,238.202
582.812,404.500,227.958,237.466
590.497,403.842,227.403,236.599
589.877,402.699,230.325,237.338
588.864,399.035,234.311,237.907
588.223,397.016,233.363,238.617
592.870,393.917,230.896,237.423
593.126,394.419,229.931,238.633
590.401,390.775,235.385,238.790
588.490,390.181,236.172,239.197
581.942,391.293,241.254,243.796
580.560,387.982,241.520,244.106
583.488,386.622,239.495,242.234
577.959,386.403,240.400,242.632
577.358,385.113,242.475,244.323
568.882,388.488,249.908,246.431
552.856,384.296,259.507,245.704
555.790,388.680,262.663,242.860
545.418,389.481,267.111,242.612
542.581,391.869,270.014,238.794
542.332,392.224,270.107,237.124
540.615,391.334,271.290,235.511
536.339,390.196,273.944,232.436
538.596,395.389,273.092,228.274
537.656,399.288,272.004,223.915
536.091,398.061,269.849,222.991
544.067,398.296,263.401,221.529
540.409,399.311,262.359,221.389
541.040,398.153,260.380,220.026
542.167,398.348,258.350,222.933
538.310,393.023,260.561,226.023
538.242,392.712,259.182,227.525
541.336,391.842,256.314,230.387
543.351,388.529,253.807,232.751
540.565,392.121,253.154,233.068
539.791,391.391,253.695,232.722
542.983,390.582,252.638,233.293
543.990,391.045,252.175,232.538
544.763,388.750,251.391,234.619
545.677,390.260,250.330,235.088
547.650,392.221,249.548,235.120
548.670,390.401,248.445,234.183
549.557,389.331,248.482,234.732
549.585,391.194,246.283,234.847
552.169,388.917,246.021,234.254
554.857,392.300,244.077,232.702
552.966,391.265,241.549,231.911
554.728,392.062,239.029,231.672
557.208,392.734,236.353,229.662
558.033,392.450,235.279,229.049
557.403,393.223,232.488,227.540
560.351,395.027,231.423,229.033
558.994,394.305,229.893,228.615
560.699,391.924,226.880,228.361
561.253,391.843,224.919,227.911
562.843,389.028,220.826,228.033
564.715,390.962,218.680,227.390
566.251,390.981,217.046,227.607
566.568,389.825,214.197,226.340
568.401,389.561,210.479,226.461
570.483,392.395,206.890,225.807
571.902,391.690,204.880,226.227
571.065,393.700,200.680,226.749
569.791,390.996,196.139,225.085
572.471,390.681,193.012,221.170
574.866,389.858,191.469,219.012
574.336,395.148,190.976,221.382
574.574,393.297,188.241,219.976
575.802,392.929,187.174,219.416
576.073,391.200,185.685,220.911
577.221,391.595,184.295,221.672
579.264,392.325,182.338,223.230
578.239,388.526,181.716,224.044
580.694,387.500,182.313,225.387
579.290,384.943,182.554,225.894
578.224,382.324,181.440,227.735
576.341,383.285,182.513,228.440
573.791,382.686,182.851,230.883
572.976,378.811,182.902,228.887
572.283,380.560,184.683,230.656
572.337,380.504,186.070,230.895
569.885,378.115,187.081,232.349
568.206,378.674,188.510,234.407
569.412,373.433,187.726,230.783
567.448,377.581,186.637,231.893
565.178,378.326,184.635,231.423
567.160,380.236,183.087,229.880
565.039,381.509,180.317,228.468
565.532,381.688,177.352,226.076
563.778,383.641,177.526,223.912
564.905,383.419,177.285,221.010
564.809,384.247,179.461,217.825
565.519,385.034,181.625,218.629
563.111,384.423,184.340,218.297
563.089,382.654,187.600,217.973
563.319,384.356,189.792,220.273
560.898,384.010,192.249,222.879
560.502,380.126,192.858,222.952
561.805,378.039,195.122,223.122
561.594,378.924,197.040,225.902
561.901,377.850,198.375,227.283
564.431,373.085,200.732,227.113
566.132,374.072,200.499,228.294
569.779,373.080,201.762,228.748
571.447,373.010,200.844,228.551
573.172,372.692,201.110,227.849
575.230,370.991,202.361,227.501
575.493,369.741,203.283,228.565
578.558,368.534,203.194,230.357
575.128,367.574,203.038,231.849
584.473,364.944,202.447,231.412
578.186,361.331,201.580,232.643
582.697,361.204,203.263,234.967
583.153,359.748,202.734,237.444
582.913,357.335,203.040,237.397
584.957,357.967,203.439,237.483
586.474,357.115,204.106,236.832
578.331,357.079,202.697,236.928
586.452,353.756,202.436,236.421
590.023,355.867,204.295,236.696
584.719,356.646,201.248,235.502
580.576,354.756,199.338,236.908
586.941,355.532,199.952,238.463
591.564,355.532,201.428,239.069
607.256,358.324,198.480,240.002
611.264,355.532,199.658,239.408
613.697,355.437,199.093,238.364
611.299,357.054,199.923,238.663
611.132,357.470,199.914,238.834
607.230,352.919,199.967,237.566
620.838,353.766,199.625,236.707
624.315,353.854,198.980,235.215
634.979,354.254,195.443,234.834
632.674,355.406,194.631,234.285
639.346,353.911,190.615,233.042
639.174,356.332,189.708,232.304
647.572,355.004,185.002,231.955
657.522,357.886,181.786,230.244
655.637,357.954,179.451,229.788
667.064,359.254,175.431,229.230
667.353,357.844,172.541,229.071
675.989,358.696,169.636,228.858
663.056,358.824,172.465,229.135
671.162,359.790,172.307,229.146
680.620,359.952,169.537,229.720
674.035,358.121,170.689,229.476
681.783,359.848,169.158,228.696
681.316,356.948,167.851,228.620
692.145,357.439,164.177,227.950
693.163,356.686,162.549,228.343
694.226,355.055,160.915,228.928
695.876,357.060,159.887,229.291
699.310,354.982,157.365,228.907
703.585,356.635,154.308,227.064
704.487,357.126,152.889,227.924
709.826,358.857,150.498,228.518
710.282,357.584,150.846,227.502
709.987,357.775,151.025,227.975
714.444,358.816,149.085,228.055
715.120,358.260,148.416,227.330
715.190,359.550,149.474,228.823
711.517,357.608,152.203,229.607
711.233,358.604,155.771,229.939
697.525,357.319,165.025,231.297
687.512,356.097,175.979,233.794
687.349,354.310,180.837,235.456
685.572,353.637,184.251,236.364
686.254,352.834,185.838,236.320
695.811,353.566,181.673,234.332
693.453,354.877,182.038,234.874
695.333,352.119,181.948,235.547
700.420,355.913,179.817,235.831
697.722,353.057,181.021,235.142
698.549,356.959,181.044,235.322
696.178,357.261,181.510,233.912
694.577,357.562,182.258,232.393
695.265,357.250,183.240,231.113
698.715,359.419,182.212,228.907
694.877,361.081,182.534,227.945
700.532,361.973,180.712,226.255
703.320,362.993,179.091,225.985
710.486,363.625,174.049,226.965
710.983,361.357,171.180,227.555
712.645,365.067,170.709,229.558
716.750,362.357,168.087,230.138
717.798,363.624,166.266,230.140
716.476,365.331,166.424,230.669
714.524,362.999,166.902,230.080
720.398,363.893,165.117,230.441
714.197,363.113,166.750,229.874
718.733,363.150,165.435,229.386
705.672,364.201,168.825,228.148
712.618,362.558,170.147,228.819
705.729,367.139,172.340,229.373
707.831,361.737,174.160,228.364
710.318,362.739,173.103,228.661
700.818,366.862,175.257,228.206
695.958,368.866,178.532,226.973
694.518,368.924,181.810,226.137
699.920,367.736,181.089,225.020
699.991,365.819,181.073,224.718
692.916,375.333,182.824,221.650
698.755,366.565,182.372,221.913
702.892,364.218,180.419,224.334
705.173,364.549,178.312,227.837
702.797,364.527,177.563,229.949
712.368,359.414,174.382,231.334
716.822,362.378,170.556,232.197
706.190,359.184,171.700,232.194
714.856,360.242,169.315,233.006
717.123,358.714,165.819,233.014
720.884,357.378,162.339,232.488
721.300,361.230,161.058,233.355
725.228,358.825,157.881,233.599
719.281,358.995,158.754,233.353
728.628,358.862,156.072,231.663
735.851,359.650,151.642,230.026
736.042,359.299,149.680,229.626
744.296,362.739,144.366,229.269
740.937,366.201,142.905,227.910
744.584,363.472,139.923,226.689
741.897,362.036,139.728,227.524
745.714,364.260,137.623,227.409
743.088,362.468,137.777,227.364
743.294,363.135,137.905,226.998
747.546,365.681,135.941,225.312
748.355,364.750,134.867,225.390
746.690,362.035,134.724,226.328
739.188,364.551,137.192,226.718
743.690,359.281,135.576,227.205
742.068,363.318,136.825,228.000
742.541,363.954,137.113,227.804
740.143,363.477,138.094,226.603
742.834,362.387,137.389,227.316
745.832,360.692,135.993,227.484
743.438,365.421,135.325,226.988
743.638,363.999,135.035,225.850
742.199,363.698,135.812,225.970
743.519,364.006,136.099,225.757
745.865,364.236,135.413,225.183
740.062,366.451,137.585,223.993
744.123,363.187,135.560,222.817
746.893,365.461,134.077,222.625
746.211,367.748,134.254,223.127
748.980,370.116,133.696,222.704
749.964,369.108,132.877,222.830
753.020,372.995,131.635,221.912
