243.000,33.000,283.000,257.000
235.030,24.411,282.317,258.107
235.486,23.669,283.281,258.533
236.544,23.707,284.556,258.681
241.049,23.324,285.035,259.517
243.874,22.152,285.307,260.116
248.211,22.189,286.347,259.434
252.738,20.113,286.587,259.261
256.204,20.472,287.488,257.867
259.275,18.801,287.630,257.295
261.039,16.268,287.334,256.852
262.562,15.627,286.076,255.832
260.789,13.897,286.365,254.703
261.531,13.293,285.687,253.399
260.759,11.144,284.807,253.391
261.674,8.542,283.965,253.628
262.311,6.220,283.014,253.535
263.200,3.658,282.469,253.551
264.009,5.142,281.230,251.247
263.018,6.670,281.000,249.466
262.890,14.331,280.815,243.043
262.862,20.308,280.292,236.703
264.229,22.992,280.124,234.250
263.324,25.909,281.664,230.944
262.638,25.875,282.724,228.473
261.328,27.157,284.345,227.265
257.709,30.892,288.018,224.049
256.506,34.611,290.469,220.008
255.378,38.120,291.685,216.794
252.327,40.912,291.776,213.630
249.506,42.684,292.711,212.008
245.479,44.883,293.940,211.937
242.516,47.300,294.775,210.978
238.515,47.237,297.072,210.757
235.640,49.149,299.354,208.600
231.838,49.580,302.403,209.054
230.057,51.265,304.724,209.916
226.245,51.450,307.497,211.379
224.157,51.078,309.369,212.531
221.695,51.170,311.875,213.631
219.048,52.039,314.858,214.987
213.199,51.870,320.037,215.884
209.950,50.461,323.524,217.225
201.147,49.920,329.139,219.942
200.034,49.004,330.555,223.219
200.457,47.372,330.240,225.282
200.230,45.997,331.081,226.191
199.181,46.251,331.766,226.303
200.155,45.584,332.089,226.102
202.154,45.245,331.273,225.083
202.162,44.630,331.917,224.624
204.694,45.573,330.489,224.237
205.264,45.268,330.351,225.043
205.627,44.840,330.476,224.208
206.534,44.885,330.121,223.206
204.397,46.003,331.176,223.459
205.452,45.600,331.103,223.973
204.896,46.725,331.329,224.449
204.905,46.383,330.421,227.086
206.911,47.266,329.598,229.691
210.545,51.813,332.541,231.235
209.955,53.396,333.664,231.204
208.736,53.902,335.500,230.957
208.627,53.474,336.070,229.521
207.350,54.164,336.644,229.835
207.565,54.020,336.579,229.051
207.471,52.794,337.153,229.101
204.922,52.202,338.128,228.710
203.373,53.295,338.060,228.851
201.230,56.002,338.958,230.364
201.431,57.684,337.739,231.692
200.338,59.273,337.410,232.299
200.905,61.474,337.060,232.503
202.428,64.305,336.680,233.543
202.049,66.474,338.001,234.188
206.521,69.580,336.674,234.447
209.131,72.710,335.420,234.787
209.425,76.081,336.123,235.430
208.522,79.043,337.018,235.544
207.028,81.987,337.654,236.035
204.153,84.535,339.734,236.871
202.899,87.025,340.648,237.765
202.144,89.471,341.563,237.458
203.520,90.273,341.784,237.063
206.357,90.079,340.707,237.053
210.005,89.856,339.653,236.837
213.113,88.994,338.523,236.841
215.864,87.633,338.223,237.122
218.346,86.696,338.539,237.009
221.866,84.537,338.935,236.575
225.040,83.619,339.870,237.226
227.403,82.403,339.285,237.618
229.378,80.976,338.648,236.991
231.005,78.855,337.956,236.399
232.628,76.167,337.167,236.356
232.536,74.731,336.663,236.296
231.873,73.748,337.134,238.666
231.625,72.539,337.861,240.529
233.442,70.177,338.105,241.512
233.711,68.960,337.978,242.900
234.499,66.358,338.209,244.279
236.208,65.831,338.334,244.529
238.404,64.139,338.255,245.500
240.227,62.344,338.527,246.412
242.447,61.303,338.567,246.868
244.062,61.515,338.355,247.083
246.526,59.089,338.141,248.162
248.867,60.500,337.580,247.134
251.709,59.811,336.727,246.342
253.716,58.435,336.016,246.814
256.411,57.909,335.532,246.738
257.843,59.587,336.049,247.575
259.948,61.031,336.140,247.107
265.780,62.031,333.611,248.477
273.206,64.034,330.470,249.603
279.476,63.938,328.117,251.392
286.249,62.164,327.063,252.016
292.132,61.270,324.065,252.183
295.146,60.897,321.200,251.549
298.069,61.559,318.725,251.119
299.738,62.963,316.819,250.128
301.174,65.484,314.965,249.327
302.240,65.847,312.828,249.589
303.603,66.640,311.111,249.166
304.411,66.771,309.646,248.667
306.287,69.168,307.369,248.809
308.340,71.700,304.973,248.862
311.378,74.308,302.088,248.201
313.279,75.410,299.922,247.400
313.249,76.777,298.650,246.178
313.729,77.602,298.158,243.694
314.682,77.088,297.210,240.506
315.404,75.834,296.091,237.240
315.904,75.607,294.697,234.828
316.317,76.084,293.345,232.813
318.754,77.053,291.787,230.433
320.766,81.194,290.760,228.732
323.435,83.956,289.067,226.294
324.124,85.213,287.188,224.235
329.524,88.675,284.365,221.911
332.142,89.238,281.504,219.884
334.130,90.927,279.129,217.307
333.957,92.790,276.589,215.502
333.041,90.622,272.398,212.287
332.336,90.974,270.598,210.648
331.347,91.030,268.850,209.172
332.966,91.161,266.369,207.509
331.500,91.832,265.229,206.721
336.681,92.217,263.208,204.850
340.952,91.162,261.226,203.222
345.992,88.316,259.083,201.698
348.552,84.736,257.763,200.970
350.871,82.907,256.676,200.735
351.765,80.357,256.645,199.767
352.344,78.620,256.300,199.150
353.023,76.813,255.806,198.200
356.457,77.360,253.831,196.497
356.789,76.304,253.835,195.634
359.881,77.701,253.034,194.083
362.475,77.460,251.637,193.506
366.641,79.194,249.908,192.600
369.815,78.850,247.438,192.080
374.005,78.941,244.495,191.893
372.990,79.175,243.795,192.044
377.584,81.829,241.402,191.791
381.213,83.492,238.562,191.385
377.942,89.749,238.685,191.275
379.903,91.352,237.407,190.645
380.098,93.397,236.495,190.103
379.781,96.185,236.353,189.696
380.836,100.701,235.966,189.417
376.781,104.223,237.332,188.892
381.497,108.046,235.259,188.049
380.971,108.416,235.710,187.207
385.413,109.797,233.715,186.641
386.301,110.399,232.493,186.317
390.508,112.339,229.447,185.613
395.027,113.489,226.130,185.295
395.751,113.265,224.444,185.109
399.885,115.496,221.427,184.697
402.566,118.890,218.377,184.902
403.765,119.535,215.849,185.039
406.166,120.721,213.836,184.651
405.480,120.435,212.487,184.054
404.253,119.658,212.735,183.615
401.094,120.286,214.028,183.173
403.985,121.429,213.081,182.458
399.112,121.345,215.691,182.318
403.540,122.376,214.214,181.679
399.529,122.048,215.877,181.490
399.548,121.427,216.147,181.486
396.156,121.446,218.081,181.222
397.448,120.749,218.427,181.212
395.560,120.504,219.538,181.094
396.246,120.994,220.279,180.675
395.339,120.725,220.926,180.291
393.855,118.955,221.925,180.512
393.574,119.626,222.760,180.160
391.434,118.473,224.441,179.884
386.998,114.132,226.587,177.010
379.813,109.937,229.388,173.658
364.841,110.406,237.986,171.985
367.213,108.748,243.325,172.778
372.259,114.244,244.681,174.870
373.071,115.592,243.646,175.041
374.588,110.540,242.476,173.759
379.884,112.264,240.472,174.673
383.165,113.663,238.408,175.221
384.801,113.707,237.329,173.743
383.422,113.112,237.193,173.190
384.995,112.479,236.563,171.646
386.513,111.930,235.458,171.120
386.669,111.511,234.813,170.647
387.186,110.250,234.343,170.438
387.738,109.763,234.049,170.799
385.672,108.344,235.238,171.237
384.339,106.242,236.206,171.559
383.515,105.783,236.903,172.026
382.375,105.305,237.864,172.001
380.280,104.079,239.113,172.811
380.289,104.343,239.934,173.323
378.822,104.434,240.961,173.962
377.346,104.357,241.639,174.373
377.017,104.646,243.347,174.393
372.808,103.087,244.202,175.364
373.604,101.826,244.328,176.491
372.393,101.200,245.030,178.145
372.853,103.228,245.907,178.161
371.210,105.719,246.599,177.485
370.374,107.105,247.519,176.599
369.632,108.695,247.963,175.456
368.483,108.087,248.287,175.584
369.284,107.005,248.067,177.080
367.990,107.249,248.464,178.107
367.663,109.242,248.775,177.992
366.545,112.165,249.891,176.280
368.118,112.481,251.288,174.910
365.683,112.703,251.871,174.467
364.646,112.408,253.478,174.269
362.361,111.119,253.880,175.452
362.314,108.824,254.120,176.815
361.484,113.690,254.772,176.158
360.607,113.605,255.166,175.297
361.089,113.869,255.795,175.060
360.446,113.905,256.459,175.160
360.287,111.045,256.965,175.939
358.216,112.457,256.767,175.877
356.247,108.342,255.783,176.640
358.414,106.323,254.458,178.752
359.814,105.425,253.216,180.371
358.665,115.730,253.124,176.493
362.392,112.101,252.886,176.216
360.162,113.164,252.994,175.260
361.254,112.397,253.677,174.786
360.021,110.103,254.359,175.149
356.368,112.692,254.160,175.047
355.867,103.856,252.863,177.363
357.108,108.096,251.341,178.386
357.336,105.193,250.009,180.690
356.769,111.803,249.845,178.954
358.666,108.301,250.206,179.465
357.542,113.019,251.252,178.366
357.226,113.909,253.031,178.308
354.488,111.392,253.569,179.188
352.378,116.294,251.394,178.725
352.245,107.850,248.545,180.670
354.165,106.626,245.407,183.336
355.236,109.933,243.214,183.168
356.473,107.273,241.678,183.191
360.316,103.420,241.643,183.426
361.115,106.020,243.829,180.367
362.851,105.629,245.573,178.336
360.703,102.406,246.313,177.831
359.242,104.273,244.461,176.715
359.241,93.114,242.393,178.796
361.941,94.885,240.027,179.729
363.831,91.551,237.734,181.471
362.616,95.459,237.572,180.645
363.930,90.030,236.295,182.168
362.895,89.138,238.951,183.006
363.911,94.379,240.730,180.363
362.284,93.933,241.592,179.201
360.274,91.186,241.306,179.543
358.867,92.065,238.627,178.234
358.243,84.879,236.302,180.543
354.887,80.753,235.352,182.543
353.480,83.598,234.485,182.461
353.864,80.807,233.531,183.393
353.583,84.536,233.527,182.895
353.043,88.005,233.838,180.425
354.374,85.961,233.897,179.853
353.632,87.060,233.753,179.170
352.875,85.660,233.116,178.615
351.404,86.961,232.494,177.328
351.566,84.068,232.065,179.169
354.119,85.278,231.123,180.195
355.217,85.259,231.631,180.289
355.916,88.234,232.487,178.969
357.333,87.591,232.893,179.186
357.796,88.964,233.009,179.053
360.503,87.161,232.035,179.262
360.064,88.069,231.926,179.034
360.849,85.036,231.909,179.673
361.907,90.346,231.965,178.390
363.419,89.358,232.444,178.156
363.732,87.711,233.126,178.843
363.318,89.642,233.185,177.809
363.010,87.738,233.707,178.150
362.328,89.205,233.509,177.959
362.182,88.529,233.266,177.847
362.312,89.067,232.776,177.919
363.377,89.681,232.860,177.609
363.729,89.807,233.275,177.409
363.332,89.260,233.324,177.649
362.948,90.506,233.537,177.504
362.737,90.408,233.303,177.423
362.977,91.387,232.437,176.968
364.194,90.944,231.526,176.523
363.508,91.931,231.854,175.806
363.560,91.622,232.512,175.310
363.581,91.171,232.551,175.852
362.584,90.421,232.649,176.079
361.587,90.241,232.513,176.138
360.212,90.310,232.512,176.389
359.887,89.018,232.612,176.743
359.670,89.863,232.539,176.444
359.605,90.039,232.088,175.701
358.681,90.268,232.259,175.310
357.281,90.746,232.460,175.117
355.348,91.729,232.000,174.686
353.405,90.077,231.491,175.037
352.086,89.775,230.639,175.622
350.712,89.103,230.391,176.339
349.371,90.124,230.792,176.217
348.703,90.123,231.664,175.968
348.764,88.823,232.099,176.684
347.695,88.259,232.027,177.001
346.376,89.027,231.615,176.605
345.614,87.067,231.117,177.092
344.994,87.206,230.549,177.459
344.828,86.763,230.074,177.577
345.354,87.693,229.937,176.942
345.940,87.813,230.305,176.669
345.790,87.583,230.613,176.843
345.013,87.247,230.563,177.078
344.508,87.545,229.941,177.518
344.066,85.288,229.515,178.529
343.887,86.572,228.811,179.036
345.208,83.453,228.280,179.963
344.938,85.798,228.780,179.518
345.789,86.825,229.354,178.579
346.261,87.836,229.951,177.778
346.425,88.481,230.591,177.489
346.273,88.061,230.143,177.636
344.899,87.124,229.637,178.010
344.221,86.343,229.132,178.712
342.426,87.700,228.481,178.512
343.860,84.571,227.843,179.849
342.670,86.778,228.771,179.754
343.463,88.514,229.257,177.896
344.088,89.738,230.412,177.229
343.310,91.709,230.760,175.604
342.464,91.940,230.173,173.827
340.717,90.839,229.327,173.620
338.474,89.373,228.417,174.516
338.077,86.146,227.623,176.314
337.447,87.697,227.179,177.443
337.509,87.557,227.318,177.421
337.338,89.551,227.685,176.440
336.072,89.842,228.817,176.678
336.599,89.783,229.229,176.076
334.968,91.877,229.417,174.713
333.465,90.530,228.926,174.922
333.874,87.036,227.437,176.820
333.860,85.386,225.798,178.633
332.596,87.981,224.756,178.679
333.611,86.536,224.731,179.049
334.188,88.552,225.132,178.511
333.240,88.912,226.216,177.986
332.157,90.257,226.967,177.101
331.926,90.981,227.164,176.016
330.111,89.958,226.947,175.844
329.985,86.231,226.379,177.369
329.455,85.066,225.767,178.820
330.243,84.798,224.517,179.421
330.639,86.260,224.387,178.860
330.998,87.070,224.586,177.683
331.108,89.061,225.205,176.320
331.600,87.459,225.882,176.170
331.021,88.904,226.064,175.089
330.368,87.149,225.737,175.615
329.992,86.025,224.568,176.385
330.624,83.156,223.393,178.305
331.048,84.128,222.626,178.296
332.626,84.158,222.144,178.635
332.191,85.660,222.898,178.266
330.722,87.667,225.324,178.112
330.927,86.832,227.340,177.872
331.054,87.220,227.815,176.777
330.054,89.307,227.161,175.186
329.828,85.457,226.133,175.778
329.944,83.595,224.920,177.486
329.937,82.695,223.712,179.056
330.576,83.493,223.104,179.590
330.581,81.519,223.731,181.906
330.986,85.202,224.771,181.505
332.730,86.629,225.509,178.811
332.426,89.376,225.978,176.460
331.843,88.855,226.318,175.693
331.031,89.923,225.913,174.744
330.779,87.018,225.280,175.441
330.319,84.238,224.536,176.932
330.822,83.289,223.761,178.508
331.467,82.592,223.890,179.674
332.030,84.153,224.510,179.368
332.302,84.737,226.127,179.955
333.481,85.742,227.713,179.330
334.334,86.792,228.026,177.963
331.196,89.917,227.497,176.031
331.228,85.725,226.650,176.345
331.484,86.636,225.029,176.483
332.860,84.276,223.786,178.083
332.353,86.336,223.292,178.081
332.689,85.887,223.897,179.475
332.657,87.649,225.266,179.113
332.751,88.414,226.114,178.783
334.481,89.450,225.768,177.321
333.580,90.292,225.664,176.297
333.549,89.450,225.047,176.283
333.525,87.708,224.071,177.160
334.688,87.559,222.995,178.086
335.109,88.488,222.824,178.197
334.595,87.137,224.362,179.654
334.073,88.032,225.152,180.050
334.832,87.022,225.915,180.215
336.628,89.067,225.350,178.746
335.748,88.409,225.467,178.525
335.428,88.276,224.819,178.460
335.657,87.250,223.476,178.665
336.382,86.212,222.325,180.208
336.473,87.738,222.312,179.970
336.765,90.195,222.940,179.030
336.195,91.548,224.428,177.556
335.876,91.103,225.394,177.215
335.775,91.451,225.726,176.650
334.787,89.620,225.168,177.427
334.538,87.224,223.482,179.432
333.893,85.676,222.568,181.463
334.072,84.946,222.212,182.764
334.333,85.207,222.306,183.005
335.706,86.704,223.501,182.619
336.978,86.858,228.024,183.239
337.141,89.240,229.066,180.383
334.316,94.722,228.126,176.533
334.214,94.708,227.893,174.976
334.555,90.065,232.159,176.888
332.461,80.762,234.696,181.494
330.257,78.114,231.971,184.677
330.725,82.812,229.583,183.782
332.277,84.219,228.353,183.246
333.972,87.780,228.222,181.381
333.852,89.398,227.498,179.875
332.357,90.716,225.821,178.681
331.940,89.101,223.216,179.109
331.093,82.711,222.179,182.574
331.099,83.717,220.487,182.654
331.923,82.952,219.489,183.195
332.798,83.248,219.445,183.550
332.379,84.358,222.408,183.832
335.937,85.180,228.162,183.651
337.727,90.367,234.827,180.530
335.565,92.063,236.496,177.435
334.919,90.192,236.728,177.037
330.897,87.677,235.031,178.023
329.188,86.297,230.861,179.121
328.000,80.683,229.938,183.332
330.386,81.791,226.466,183.834
331.927,83.823,224.106,183.114
332.902,83.618,223.606,184.268
335.639,83.177,224.978,184.896
338.183,87.560,228.956,182.862
341.254,88.780,235.138,180.760
339.299,88.895,236.018,178.752
337.782,88.330,235.322,178.378
335.220,86.405,232.667,179.023
334.362,83.006,229.019,180.632
335.835,80.439,226.154,182.909
336.860,80.161,223.724,183.798
337.651,81.366,222.190,183.443
339.546,82.375,221.562,183.019
340.447,83.763,222.949,183.289
342.872,86.589,223.470,180.871
343.319,85.180,224.499,179.899
342.623,87.159,223.134,179.328
341.557,84.237,222.016,179.908
341.872,80.322,220.108,181.907
341.429,79.070,218.506,182.856
341.773,81.590,217.626,181.661
343.121,82.390,217.573,181.606
344.951,84.215,218.084,180.750
345.351,86.707,219.721,179.655
345.178,88.408,219.865,178.261
344.583,87.677,219.915,177.892
344.064,86.436,219.612,178.436
343.069,82.294,218.810,180.869
343.473,80.844,217.900,181.796
343.903,79.815,217.592,182.028
345.069,82.249,217.604,180.906
345.643,83.212,219.884,181.497
346.004,85.745,221.485,180.308
346.719,86.782,222.121,179.396
345.331,86.424,221.939,178.810
345.041,85.857,220.767,179.183
344.312,82.363,219.637,181.114
344.286,79.730,218.214,182.967
344.499,80.898,217.520,182.862
343.559,81.706,219.080,183.651
344.513,83.597,221.548,183.840
346.582,86.573,222.612,181.498
347.423,87.920,224.574,180.276
345.649,87.698,224.523,179.731
343.527,86.536,223.278,180.329
342.508,84.643,221.415,181.287
342.353,80.252,219.481,183.813
342.318,81.497,217.771,183.650
343.955,83.444,216.695,182.968
344.969,83.267,216.458,182.852
346.913,84.488,217.903,182.745
348.995,88.213,220.940,180.953
349.003,87.056,223.308,179.589
346.691,87.674,223.388,179.173
344.486,86.525,221.505,180.036
344.056,82.308,219.914,182.073
344.023,79.417,218.412,184.560
345.516,81.515,217.282,183.985
346.273,81.476,217.107,184.788
347.269,83.544,217.856,184.347
348.657,84.883,219.388,182.797
349.771,85.904,222.888,181.719
349.113,83.502,224.125,181.995
345.935,82.831,223.266,182.552
343.394,82.533,221.718,183.133
343.127,79.741,219.868,184.977
343.958,81.394,217.965,184.618
344.917,81.300,217.497,184.693
345.839,81.235,217.882,184.545
347.036,83.188,219.309,183.591
348.033,83.910,221.942,182.709
346.640,83.903,221.539,182.004
343.920,82.803,220.741,182.123
343.003,79.325,218.889,183.877
341.853,77.454,217.562,185.212
342.443,77.266,216.124,185.576
343.927,79.094,215.510,185.025
345.274,80.699,217.121,184.268
346.840,84.241,220.269,182.969
347.450,80.418,222.300,183.541
342.759,85.879,220.912,181.237
341.551,80.826,219.680,182.822
340.878,77.947,218.026,184.690
340.467,76.892,216.475,185.618
341.667,79.001,215.992,185.169
343.174,80.060,216.972,184.879
345.245,83.569,219.641,182.913
346.918,81.269,223.374,183.411
342.685,83.270,223.458,182.712
339.426,82.530,221.279,183.248
338.159,77.339,218.989,186.333
338.888,77.716,216.968,186.578
339.558,76.221,215.681,187.708
341.248,76.544,215.456,187.730
342.217,75.899,218.700,189.559
346.266,82.167,225.784,188.144
344.549,81.390,226.288,186.652
341.959,79.544,224.816,186.474
337.573,78.445,221.775,187.600
336.483,77.414,219.879,188.338
337.409,77.769,218.231,188.111
338.854,78.294,217.473,187.874
340.242,79.473,217.854,187.321
343.259,82.256,220.344,185.697
344.335,79.288,224.920,184.854
342.686,80.864,225.922,183.596
339.165,78.990,223.968,184.372
336.298,76.878,221.554,185.080
337.172,76.914,219.661,185.001
337.804,76.279,218.125,185.270
338.169,76.825,217.903,184.652
339.363,78.646,218.630,183.755
341.383,82.390,222.253,182.202
342.362,80.779,226.060,181.904
339.977,79.954,225.956,182.460
337.369,79.394,222.687,183.515
336.394,75.134,220.789,185.763
335.802,75.687,219.042,185.968
336.660,74.885,217.936,187.137
338.160,75.949,217.554,187.101
340.315,76.491,218.926,186.510
343.461,79.548,227.478,186.082
342.066,78.487,229.233,184.794
337.623,78.632,227.619,184.459
334.416,86.415,223.746,180.989
334.455,73.087,221.594,185.737
334.011,78.320,220.055,184.346
335.507,73.829,218.639,185.880
336.094,72.754,218.843,186.959
337.828,75.127,220.800,187.451
341.601,81.388,225.732,185.254
340.350,78.999,228.186,184.987
337.186,78.548,228.052,184.542
332.796,83.051,225.537,183.099
332.561,73.612,222.657,187.109
331.595,78.491,221.379,185.806
332.862,74.008,220.037,188.222
333.331,72.841,220.558,189.292
335.328,72.373,223.298,189.869
338.143,83.297,228.801,185.435
339.719,83.528,231.543,182.929
338.099,82.497,232.102,182.436
332.962,84.830,227.612,181.773
332.838,71.749,224.728,188.730
331.479,74.309,223.483,189.382
332.338,75.246,222.016,188.965
334.778,74.471,221.618,189.413
337.860,81.003,225.277,186.886
342.682,86.563,230.168,182.999
340.832,90.182,234.229,178.510
337.510,89.488,234.211,177.424
334.735,87.486,231.350,178.739
325.934,95.240,234.977,182.238
