169.000,46.000,250.000,181.000
167.907,47.273,251.032,178.316
167.415,47.864,249.347,177.037
167.733,47.666,248.173,177.184
168.379,48.586,250.091,177.742
169.495,49.995,252.530,178.238
170.685,50.929,258.402,181.327
165.812,47.988,255.810,182.207
171.810,47.607,260.245,182.431
169.891,46.358,260.647,183.260
172.868,48.035,265.108,185.535
172.755,45.197,264.599,184.157
175.684,45.375,262.905,183.865
177.591,45.588,259.642,182.076
178.956,44.805,262.589,182.153
178.376,45.877,260.248,180.820
181.440,44.918,262.349,181.723
182.130,46.569,257.384,180.973
182.376,46.133,258.439,181.667
181.908,45.441,259.318,180.877
183.021,45.821,262.347,183.530
180.780,47.079,263.923,184.862
176.327,47.416,263.839,183.170
181.558,47.421,265.669,186.976
180.318,46.929,269.600,188.673
177.513,45.353,272.192,191.704
181.011,39.954,279.699,194.610
173.716,41.712,285.472,195.834
166.420,47.431,286.799,190.239
162.606,44.434,276.924,185.668
163.240,57.033,273.787,180.090
170.750,55.383,271.420,176.407
172.333,57.965,268.483,173.376
175.390,55.596,270.539,174.069
174.621,56.232,270.994,174.025
173.215,50.439,268.494,175.589
175.703,50.368,271.490,176.010
169.998,58.824,266.017,171.850
171.757,53.500,262.775,173.901
169.049,58.202,257.874,169.169
176.422,65.008,256.146,164.987
172.529,61.952,252.784,163.979
173.743,66.686,254.112,161.482
171.907,65.080,253.826,159.940
172.867,70.757,252.518,157.294
169.422,64.556,251.905,157.773
171.095,69.503,247.063,156.028
174.383,67.884,245.564,156.244
173.398,71.946,244.401,153.817
171.696,71.668,243.042,153.011
170.180,73.492,240.999,152.682
171.422,71.006,240.693,152.359
177.912,67.268,247.080,155.241
173.374,68.055,248.401,155.906
173.410,66.069,251.641,158.171
174.101,63.573,256.123,160.461
170.586,63.400,256.802,161.258
169.004,63.974,255.720,160.703
168.761,64.608,253.781,160.020
169.209,64.056,251.910,160.259
169.598,64.596,250.488,159.657
171.364,65.126,249.827,158.740
172.279,65.952,250.794,157.965
170.217,66.996,249.155,157.184
172.631,67.542,250.238,156.898
173.463,68.489,250.922,157.381
170.158,67.752,249.614,157.388
173.755,65.893,249.878,159.815
172.149,67.417,250.080,159.901
169.457,64.992,247.772,160.400
173.398,65.242,249.385,162.203
170.369,65.103,248.153,162.211
170.971,62.821,247.762,163.132
172.237,61.142,248.013,165.072
172.854,63.264,249.609,164.154
171.635,64.113,247.356,162.458
172.584,63.402,246.652,162.732
174.484,64.293,246.707,162.091
174.075,66.560,245.268,161.314
173.142,63.043,244.190,160.859
174.366,67.099,244.681,158.926
173.208,67.931,244.261,157.985
174.793,68.707,245.470,157.243
170.745,69.851,244.662,156.126
171.929,68.251,244.526,154.596
172.673,68.088,246.593,156.005
171.720,68.967,247.834,156.480
171.523,68.995,249.301,156.529
171.967,71.474,250.477,155.462
171.006,69.646,248.163,154.676
173.018,71.778,249.544,153.939
170.277,71.593,247.915,152.572
170.381,69.609,247.182,152.993
176.303,72.845,249.710,152.983
171.544,68.346,248.285,154.227
173.540,68.820,250.733,153.931
170.366,70.052,250.571,154.547
171.158,66.366,250.970,156.209
173.292,69.963,252.199,155.848
171.414,62.391,252.032,159.641
172.270,62.044,250.858,160.187
172.697,61.483,250.157,161.094
172.908,61.441,248.570,161.162
173.314,63.299,248.782,160.032
172.492,67.324,250.429,158.373
172.016,65.725,248.146,158.803
173.499,64.888,247.150,159.216
173.019,66.745,247.447,158.142
173.957,64.099,247.087,160.149
173.664,64.284,248.375,160.034
172.154,63.332,247.581,160.843
174.022,66.431,248.599,159.160
173.243,66.541,247.455,159.005
173.666,65.531,245.484,159.372
172.861,68.352,244.575,158.278
174.021,67.176,245.812,157.565
172.501,68.444,246.306,156.593
171.549,70.607,247.015,155.041
168.108,70.301,246.134,152.847
170.988,72.817,250.132,153.032
170.755,72.078,253.398,153.295
169.611,72.034,257.925,154.337
167.646,70.652,261.008,155.228
166.576,72.430,263.445,154.950
165.093,67.572,263.288,156.377
167.676,66.281,264.019,157.726
157.576,66.274,260.008,159.768
167.110,63.654,260.801,159.971
171.399,62.405,262.093,163.348
163.773,62.568,260.591,164.873
169.141,60.235,261.167,166.031
168.271,61.410,260.968,166.701
173.965,58.785,264.461,168.945
162.843,61.735,261.256,168.650
168.374,60.193,261.832,168.611
175.621,57.539,266.245,168.737
172.749,59.722,266.041,169.169
173.950,58.977,265.586,168.336
167.123,63.963,264.753,167.545
171.102,63.761,264.132,167.147
173.182,62.311,264.902,166.683
171.234,64.325,264.584,166.688
172.937,59.521,264.745,165.321
173.096,61.534,264.312,167.411
172.786,64.181,264.979,169.552
172.123,60.860,264.024,167.203
174.496,62.559,263.802,169.251
175.167,59.961,264.562,169.916
176.114,57.415,267.374,170.211
170.993,54.119,265.449,172.340
174.647,47.586,267.454,173.332
178.426,41.509,275.185,178.187
172.577,51.876,276.051,176.087
173.438,43.073,277.401,178.839
176.776,37.746,283.766,179.356
163.714,46.133,279.517,178.312
165.632,41.819,277.254,175.544
164.761,50.219,275.214,174.701
165.781,42.106,269.632,175.799
173.185,45.325,273.059,176.877
169.419,37.206,274.089,179.038
171.780,44.141,272.085,178.205
176.508,34.063,278.140,176.353
183.052,43.640,281.468,176.876
175.483,42.773,285.142,172.979
185.562,43.701,288.622,171.283
181.650,41.481,287.125,168.759
186.221,38.402,284.538,166.126
183.475,48.556,280.909,165.828
181.988,43.629,279.772,163.529
195.572,43.108,280.148,162.699
190.153,44.516,276.066,162.899
186.211,50.689,273.597,161.291
181.569,46.091,272.482,159.649
191.092,54.840,272.037,160.250
184.050,50.799,273.764,156.268
186.036,49.459,273.461,158.017
176.623,52.276,271.617,160.900
173.314,50.252,266.146,161.817
174.799,49.592,264.282,163.315
174.047,48.802,260.688,165.186
174.660,43.817,259.522,166.255
172.859,40.073,257.918,166.815
167.656,43.103,255.862,169.201
165.589,41.229,256.082,172.644
162.320,37.457,253.963,176.526
160.758,37.156,253.603,178.968
159.408,33.219,252.141,181.165
159.429,31.699,250.752,182.588
158.639,29.288,251.054,185.213
155.210,35.320,249.555,182.451
155.525,32.581,251.943,187.014
151.999,31.347,250.937,187.536
152.770,28.034,250.103,190.411
149.779,28.848,248.140,189.369
148.082,28.941,247.585,188.310
145.747,30.618,248.337,186.217
146.161,28.677,249.749,185.770
145.984,31.636,246.469,182.862
146.589,33.702,244.804,179.645
145.248,36.539,244.206,177.717
144.853,37.732,243.973,176.579
144.252,38.589,243.283,175.411
142.119,39.809,241.951,174.692
141.590,38.015,241.515,175.806
142.155,39.704,243.701,175.958
138.423,39.555,246.102,176.113
135.656,37.984,245.087,177.610
133.731,39.655,245.385,179.601
129.781,37.788,245.209,183.019
124.982,36.715,244.067,185.497
129.393,33.908,239.543,187.279
132.223,29.891,235.389,191.555
131.175,31.869,236.587,191.206
134.140,32.340,232.667,189.871
135.876,34.306,231.567,187.767
129.062,37.929,231.466,184.188
133.742,36.718,227.978,183.414
127.630,36.905,231.653,184.107
130.122,34.679,229.115,182.850
125.561,35.007,230.715,182.772
124.859,33.288,231.152,182.114
123.923,32.595,234.483,181.632
121.240,30.577,238.414,183.496
118.314,32.418,240.134,182.716
116.859,31.527,242.220,182.681
114.956,31.932,245.129,182.139
113.982,33.103,246.608,181.928
112.448,32.609,247.527,182.193
111.310,33.832,248.421,182.508
111.222,32.935,248.962,183.563
109.746,36.804,248.383,182.343
108.675,37.406,249.148,183.937
110.075,38.445,251.054,184.188
107.801,38.671,249.149,183.123
110.612,33.816,247.305,186.244
110.288,35.396,247.739,185.722
109.251,36.930,247.809,185.322
111.223,37.725,246.906,184.147
111.246,39.513,247.943,182.574
114.250,40.845,248.408,179.755
115.649,38.782,246.391,179.682
119.426,37.379,245.852,180.464
116.109,39.653,244.103,181.698
119.675,40.965,243.353,179.919
124.410,42.017,238.829,179.136
119.492,42.746,238.150,179.001
123.683,42.382,237.667,176.585
120.203,43.223,239.724,176.693
126.176,42.496,239.031,176.190
116.549,44.268,243.367,176.213
121.625,44.565,243.392,175.141
114.922,47.923,244.856,174.173
116.139,48.575,241.315,172.247
115.613,49.378,239.815,171.663
116.190,47.613,239.628,172.546
113.380,49.534,239.204,171.763
116.722,49.988,239.577,171.897
114.137,50.960,240.563,170.173
117.523,50.321,240.353,169.696
118.367,49.695,241.468,169.820
119.695,49.236,242.915,170.563
116.746,55.057,241.911,167.834
116.791,58.814,238.631,163.366
115.970,62.209,236.200,159.834
116.692,63.533,237.407,156.752
118.627,65.357,234.688,153.883
116.845,66.793,234.553,151.640
118.802,67.818,236.775,150.462
115.248,68.355,237.405,150.256
111.888,66.224,237.440,149.885
109.819,71.686,236.306,148.250
111.415,69.800,234.015,148.035
111.397,67.277,228.990,149.169
113.194,71.458,227.223,146.700
112.180,72.699,226.001,145.176
111.609,78.121,224.295,145.219
109.271,74.379,222.668,151.773
110.246,74.837,225.072,156.878
105.884,78.884,225.612,157.936
103.723,83.786,224.413,156.116
104.639,84.686,223.051,154.242
102.666,86.175,220.321,153.143
102.314,85.850,218.039,151.311
104.012,83.154,216.326,152.333
105.076,82.320,213.798,152.598
106.787,80.807,210.951,153.629
107.016,80.627,207.726,153.426
113.565,69.490,205.396,155.170
114.908,68.838,203.265,157.206
117.352,65.103,202.783,160.658
117.290,64.758,199.794,160.036
115.981,65.240,197.539,157.995
114.960,66.101,193.854,155.350
108.749,73.426,189.493,150.718
109.475,81.971,186.908,145.827
105.760,89.586,184.575,141.331
105.250,94.234,183.274,139.199
103.162,96.522,179.647,137.426
105.258,92.221,177.875,139.973
100.367,89.655,174.170,142.030
102.718,85.544,172.724,146.904
102.778,87.253,171.176,149.558
101.888,95.101,170.720,152.038
113.127,92.056,173.003,156.826
133.793,87.081,176.961,158.762
127.227,75.146,180.384,156.704
126.680,78.527,181.468,158.410
123.232,74.542,183.102,157.119
98.490,54.417,183.341,156.110
126.103,68.622,187.778,155.364
121.890,80.115,192.534,155.118
169.318,75.843,196.148,155.235
326.907,63.319,198.530,157.086
330.136,47.803,199.158,158.559
327.685,60.796,201.394,158.524
331.608,44.354,201.767,161.630
327.290,51.880,203.060,162.152
327.852,52.835,203.983,167.472
329.386,47.526,204.208,170.376
322.822,49.858,206.440,172.466
326.542,39.954,206.750,174.875
328.163,42.864,207.087,176.530
297.964,50.281,209.292,175.968
306.346,38.414,211.283,174.792
304.747,46.140,213.547,175.482
306.553,36.127,214.670,174.190
300.711,50.384,217.716,173.951
286.734,42.963,219.317,173.221
295.094,42.482,220.887,172.096
292.314,47.182,222.732,171.515
270.058,38.623,226.307,169.362
265.057,45.074,230.330,169.245
280.415,39.824,230.787,169.589
268.123,42.028,234.344,169.699
239.619,40.951,240.250,170.267
198.191,45.449,249.219,168.516
198.216,40.443,255.340,168.044
203.207,34.643,264.987,166.916
224.485,40.863,270.112,166.082
190.150,40.487,275.976,165.618
195.929,35.659,283.195,165.186
248.995,38.540,282.111,164.907
223.661,35.640,282.585,164.296
238.278,37.806,282.553,164.415
259.301,36.530,278.611,164.278
250.230,40.743,275.401,164.054
241.789,36.400,274.754,164.179
255.343,34.393,271.078,163.527
224.550,29.877,274.305,163.567
171.343,51.587,277.438,164.000
183.234,51.173,281.965,164.119
173.430,61.930,286.017,166.627
180.295,63.692,289.964,169.196
172.404,59.463,292.783,168.980
169.691,56.965,294.836,168.437
169.407,55.471,296.873,169.293
166.854,55.016,298.107,169.982
165.364,57.313,299.096,171.540
165.030,55.013,299.998,171.352
164.615,56.787,299.734,172.317
165.286,53.385,300.431,172.061
165.864,51.472,299.801,172.006
165.998,58.460,298.656,171.604
164.498,58.011,297.759,169.804
167.921,53.885,300.014,170.072
168.982,50.157,301.427,171.074
166.590,54.429,300.023,170.189
168.206,55.123,302.000,171.826
167.593,53.172,302.690,172.149
167.895,48.901,304.242,171.948
168.381,50.069,304.137,172.154
167.453,52.120,302.281,173.853
170.780,44.719,304.905,174.400
169.816,48.546,305.267,175.827
170.876,39.787,307.023,176.819
168.163,47.257,309.535,176.996
164.721,42.150,308.078,176.442
171.641,38.631,309.938,177.039
