771.000,367.000,52.000,25.000
771.967,366.931,55.317,24.549
769.548,366.656,56.276,24.546
770.633,366.728,57.607,24.368
770.944,366.604,58.860,24.461
771.923,366.519,61.445,25.007
770.292,365.953,62.955,25.510
769.522,364.778,64.666,26.150
768.301,365.330,65.814,26.042
767.644,365.043,67.612,25.651
767.918,365.056,70.187,25.515
765.509,365.186,71.645,25.060
765.407,365.468,74.676,25.285
762.753,365.474,76.515,25.360
761.327,365.367,79.372,25.570
759.549,365.811,83.427,25.856
756.455,365.736,87.108,25.892
754.198,365.647,91.440,26.115
751.998,365.398,94.758,26.879
749.772,366.150,97.835,26.979
746.251,366.331,99.946,27.106
744.475,366.249,101.075,27.356
742.440,366.177,102.658,27.521
740.262,366.469,104.280,27.730
735.422,366.723,105.375,27.502
731.095,365.861,107.760,27.852
730.827,364.787,110.447,28.568
728.104,364.892,113.308,29.351
727.344,363.647,116.220,29.899
722.565,362.494,119.429,31.107
717.290,362.052,120.368,31.845
715.017,360.493,122.849,32.363
711.344,358.907,125.557,33.175
708.750,357.395,129.021,33.869
706.048,359.201,129.661,33.270
704.951,358.238,130.972,33.960
702.328,357.138,133.595,34.667
698.517,358.249,131.290,34.033
698.071,358.560,130.675,34.201
697.495,358.956,129.753,34.333
694.760,359.967,128.595,34.324
689.955,359.453,126.642,34.291
689.190,360.517,124.512,33.804
685.182,360.832,122.854,33.589
685.569,360.648,123.401,33.532
682.790,361.620,125.845,33.102
679.225,360.538,126.437,33.528
676.876,360.939,128.253,33.411
675.181,360.911,129.519,33.850
674.927,361.034,132.156,34.359
668.694,360.174,132.720,34.792
669.715,359.061,135.583,35.262
660.990,357.921,134.918,35.829
659.492,357.866,133.711,36.369
654.933,359.270,133.937,35.954
650.584,359.214,135.681,35.601
646.954,358.716,136.258,35.378
641.604,358.920,135.835,35.036
632.029,359.222,133.581,34.728
631.027,358.781,132.385,34.610
625.534,359.411,128.298,33.911
623.395,361.287,124.900,32.717
622.456,362.531,122.457,32.105
621.482,363.574,121.374,31.732
619.354,363.533,119.125,31.767
617.914,363.569,117.809,31.880
615.428,362.768,116.843,32.104
612.003,363.353,114.309,31.967
609.050,363.069,112.762,32.096
605.299,363.784,108.623,31.920
603.648,364.038,104.645,30.716
603.439,364.431,101.356,30.014
601.587,364.233,97.287,29.662
599.837,364.237,94.576,28.847
598.455,364.544,94.776,28.664
594.899,364.765,94.642,28.390
593.099,364.889,94.107,28.314
590.564,364.914,92.999,28.464
588.075,364.842,91.444,28.499
586.772,364.281,90.468,28.534
584.307,364.154,88.467,28.319
581.796,364.111,85.181,28.028
580.388,364.123,82.650,28.163
578.096,363.865,79.725,27.959
576.091,363.734,77.485,27.899
574.761,364.026,75.824,27.344
573.395,364.285,73.286,26.770
571.336,364.701,71.070,26.372
569.712,364.427,68.659,26.037
567.708,364.104,66.613,25.848
566.225,364.344,64.750,25.629
564.775,364.205,63.209,25.528
562.179,363.930,61.992,25.227
560.680,363.678,60.736,25.018
558.460,363.770,59.486,24.804
556.933,363.676,58.274,24.588
554.057,362.955,56.461,24.121
552.468,362.904,54.962,23.690
551.597,363.766,53.952,23.527
547.379,363.497,53.530,23.005
542.974,364.241,54.308,22.722
542.791,364.452,54.405,22.378
538.793,364.018,54.799,22.381
545.340,359.458,53.592,23.085
544.245,356.629,52.088,24.375
544.506,355.474,50.837,25.394
540.173,358.955,49.608,25.436
539.275,360.858,48.858,25.097
540.080,356.596,48.462,25.540
537.516,357.880,48.349,25.529
536.149,357.375,48.771,25.630
533.849,358.070,49.282,25.459
526.757,361.009,50.231,25.103
527.989,360.257,50.989,24.614
525.431,361.690,51.541,24.168
525.173,361.847,51.658,23.424
524.254,363.031,51.823,22.700
523.036,363.897,51.613,21.612
521.936,364.607,52.107,20.798
521.264,365.145,52.473,20.037
521.841,365.164,53.345,19.962
520.356,365.138,54.596,20.193
520.487,365.202,56.397,20.687
519.424,365.452,58.151,21.264
518.844,365.383,60.263,21.987
518.831,365.505,62.943,22.397
517.808,365.256,65.161,22.994
517.399,365.508,67.112,23.613
517.609,365.091,69.029,24.132
519.356,364.777,71.146,24.667
520.129,364.223,72.976,25.445
520.268,363.676,74.894,26.230
519.603,363.006,77.231,26.905
519.006,363.022,79.870,27.481
519.239,362.463,81.889,27.855
519.901,362.120,83.347,27.913
520.147,361.885,85.741,28.288
520.734,361.407,87.997,28.681
521.319,360.811,89.922,29.224
522.129,361.032,92.035,29.342
523.025,361.240,93.167,29.223
524.366,361.109,94.545,28.894
525.572,360.729,96.261,28.578
526.669,361.035,97.716,28.689
528.768,360.097,99.010,28.274
530.026,360.095,100.739,28.732
532.615,359.762,101.306,28.953
535.315,360.004,102.116,29.116
536.536,359.974,102.895,29.297
538.609,360.274,104.118,29.600
538.927,361.046,105.983,29.601
540.486,360.981,107.745,29.804
543.595,361.350,107.538,29.646
546.662,361.035,106.762,29.369
547.028,361.350,107.747,29.475
549.257,361.469,108.166,29.256
551.502,361.271,108.001,29.478
554.007,361.391,108.522,29.490
556.455,360.750,109.690,29.665
560.643,360.273,110.734,29.651
562.590,360.043,110.679,29.468
566.665,359.485,110.306,29.364
568.319,360.184,111.842,29.589
572.110,359.332,110.462,29.606
576.927,358.125,110.084,29.859
579.827,358.862,109.571,30.677
584.238,358.318,108.512,31.168
588.491,359.554,107.660,31.204
591.916,357.950,106.938,31.751
594.388,358.792,106.745,31.538
596.879,358.345,106.661,31.457
601.495,358.430,106.745,31.656
605.154,357.767,107.321,31.921
609.137,357.092,108.333,32.336
610.457,357.422,108.406,32.254
614.446,357.097,108.901,32.473
616.098,355.815,108.379,32.924
617.824,357.799,108.388,32.820
621.643,356.614,108.518,33.031
623.608,357.910,107.997,32.978
628.670,356.835,107.306,33.056
628.858,358.005,106.980,32.631
629.443,359.534,107.562,32.022
633.887,359.400,107.889,31.379
635.307,360.149,108.614,30.986
642.707,360.383,108.219,30.367
646.227,360.562,107.856,30.034
649.438,360.987,106.629,29.542
653.970,361.234,104.303,29.022
659.184,361.240,102.482,28.636
663.747,362.589,100.351,28.047
668.646,362.229,96.895,27.558
673.231,362.518,94.885,27.190
677.047,362.625,92.070,26.829
681.465,363.333,90.189,26.543
685.211,362.825,86.917,26.681
688.341,361.782,84.209,27.123
690.956,362.149,81.837,27.560
694.862,361.531,79.514,28.089
698.145,358.770,77.286,29.585
702.372,362.846,76.320,28.804
702.816,360.868,75.704,29.153
706.801,361.403,74.462,29.228
710.269,360.476,73.255,29.485
712.626,361.103,72.165,29.245
716.895,361.461,70.149,29.164
720.329,361.930,68.317,29.052
724.992,362.694,66.008,28.576
728.268,364.326,63.519,27.834
731.709,365.253,61.005,27.083
738.106,365.512,57.082,26.312
741.530,366.693,53.833,25.306
744.578,367.241,50.382,24.605
748.113,367.026,48.234,24.273
750.632,366.919,47.457,24.060
752.030,366.270,46.408,24.291
755.412,366.538,44.487,24.382
755.972,366.631,43.725,24.462
758.218,367.247,43.372,24.646
759.918,366.274,43.562,25.117
761.833,365.736,45.875,26.073
762.562,364.995,48.261,26.809
763.208,364.988,50.185,27.300
763.742,364.655,52.059,27.351
763.563,364.615,54.825,27.105
762.607,364.882,56.688,26.743
763.471,364.990,58.628,26.545
762.444,365.397,60.335,26.244
762.820,365.890,61.662,26.102
762.569,365.684,63.411,25.955
762.474,365.784,65.846,26.144
761.661,366.311,70.014,25.722
760.210,366.489,74.467,25.422
757.421,366.659,78.401,25.311
752.743,366.447,81.784,25.203
751.870,366.370,82.689,24.905
750.364,366.174,83.959,24.747
747.636,366.954,86.855,24.557
744.924,366.938,90.198,24.613
743.864,366.821,93.760,24.786
741.677,366.556,98.182,25.407
739.538,366.752,103.199,26.362
734.660,365.994,107.278,27.425
730.934,365.508,110.050,27.795
726.795,364.944,113.388,28.620
726.450,364.181,118.646,29.847
722.977,363.063,123.471,30.996
719.196,362.481,127.202,32.136
716.150,361.495,128.914,32.843
713.008,360.367,132.651,33.472
709.681,360.068,134.846,33.561
706.142,358.821,135.622,33.885
703.321,357.970,134.136,34.253
701.308,358.090,131.985,34.290
702.564,356.914,134.673,34.877
699.643,357.139,136.292,34.764
698.638,356.945,135.727,35.010
697.063,357.405,135.553,35.105
696.827,357.564,137.020,35.113
691.985,358.332,137.438,35.180
688.580,358.350,135.832,35.428
691.740,358.752,137.501,35.800
686.092,356.942,137.931,36.193
684.367,358.820,140.256,36.792
684.377,356.493,145.565,37.253
674.640,357.720,144.133,37.784
683.068,357.125,150.081,37.951
674.019,357.357,152.081,38.285
672.161,356.199,155.249,38.524
656.765,355.539,151.191,38.740
655.789,354.769,147.384,38.649
654.932,355.023,144.779,38.443
650.733,356.643,141.675,37.890
646.340,357.873,139.150,37.182
650.486,358.221,138.413,36.768
645.600,357.615,137.490,36.771
643.352,358.179,137.171,36.959
636.395,358.181,134.917,36.812
631.959,358.959,132.164,36.657
627.670,358.506,129.269,36.210
625.281,359.942,126.679,35.478
625.748,360.629,122.381,34.626
622.334,361.595,118.424,33.175
621.182,362.460,115.589,32.120
619.696,362.457,112.747,31.502
619.693,362.539,112.148,31.205
618.809,361.156,112.460,31.844
617.092,359.880,112.292,32.495
614.624,360.624,111.687,32.439
609.831,362.065,107.630,31.779
607.219,362.195,103.227,30.693
605.789,362.678,98.180,29.389
605.600,362.651,92.330,28.350
605.877,362.698,87.975,28.120
605.352,363.213,85.684,28.453
603.190,362.989,82.633,28.512
601.775,363.358,80.432,28.586
599.516,363.277,77.088,28.100
598.526,363.440,75.002,27.939
596.514,363.413,73.350,28.024
594.821,363.737,71.127,27.631
593.516,363.543,69.282,27.070
590.111,363.620,66.045,26.268
590.193,364.166,64.592,25.216
588.635,364.117,62.920,24.760
587.573,363.918,61.027,24.242
587.194,364.714,60.248,24.138
585.941,365.081,59.735,23.765
584.352,365.455,59.354,23.642
582.820,365.157,58.776,23.679
580.091,365.165,58.158,23.904
577.644,364.798,56.986,23.986
575.462,364.149,55.916,23.751
574.449,363.329,55.101,23.713
572.802,362.956,54.288,23.546
572.971,362.658,54.133,23.499
571.871,361.222,53.889,23.538
568.385,359.910,53.893,23.565
566.343,360.710,54.113,23.614
563.656,360.340,54.349,23.608
556.087,364.021,55.559,23.298
556.497,361.645,56.074,23.077
557.362,359.767,55.898,22.966
544.153,364.056,57.002,22.723
547.472,363.943,57.064,22.537
550.757,361.961,56.843,22.500
547.390,361.758,56.770,22.418
542.481,362.919,57.590,22.392
545.200,363.034,57.220,22.318
545.691,361.911,56.831,22.283
544.447,362.115,56.842,22.139
543.820,363.170,56.726,21.905
544.341,362.463,56.290,21.799
541.466,363.683,55.635,21.206
539.488,364.414,56.077,20.436
538.334,365.050,55.573,20.013
537.635,365.392,57.802,19.871
537.303,365.050,58.955,19.707
537.287,364.767,60.264,19.845
536.144,364.293,61.042,20.332
536.625,364.812,62.793,21.044
536.591,364.720,64.397,21.633
536.414,363.951,66.209,22.667
536.981,363.728,67.589,23.581
536.306,363.380,68.652,24.475
537.764,363.148,70.058,25.142
537.410,362.749,71.704,25.844
538.522,362.656,73.861,26.366
539.826,362.146,75.309,26.865
540.385,361.659,77.180,27.471
540.613,361.090,79.330,28.174
541.743,361.113,81.624,28.881
541.753,360.987,83.556,29.326
542.047,360.434,85.363,29.642
542.901,360.424,87.029,29.716
543.446,360.704,88.349,29.659
544.850,360.559,90.451,29.924
545.158,360.490,91.555,30.026
547.464,360.170,93.411,30.132
547.891,360.352,95.150,29.980
549.975,360.306,96.037,29.863
551.391,359.937,96.557,29.707
553.797,359.440,97.901,29.746
555.517,359.129,98.996,29.722
557.424,358.563,99.886,29.581
558.756,359.818,100.701,29.443
560.896,359.939,100.885,28.842
563.031,360.378,101.595,28.510
565.972,360.413,103.319,28.583
567.338,360.290,104.986,28.452
569.375,359.870,106.177,28.688
572.328,359.029,106.963,28.915
575.097,359.409,107.473,29.815
577.661,358.989,107.882,30.432
579.822,357.801,107.929,30.888
583.300,357.402,108.090,31.319
585.222,357.049,107.548,31.227
588.708,357.177,106.865,30.957
591.878,357.862,106.383,30.592
593.937,357.913,106.329,30.554
596.801,358.306,107.051,30.404
600.094,357.350,107.398,30.505
603.827,357.276,107.927,30.509
607.026,356.942,108.121,30.553
609.790,356.767,108.398,30.792
612.091,356.218,108.585,30.991
614.616,356.760,108.799,30.954
617.456,355.442,108.219,31.428
620.100,356.916,108.042,31.764
621.853,354.917,107.228,32.204
626.770,356.831,107.404,32.043
626.785,356.181,106.820,32.340
629.715,355.973,106.528,32.452
634.190,357.035,106.118,32.085
642.298,356.946,107.121,32.082
643.688,359.496,107.245,31.630
644.300,360.635,107.355,31.147
649.286,360.466,106.487,30.338
651.472,361.109,105.734,29.945
656.889,360.741,105.377,29.559
660.409,361.577,103.550,29.054
664.439,361.606,102.012,28.496
669.305,360.970,100.959,28.530
673.370,360.886,100.025,28.501
676.764,361.140,98.614,28.417
679.014,362.558,95.863,27.886
682.920,362.879,92.081,27.703
687.250,363.466,89.614,27.446
691.891,362.404,87.577,27.816
694.938,362.417,86.316,27.828
698.771,360.420,85.176,28.385
700.095,360.816,83.409,28.628
704.425,361.002,82.671,28.867
706.523,361.200,81.596,29.193
709.365,362.236,80.385,29.242
713.589,362.556,78.346,29.418
717.512,362.710,75.990,29.315
720.747,363.297,73.613,29.176
724.715,362.021,71.368,29.193
726.635,361.327,69.874,29.219
732.363,363.001,67.553,28.730
734.243,362.292,65.339,28.368
738.684,363.806,63.107,27.734
743.035,363.969,60.399,26.939
747.262,364.609,56.823,26.254
751.426,365.206,53.578,25.569
755.272,365.954,50.928,25.030
758.056,365.237,48.684,24.932
761.594,365.000,46.500,24.885
765.396,365.778,45.505,24.422
767.744,365.224,45.734,24.482
769.489,365.287,45.999,24.005
771.182,365.636,47.064,23.821
772.191,365.824,47.876,23.798
773.379,366.432,48.894,23.714
772.132,365.187,46.685,24.131
774.020,364.734,45.852,24.408
774.781,364.319,46.077,24.464
775.938,364.342,46.650,24.694
776.356,364.239,48.009,24.631
777.235,365.354,49.462,24.263
777.265,365.592,51.234,24.366
777.319,365.682,52.802,24.649
778.364,365.873,55.112,25.072
778.299,365.106,57.639,25.628
778.192,365.597,61.036,26.055
777.204,364.504,63.990,26.574
774.743,364.508,66.132,27.036
773.214,365.134,68.377,27.026
772.606,365.193,70.837,27.155
769.651,364.391,74.602,27.365
767.862,364.855,78.686,27.440
766.487,364.799,81.782,27.734
765.780,364.833,83.629,27.956
765.184,364.581,85.870,28.353
763.784,364.336,87.318,28.623
761.497,363.933,89.206,28.804
757.944,365.063,92.220,28.587
755.497,365.146,94.579,28.234
751.300,365.007,97.443,27.994
751.015,365.634,100.049,27.421
748.540,365.786,103.526,27.282
746.067,366.007,105.972,27.256
736.933,363.478,110.563,28.085
736.663,363.767,115.399,28.893
733.798,363.673,119.130,29.561
728.235,361.982,122.184,30.516
724.387,361.120,123.261,31.134
720.132,359.412,125.607,32.140
715.126,357.826,128.656,33.198
712.128,357.493,131.109,34.201
711.138,357.479,132.735,34.614
710.294,357.613,134.177,35.153
709.346,357.538,135.512,35.466
707.267,355.525,137.345,35.866
706.710,356.109,138.502,36.255
706.451,357.045,138.082,36.375
704.801,356.909,140.543,36.400
703.050,357.159,142.128,36.441
699.907,357.127,142.944,36.476
697.376,357.410,141.993,36.857
696.884,356.499,140.579,36.834
699.596,357.749,141.985,37.533
694.098,358.150,140.755,37.845
691.528,358.719,139.163,38.077
688.931,358.685,138.576,37.889
687.047,358.001,138.572,38.137
681.067,356.960,136.873,38.226
677.866,358.197,133.769,38.241
680.104,358.596,133.541,37.595
680.132,358.626,134.153,37.238
676.744,358.860,135.552,36.813
668.339,358.757,134.892,36.350
671.502,357.748,135.044,36.258
670.207,359.007,136.635,36.190
666.906,358.922,138.008,35.964
662.171,359.435,139.160,35.918
660.581,358.058,140.383,35.700
649.875,358.060,137.967,35.868
645.956,359.804,136.700,35.661
645.731,360.380,136.922,35.453
642.279,360.219,135.871,35.242
638.292,360.765,133.261,35.010
636.485,361.028,130.642,34.344
633.436,362.389,126.879,33.094
629.874,362.941,122.499,31.839
628.748,363.086,118.100,30.707
626.137,362.759,114.487,30.026
625.650,363.362,111.687,29.853
623.778,363.528,108.892,29.456
621.908,363.564,106.703,29.079
620.772,363.652,104.502,28.894
618.634,362.854,102.420,28.909
616.324,362.136,99.415,28.892
615.052,362.158,94.990,28.439
614.599,361.609,90.421,28.108
615.235,361.751,85.758,27.514
615.058,362.109,81.717,27.117
614.753,362.171,77.947,26.894
614.346,362.765,75.097,26.661
613.591,362.751,72.375,26.530
612.857,362.694,70.204,26.587
611.598,362.787,68.018,26.642
611.220,362.661,66.069,26.222
610.133,362.588,65.264,26.104
609.082,363.529,64.292,25.866
607.030,363.313,63.043,25.618
607.646,362.959,62.966,25.695
606.000,363.157,62.865,25.727
604.147,363.274,62.060,26.064
603.952,363.206,61.483,26.403
602.831,362.090,60.990,26.835
602.088,362.519,60.596,27.035
600.639,362.826,60.207,27.168
600.285,362.515,59.843,27.259
599.314,362.954,59.385,27.356
599.210,362.584,60.309,27.757
595.022,363.692,59.552,27.472
591.635,363.661,57.855,26.992
590.538,363.572,57.421,26.530
587.613,364.476,57.339,25.895
586.277,365.128,57.416,25.224
583.925,365.197,57.798,24.845
584.018,365.430,57.150,24.513
584.807,364.830,54.635,23.921
586.392,364.405,51.973,23.646
584.921,364.741,51.059,23.132
579.716,365.401,51.389,22.860
580.860,364.318,51.119,22.847
578.162,365.308,51.353,22.572
578.767,365.696,51.301,22.379
579.346,365.456,50.857,22.020
576.922,365.478,50.405,21.734
577.263,365.033,49.749,21.588
575.528,365.166,49.121,21.324
575.275,365.855,48.668,20.887
574.838,365.906,48.523,20.487
574.209,366.046,48.383,20.264
574.164,366.635,49.151,19.912
573.660,366.647,50.345,19.874
572.276,366.317,50.596,19.900
571.831,366.459,51.375,19.946
571.250,366.072,51.619,20.030
571.065,366.028,52.029,20.328
571.192,366.318,53.727,20.614
572.344,365.843,55.819,21.039
571.704,366.137,58.379,21.530
572.432,365.247,60.765,22.128
571.561,365.132,62.756,22.841
572.492,364.491,65.604,23.356
572.150,364.083,67.571,23.810
572.182,363.659,69.350,24.297
572.338,363.809,71.454,24.852
573.757,363.493,74.086,25.066
572.843,362.955,76.216,25.582
573.434,362.629,78.800,25.966
574.317,362.247,80.521,26.319
574.427,361.418,82.702,26.871
575.389,360.561,85.067,27.575
574.003,359.851,86.783,27.916
575.063,359.304,88.576,28.333
575.262,358.859,90.499,28.756
577.137,358.540,91.835,29.067
577.929,358.353,92.733,29.295
580.241,357.955,93.992,29.631
582.000,357.762,94.623,30.225
583.447,357.761,95.021,30.521
585.703,357.694,94.603,30.836
588.454,357.138,94.746,31.221
590.533,357.225,95.351,31.492
592.077,356.851,95.753,31.629
594.170,356.910,96.472,31.915
596.513,356.568,97.311,31.787
598.810,356.686,97.879,31.615
600.737,357.180,98.636,31.413
604.084,357.163,99.582,31.340
606.297,357.367,101.223,31.253
608.613,356.747,102.991,31.431
609.508,356.163,104.281,31.330
611.693,355.308,105.884,31.460
612.572,355.340,106.471,31.967
614.840,354.954,106.923,31.878
616.736,355.725,107.872,31.778
618.960,355.323,108.098,31.447
621.270,355.559,107.904,31.137
624.561,355.517,108.064,31.061
627.547,355.642,107.278,31.080
630.331,355.454,107.567,31.351
633.091,354.696,107.464,31.533
632.764,356.416,109.146,30.960
637.337,355.646,109.248,31.250
638.141,355.798,109.698,31.353
643.447,355.494,109.490,31.580
640.666,355.795,110.509,31.623
642.649,356.006,111.127,31.675
649.861,355.078,110.992,31.627
646.805,354.843,110.252,31.543
650.914,356.425,110.334,31.233
648.883,355.875,111.457,31.283
656.025,357.190,111.405,31.117
662.739,356.745,110.949,30.880
668.051,356.359,109.772,30.834
671.736,357.269,109.052,30.762
677.040,356.580,108.817,30.899
681.317,356.550,108.158,30.983
684.723,357.047,106.578,30.816
687.122,356.594,105.379,31.124
690.665,356.259,103.909,31.413
694.495,355.477,102.625,31.798
695.228,355.214,101.310,32.024
699.065,353.748,100.574,32.595
701.498,354.278,99.731,32.858
702.619,353.839,98.700,33.273
703.818,352.870,97.925,33.581
703.969,352.629,97.819,33.785
707.062,352.728,97.483,34.074
706.542,351.722,96.964,34.496
707.324,350.995,96.902,34.729
715.811,354.421,97.011,34.370
714.827,353.868,97.011,34.156
711.518,353.159,97.345,34.129
710.540,352.614,97.762,34.213
707.898,351.718,98.289,34.324
709.620,352.814,98.459,34.260
710.725,351.883,99.449,34.391
707.238,352.062,100.321,34.367
716.707,352.465,101.255,34.544
711.562,351.072,102.515,34.781
708.349,348.100,104.428,35.214
703.627,341.955,105.290,35.264
704.684,344.414,105.953,35.612
706.592,347.751,106.982,35.934
700.549,342.468,107.359,35.999
697.570,343.753,107.470,36.012
705.648,347.738,108.599,36.324
702.832,342.514,109.448,36.493
702.941,344.959,110.449,36.609
708.925,349.022,112.025,36.703
702.973,345.017,113.039,37.359
713.423,349.546,115.870,37.551
706.688,346.857,118.087,37.981
710.065,347.374,121.771,38.373
708.168,346.679,125.110,38.758
703.415,345.228,127.568,39.021
705.175,347.158,130.254,39.132
703.263,346.969,133.159,39.394
704.639,347.097,136.979,39.766
703.182,346.499,139.391,39.800
701.678,345.574,141.227,40.303
701.805,345.988,142.999,40.845
702.246,344.352,144.841,41.343
700.871,344.326,146.714,41.572
700.431,343.864,148.643,41.831
700.997,344.121,150.943,42.101
700.281,343.793,152.544,42.227
699.730,343.971,154.611,42.432
697.511,342.986,156.091,42.673
700.508,343.488,157.150,42.841
697.048,341.941,157.683,43.247
696.170,341.258,158.427,43.892
694.745,341.197,158.091,44.756
696.465,340.031,158.132,45.302
693.662,340.069,157.631,45.616
695.065,340.913,157.184,45.932
695.366,340.097,157.566,46.029
694.922,340.501,158.062,46.061
694.297,340.413,158.450,46.244
693.379,338.948,158.473,46.245
693.917,340.406,158.965,46.166
694.960,339.814,159.499,46.207
696.377,341.068,160.577,46.016
699.390,341.677,161.647,46.107
695.320,339.320,161.343,46.083
692.830,340.754,161.337,46.092
696.345,340.567,161.498,46.168
693.013,338.477,160.905,46.298
706.734,344.414,162.217,46.102
706.907,344.985,161.975,46.319
707.246,344.396,161.894,46.304
706.711,345.580,161.016,46.447
706.852,346.634,160.459,46.225
707.387,347.650,160.602,46.185
707.988,349.522,160.483,46.119
708.671,350.207,159.935,45.380
712.187,350.450,158.290,45.182
708.415,349.773,158.608,45.240
714.362,350.330,157.619,44.880
716.402,350.367,156.085,44.580
716.568,351.107,153.153,44.109
709.094,351.878,152.008,43.568
718.108,353.223,149.384,42.886
714.212,353.821,147.442,42.522
723.029,354.745,142.708,41.874
719.454,355.434,140.353,40.997
726.549,356.658,135.131,40.430
728.563,358.276,132.320,39.562
725.279,358.069,128.016,38.816
723.983,358.987,124.375,38.062
726.837,359.608,123.185,37.273
720.454,359.812,121.528,36.617
720.454,359.371,119.447,35.830
720.270,360.296,116.752,35.139
720.425,360.769,115.317,34.600
715.127,359.122,114.703,34.498
715.812,359.925,112.015,34.545
713.125,360.345,109.783,34.727
712.074,359.817,107.795,34.708
706.807,357.935,107.628,34.745
706.120,358.076,105.428,34.807
703.374,358.283,103.174,34.891
704.618,357.553,102.389,35.190
701.882,357.251,102.217,35.468
699.367,356.323,101.906,35.804
696.217,357.629,100.234,35.654
694.170,358.153,98.364,35.369
695.215,360.308,98.414,34.354
689.692,365.438,97.778,31.503
689.190,366.190,98.882,29.701
684.933,367.535,99.402,28.076
682.009,368.488,99.844,26.891
678.843,369.214,99.954,25.839
675.133,369.141,100.243,25.393
672.613,369.452,101.048,24.925
668.965,370.094,101.737,24.448
664.488,370.444,102.862,24.292
661.755,370.256,104.015,24.076
656.464,370.123,104.984,24.242
653.459,369.696,105.864,24.261
649.745,370.000,106.119,23.948
646.735,369.307,107.484,24.099
643.677,369.620,108.233,24.126
639.655,369.829,109.527,24.097
636.463,369.643,109.338,23.952
631.197,368.901,110.961,24.357
625.197,366.748,113.774,25.798
621.395,365.114,115.748,27.142
619.133,364.671,115.086,27.882
616.693,363.779,116.161,28.575
613.435,363.022,115.783,29.435
609.790,363.095,116.738,30.154
604.802,362.735,115.971,30.334
601.648,362.967,115.934,30.476
598.485,363.189,116.914,30.362
592.530,363.643,115.809,29.940
588.932,363.387,114.411,29.867
585.580,364.299,114.090,29.328
582.608,364.064,113.050,29.123
577.397,364.602,114.332,29.330
571.919,364.421,116.072,29.458
563.504,364.018,119.745,29.680
555.020,364.685,124.041,29.882
551.335,363.932,128.540,30.103
542.255,364.718,130.592,29.906
539.185,365.136,130.882,29.467
536.548,365.251,130.758,29.084
532.388,366.018,129.428,28.749
529.293,365.975,126.353,28.495
526.576,366.309,122.715,28.620
523.794,366.125,120.391,28.686
519.472,365.962,118.557,28.893
514.862,366.055,117.195,28.990
509.905,365.540,117.406,29.042
504.752,365.675,117.049,28.934
498.663,366.002,116.240,28.820
492.302,366.380,117.007,28.302
488.018,366.848,117.571,28.112
483.294,366.398,117.790,28.749
478.827,366.392,117.491,29.004
473.189,366.472,117.948,28.627
466.008,366.530,118.152,27.638
460.051,367.279,119.161,27.178
456.286,367.241,119.364,26.881
449.540,366.728,119.152,27.281
445.966,366.652,119.536,27.570
440.341,366.069,119.754,27.772
436.377,366.044,121.022,28.163
428.177,365.625,121.192,28.270
423.235,366.048,121.411,28.248
418.231,366.017,120.709,28.400
411.137,366.015,119.675,28.506
406.042,365.424,118.315,28.485
400.806,366.411,118.474,28.210
395.960,365.606,117.808,28.214
390.020,366.176,118.979,28.214
384.633,365.991,119.000,28.226
377.832,366.458,117.791,28.129
372.504,365.619,117.816,28.300
366.845,366.029,118.090,28.310
359.726,365.280,118.971,28.286
356.333,364.962,118.627,28.901
