96.000,362.000,617.000,355.000
92.478,368.190,623.879,345.510
97.995,363.742,627.208,344.604
94.729,360.142,632.854,346.920
92.866,355.279,632.376,346.314
107.286,350.963,618.936,349.490
97.986,342.717,620.306,353.034
111.529,343.915,617.335,354.153
110.640,329.277,608.757,358.979
125.807,322.170,600.048,360.657
113.878,317.690,604.169,364.145
126.410,314.149,594.448,365.187
122.857,314.085,592.217,364.279
128.332,310.820,588.705,367.427
103.722,306.858,596.363,371.651
122.165,308.727,589.129,373.075
133.481,312.309,582.823,372.028
117.659,304.221,580.841,375.859
117.442,308.126,578.587,372.959
121.840,309.910,573.455,371.844
93.446,308.943,587.610,374.605
77.102,310.568,592.125,375.540
49.888,306.909,608.175,381.684
44.209,308.823,610.638,381.676
29.408,309.833,605.952,383.223
12.355,312.054,603.832,383.858
6.736,311.482,594.148,382.627
-0.081,311.720,582.042,376.138
-23.446,310.969,565.352,380.388
-19.428,299.696,539.420,385.262
-28.654,292.890,514.293,386.442
-35.151,313.058,488.168,375.539
-31.803,305.403,461.023,374.276
-29.007,309.645,437.518,367.431
-20.698,306.723,420.853,365.254
-18.322,299.577,407.456,363.867
-14.321,310.184,399.651,360.231
-10.356,307.751,391.117,354.951
-9.354,306.452,388.953,352.144
-7.052,322.513,388.513,349.086
-5.150,322.319,389.823,348.585
-2.177,330.213,388.870,346.355
-1.220,341.039,388.796,345.314
-0.963,346.736,386.428,340.113
0.257,356.789,383.709,336.873
1.643,356.057,380.482,336.045
1.060,354.107,374.050,331.756
-0.655,345.650,369.696,328.846
-2.253,364.773,366.707,319.765
-4.883,345.827,362.933,319.599
-2.376,354.461,359.823,316.858
-3.302,363.667,354.259,310.386
-4.263,358.088,349.818,304.290
-0.057,376.579,343.598,295.210
-0.751,363.956,337.895,293.130
-1.244,375.102,333.543,287.886
-3.761,367.651,327.897,286.335
-6.467,368.670,324.384,285.372
-7.007,378.217,321.350,279.869
-6.978,361.244,316.884,279.340
-7.553,374.180,314.375,276.672
-8.150,361.895,310.599,277.815
-3.528,368.595,306.293,278.124
-4.190,361.077,304.117,277.579
-6.342,368.210,303.562,277.091
-3.054,372.955,303.188,278.431
-1.718,364.550,303.319,277.649
3.465,374.966,305.843,270.121
12.121,364.908,311.724,271.995
26.059,382.619,326.529,275.963
36.005,371.642,349.660,285.398
43.369,350.474,378.134,297.108
59.404,343.596,411.623,305.515
61.616,347.497,450.919,319.085
61.124,340.041,499.882,332.768
53.587,330.822,543.192,344.092
55.531,323.088,569.980,353.099
43.274,304.462,590.265,367.045
65.030,304.633,591.070,370.944
83.962,307.297,587.962,370.688
105.501,309.442,572.509,367.665
119.694,316.939,564.536,359.336
125.351,319.471,562.021,356.817
125.775,326.374,559.870,351.280
116.143,330.675,561.937,349.851
91.878,337.141,573.601,349.049
89.690,338.952,577.571,349.625
80.333,350.916,575.390,341.512
68.061,353.661,576.510,334.691
49.545,348.802,584.509,334.522
38.043,349.780,587.652,335.521
40.322,353.095,583.710,336.037
18.327,346.507,585.273,339.264
-17.462,344.642,575.007,338.853
-11.717,311.704,544.947,345.028
-40.793,303.073,516.140,350.886
-67.273,268.429,475.847,340.820
-71.966,246.167,438.632,333.956
-74.241,212.152,406.077,325.138
-52.891,235.667,377.087,312.378
-29.052,283.976,363.214,312.410
15.000,307.056,368.599,312.849
14.632,299.793,386.409,326.571
25.980,293.323,413.682,333.623
19.391,300.210,450.615,343.362
34.037,313.628,495.802,347.084
53.122,317.402,530.801,348.688
66.847,313.984,566.030,352.960
91.303,317.848,573.898,351.268
101.178,318.257,580.410,351.109
112.881,326.717,578.555,346.429
93.137,328.199,590.756,343.392
109.496,331.315,589.865,339.867
100.335,328.380,593.795,337.539
96.084,335.157,599.557,336.343
98.546,340.730,593.101,330.754
93.183,343.095,595.929,330.542
87.457,345.203,600.261,332.885
80.686,345.717,600.765,334.472
71.129,343.951,616.834,337.093
71.485,348.980,624.350,336.974
61.710,351.397,626.736,337.237
56.001,351.205,634.416,340.348
45.798,350.478,642.762,343.864
50.947,366.496,640.638,335.338
44.568,356.816,643.029,336.513
32.686,350.457,650.748,344.331
25.269,353.204,656.127,346.605
19.875,349.042,657.642,344.624
30.240,351.737,642.828,344.813
24.125,348.164,641.854,342.854
25.287,354.158,641.556,343.820
13.746,350.402,635.905,343.620
9.772,347.669,632.549,346.221
1.532,341.618,631.455,352.282
2.140,339.354,627.609,355.132
-8.269,334.240,630.447,359.374
8.363,332.097,620.326,360.008
11.447,328.324,617.596,360.113
10.154,326.180,613.937,358.967
29.991,328.009,596.855,355.587
2.590,332.059,601.586,361.476
-6.290,328.492,608.162,363.250
5.198,322.770,603.996,363.634
23.873,323.313,591.231,360.575
1.243,326.558,592.868,359.214
-6.807,325.052,596.695,362.182
0.298,319.496,599.265,365.060
-4.604,318.116,601.660,363.840
-13.309,314.040,602.567,363.463
-4.855,304.382,599.498,368.140
0.372,302.571,602.447,368.716
13.905,308.824,598.267,369.069
13.681,313.293,597.237,365.477
18.103,317.437,596.917,362.686
11.094,327.497,596.888,358.627
1.095,327.205,599.658,355.747
-4.101,324.375,604.092,356.692
-8.426,323.259,590.265,352.374
-2.541,311.811,553.957,350.973
-33.004,318.319,523.606,353.406
-47.746,321.410,492.967,350.869
-57.567,299.334,460.148,342.980
-57.935,294.171,427.299,334.333
-57.837,285.518,397.105,325.187
-51.677,294.525,374.250,318.355
-40.992,298.710,353.528,307.598
-32.202,288.558,336.308,301.218
-17.287,295.632,324.039,297.793
-10.586,278.510,318.601,294.141
0.256,268.020,319.854,298.151
3.837,257.555,323.497,296.493
7.662,248.977,329.990,296.051
7.783,243.670,339.066,295.793
3.176,244.426,348.583,304.307
10.721,225.760,356.939,306.311
-0.125,237.438,363.245,309.907
6.704,218.261,371.550,321.342
7.150,214.563,381.399,331.644
5.792,204.026,390.883,341.963
8.789,209.847,399.179,343.108
9.562,220.998,406.289,341.565
4.260,217.335,412.534,349.838
3.966,214.701,419.945,358.370
3.889,218.929,428.498,364.622
0.896,220.340,436.794,374.405
-2.412,217.998,447.180,375.505
-1.023,242.491,460.373,377.940
-1.337,253.161,481.544,385.853
2.406,272.483,506.396,386.665
12.611,290.489,528.088,376.193
24.601,302.292,544.243,370.988
31.796,312.746,560.188,364.939
44.670,322.562,566.099,356.527
60.791,327.219,561.215,348.374
60.867,327.114,560.803,345.223
80.889,332.376,551.737,343.642
85.227,336.956,546.875,338.368
98.094,335.449,539.590,333.578
89.583,334.135,543.239,330.716
88.731,331.973,535.701,330.112
83.715,331.072,531.692,326.188
92.208,322.272,527.362,328.046
83.561,313.795,532.703,331.683
97.578,313.355,529.263,333.004
105.249,315.625,521.437,329.171
98.317,324.239,522.716,326.532
106.939,326.249,518.704,329.250
106.329,334.091,513.643,328.391
82.654,334.905,520.321,327.722
74.714,342.508,528.707,324.759
65.318,340.097,531.345,324.920
62.572,340.863,526.571,322.283
36.056,335.126,526.750,319.773
24.906,324.037,519.117,315.095
-0.608,305.613,514.137,321.400
-20.382,281.373,501.739,321.218
-29.176,251.663,481.700,314.828
-23.797,221.739,455.696,308.859
-34.527,209.538,438.381,303.875
-39.267,188.266,421.512,309.176
-32.634,183.208,405.199,310.342
-26.813,184.402,397.189,309.682
-18.478,182.919,396.374,313.467
-12.304,187.828,402.937,315.580
1.952,209.808,413.982,315.173
4.598,229.171,436.137,318.854
19.483,248.810,460.210,327.099
43.687,269.310,480.931,324.461
72.051,286.721,490.200,319.388
110.781,296.315,486.584,318.105
131.396,307.780,481.992,311.643
145.087,316.431,474.276,304.875
148.541,318.946,471.684,300.056
151.078,317.497,468.044,300.138
153.666,316.305,465.434,298.132
148.790,321.180,467.234,296.630
144.575,323.733,466.838,295.360
145.835,325.945,463.625,294.517
144.365,328.486,464.735,293.718
141.934,330.659,466.404,294.656
140.675,331.183,467.260,294.975
140.885,329.179,468.416,295.882
141.012,331.674,468.399,294.604
139.698,332.889,466.262,293.056
135.379,332.193,464.341,293.059
137.101,329.088,462.529,295.923
124.852,325.820,465.041,296.735
108.639,314.368,469.147,300.691
90.175,308.067,473.496,305.138
57.974,305.047,484.243,309.615
10.046,300.018,496.083,315.779
-9.890,280.257,490.249,325.400
-24.979,260.663,480.176,324.521
-21.747,250.473,459.511,317.738
-26.329,239.703,438.470,316.005
-29.636,251.353,421.621,314.667
-32.649,248.710,406.413,319.981
-24.616,238.078,391.420,323.331
-22.696,248.658,382.699,325.438
-21.664,241.391,374.785,331.244
-17.170,236.301,370.088,337.156
-16.291,244.173,367.889,341.395
-14.796,238.412,364.712,340.284
-18.968,249.272,362.913,340.997
-18.524,249.280,359.905,337.908
-20.945,255.990,358.002,337.832
-15.201,248.177,356.480,334.731
-9.530,264.803,358.402,328.840
-4.910,262.163,366.286,330.997
-2.965,277.463,381.193,332.404
6.418,271.444,398.533,331.502
6.567,290.323,423.853,333.560
13.819,300.279,444.839,336.339
26.166,300.710,464.436,337.248
42.224,300.965,476.753,334.915
47.922,308.834,490.032,327.850
64.375,314.951,492.376,323.892
73.163,322.236,494.214,319.383
74.187,326.477,496.883,316.804
92.653,318.637,491.075,314.064
89.580,321.885,489.063,313.874
104.329,320.316,481.358,314.014
96.924,321.771,487.382,311.787
109.823,323.558,482.609,310.292
105.565,320.500,482.360,311.003
113.779,323.915,484.488,307.486
117.398,324.898,480.586,307.283
121.813,320.862,475.011,308.027
128.890,316.780,470.440,312.451
129.302,316.203,470.130,310.114
120.504,324.095,477.850,311.279
121.595,321.239,478.420,309.906
123.836,313.456,479.145,317.537
124.397,316.525,477.332,317.647
122.990,320.043,477.414,318.172
124.794,326.106,478.583,314.617
124.294,328.963,475.913,315.276
115.534,330.878,481.340,316.587
113.028,333.575,485.825,317.190
101.778,336.387,490.619,318.090
90.016,336.610,499.330,321.519
80.398,337.394,505.184,324.719
63.953,331.919,512.922,328.473
50.074,331.605,518.553,334.012
34.258,328.212,521.764,341.580
1.594,323.648,524.452,349.458
-16.776,310.414,516.734,354.536
-26.928,308.989,504.478,353.481
-25.064,287.695,489.397,352.143
-26.177,292.422,471.122,350.708
-25.510,274.836,458.248,350.534
-16.063,286.470,445.526,355.489
-13.782,272.686,435.329,358.106
-14.151,293.485,431.181,355.586
-8.324,287.038,434.121,367.640
-4.190,285.633,444.016,376.280
35.343,301.957,450.556,366.002
11.921,293.310,488.396,366.146
41.303,304.772,531.823,371.537
60.868,302.766,560.953,372.862
85.121,306.742,579.923,369.825
107.478,310.480,590.105,366.018
123.833,307.858,594.024,366.823
105.259,307.441,613.114,366.094
89.815,305.578,631.686,368.969
73.075,306.527,647.694,372.927
59.180,303.623,666.761,377.798
58.332,304.911,675.286,381.548
