624.000,145.000,163.000,168.000
622.788,143.910,161.804,166.154
621.834,146.850,162.795,164.346
621.791,148.936,164.202,163.983
618.079,151.187,167.001,164.533
614.892,152.464,169.376,165.105
615.746,152.650,170.038,165.218
614.290,153.300,169.482,164.437
611.193,154.286,169.566,165.276
604.789,155.454,170.914,165.913
597.597,155.934,171.436,167.883
594.144,155.883,171.656,170.326
594.451,154.459,171.953,172.617
590.078,154.488,171.248,172.453
588.531,154.181,169.606,172.517
587.042,153.231,167.750,172.767
584.963,152.722,166.946,172.993
582.866,152.820,166.493,172.784
583.739,152.418,165.892,171.919
582.141,153.889,165.617,172.249
581.404,152.095,165.065,172.617
580.329,151.601,164.856,173.030
578.869,150.605,163.715,172.453
578.965,149.213,162.391,172.578
579.412,149.852,161.589,172.365
579.327,147.262,160.606,171.703
580.465,144.936,159.605,170.863
581.480,141.795,158.623,170.147
581.413,138.277,157.547,169.127
581.086,134.069,156.333,167.908
582.581,129.093,156.252,167.719
582.446,128.397,155.539,166.695
581.575,123.442,154.989,166.376
581.115,118.426,154.925,165.000
580.701,113.909,153.920,162.591
579.489,109.927,153.527,161.129
578.726,104.612,152.545,160.261
578.834,104.933,152.452,160.652
577.517,99.745,152.367,160.032
577.231,95.242,151.810,159.570
575.271,91.544,151.389,158.764
573.535,87.673,151.863,158.845
572.879,85.291,151.218,156.903
572.995,85.173,151.736,156.408
571.700,80.599,151.647,156.425
569.670,78.149,151.017,155.713
566.960,76.272,150.577,154.819
564.329,74.087,148.819,152.266
563.349,71.122,146.742,150.904
563.934,70.252,145.249,150.942
561.103,67.643,143.948,150.292
556.363,66.029,143.487,150.227
550.826,65.651,143.256,149.257
547.242,65.989,143.353,148.700
545.105,65.019,144.363,148.148
545.257,66.191,145.510,148.158
542.945,63.510,145.790,148.303
543.888,62.161,146.267,148.484
544.618,62.758,146.344,148.384
547.313,63.078,145.953,148.830
551.216,61.366,145.415,149.428
552.074,61.542,144.833,149.364
558.379,62.877,144.160,148.413
565.324,62.914,142.960,147.097
574.191,60.616,142.489,149.290
583.342,60.849,142.185,151.384
592.072,64.318,142.290,154.929
590.800,60.852,142.301,156.036
603.159,64.167,140.475,155.430
613.267,63.284,138.126,151.784
622.411,66.515,136.773,150.882
632.888,70.548,135.686,149.443
645.698,73.157,132.574,148.167
644.832,74.739,131.211,148.078
653.743,75.697,130.638,147.675
658.411,79.826,130.854,147.460
663.199,80.045,130.848,147.720
668.822,82.732,131.042,147.786
672.425,83.983,131.571,146.739
671.910,84.396,131.551,146.297
673.344,86.320,134.147,146.754
673.182,87.984,138.336,149.256
672.279,90.596,141.971,152.508
671.087,91.684,145.299,155.442
673.302,91.887,147.158,157.464
672.784,90.536,148.099,158.388
677.307,91.592,147.551,158.971
680.694,91.312,146.443,159.869
685.701,91.968,144.946,160.296
689.488,91.331,143.491,160.260
692.179,90.667,142.540,160.341
691.697,91.229,142.310,160.415
694.471,90.292,143.113,160.927
702.158,88.986,139.744,160.755
704.870,88.197,136.936,160.995
706.981,85.222,135.999,161.160
707.339,82.339,135.837,161.604
708.937,82.663,134.654,161.568
710.302,79.909,133.685,160.564
714.420,77.295,131.609,158.767
714.728,74.320,131.181,157.096
719.520,71.939,128.773,155.244
718.423,67.396,127.802,153.754
719.381,69.461,127.059,153.831
721.245,65.547,126.080,153.463
721.285,61.078,125.331,152.500
721.878,58.154,124.393,151.982
723.171,56.044,123.347,152.794
722.721,52.521,122.238,153.672
722.092,53.593,122.487,154.686
721.619,48.443,122.071,154.820
720.514,46.224,121.173,154.823
720.028,43.889,120.448,154.093
718.538,41.495,119.796,152.313
716.549,40.047,119.805,149.787
713.768,41.771,121.769,149.677
711.780,38.706,121.548,146.392
706.434,38.194,123.575,143.834
706.744,38.321,124.101,140.138
705.394,39.302,123.793,135.852
706.174,39.030,122.047,131.852
707.074,40.089,121.621,129.850
709.292,40.219,119.502,127.739
710.244,40.601,117.400,126.909
711.494,40.623,116.277,126.854
711.510,40.804,115.594,127.049
711.861,40.695,115.254,126.765
712.110,40.813,115.116,126.627
712.356,40.864,114.872,126.373
712.710,40.840,114.774,126.089
712.182,40.898,115.022,126.131
712.168,40.846,115.213,125.754
711.535,40.973,115.667,125.993
711.456,40.426,115.922,125.745
709.010,41.136,117.323,126.625
706.911,40.810,119.190,127.305
706.137,41.265,120.690,127.847
704.371,41.868,121.794,130.278
704.859,40.921,122.612,134.014
704.492,40.102,122.683,136.181
704.713,39.504,122.734,138.597
707.485,39.143,121.645,141.067
708.923,38.531,120.499,142.844
709.987,37.215,119.060,143.297
710.901,36.979,117.689,143.066
711.169,36.838,116.897,142.974
711.812,36.990,116.590,143.396
712.367,37.634,116.447,144.056
713.266,37.784,116.247,144.881
714.867,38.382,115.896,145.590
714.864,40.215,116.218,146.804
714.776,38.558,116.593,146.977
714.765,41.454,116.891,148.303
714.089,41.223,117.128,148.143
714.645,42.693,117.331,148.405
716.290,44.193,117.209,148.872
714.889,45.339,118.182,149.428
713.130,44.704,119.111,149.594
716.263,47.043,118.467,150.912
713.178,46.745,119.897,151.043
719.150,49.126,118.213,151.751
717.480,50.654,119.024,152.450
717.293,50.765,118.946,151.754
716.226,51.184,119.729,151.698
712.499,52.510,122.082,150.832
711.759,53.556,124.027,150.769
707.524,56.319,126.756,150.420
708.764,58.031,127.275,148.568
703.266,61.606,129.582,146.410
702.510,62.823,131.119,144.371
701.524,64.528,132.145,142.382
704.216,67.642,130.807,140.522
705.680,70.259,129.595,138.833
707.206,72.985,128.070,137.870
708.161,76.200,127.286,137.566
709.623,76.968,126.532,137.376
709.567,79.808,126.423,138.156
710.779,81.972,126.776,138.032
712.130,84.789,126.655,137.615
714.634,87.685,125.941,137.991
716.573,90.414,124.952,138.051
716.505,90.863,124.767,138.431
718.031,93.395,124.010,139.452
717.702,95.668,124.051,141.635
719.241,96.091,123.855,143.339
719.007,97.536,123.580,143.796
719.132,98.287,123.539,144.760
719.046,97.669,123.449,144.810
718.526,99.846,123.132,145.291
718.483,99.681,122.786,146.006
716.236,100.119,122.895,146.800
713.929,98.361,123.383,147.495
711.262,97.412,123.613,147.884
710.927,97.404,123.505,148.561
706.701,95.493,124.033,148.556
702.374,94.303,123.950,148.586
697.109,92.493,125.141,148.495
691.304,90.549,125.381,148.071
684.452,89.042,125.209,148.938
683.945,88.800,125.621,150.070
677.033,87.513,126.039,151.525
671.572,82.761,125.985,151.602
661.936,80.169,127.048,152.359
654.234,75.723,127.636,151.464
645.783,72.972,127.439,151.009
644.481,75.099,127.761,150.651
633.267,69.419,128.913,151.173
625.478,64.492,128.425,150.511
613.289,62.058,129.107,149.938
603.541,56.770,128.599,151.491
592.623,51.036,128.228,150.882
594.377,53.938,128.200,150.615
585.782,47.505,126.939,149.607
578.045,46.244,126.744,147.865
572.380,47.060,126.674,145.674
565.576,47.055,126.951,143.855
563.854,48.266,127.430,142.582
562.767,48.012,127.781,141.642
559.652,46.788,128.593,141.160
555.558,46.614,128.901,140.756
552.200,46.600,129.110,141.189
550.934,48.361,130.229,142.097
547.736,47.620,130.723,142.391
547.493,47.401,131.091,142.663
547.026,48.057,132.202,143.605
545.498,47.845,132.785,144.421
545.286,48.763,133.674,145.514
543.867,49.011,133.220,146.077
546.589,48.831,133.505,147.366
547.918,50.722,132.008,146.840
548.641,51.554,130.804,146.315
552.716,53.268,130.490,146.156
560.462,55.078,131.168,145.695
564.073,53.794,130.020,146.470
571.914,52.159,129.919,147.194
575.581,49.975,128.255,148.636
576.876,50.353,128.267,150.302
583.538,47.092,128.203,151.473
588.391,49.762,129.105,152.044
594.770,50.119,129.045,152.406
598.496,54.048,129.367,153.494
605.470,56.203,128.641,153.985
604.938,55.444,127.816,153.499
610.289,57.624,127.971,153.959
615.010,59.691,128.041,154.315
618.083,60.076,128.238,155.182
621.276,61.658,128.390,155.379
623.268,61.182,129.623,154.532
623.986,62.580,129.655,152.762
627.496,63.999,129.120,152.168
630.463,65.900,128.251,151.221
633.533,65.691,127.492,151.380
637.087,67.951,126.261,151.626
639.914,67.331,126.345,151.391
638.972,68.293,126.648,151.041
641.547,70.061,126.497,150.674
642.640,69.845,127.038,151.036
644.016,71.946,126.897,150.516
645.225,72.422,126.661,149.795
646.497,73.169,126.564,149.271
646.327,72.878,126.734,148.909
647.206,72.956,126.943,148.741
647.422,73.008,127.447,148.678
647.627,73.510,127.557,148.978
647.878,73.164,127.524,149.087
648.016,73.009,127.299,149.048
648.047,73.154,127.155,148.899
647.909,73.110,127.252,148.958
647.206,72.889,127.369,149.121
646.247,72.453,127.702,148.900
645.339,72.281,128.091,148.698
644.245,71.724,128.096,148.454
643.665,72.208,128.428,148.669
643.207,71.150,128.410,148.420
642.661,71.630,128.321,148.227
642.458,69.871,127.910,148.578
642.548,69.597,127.419,148.629
642.438,69.038,126.978,148.759
642.447,68.937,126.737,149.070
642.631,68.087,126.451,149.455
642.250,67.709,126.330,149.365
642.032,67.776,126.390,149.700
642.016,67.179,126.355,149.820
641.888,67.647,126.399,150.222
642.190,66.445,126.082,149.737
642.191,68.176,126.095,149.952
642.383,65.989,125.541,149.758
642.348,67.700,125.923,150.200
642.716,66.129,125.563,150.225
642.862,66.995,125.995,150.232
642.830,66.684,125.878,149.920
643.215,66.791,126.156,150.060
643.403,66.737,126.108,150.074
643.799,66.802,126.054,150.018
644.292,67.134,125.867,150.022
644.588,67.208,125.828,150.181
644.767,67.213,125.651,150.026
645.194,67.288,125.723,150.269
645.729,67.150,125.742,149.939
645.961,67.301,125.603,149.605
646.379,67.594,125.379,149.440
646.706,67.604,125.202,149.371
646.737,67.591,125.170,149.329
646.843,68.605,125.382,149.826
647.672,68.863,125.132,149.602
647.842,68.958,124.949,149.677
648.381,69.047,124.561,149.708
648.754,68.689,124.256,149.852
648.816,68.842,123.934,150.163
649.350,68.853,123.606,150.315
649.959,69.035,122.832,150.369
649.898,68.942,122.795,150.184
649.586,69.326,122.874,150.583
649.801,69.051,122.728,150.742
649.765,69.157,122.764,150.766
649.647,69.342,122.934,150.787
649.689,69.089,123.087,150.989
649.452,69.225,123.306,150.973
649.827,69.243,123.198,150.771
649.638,69.316,123.349,150.765
649.431,69.583,123.662,150.737
649.312,69.593,123.958,150.776
649.356,69.495,124.210,150.595
649.499,69.781,124.134,150.541
649.355,70.133,124.215,150.574
649.426,69.936,124.299,150.677
649.320,70.018,124.406,150.719
649.342,70.216,124.300,150.938
649.464,69.950,124.485,151.076
649.532,70.026,124.439,151.129
649.251,70.429,124.391,151.370
649.435,69.670,124.304,151.164
649.406,70.151,124.340,151.369
649.053,69.825,124.432,151.372
649.162,69.570,124.212,151.346
649.017,68.987,123.927,150.730
649.192,68.504,123.740,149.897
648.908,68.583,123.605,149.527
648.685,68.693,123.959,149.462
648.485,68.953,124.259,149.700
648.111,67.880,124.184,149.153
647.601,68.730,124.303,149.826
647.034,68.056,124.519,149.685
646.276,68.012,124.334,149.411
646.234,68.159,124.697,150.023
645.490,67.691,124.680,149.691
644.979,67.269,124.501,149.837
644.127,67.423,124.685,149.915
643.374,67.816,125.061,149.845
642.975,67.908,125.144,149.642
642.788,67.802,125.234,149.631
642.307,67.188,125.075,149.165
641.637,67.368,125.497,149.061
641.477,67.722,125.683,149.163
641.366,67.489,125.774,149.305
641.175,67.516,125.813,149.070
641.203,67.624,125.718,149.043
640.999,67.532,125.783,148.918
640.851,67.316,125.664,148.512
640.596,67.133,125.588,147.777
640.306,67.435,125.727,147.495
640.305,67.475,125.622,147.059
640.255,67.760,125.462,146.788
640.166,67.902,125.451,146.932
639.932,67.715,125.511,147.342
639.565,67.862,125.660,147.915
638.945,67.893,126.082,148.337
638.855,67.872,126.213,148.302
639.084,67.660,126.162,148.539
638.859,67.437,126.079,148.453
638.936,67.674,126.150,148.651
638.634,67.252,126.200,148.246
638.490,68.214,126.364,148.604
638.493,67.647,126.388,148.312
638.225,68.394,126.266,148.010
638.281,68.394,126.435,147.723
638.105,68.636,126.391,147.717
638.117,68.855,126.473,147.710
638.191,68.607,126.418,147.452
638.139,69.165,126.407,147.847
638.092,68.451,126.647,147.743
637.846,69.234,126.809,148.205
637.994,68.357,126.734,147.557
637.653,69.433,126.740,147.573
638.149,69.271,126.445,147.790
638.281,69.555,126.237,147.792
638.140,69.710,126.158,147.935
638.356,69.843,125.836,147.856
638.504,69.667,125.543,147.896
638.666,69.795,125.453,148.185
638.676,69.663,125.631,148.823
639.024,68.536,125.811,148.651
639.094,69.010,125.810,148.958
638.620,69.325,125.945,149.283
639.028,68.571,125.878,149.383
638.804,68.905,125.888,149.285
638.820,68.772,125.862,148.987
638.862,69.271,125.975,149.163
638.957,68.772,125.838,149.240
639.021,68.763,125.564,148.890
638.974,69.343,125.783,149.303
639.381,68.951,125.380,149.604
638.907,68.994,125.468,149.920
638.880,68.954,125.562,150.369
638.802,68.721,125.491,150.433
638.809,68.648,125.365,150.209
638.907,68.335,125.353,149.617
639.024,68.217,125.171,149.168
638.935,68.258,125.148,148.756
638.656,68.401,125.126,148.300
638.572,69.417,125.085,148.526
638.734,68.930,125.063,148.706
639.548,68.501,124.618,148.096
639.377,69.301,124.443,148.592
639.489,68.493,124.403,148.124
639.363,68.984,124.509,147.891
639.549,68.921,124.491,147.673
639.521,68.878,124.436,147.575
639.432,68.823,124.466,147.609
639.481,68.714,124.366,147.350
639.188,68.926,124.594,147.434
639.335,69.158,124.507,147.361
639.478,69.046,124.358,147.415
639.510,69.019,124.368,147.439
639.531,68.903,124.380,147.389
639.427,69.094,124.550,147.613
639.347,69.072,124.553,147.603
639.341,69.377,124.672,147.782
639.486,69.381,124.464,148.322
639.676,68.789,124.019,148.180
639.780,69.106,123.979,148.329
639.776,69.267,123.924,148.659
640.188,68.983,123.487,148.464
640.066,68.820,123.542,148.345
639.999,69.130,123.692,148.263
639.879,69.292,123.784,148.553
639.871,69.164,123.743,148.608
640.163,69.169,123.648,148.459
640.045,69.248,123.745,148.388
640.229,69.747,123.808,148.208
640.173,70.011,124.183,148.577
640.404,70.021,124.109,148.740
640.145,69.905,124.364,149.229
640.373,69.754,124.185,149.183
640.402,69.827,124.359,149.217
640.664,70.302,124.465,149.370
641.310,69.987,124.083,149.067
641.364,69.663,123.943,148.720
641.798,69.864,123.887,148.478
642.346,69.830,123.519,148.187
