208.000,117.000,50.000,153.000
206.839,115.708,49.933,153.020
205.063,115.299,48.759,153.148
204.285,114.623,48.702,154.025
202.871,114.194,48.666,154.038
204.164,111.880,48.897,153.898
205.744,114.267,49.781,154.813
206.189,112.695,49.763,155.091
205.970,105.315,50.510,160.221
206.168,102.538,50.865,163.166
203.535,102.618,52.129,166.676
202.619,102.673,52.408,171.301
203.699,101.872,51.999,170.828
203.225,101.920,51.592,169.485
203.517,98.615,52.128,174.293
202.781,88.882,53.181,182.460
202.012,93.654,53.276,185.145
200.712,79.999,55.062,193.780
200.125,86.986,56.833,194.485
199.944,82.292,57.773,196.686
200.307,73.775,58.221,203.643
199.805,71.773,57.490,208.021
200.832,78.655,56.598,205.146
201.011,78.107,56.530,203.236
200.317,70.301,57.410,208.590
199.819,64.058,56.884,214.483
200.053,74.319,57.088,209.580
199.484,76.782,57.595,209.781
197.036,63.872,58.270,215.752
197.282,66.892,58.339,214.248
198.129,74.034,58.013,209.986
197.647,72.772,57.482,210.688
195.999,64.544,58.591,215.767
196.412,59.686,58.689,220.652
196.673,73.111,58.687,211.147
197.076,73.371,58.015,208.655
195.948,63.491,58.133,214.976
195.752,65.928,58.278,213.405
197.206,73.768,57.394,208.016
197.351,75.585,56.945,207.626
195.835,64.106,58.637,213.599
196.145,58.794,58.508,219.121
195.621,73.478,58.619,210.297
196.468,73.491,58.341,209.363
195.412,60.663,58.063,216.610
195.766,66.506,58.132,214.197
197.351,73.356,57.294,209.459
196.711,73.195,57.183,208.888
195.060,61.373,58.251,216.460
195.531,59.127,59.251,220.615
194.957,73.651,58.622,211.776
195.060,74.747,58.281,208.861
194.189,59.517,59.116,216.237
194.900,60.094,58.611,219.300
195.300,73.210,58.325,211.867
194.000,75.441,58.982,209.439
192.905,56.913,60.597,218.625
193.639,61.622,60.126,219.851
194.061,72.122,59.655,211.804
193.271,75.382,59.646,208.350
192.348,67.515,59.815,213.526
192.992,72.045,59.258,210.609
193.753,75.523,58.111,209.290
193.758,80.408,57.683,205.650
192.790,70.099,59.637,209.740
193.165,81.790,58.816,202.312
192.429,80.001,58.546,201.082
192.834,86.766,58.028,196.979
192.329,82.278,59.056,198.945
191.382,73.581,59.931,204.558
191.715,75.914,58.686,206.785
193.317,85.190,58.001,199.550
192.669,85.827,58.477,196.962
190.733,74.570,60.259,203.532
190.952,69.712,60.140,209.034
192.065,86.124,59.385,197.109
191.275,87.550,59.487,194.326
191.476,82.469,59.908,196.439
192.212,78.117,59.002,199.387
193.083,87.219,58.402,193.979
192.778,96.154,58.524,186.831
192.918,88.394,59.242,188.125
196.542,85.163,57.489,192.359
193.924,94.118,57.980,185.850
193.657,96.806,59.337,184.435
196.743,94.710,58.511,184.372
198.482,94.256,57.338,183.364
198.397,91.676,57.186,185.137
198.519,94.587,57.346,185.566
199.659,93.010,57.569,185.146
201.224,97.991,56.287,180.480
198.976,92.933,58.084,181.710
201.806,95.720,56.710,182.475
202.205,99.420,55.334,182.149
204.363,99.591,54.154,175.472
202.873,99.259,54.364,175.468
202.507,97.945,55.188,175.487
201.285,101.864,55.846,173.786
204.545,103.497,54.097,167.247
205.753,105.970,53.712,165.413
205.277,100.060,54.277,167.384
204.353,102.059,54.804,169.371
205.355,105.199,55.365,167.973
204.908,106.438,55.197,167.026
204.840,104.391,55.013,168.011
204.635,104.976,53.544,166.456
205.661,107.016,52.554,164.673
206.024,104.890,52.194,164.251
205.300,100.992,52.835,164.214
203.961,96.497,54.392,164.219
205.031,104.810,52.576,162.142
208.390,104.347,50.557,158.812
207.511,103.470,50.827,157.949
207.096,101.625,51.148,157.599
208.520,108.559,49.785,155.545
208.855,109.049,48.693,154.337
209.394,101.470,49.762,157.233
209.960,104.335,49.401,156.239
209.636,107.283,48.378,156.195
210.199,106.645,47.981,153.057
209.413,105.312,48.685,153.865
209.467,105.496,48.813,154.657
209.506,107.885,48.327,153.898
209.315,107.568,48.842,152.759
208.704,103.950,49.368,153.686
207.421,101.125,50.434,153.474
209.742,106.140,49.010,153.104
209.383,106.073,49.207,152.596
208.809,103.348,49.662,151.269
207.886,102.370,49.772,150.215
206.390,108.814,49.560,147.804
206.877,108.578,49.265,146.170
206.047,105.931,49.042,146.140
203.278,101.521,49.761,143.430
205.824,108.303,47.587,140.845
205.740,109.903,47.275,141.906
203.522,106.987,47.423,140.936
201.711,108.342,48.064,138.592
201.201,110.124,47.870,137.693
200.289,108.354,48.038,138.245
199.418,106.466,48.558,139.771
198.842,106.040,47.997,138.936
198.223,106.804,46.768,136.156
197.134,104.141,47.019,134.234
195.913,106.383,46.696,135.338
196.056,105.128,46.918,135.757
193.903,102.895,46.779,137.097
193.751,100.214,47.562,139.376
193.030,98.778,47.223,142.030
191.531,100.030,47.213,141.477
192.387,94.583,49.151,144.731
192.372,89.767,52.755,149.718
188.927,88.053,53.100,152.659
187.667,89.789,53.855,152.080
186.698,91.631,53.191,148.726
185.769,94.457,51.710,147.398
185.738,95.480,50.810,146.126
186.236,97.024,50.937,144.049
184.056,95.180,50.133,143.174
184.244,94.294,49.959,141.823
184.221,97.262,50.607,142.360
182.544,97.001,51.218,141.443
181.565,95.648,51.332,142.106
180.797,98.852,49.513,142.450
181.692,98.917,47.632,142.070
181.640,97.910,45.790,142.274
182.431,96.638,44.793,141.650
180.977,98.787,44.895,141.774
180.109,101.371,44.101,141.487
178.486,99.669,43.030,139.350
173.028,97.551,46.170,141.539
168.485,99.332,48.284,141.011
167.676,101.652,49.950,140.177
165.502,102.214,52.183,140.615
163.777,101.330,53.977,142.425
163.149,100.829,52.277,142.487
163.571,102.402,53.009,144.089
161.039,100.106,53.439,146.441
158.111,99.454,52.619,146.684
160.023,96.037,54.522,148.010
158.085,91.498,56.477,151.027
155.741,97.105,57.024,149.096
151.113,98.272,57.805,148.615
148.932,97.761,56.575,147.844
148.817,93.073,57.117,149.726
144.870,92.296,57.092,152.560
135.699,88.237,57.701,155.098
132.418,91.291,58.570,155.391
130.676,92.536,58.298,157.466
125.880,86.227,58.974,161.131
125.307,87.231,58.522,161.454
120.804,75.351,58.860,165.430
122.001,88.897,57.766,162.509
119.428,87.988,57.706,162.276
117.594,87.819,58.412,161.032
117.228,94.552,58.712,158.078
115.160,98.916,58.385,155.819
111.575,96.151,56.298,153.356
104.199,91.444,56.250,155.123
107.349,94.030,56.365,156.898
99.380,92.457,57.197,157.512
99.591,94.972,58.431,158.451
93.934,92.737,58.794,157.498
94.134,95.401,59.106,157.023
92.483,91.236,60.552,159.152
90.763,90.475,60.638,160.666
91.910,95.181,59.810,160.724
91.178,93.596,61.400,162.318
90.952,96.754,61.998,162.108
88.993,96.938,62.117,162.166
84.411,96.889,61.041,162.150
85.768,97.133,61.804,160.878
84.287,97.728,63.299,159.565
83.050,99.977,63.925,158.539
84.160,100.888,62.215,159.098
89.426,102.414,59.435,158.294
89.631,102.822,58.279,158.320
90.503,102.187,56.021,157.448
91.801,102.403,53.728,157.374
92.090,101.764,52.984,157.339
92.581,102.951,52.281,156.899
91.084,100.262,52.112,155.457
90.878,97.751,51.829,155.915
92.764,93.555,53.048,157.170
94.753,99.830,54.428,157.525
93.387,100.986,53.558,156.831
93.536,103.152,52.392,155.399
93.845,104.704,51.339,155.674
93.807,105.954,51.752,155.579
92.550,99.813,52.080,157.809
92.707,95.593,52.853,159.798
94.346,91.332,54.706,163.967
92.424,95.152,55.440,163.818
91.441,95.479,55.888,164.321
89.651,97.906,55.199,163.596
88.710,95.697,55.665,163.217
87.514,100.248,56.586,161.620
87.435,94.945,57.978,163.471
85.354,93.465,59.459,165.532
83.464,96.385,58.683,165.163
82.392,92.489,59.590,168.096
80.269,90.272,59.359,171.382
79.801,88.929,59.159,173.203
75.985,87.876,56.686,175.134
70.129,88.157,56.665,175.630
60.338,90.400,58.882,174.410
62.477,89.131,58.457,172.863
57.094,85.072,59.873,173.953
56.680,83.241,60.197,175.118
58.959,87.578,58.453,174.963
54.548,80.761,58.765,178.092
55.742,90.366,56.791,177.223
56.641,88.097,55.626,175.935
55.574,87.375,55.887,175.515
53.842,89.744,56.831,174.415
53.943,89.737,57.574,173.108
51.333,100.788,56.148,168.392
51.590,100.512,55.779,166.072
52.608,101.034,55.138,164.170
53.664,103.021,55.481,162.264
50.675,109.910,52.880,159.262
52.117,101.303,52.907,160.161
53.077,104.462,52.960,159.229
54.679,102.675,52.813,159.891
56.582,105.397,52.806,160.281
57.659,101.020,52.695,161.061
60.896,108.816,51.997,160.396
65.872,106.083,53.087,161.419
67.962,104.713,53.552,160.433
70.366,108.625,52.797,159.953
71.031,102.409,51.513,160.789
75.052,99.222,51.810,165.946
78.102,98.225,53.801,168.473
80.437,99.530,55.251,170.338
83.427,103.766,54.515,171.697
92.480,103.470,55.785,171.754
94.395,103.075,56.043,171.988
97.579,105.207,55.895,173.038
98.004,102.469,55.512,173.338
99.588,99.336,54.462,174.311
101.981,98.312,54.202,174.243
104.863,99.334,54.112,175.000
108.529,99.067,55.073,175.676
111.772,99.572,54.421,174.255
113.595,100.740,53.511,173.727
117.219,100.084,56.558,174.438
119.231,98.953,58.915,175.309
119.598,93.078,61.030,178.616
120.030,92.575,63.084,180.961
119.382,94.658,63.777,182.347
121.530,93.122,64.613,181.654
121.619,101.779,62.377,177.803
123.876,102.431,60.179,175.097
129.838,106.006,64.801,174.627
125.301,102.301,62.999,173.138
128.306,98.178,65.233,174.762
129.478,98.141,66.863,175.233
130.401,98.544,68.768,176.525
130.369,96.986,70.006,176.335
129.510,101.326,68.002,175.807
132.176,101.319,67.035,173.286
132.230,103.801,65.160,172.757
134.122,105.391,64.618,170.803
128.649,108.784,60.675,167.955
129.120,107.711,57.598,167.378
127.602,107.858,55.842,166.222
131.157,109.396,56.060,164.223
127.945,106.847,57.569,164.743
127.018,106.165,57.987,164.721
129.217,107.004,61.748,166.699
128.324,104.674,60.705,169.810
119.374,101.092,64.882,169.159
118.869,104.454,67.198,167.827
131.201,95.175,63.413,172.566
130.730,92.329,60.442,173.390
130.294,87.905,57.590,178.053
131.153,85.143,55.963,181.432
131.441,84.118,54.234,183.463
128.353,81.510,55.298,185.304
131.584,84.093,57.574,181.808
131.820,83.615,59.453,181.909
128.200,89.408,57.550,180.522
134.422,87.238,56.653,177.999
132.783,84.567,57.492,180.938
132.306,81.777,58.462,183.952
130.735,78.495,57.644,187.620
126.434,76.700,57.711,189.721
124.223,98.779,58.493,177.176
123.125,100.871,58.949,169.016
129.821,104.457,55.338,166.409
128.524,101.758,56.454,164.167
134.447,105.584,52.963,160.229
135.523,107.509,51.177,160.385
136.351,98.802,51.616,163.513
136.770,106.517,50.744,161.750
133.581,103.842,50.731,160.880
134.863,107.284,50.168,160.027
135.270,106.291,50.725,159.510
131.023,107.413,53.231,159.701
129.168,105.879,60.275,160.320
124.415,104.007,66.556,161.678
123.544,106.585,67.294,161.011
131.041,107.497,63.534,158.697
125.892,104.913,68.979,159.394
122.091,108.067,76.133,158.649
120.221,106.946,79.244,157.097
127.305,106.636,75.829,156.752
131.981,104.943,73.585,158.927
132.919,103.387,71.080,161.237
133.484,104.684,69.935,160.561
132.584,106.048,69.852,158.912
135.374,104.814,68.005,159.845
135.979,103.132,68.158,161.838
139.779,103.099,70.204,164.285
138.038,103.104,64.427,162.973
142.800,100.228,60.940,165.410
144.310,99.614,59.967,166.623
144.468,100.416,58.328,167.778
144.688,101.165,56.601,166.928
148.217,102.208,60.323,164.910
