561.000,391.000,63.000,71.000
559.045,390.469,65.064,69.478
558.467,389.841,66.895,69.097
557.451,388.146,68.018,70.186
558.946,386.838,70.220,70.999
558.262,384.723,71.612,71.892
558.878,382.574,73.792,72.813
557.932,380.404,74.171,73.591
560.695,377.898,74.449,75.439
567.527,374.629,73.878,77.339
574.131,371.059,72.626,79.665
589.225,369.701,76.582,81.637
589.413,366.777,81.257,83.340
587.420,363.661,85.404,85.108
584.049,361.759,87.084,87.726
583.744,357.491,88.809,89.174
586.187,357.404,90.353,92.152
583.377,353.449,90.340,92.470
583.885,354.800,91.082,93.596
583.023,352.942,91.741,93.888
581.177,353.246,91.715,94.093
579.710,353.150,90.554,93.276
579.299,353.230,89.813,92.754
581.399,353.345,90.344,93.594
580.773,352.229,90.991,93.750
581.082,351.058,91.718,93.034
580.098,351.220,91.806,92.282
581.282,350.402,92.061,91.622
580.158,351.289,92.057,90.268
578.264,351.688,89.835,89.220
580.218,351.624,89.080,89.151
578.758,352.245,88.160,89.499
577.210,352.269,86.594,89.189
578.177,353.030,84.951,88.128
578.136,354.859,83.851,87.649
579.619,356.109,83.999,87.311
583.562,357.985,86.692,87.752
584.412,358.509,88.854,88.595
582.669,356.395,90.948,88.346
583.612,357.229,92.667,89.389
582.457,355.822,94.814,90.051
579.598,354.870,96.195,91.077
581.489,356.793,97.333,92.946
599.112,360.577,96.242,96.500
601.950,361.739,94.216,99.826
602.020,368.765,93.044,101.839
603.673,363.635,93.959,103.936
602.869,360.166,94.981,107.268
602.568,357.383,96.445,109.744
603.068,353.380,99.450,111.610
603.809,348.168,102.295,112.697
600.380,349.798,102.630,113.083
606.171,345.278,103.249,111.885
605.862,344.352,103.606,110.502
600.003,355.067,103.603,110.691
609.897,345.519,102.749,110.289
610.096,343.135,102.554,109.252
602.297,351.974,103.749,110.265
611.414,345.411,103.368,110.973
613.898,345.804,103.008,111.468
617.602,344.632,102.455,111.235
625.222,344.899,100.926,111.092
630.982,343.718,99.233,110.516
632.032,341.886,98.236,109.530
629.973,340.988,98.775,108.860
630.546,341.867,99.245,108.955
631.434,341.963,98.748,108.073
634.882,341.610,97.914,107.802
636.110,341.078,96.227,107.637
636.736,339.497,94.570,107.556
637.179,340.649,94.188,108.350
636.959,338.409,94.048,108.765
636.591,339.511,94.585,109.133
636.298,338.284,95.275,110.860
636.286,337.204,95.219,111.870
636.012,336.879,94.848,112.116
635.462,336.526,94.326,112.588
635.519,336.596,93.694,112.538
635.575,337.490,93.204,112.037
635.461,337.977,93.217,111.523
634.563,338.979,93.373,111.220
634.589,338.422,93.776,111.366
635.796,337.852,93.511,110.536
634.112,338.777,93.181,109.546
634.923,339.468,93.948,108.960
633.456,340.294,92.688,108.363
632.045,340.963,89.813,107.610
632.645,341.691,87.469,107.620
634.384,343.739,86.194,108.481
634.009,345.123,86.149,109.736
633.717,344.040,85.649,110.600
634.724,343.483,85.278,111.484
634.133,342.626,84.346,111.978
633.874,342.989,83.024,112.856
633.476,342.102,82.347,113.919
633.227,341.749,82.116,114.535
633.925,341.893,83.202,114.947
633.560,339.901,83.927,115.447
633.718,336.560,84.803,116.633
632.915,334.749,85.615,117.907
631.510,332.078,85.415,119.480
630.979,329.414,85.011,121.212
631.205,326.281,85.686,123.823
629.560,326.553,86.698,125.135
628.795,325.707,87.951,126.046
628.396,324.065,88.315,127.075
627.751,323.675,88.327,128.042
626.200,324.730,88.133,128.228
626.311,326.055,87.905,127.259
625.019,327.548,87.857,126.394
625.233,329.208,87.945,125.165
625.141,331.144,87.715,123.807
623.796,331.207,87.021,122.456
623.248,333.865,85.187,120.991
622.947,335.113,82.230,120.079
624.022,335.024,79.899,119.649
624.352,334.752,78.480,119.510
624.113,334.463,77.426,119.166
625.612,335.335,76.955,118.590
621.802,336.436,75.277,118.254
619.519,334.849,74.958,119.005
619.417,336.367,74.841,119.158
620.577,336.064,73.751,119.223
619.049,334.677,73.403,119.735
618.396,336.247,73.032,119.684
618.070,334.963,73.304,119.914
617.459,335.039,74.162,120.422
617.073,335.674,74.282,120.194
617.769,336.745,73.525,119.095
617.888,337.385,72.673,118.347
617.504,339.079,72.297,117.534
616.599,340.851,72.634,116.508
615.084,340.372,74.155,114.980
612.314,341.333,76.628,114.063
609.806,342.664,80.136,113.103
606.597,342.942,83.245,111.866
606.371,344.651,89.695,109.674
603.749,347.081,94.775,107.196
604.031,349.151,98.587,104.593
604.702,353.992,100.867,101.819
613.585,352.447,100.223,99.158
569.838,349.374,96.324,99.909
568.959,348.905,92.289,100.377
573.632,349.065,90.180,100.229
573.254,349.164,88.147,100.215
575.359,349.860,86.353,99.798
580.664,349.731,84.515,99.165
587.235,348.908,84.686,98.603
612.764,348.893,88.409,96.323
608.334,347.950,92.793,95.035
603.155,348.144,96.639,94.360
600.651,348.749,100.079,94.657
600.422,348.740,103.035,95.929
599.020,346.526,105.774,97.620
598.787,345.073,107.744,99.516
596.330,343.801,109.615,100.743
598.085,342.631,110.193,101.891
598.750,340.834,109.817,103.772
601.080,339.550,108.697,105.461
603.994,339.320,107.661,106.841
605.500,339.079,106.023,107.578
606.130,339.147,104.743,107.649
607.267,339.100,103.908,107.866
607.560,339.168,103.886,107.979
607.819,339.433,104.252,108.296
607.277,340.839,104.590,108.204
608.133,341.420,104.425,108.188
607.926,342.221,104.162,107.989
606.913,341.797,103.954,107.947
606.159,340.586,102.386,107.764
604.279,340.418,99.683,108.171
604.015,341.413,95.944,108.769
601.341,339.659,90.048,108.764
603.049,342.726,84.529,109.098
606.723,344.125,79.604,110.399
609.639,346.063,75.389,112.489
611.282,345.078,71.448,114.224
610.700,341.387,68.338,113.762
610.785,343.909,65.847,114.628
608.540,343.207,64.721,115.162
606.368,342.543,65.157,115.686
607.098,340.872,66.702,115.661
607.264,345.458,71.331,117.671
604.495,346.020,75.409,119.221
602.251,346.441,79.720,120.408
596.377,350.545,81.047,121.326
596.617,349.691,81.693,121.762
598.880,347.561,83.855,121.813
591.176,348.272,84.687,121.962
581.671,352.677,82.215,121.412
583.582,351.912,80.024,121.071
581.930,352.224,77.678,120.751
579.160,353.534,74.636,120.937
578.063,352.956,71.566,120.897
579.054,352.248,68.996,120.943
578.750,351.931,66.360,121.490
578.777,350.044,64.851,121.761
579.373,349.423,63.630,122.129
579.153,348.151,62.142,122.582
579.319,347.387,60.833,123.056
579.229,347.634,59.390,123.674
579.623,347.487,58.181,124.116
579.898,347.043,57.315,124.607
579.296,346.052,56.260,125.042
579.111,346.575,55.556,125.676
579.008,345.580,55.027,126.406
579.154,344.707,54.569,127.093
579.079,344.061,53.946,127.704
578.906,342.982,53.395,128.365
579.164,342.799,52.922,129.127
578.857,341.810,52.493,129.822
578.657,341.225,52.188,130.140
577.674,341.634,51.772,130.439
576.712,342.470,51.379,130.659
574.869,342.042,50.889,130.899
572.717,340.898,50.185,130.868
572.346,341.410,49.342,131.031
571.653,340.108,48.890,130.931
570.416,340.853,48.254,130.784
569.381,340.502,47.589,130.393
569.112,341.469,47.080,130.189
567.962,341.810,46.584,129.778
567.080,343.154,46.412,129.394
566.594,344.169,46.338,128.498
565.799,344.505,46.249,127.466
565.449,344.748,46.343,126.361
565.009,346.124,46.554,125.420
564.022,344.887,46.536,124.457
563.311,345.526,46.739,123.632
562.813,345.404,46.673,122.448
561.931,346.135,46.674,121.934
560.350,344.202,46.612,120.620
557.980,344.523,47.274,119.267
556.859,344.285,47.969,117.686
554.442,342.982,48.651,115.953
553.293,345.259,48.577,115.208
553.693,344.324,48.434,114.020
555.559,344.640,48.766,112.991
556.009,346.775,48.925,112.780
558.200,342.504,49.723,111.683
557.407,347.275,50.293,111.707
557.455,362.734,50.404,115.081
557.260,359.023,50.739,117.697
556.887,373.323,50.645,120.671
556.339,370.837,50.770,123.882
556.301,371.422,51.000,125.928
555.700,364.782,51.364,127.833
556.025,370.305,52.219,129.391
555.559,363.830,53.398,131.649
554.592,358.186,54.931,133.205
553.561,361.562,56.711,133.456
552.565,355.687,58.651,134.152
551.278,349.711,60.858,135.558
550.758,352.709,63.134,135.405
550.357,356.238,65.273,134.913
549.201,360.149,66.321,133.763
547.628,356.487,67.806,134.378
546.201,350.187,69.447,134.332
541.510,348.368,69.480,133.319
539.230,345.564,69.601,129.895
539.500,343.395,69.358,126.276
539.815,344.269,69.004,124.417
538.426,342.393,67.832,123.264
538.065,341.913,65.871,121.809
539.546,342.724,64.650,121.093
540.785,344.272,63.981,120.933
541.121,343.429,63.084,120.749
541.970,344.007,62.042,120.542
543.332,343.010,61.102,119.592
546.399,343.811,61.095,119.455
545.340,339.660,61.056,119.686
548.093,342.771,62.505,119.411
549.661,341.489,64.812,118.092
549.399,341.631,66.522,117.333
546.058,340.731,67.276,116.801
543.781,338.730,67.417,116.460
544.444,337.397,67.662,116.505
543.578,336.885,67.376,116.253
542.379,334.524,67.102,116.116
538.420,331.477,66.444,116.572
535.265,331.209,65.598,117.040
538.335,331.369,65.864,117.263
533.808,330.169,65.616,117.765
535.151,331.514,65.545,117.822
532.979,329.004,65.286,118.446
535.103,330.095,65.617,118.706
532.336,326.716,65.163,119.717
530.509,323.571,64.580,121.242
529.152,318.896,63.571,123.348
529.450,320.603,62.553,124.606
528.217,318.561,61.488,125.524
526.963,321.198,60.469,124.985
525.826,323.064,59.362,123.247
524.106,324.982,58.075,120.679
522.057,325.710,57.506,118.665
520.303,330.277,57.368,115.620
518.231,330.195,57.847,113.669
516.372,327.555,58.248,113.102
514.035,324.847,58.079,113.587
511.801,327.831,57.980,113.178
511.675,322.883,57.964,113.907
511.661,324.743,57.940,114.797
510.238,327.614,58.390,114.362
508.982,325.897,57.842,114.591
507.987,326.738,56.785,114.018
508.599,325.425,55.574,114.376
508.161,324.220,54.212,115.483
508.373,323.551,52.988,116.154
509.195,322.922,52.137,116.780
509.337,321.469,51.439,116.664
508.646,319.043,50.904,115.721
508.468,319.784,50.284,115.219
508.787,318.626,49.848,114.696
509.319,319.187,49.478,114.448
508.909,318.632,49.505,113.935
507.965,317.456,49.334,113.706
507.438,317.575,49.538,113.087
507.232,318.490,49.938,112.436
506.084,318.497,50.806,111.860
504.871,317.194,51.757,111.742
503.254,316.093,52.805,111.919
501.407,316.695,54.268,111.978
499.914,317.065,55.459,111.895
496.822,315.813,56.688,112.397
494.656,317.103,58.433,111.984
491.464,313.625,59.410,112.298
488.487,318.718,60.842,111.378
483.702,317.855,62.893,110.579
480.987,319.293,64.690,109.912
479.603,317.880,65.707,109.721
478.556,317.524,66.415,109.491
478.542,315.884,66.817,109.499
476.230,314.948,66.194,109.355
474.994,315.233,64.503,109.089
474.621,314.447,62.764,109.129
474.090,314.312,61.055,109.393
473.156,314.153,59.169,110.174
473.340,313.130,57.384,111.294
473.285,312.499,55.777,112.325
472.964,313.954,54.238,112.870
473.099,312.830,52.860,113.496
473.279,314.143,51.715,113.794
474.277,312.642,50.232,114.598
474.556,313.886,49.188,115.006
473.905,312.501,48.387,115.199
474.632,315.134,47.693,115.105
474.831,312.394,46.943,115.420
475.251,314.937,46.599,114.933
475.248,312.998,46.258,114.943
475.331,313.887,46.319,114.849
475.185,313.827,46.277,114.929
474.876,313.980,46.360,114.996
475.061,313.755,46.290,115.128
475.422,313.389,46.229,115.216
475.165,312.880,46.243,115.338
475.668,312.978,46.046,115.238
475.485,313.460,46.254,114.929
475.454,313.725,46.328,114.473
475.936,315.096,46.406,114.115
475.736,314.912,46.359,113.955
475.423,315.646,46.253,113.458
474.640,315.694,46.208,113.084
474.919,315.259,45.902,112.820
475.242,315.393,45.742,112.946
474.757,315.441,45.770,112.944
475.128,315.670,45.558,112.995
474.155,315.387,45.445,113.009
475.411,316.242,45.128,112.937
474.577,316.450,44.953,112.942
474.690,317.070,44.715,112.567
474.241,316.885,44.716,112.496
474.668,317.661,44.527,112.217
474.563,317.889,44.497,111.905
474.440,317.898,44.445,111.942
474.236,317.949,44.456,112.036
474.385,317.857,44.320,112.325
474.313,317.545,44.491,112.580
473.981,318.116,44.596,112.365
473.698,318.745,44.767,112.090
473.713,318.370,44.950,111.800
474.049,318.819,45.041,111.529
473.822,318.038,45.035,111.542
474.320,319.028,45.241,111.506
473.967,318.014,45.335,111.602
473.936,321.421,45.682,111.330
473.831,321.492,45.814,111.364
473.585,321.214,45.864,111.515
473.607,320.719,45.857,111.707
473.786,320.395,45.909,111.815
472.846,318.975,46.018,111.801
472.878,320.934,46.763,111.358
472.375,319.846,46.663,111.004
472.269,321.803,47.294,110.636
472.273,321.720,47.049,110.948
472.252,321.545,46.946,111.249
472.394,321.399,46.930,111.583
472.449,321.541,47.015,111.777
471.973,319.477,46.890,111.401
472.458,323.357,47.799,110.036
471.866,321.418,47.520,109.297
471.819,322.420,47.685,109.272
471.563,320.354,47.282,109.437
472.149,323.596,47.932,109.172
471.489,320.546,47.704,109.525
472.134,324.030,48.676,109.407
471.181,321.082,48.544,109.882
471.056,323.693,48.562,110.041
470.774,321.413,47.795,111.025
471.297,323.192,48.505,111.110
471.775,322.072,48.856,111.585
472.768,323.561,49.884,110.868
471.611,324.393,50.027,110.911
472.471,323.401,50.274,111.501
472.227,324.332,50.098,112.264
472.104,321.982,49.899,112.908
473.022,323.546,50.239,113.344
472.127,322.268,51.031,113.678
472.520,322.911,52.080,113.342
472.264,323.373,52.991,112.969
472.164,323.515,53.940,112.772
472.247,324.258,54.253,112.903
472.338,324.264,54.455,112.343
473.375,325.999,54.568,111.872
473.726,325.651,54.958,112.113
475.572,327.012,55.445,111.952
475.413,326.833,56.371,112.068
475.677,327.416,58.008,112.381
475.392,328.563,59.455,112.546
475.721,329.261,60.545,112.690
474.498,328.919,61.448,112.795
476.596,329.148,61.917,112.713
477.404,331.166,62.322,112.755
478.883,331.410,62.123,112.496
480.688,332.850,62.173,112.110
483.084,333.409,62.150,111.811
483.464,333.467,62.630,111.464
487.020,332.189,62.823,111.386
487.124,332.318,62.688,111.007
489.681,332.115,62.933,110.847
489.144,332.611,63.460,110.591
490.595,332.101,63.675,110.662
488.478,333.249,64.400,110.537
488.568,332.855,65.020,110.691
486.308,333.396,66.031,110.688
484.432,334.338,67.189,110.599
482.658,335.477,68.228,110.358
478.781,335.873,69.616,110.101
476.230,335.688,70.555,110.183
475.233,336.814,71.200,109.995
475.318,337.231,71.290,109.493
474.764,337.669,71.221,108.885
474.013,339.285,71.345,108.610
472.366,340.950,71.731,108.106
472.080,342.586,71.911,107.640
470.751,343.652,71.881,107.370
469.062,345.086,71.759,107.251
468.277,346.243,71.305,106.757
464.497,345.852,71.945,106.297
464.928,347.541,71.484,105.929
468.280,347.259,69.960,105.497
470.580,349.280,68.397,105.493
471.804,349.200,66.393,105.125
471.901,350.356,64.468,104.285
471.928,351.014,62.986,103.863
471.018,351.645,61.682,104.199
470.567,352.198,60.368,104.762
470.011,353.382,59.620,106.052
469.648,352.773,58.842,106.994
467.576,353.292,58.946,107.970
466.439,353.821,59.033,108.652
464.617,353.774,59.244,108.731
464.291,353.436,59.763,108.669
464.437,354.082,60.283,108.986
463.667,355.622,60.672,109.722
463.376,355.005,61.023,110.241
463.083,355.023,61.295,111.004
462.626,354.151,61.601,111.957
462.687,352.925,61.751,113.051
462.731,354.829,61.564,114.033
465.175,354.900,60.937,114.348
464.935,355.962,60.114,114.374
465.283,355.610,59.201,114.054
465.327,356.665,58.199,113.862
465.048,356.572,56.994,113.620
465.640,359.591,55.813,114.042
465.489,357.987,54.840,113.636
466.281,360.166,53.942,114.031
465.582,359.992,53.254,113.947
464.809,360.353,52.854,113.855
464.727,360.807,52.391,113.726
463.699,361.711,52.027,113.786
463.432,361.341,51.611,113.488
463.323,361.964,51.041,113.411
463.269,361.813,50.492,113.069
463.605,363.826,49.904,113.445
462.319,364.155,49.378,113.755
461.928,363.502,49.150,113.314
460.819,363.818,49.208,113.017
459.074,365.901,49.706,113.209
458.352,367.008,50.169,113.502
457.694,368.052,50.710,113.875
457.024,369.123,51.234,114.531
456.552,369.865,51.753,115.054
455.853,369.723,52.270,115.142
455.036,372.148,52.706,115.546
454.446,373.162,53.145,115.743
453.759,372.547,53.529,115.863
453.520,374.643,53.601,116.202
454.041,376.051,53.537,116.248
454.327,378.347,53.633,116.061
454.620,380.420,53.727,115.496
453.767,382.555,53.950,114.730
452.940,383.488,54.007,113.774
452.261,385.878,54.084,112.785
452.168,387.495,54.144,111.688
450.565,389.560,54.238,110.450
449.313,390.527,54.380,109.208
447.667,391.393,54.498,107.974
445.985,393.347,54.781,106.655
444.784,393.681,55.108,105.656
443.017,394.411,55.404,104.589
442.067,397.458,55.754,103.703
442.198,399.446,56.016,102.915
441.236,406.117,56.264,102.513
440.489,412.574,56.616,102.463
447.003,428.335,56.896,103.484
438.724,433.356,58.025,104.317
438.825,431.249,59.145,105.590
441.214,434.175,59.989,106.605
434.866,438.176,60.924,108.004
439.137,438.021,61.733,108.957
441.176,434.321,62.755,109.984
434.456,433.929,63.609,111.695
436.163,434.706,64.384,112.893
436.955,434.196,65.343,113.801
438.052,437.761,66.221,114.579
442.561,443.109,67.309,115.324
438.460,443.315,67.830,116.111
445.314,447.579,68.389,116.546
455.274,454.348,68.808,116.408
453.301,451.737,69.281,116.240
453.564,455.648,69.636,116.465
454.478,455.009,69.974,116.496
450.348,450.328,70.606,116.344
448.286,448.995,70.990,116.357
451.693,450.478,71.781,115.873
448.428,451.151,72.067,115.925
453.969,453.685,72.669,115.831
453.980,457.918,72.761,116.084
447.886,452.331,73.337,116.002
455.781,456.176,73.671,115.840
446.829,455.761,74.236,115.765
454.415,460.203,74.386,115.736
449.573,456.951,74.892,115.428
447.198,459.434,75.299,115.416
459.175,458.684,75.322,115.187
459.674,457.334,74.878,114.853
460.823,463.559,74.583,115.007
452.339,460.398,74.766,114.817
454.826,465.896,74.748,114.682
450.087,461.088,74.851,114.526
441.845,460.257,75.880,114.021
448.382,461.967,76.152,113.611
447.913,461.022,76.481,113.201
450.387,462.589,76.696,113.122
450.523,461.274,76.885,112.623
452.196,465.910,77.096,112.355
454.972,463.897,77.154,112.193
453.409,468.560,77.926,111.989
452.103,465.450,77.976,111.856
455.663,465.295,77.906,111.776
458.786,467.286,78.310,111.550
442.597,463.201,79.253,112.061
457.755,468.991,80.657,111.723
429.670,464.953,81.580,111.875
411.549,471.137,81.163,112.471
412.392,471.889,80.593,113.187
411.460,472.910,80.108,113.804
410.178,474.547,79.913,114.559
416.010,469.489,79.297,115.575
415.742,470.188,78.794,115.848
418.979,468.803,78.411,115.790
419.024,474.260,77.940,116.377
419.851,472.056,77.586,116.792
418.587,475.569,77.048,117.635
416.891,476.834,76.686,118.504
419.565,475.884,76.071,119.445
418.283,478.779,75.506,120.510
421.619,473.045,74.881,121.100
420.815,476.009,74.498,121.855
420.256,475.784,73.805,122.858
420.235,474.799,73.295,123.860
418.635,476.254,72.726,124.812
419.716,471.970,72.530,125.694
413.782,480.119,72.404,126.531
419.753,474.068,71.802,127.546
413.325,479.245,71.569,128.409
418.140,473.335,71.003,129.394
413.970,482.177,70.528,130.191
417.200,476.629,70.240,131.360
411.018,477.485,70.493,131.899
404.156,485.290,70.961,132.443
408.106,481.136,71.496,132.845
407.432,482.269,71.642,133.378
412.995,482.627,71.665,133.791
417.662,473.894,71.801,134.125
420.145,481.960,72.221,134.335
416.485,481.845,72.724,134.526
418.649,477.824,73.537,134.898
415.409,482.765,73.495,135.417
409.133,483.171,74.560,135.471
410.829,477.713,74.702,136.039
411.192,472.636,74.714,135.900
410.119,475.235,74.889,135.727
410.316,476.902,74.921,135.772
408.279,475.076,75.260,135.325
403.395,482.877,75.775,135.552
408.065,473.001,75.898,135.736
399.883,481.291,76.472,135.989
399.450,485.180,77.180,135.692
402.824,480.604,77.446,135.625
401.373,479.967,77.488,135.085
400.022,480.276,77.752,134.813
394.220,485.595,78.386,134.747
391.284,482.238,78.324,134.789
389.638,485.052,78.204,135.014
389.855,484.146,78.234,134.762
385.384,486.584,77.954,135.136
387.531,487.057,78.250,134.767
387.093,485.398,78.172,134.872
387.804,486.200,78.274,134.774
386.587,487.212,78.139,135.015
387.856,485.596,78.043,135.015
386.640,485.303,77.712,135.270
385.959,485.577,77.384,135.372
388.646,484.620,77.324,135.075
385.853,483.776,76.705,135.391
386.994,485.574,76.591,135.450
388.051,484.402,76.312,135.155
386.526,487.915,76.111,135.098
389.813,484.024,76.120,134.520
388.457,487.337,75.843,133.974
392.287,485.142,75.509,133.784
391.543,488.678,74.994,133.403
392.368,484.482,74.909,132.848
388.560,489.354,74.862,132.763
390.233,488.319,75.023,132.544
393.110,487.452,75.341,132.345
393.095,486.024,75.755,131.971
394.773,490.152,76.105,131.575
389.754,489.318,75.941,131.602
393.307,491.387,76.107,131.665
393.759,493.416,75.909,131.598
394.507,489.851,75.313,131.210
393.865,490.257,74.782,130.955
395.366,488.980,74.953,130.680
391.876,491.507,74.782,130.491
390.047,492.036,74.645,130.412
395.384,495.218,74.966,130.241
387.971,487.662,74.324,130.558
389.138,491.857,73.875,131.229
391.866,488.996,73.604,131.280
383.177,495.644,73.478,131.687
384.123,490.259,74.361,131.957
382.785,493.582,74.567,132.225
380.792,497.924,74.643,132.545
385.680,490.190,74.796,132.641
381.497,497.768,74.791,132.699
379.505,497.472,75.179,132.902
380.152,496.851,75.501,133.203
385.715,492.824,75.548,133.229
381.374,489.002,74.975,133.528
381.885,496.010,74.504,134.120
373.741,496.775,74.556,134.776
372.722,483.154,74.711,135.068
378.213,490.017,74.196,135.823
362.045,510.078,74.568,135.599
371.241,499.559,74.359,136.903
373.738,501.759,74.553,137.490
375.578,500.550,75.620,137.413
368.477,493.474,75.500,137.578
371.430,498.425,75.649,137.231
371.295,496.554,75.681,136.339
368.569,493.891,75.982,135.982
369.300,493.839,75.987,135.700
369.155,493.321,76.122,135.136
368.157,492.214,76.193,134.405
366.877,493.788,76.122,134.488
366.093,494.396,76.076,134.912
367.244,497.039,76.056,135.200
367.197,493.194,76.328,135.460
366.450,491.358,76.520,135.764
368.277,503.828,76.741,135.807
364.472,507.176,76.716,135.010
366.602,509.852,76.958,134.079
364.998,511.254,77.226,132.931
365.963,513.811,77.677,131.838
366.292,519.564,78.083,130.681
362.107,520.444,78.345,129.310
359.855,523.381,78.355,128.084
