478.000,143.000,80.000,111.000
474.888,143.256,82.301,109.716
472.969,140.492,83.544,108.698
470.789,137.292,83.908,108.547
468.657,134.633,84.348,109.444
466.573,131.491,84.822,110.393
464.851,129.736,85.085,110.866
462.686,128.477,85.415,112.460
461.536,126.191,86.051,113.559
459.666,124.580,86.694,113.536
458.574,123.535,86.722,114.395
457.748,121.786,87.128,116.228
456.741,120.949,87.420,117.758
456.358,120.421,87.471,117.228
455.193,119.881,88.126,117.489
453.827,117.836,89.075,117.486
452.165,118.688,89.354,118.708
450.226,118.502,89.777,118.367
448.371,118.648,90.034,118.937
446.100,118.280,90.502,120.591
443.689,118.319,91.242,121.937
440.661,119.543,92.083,122.000
437.446,118.911,93.579,122.633
434.106,120.527,94.697,122.430
431.257,122.393,96.098,120.626
425.430,128.244,97.170,117.676
417.780,131.306,97.295,115.154
408.601,135.854,98.109,113.888
399.564,139.557,100.400,111.894
393.154,143.546,99.927,112.698
384.883,150.363,101.490,111.796
376.689,153.045,100.941,110.872
367.665,156.426,101.316,110.983
357.563,156.739,102.597,114.146
346.944,155.182,103.655,120.288
334.766,158.578,102.541,120.752
323.345,161.459,102.791,123.122
311.373,163.296,104.765,126.012
296.524,167.708,106.206,125.722
284.942,172.819,105.078,122.832
274.450,169.717,105.342,124.537
266.886,169.221,106.763,125.637
260.431,170.419,108.953,126.334
254.193,167.570,111.425,128.913
248.377,167.324,114.295,131.709
244.655,167.926,116.789,135.616
243.346,168.633,118.468,138.381
242.664,166.858,120.305,139.666
243.764,165.936,121.367,140.972
244.893,165.580,122.457,140.944
248.819,164.338,123.450,143.186
250.791,162.002,123.595,142.261
253.441,161.224,123.268,142.196
255.297,157.599,122.973,142.582
257.415,151.758,122.157,143.190
260.539,142.429,122.938,145.585
262.736,132.689,123.008,148.021
264.604,121.499,123.587,148.391
265.318,110.535,121.806,147.499
265.721,98.978,120.348,147.508
265.476,86.670,119.887,145.871
265.326,77.489,118.873,143.860
264.393,68.778,117.334,142.290
262.959,60.971,116.536,142.437
263.072,54.064,114.628,141.242
263.940,47.741,112.244,139.368
264.676,42.860,109.766,136.813
265.761,38.867,106.499,134.038
266.062,36.769,104.228,130.851
268.599,34.752,101.306,127.533
271.101,36.015,99.030,123.582
275.319,33.613,96.342,121.633
277.045,36.493,95.744,117.985
280.818,36.998,94.927,115.463
284.432,38.130,93.773,113.921
289.838,40.448,92.870,111.391
295.546,42.447,92.247,110.101
299.767,45.145,90.739,108.865
307.271,45.768,88.525,108.593
314.340,48.535,88.358,107.927
321.800,51.465,87.335,107.946
330.575,49.718,85.883,108.416
341.011,52.042,87.111,107.752
349.783,51.037,87.247,108.086
359.666,49.456,88.057,110.156
368.359,48.240,87.886,110.384
381.085,49.923,89.204,108.353
392.670,51.217,89.719,103.475
403.965,56.470,91.771,101.099
416.768,59.860,93.124,99.865
431.684,60.867,95.192,99.717
444.490,61.742,95.998,100.944
455.629,66.655,96.751,103.561
466.993,71.897,98.330,107.253
476.241,74.363,98.200,108.467
487.436,77.273,97.390,109.713
496.180,81.371,97.071,111.427
503.916,88.318,97.239,116.370
507.528,90.208,97.504,119.494
510.369,97.734,97.385,123.602
510.188,97.108,97.630,128.134
508.412,101.498,98.325,133.345
505.876,102.688,99.008,139.640
500.109,101.460,98.202,142.580
493.798,102.566,98.190,143.119
488.094,109.740,99.370,136.835
479.134,111.949,99.294,132.049
472.383,118.735,102.804,128.622
462.130,123.197,104.276,126.649
451.898,127.986,102.696,125.148
443.837,130.506,102.131,123.170
435.571,135.943,101.915,120.262
428.165,138.833,101.825,118.316
420.175,142.838,102.521,118.482
411.423,146.159,103.937,119.199
403.447,149.998,106.196,120.271
394.688,155.201,109.591,121.153
389.327,157.016,114.302,122.530
382.966,160.962,115.446,122.770
375.676,164.324,114.535,125.314
368.581,167.660,115.284,128.545
361.793,172.349,115.424,132.375
351.401,173.217,113.599,135.309
344.637,171.579,111.092,140.465
336.929,174.033,109.944,145.638
329.278,173.273,109.213,145.699
322.873,180.465,109.641,146.706
315.303,182.634,110.332,142.995
308.830,188.986,110.697,138.628
305.461,188.206,110.472,135.625
302.901,189.063,110.090,134.717
302.724,187.583,109.719,134.639
302.777,187.637,109.637,134.200
305.316,187.611,110.177,132.135
311.306,188.163,109.268,129.930
317.842,190.356,108.360,128.270
326.019,193.674,106.966,127.465
334.531,196.875,105.714,127.963
344.005,202.028,104.484,126.725
357.957,209.314,103.043,123.603
368.521,214.942,103.788,122.231
379.324,210.775,105.924,121.999
386.604,215.342,107.748,121.069
400.336,217.878,106.121,119.735
412.258,226.727,105.015,115.921
422.308,233.554,106.225,113.794
431.412,233.071,106.147,117.681
440.348,240.886,105.404,117.811
445.245,236.167,106.525,122.226
449.845,234.494,107.995,127.184
451.070,233.980,109.873,130.919
450.517,233.413,111.032,134.724
445.950,229.321,110.111,136.069
441.889,227.499,108.374,136.326
434.977,220.018,109.144,137.029
434.997,215.340,109.018,136.678
433.616,213.092,107.660,134.669
429.784,211.055,106.502,135.936
429.116,205.661,108.378,140.160
429.667,205.052,109.896,143.628
429.018,199.205,111.568,146.580
428.409,196.700,113.634,146.814
427.702,190.349,115.591,149.411
427.927,185.781,117.194,150.995
428.889,190.763,117.344,150.548
426.303,188.319,120.007,153.188
423.758,189.069,120.333,152.236
420.425,185.501,120.374,154.667
413.589,184.403,120.933,155.529
404.505,187.271,122.485,153.368
395.211,182.572,125.151,153.756
383.655,180.547,128.442,155.741
374.482,181.529,129.205,154.460
362.439,182.291,126.411,153.123
351.535,181.463,123.308,151.974
335.483,180.072,119.162,152.150
323.276,179.043,117.065,150.975
306.966,182.353,118.626,145.364
291.933,178.146,119.185,142.785
277.251,183.229,117.150,135.397
266.006,176.736,115.502,133.051
255.065,177.723,113.222,130.415
246.757,176.017,112.158,129.252
239.006,173.535,111.484,128.166
229.980,171.257,112.001,128.539
221.188,171.801,112.810,127.842
210.721,170.698,115.737,128.459
203.658,172.619,116.916,128.899
197.425,173.290,117.958,130.647
189.913,179.040,118.276,131.189
181.696,184.137,119.433,129.760
175.014,186.641,120.437,129.469
168.749,190.518,121.498,129.342
162.182,192.012,123.707,130.261
158.253,192.480,125.092,133.110
152.547,196.496,126.095,133.050
149.395,195.630,127.882,134.834
145.241,197.643,129.370,136.217
142.368,197.611,130.033,137.283
140.912,198.173,130.802,137.577
138.999,198.218,131.964,137.697
137.486,199.805,131.988,137.622
135.773,199.747,132.180,137.620
133.770,197.139,132.111,138.041
130.832,197.492,131.670,136.936
128.579,192.811,132.812,136.324
123.068,187.530,131.255,136.137
122.567,179.645,131.470,137.166
116.251,173.421,130.829,137.450
114.946,165.732,128.541,138.465
111.499,156.674,125.716,139.385
108.906,146.877,123.630,140.489
104.866,137.377,123.681,140.365
102.646,128.028,121.821,137.731
100.583,114.116,121.637,137.445
98.040,103.028,120.628,135.917
99.187,91.765,119.587,134.522
100.448,81.616,118.144,133.867
103.622,73.007,117.766,133.513
106.651,64.601,117.662,136.212
109.766,48.241,120.643,140.842
113.866,36.782,120.408,139.956
120.532,26.962,120.964,139.798
126.731,21.549,122.130,136.722
135.990,19.005,120.943,130.620
149.334,17.853,117.766,125.586
156.316,13.329,116.545,123.330
163.572,11.340,115.018,123.413
173.340,9.102,112.495,123.448
192.340,4.181,108.097,122.752
207.274,5.881,103.489,119.843
219.381,9.778,99.092,115.576
229.142,9.360,95.904,112.349
236.606,10.741,93.417,109.743
245.652,9.338,91.172,108.822
250.822,13.598,88.012,107.231
252.320,15.165,87.302,106.160
255.734,17.420,87.006,104.497
259.333,21.504,86.283,103.285
257.533,24.604,85.967,102.480
257.948,27.288,85.434,102.000
256.917,28.749,84.781,101.064
257.223,30.456,83.108,98.370
255.404,34.179,81.792,96.673
252.732,37.075,80.914,97.094
251.658,36.985,79.673,97.915
250.504,39.586,78.960,97.427
249.799,42.144,78.693,97.662
248.333,45.399,78.745,98.030
249.386,47.723,78.630,97.587
251.447,50.552,78.002,97.374
253.797,50.097,77.423,96.091
255.807,52.188,77.624,94.971
258.750,54.785,77.824,94.921
263.078,54.590,77.672,95.522
268.111,57.993,76.568,93.843
272.087,60.951,75.068,91.959
272.835,58.921,76.966,93.031
277.055,55.892,78.461,94.411
279.453,54.274,80.088,95.664
281.238,54.712,80.789,96.256
282.078,56.818,79.500,95.833
282.648,57.091,78.249,96.692
283.841,56.276,77.099,97.940
284.486,57.027,76.340,98.014
284.722,55.978,76.590,98.100
283.720,58.685,77.180,97.381
282.769,59.964,77.921,96.922
281.843,63.657,77.496,95.538
281.574,66.870,76.049,93.911
280.162,70.121,74.963,93.888
278.985,72.663,74.607,92.968
278.110,74.658,74.402,92.256
276.890,75.557,75.118,91.909
276.229,78.087,75.929,92.247
275.907,79.951,76.859,91.576
275.902,82.956,77.440,91.418
277.506,86.173,76.168,90.526
280.082,90.083,73.894,89.055
280.593,92.487,72.985,87.887
282.558,94.717,72.601,87.396
283.832,97.055,71.677,87.315
282.463,99.979,71.845,86.472
283.779,102.095,71.509,85.796
283.437,103.584,71.063,84.533
284.591,106.554,70.525,84.257
284.850,109.357,69.751,84.379
285.714,112.916,68.766,84.530
285.966,116.343,68.632,84.126
287.544,118.555,68.417,83.606
288.789,121.658,67.599,82.007
290.857,125.168,66.344,80.784
292.480,128.011,65.934,80.401
294.256,130.374,65.736,80.041
295.138,133.666,66.486,79.444
294.821,135.002,67.872,79.757
295.530,138.858,69.238,79.450
296.947,141.441,70.086,79.251
296.903,146.052,71.139,79.360
297.723,147.469,72.023,78.890
295.110,153.803,74.198,79.211
298.055,155.021,75.706,79.501
299.582,157.180,77.299,79.656
298.644,157.510,79.135,79.980
301.152,158.711,80.217,80.206
302.544,159.433,81.212,80.619
298.944,160.606,82.528,80.838
298.318,166.199,83.922,81.624
299.404,171.035,84.856,82.050
296.873,174.265,85.645,82.171
295.201,169.266,86.724,82.229
295.826,175.679,87.606,83.481
297.025,174.575,88.500,84.648
296.009,173.960,89.381,85.193
296.379,171.483,90.232,86.078
295.617,165.138,90.704,86.404
297.016,159.954,90.885,86.627
297.399,157.139,90.983,86.627
297.047,153.256,90.461,86.375
295.419,148.232,89.698,85.460
295.423,143.562,88.103,83.973
299.008,138.954,85.415,83.082
300.727,134.719,81.726,82.845
303.672,130.502,78.466,82.891
305.525,125.591,75.573,83.738
307.251,120.590,72.450,85.531
308.279,113.190,70.417,86.997
309.217,107.189,70.164,87.937
310.435,100.061,70.383,90.881
312.300,94.190,70.642,92.646
315.127,89.099,70.998,93.678
317.198,83.945,71.393,94.362
319.752,78.543,72.385,93.613
323.743,73.740,72.598,93.509
326.510,68.638,73.059,93.315
328.110,61.380,73.622,93.624
333.181,55.745,73.767,94.823
336.133,50.605,73.977,96.062
340.324,45.049,74.199,96.185
345.244,41.199,75.327,95.793
351.641,36.185,76.439,95.980
358.541,31.770,77.298,95.814
365.294,28.183,78.011,95.265
372.898,24.206,80.081,96.261
379.815,18.790,80.811,96.648
390.293,16.499,82.595,97.581
398.341,16.957,82.973,96.622
407.267,18.987,83.371,96.301
416.506,20.914,82.760,95.303
426.537,24.103,82.473,94.388
436.062,28.088,82.362,94.716
444.517,32.962,82.950,97.829
452.811,37.148,82.800,99.064
458.512,43.168,83.193,98.812
464.089,49.686,83.644,98.574
470.171,56.445,83.350,99.230
474.847,64.417,82.604,99.546
474.330,71.401,81.282,99.563
476.084,80.043,79.125,98.572
475.410,86.640,78.174,98.083
470.502,93.381,79.297,97.886
465.907,96.959,80.139,96.780
460.041,102.089,80.985,98.850
458.997,108.562,79.103,98.942
457.092,114.762,76.689,99.578
454.940,119.938,75.826,99.191
452.829,128.153,74.618,98.380
451.713,129.610,73.326,97.942
454.386,135.596,70.583,97.044
452.734,140.490,69.909,95.829
453.490,146.286,69.059,94.636
454.734,151.222,69.916,93.672
455.067,156.604,70.053,92.705
457.519,162.500,69.300,91.687
458.967,169.055,68.677,90.820
462.958,174.500,68.552,90.462
463.814,177.652,69.513,90.437
467.678,181.012,69.481,88.294
469.635,180.981,70.427,88.839
470.913,183.617,70.693,87.492
472.469,181.711,71.395,88.215
473.311,181.946,71.551,89.074
473.390,181.722,71.279,88.966
473.430,181.411,71.386,89.291
474.119,178.901,71.455,90.330
474.232,177.405,71.017,90.957
473.742,174.841,70.984,92.120
473.075,171.007,70.913,93.053
473.469,166.222,71.211,94.072
473.491,160.876,71.224,94.706
474.148,154.549,71.212,96.668
475.460,149.021,71.036,97.295
476.431,143.661,71.135,97.062
479.162,138.250,71.048,96.464
479.225,133.209,70.928,95.950
478.710,127.842,73.055,96.072
478.715,123.026,75.000,97.177
479.180,117.434,76.281,99.313
479.513,112.806,77.455,100.683
478.845,107.298,78.132,102.430
478.932,102.368,78.548,103.946
478.813,97.766,78.937,103.259
476.864,92.004,80.349,103.726
474.117,86.459,82.819,104.236
471.492,80.800,84.510,104.552
468.496,75.144,85.786,104.798
463.997,71.332,86.608,103.809
458.964,66.933,87.432,104.146
453.193,62.567,88.147,104.924
445.962,57.520,88.617,105.100
438.393,52.222,87.988,104.951
430.683,50.219,86.840,103.978
421.322,45.350,85.102,102.397
413.382,42.229,84.169,101.943
403.745,39.755,82.432,101.245
393.705,36.002,82.995,100.151
382.706,32.202,84.537,99.404
373.325,30.428,84.419,98.819
362.662,28.630,83.141,97.061
354.108,25.424,80.925,96.513
344.680,23.790,79.591,96.287
333.372,22.290,77.832,95.450
327.411,19.621,75.786,93.615
316.914,19.681,76.103,92.145
309.749,19.307,75.750,94.007
301.559,17.628,76.496,94.300
294.440,18.399,76.416,93.861
287.779,16.823,76.742,93.781
281.132,18.104,77.464,93.356
275.845,17.573,77.244,94.015
271.552,14.513,76.830,94.221
267.305,15.856,76.860,94.265
261.575,16.562,77.380,94.140
256.715,16.839,77.833,94.392
253.284,17.746,77.847,94.664
251.363,20.203,77.868,95.368
249.790,20.248,77.494,96.360
249.929,23.827,76.435,96.101
248.402,27.148,75.927,95.580
245.542,30.412,75.618,94.087
241.424,33.602,75.856,92.489
238.176,36.310,76.186,92.012
233.455,38.152,75.967,91.265
229.023,41.346,75.671,90.868
224.253,44.702,74.911,90.464
219.399,47.202,74.076,89.542
213.866,50.692,73.048,88.555
212.936,53.762,73.454,88.045
213.249,59.089,73.522,87.546
208.551,61.727,73.255,86.289
204.000,65.361,75.190,84.274
200.928,70.730,75.954,80.583
199.439,76.892,75.880,76.938
199.539,80.697,75.127,74.583
197.155,84.300,74.163,73.546
198.820,90.548,73.572,72.913
198.032,82.771,73.383,73.524
198.600,53.659,72.664,75.426
200.297,47.583,71.957,76.081
201.143,49.694,70.643,77.063
179.121,57.078,70.898,76.312
171.416,58.900,68.966,74.255
172.376,61.867,66.971,72.539
172.780,63.214,65.401,71.006
171.716,64.914,64.254,70.138
173.977,66.103,63.195,69.517
171.777,66.155,62.572,69.047
172.072,65.062,61.740,68.337
173.649,64.342,60.515,67.465
174.493,63.855,59.454,66.515
175.649,63.986,58.253,65.197
176.549,64.937,57.144,63.964
176.914,65.391,56.432,62.407
177.265,66.037,55.998,60.985
177.502,66.322,55.519,59.706
177.558,66.264,54.828,58.183
177.236,67.650,54.073,57.205
176.824,68.337,53.339,56.463
176.060,69.002,52.523,56.204
177.168,69.514,52.437,55.967
179.557,68.433,52.677,55.544
177.870,68.479,52.196,55.232
175.101,69.085,51.601,55.270
176.409,68.845,51.547,55.176
174.258,69.879,51.302,55.205
171.753,71.655,50.917,55.317
176.872,70.001,50.430,55.384
176.989,71.155,50.295,55.272
177.870,71.263,50.254,55.276
178.499,70.768,50.161,55.289
178.831,70.906,50.084,55.415
179.314,70.602,50.009,55.628
179.597,70.248,50.141,55.719
179.186,69.715,50.271,55.635
180.340,70.857,50.561,55.687
179.709,67.918,50.534,55.572
180.627,69.496,50.722,55.645
179.938,69.653,50.937,55.687
181.236,68.850,51.140,55.702
178.070,69.906,51.245,55.778
181.129,69.159,51.523,55.795
179.200,69.370,51.660,55.811
181.055,68.826,51.848,55.844
177.841,68.769,51.945,55.945
176.882,69.168,51.854,56.113
181.059,68.637,52.149,56.054
177.787,68.685,52.174,56.225
180.308,68.192,52.476,56.192
178.652,68.622,52.643,56.323
180.738,68.910,52.890,56.420
178.581,67.259,52.880,56.547
180.640,69.487,53.130,56.666
180.577,67.353,53.193,56.743
178.696,68.569,53.257,56.858
180.058,68.051,53.415,56.925
180.355,68.153,53.530,56.977
178.413,68.187,53.550,57.091
180.711,68.408,53.848,57.093
177.044,68.406,53.870,57.140
179.791,67.229,54.184,57.060
179.295,67.311,54.271,57.118
180.698,66.985,54.475,57.134
178.430,67.779,54.641,57.253
179.443,67.796,54.807,57.249
178.709,67.988,54.705,57.332
180.145,68.360,54.940,57.319
178.750,67.451,55.047,57.352
179.838,67.849,55.076,57.293
179.680,68.033,55.097,57.336
180.336,68.624,55.206,57.405
178.511,66.329,55.184,57.415
180.121,67.493,55.359,57.614
178.405,67.805,55.414,57.624
180.124,68.243,55.635,57.656
178.750,66.521,55.653,57.647
181.794,66.977,55.900,57.780
180.141,67.286,56.256,57.716
178.793,67.400,56.405,57.682
181.351,68.702,56.690,57.743
180.154,66.405,56.889,57.673
178.740,68.197,57.038,57.824
179.317,67.754,57.093,57.855
179.427,66.910,57.194,57.935
178.859,67.268,57.267,58.026
180.658,68.038,57.529,58.125
180.800,67.645,57.800,58.104
180.689,66.919,58.113,58.114
180.230,66.724,58.269,58.260
181.763,67.356,58.607,58.411
179.477,65.624,58.786,58.408
179.066,66.928,58.916,58.711
180.229,67.436,59.037,58.837
179.981,67.246,59.187,58.891
179.566,66.568,59.310,58.961
181.705,68.486,59.677,59.132
179.482,67.808,59.809,59.170
179.554,66.398,59.922,59.177
180.006,66.948,60.111,59.301
179.410,66.750,60.219,59.350
180.233,67.391,60.416,59.434
178.287,67.169,60.454,59.428
179.546,67.383,60.629,59.533
178.801,65.556,60.822,59.549
179.850,65.873,61.057,59.671
179.010,66.830,61.204,59.842
178.349,66.020,61.284,59.851
179.256,67.103,61.427,60.029
178.801,66.353,61.493,60.060
179.016,66.845,61.672,60.124
178.916,66.340,61.819,60.186
179.121,66.597,62.018,60.316
178.624,66.005,62.138,60.415
178.269,65.422,62.202,60.569
179.388,65.929,62.289,60.861
177.995,64.039,62.347,61.014
182.352,67.572,62.862,61.235
177.884,65.250,62.869,61.222
180.388,66.384,63.159,61.426
179.572,62.886,63.336,61.353
181.006,63.429,63.742,61.362
182.628,65.107,64.249,61.605
180.027,66.108,64.493,61.849
180.116,64.576,64.780,61.844
181.773,66.352,65.177,62.046
180.816,65.272,65.509,62.283
183.001,69.160,66.158,62.798
178.796,70.401,66.622,63.004
168.323,73.551,66.911,63.509
167.160,70.412,66.228,63.812
166.439,71.838,65.593,64.452
165.922,68.625,64.884,65.008
164.391,71.757,64.340,65.499
163.504,69.927,63.712,65.774
167.837,68.214,62.970,65.815
167.191,71.374,62.933,66.114
170.956,68.029,62.356,65.989
167.779,71.625,62.637,66.191
173.809,66.460,62.581,66.033
175.205,68.746,63.009,66.129
179.231,66.839,63.390,66.219
179.737,66.395,63.442,66.348
179.362,63.514,63.525,66.572
180.632,63.560,63.983,66.451
180.784,64.899,64.528,66.424
179.652,64.283,64.845,66.535
179.698,63.523,65.249,66.600
180.964,60.773,65.896,66.834
181.672,64.500,66.451,66.963
180.437,62.202,66.948,67.269
182.217,61.357,67.491,67.527
181.779,59.823,67.991,67.673
181.238,62.643,68.435,67.880
181.959,60.232,68.993,68.294
181.502,63.245,69.531,68.558
180.408,56.455,70.070,69.161
181.555,63.818,70.557,69.297
180.727,62.052,71.034,69.729
179.206,61.238,71.519,69.785
179.027,59.657,72.044,69.875
177.091,58.675,72.708,69.868
177.881,61.623,73.185,69.876
176.377,58.356,73.822,69.689
177.432,60.852,74.203,69.546
176.294,60.249,74.790,69.093
175.961,59.599,75.243,69.004
176.045,57.152,75.705,69.207
174.432,64.648,76.168,69.425
171.310,65.433,76.593,69.841
170.393,65.044,76.939,70.149
169.710,66.194,77.491,70.532
171.120,65.925,78.128,70.571
167.379,67.460,78.584,70.890
174.056,68.274,79.126,71.113
173.628,67.237,79.715,71.271
173.814,65.711,80.207,71.156
170.726,65.440,80.658,71.460
164.293,65.027,81.010,71.955
161.915,65.792,81.403,72.388
162.510,60.022,81.896,72.914
169.237,61.919,82.487,73.195
163.369,62.433,83.014,73.703
164.856,63.261,83.475,74.001
162.824,62.601,83.711,74.520
160.751,63.163,83.969,74.967
164.860,62.117,84.645,75.559
164.757,61.514,85.230,76.168
159.961,58.832,85.970,76.931
164.789,57.352,86.491,77.211
168.662,62.057,86.884,77.508
156.164,64.519,87.531,78.067
160.359,60.253,88.036,78.350
158.663,55.226,88.707,79.147
161.064,59.798,89.475,79.515
162.424,58.227,89.909,80.143
159.955,59.307,90.282,80.656
156.784,54.869,90.766,81.308
165.916,61.103,91.034,81.645
151.739,59.198,91.545,82.217
157.604,56.739,92.072,83.071
156.283,55.535,92.878,83.587
158.869,61.248,93.582,83.919
160.867,50.668,94.485,84.711
160.010,55.984,95.019,85.143
160.864,57.097,95.376,85.696
161.251,55.793,95.705,86.277
163.345,56.389,95.891,86.541
160.505,58.916,96.345,86.854
150.023,56.076,97.017,87.390
158.247,54.053,97.744,87.755
154.948,54.532,98.386,88.268
156.986,51.758,98.821,88.755
156.995,57.775,99.274,89.039
149.983,57.229,99.873,89.547
112.948,121.160,100.236,90.340
114.810,121.555,100.022,90.012
113.948,126.492,100.124,89.330
115.399,124.455,100.698,89.264
114.764,126.118,100.746,89.222
112.516,127.691,100.943,88.865
114.502,124.083,100.800,88.704
113.851,126.394,100.996,88.446
109.931,128.867,101.784,87.963
112.602,125.004,101.893,88.012
109.295,127.600,102.848,87.756
107.930,130.258,103.575,87.239
109.017,126.861,104.259,87.178
112.072,123.849,103.827,87.610
111.799,126.081,104.144,87.629
108.064,129.085,104.980,87.316
109.728,126.998,104.801,87.153
107.040,130.498,105.280,86.573
110.737,125.704,104.854,86.996
110.879,127.079,104.740,87.273
109.936,129.773,104.572,86.531
113.470,125.310,103.443,86.874
110.334,127.320,104.004,86.956
112.142,125.910,104.043,87.128
107.796,129.484,104.801,86.790
108.937,126.282,105.134,86.973
109.614,129.259,105.123,86.855
112.209,125.518,104.113,87.061
109.890,128.113,104.621,86.903
110.411,125.888,104.710,87.099
109.917,129.057,105.029,86.981
113.710,125.851,104.184,87.172
113.370,125.197,103.989,87.216
112.244,127.618,103.866,87.124
109.282,128.508,104.210,86.876
112.758,126.329,103.859,86.977
112.943,126.445,103.712,86.791
108.939,129.379,104.178,86.358
110.907,126.015,103.607,86.487
109.386,129.097,104.137,86.447
110.950,127.416,103.817,86.246
106.214,131.873,104.383,85.501
110.360,128.256,104.117,85.655
111.644,126.233,104.010,86.052
106.273,129.168,105.177,85.961
108.962,127.793,105.310,85.878
110.882,127.329,105.033,85.859
106.231,131.170,105.770,85.396
107.719,127.752,106.342,85.401
111.337,125.456,105.737,85.960
106.256,129.153,106.574,85.726
108.429,127.100,106.329,85.837
110.402,125.664,106.207,86.204
109.122,127.657,106.493,86.531
107.659,130.199,106.371,86.147
110.979,126.143,105.725,86.762
106.792,130.203,106.311,86.340
110.445,126.142,105.680,86.681
110.330,128.268,105.515,86.759
112.772,125.392,104.753,86.988
111.513,126.464,104.719,87.219
106.582,128.847,105.836,87.071
110.495,127.401,105.428,86.967
107.941,129.261,105.692,86.457
111.832,126.913,105.105,86.526
108.123,128.974,105.453,86.379
111.205,126.776,105.310,86.484
107.806,128.050,106.013,86.635
110.158,126.482,105.638,86.847
108.819,127.310,106.080,86.995
105.003,130.164,106.918,86.581
108.286,126.518,106.495,86.910
109.784,126.034,107.027,86.968
109.506,125.072,107.332,87.144
112.481,124.257,106.988,87.384
109.974,123.351,106.933,87.480
114.535,123.649,105.587,87.639
110.786,123.908,105.245,87.691
111.187,128.315,105.219,87.353
112.549,126.423,104.922,87.560
109.443,128.549,105.134,87.285
110.748,126.209,104.778,87.181
109.059,129.647,104.910,86.902
113.050,126.235,103.703,87.008
111.906,126.613,103.581,87.206
111.933,125.471,104.246,87.330
108.955,128.583,105.003,87.142
110.428,126.043,104.805,87.134
108.631,129.043,105.067,87.036
111.666,126.992,104.433,86.762
108.779,128.454,105.086,86.613
111.752,125.794,104.736,86.961
108.143,128.605,105.590,86.787
111.503,126.329,105.250,86.885
107.356,129.351,105.934,86.506
109.638,127.482,105.578,86.491
109.542,129.381,105.193,86.227
112.518,126.421,103.941,86.374
111.910,127.296,103.651,86.734
109.312,130.172,104.020,86.353
112.575,125.450,102.910,86.949
112.538,127.888,102.993,86.840
110.133,128.411,103.266,86.757
111.317,125.718,103.278,87.059
109.107,129.409,103.974,86.750
109.944,126.698,103.692,86.781
111.883,125.604,103.569,86.818
107.456,128.259,104.629,86.698
108.892,126.706,104.546,86.441
110.956,125.847,104.460,86.688
109.023,129.219,104.719,86.545
110.917,127.733,104.115,86.309
108.806,129.672,104.350,85.856
111.454,126.013,103.614,86.314
106.670,130.319,104.480,85.894
110.257,127.544,104.120,85.902
108.019,129.998,104.549,85.708
109.419,127.812,104.718,85.780
111.802,125.584,104.351,86.136
109.440,127.837,104.815,86.177
109.764,126.046,104.736,86.396
111.022,128.827,104.505,86.535
113.015,126.113,104.116,86.837
112.411,127.355,103.955,87.000
110.308,129.537,103.882,86.654
112.514,125.999,103.214,86.580
113.259,126.264,102.783,87.098
113.457,127.101,102.480,87.184
107.717,129.689,103.377,86.815
110.804,127.112,103.642,86.777
109.550,129.644,103.978,86.367
111.866,125.682,103.199,86.629
108.673,128.860,104.150,86.324
111.444,126.769,103.731,86.329
106.537,129.614,104.692,86.107
110.864,126.988,104.379,86.166
105.915,131.749,105.076,85.427
110.167,127.954,104.959,85.647
110.565,128.497,104.892,85.720
112.882,124.771,104.082,86.202
111.768,126.904,104.027,86.356
107.337,130.145,104.872,86.055
111.311,126.064,104.499,86.456
106.974,129.852,105.121,86.143
111.127,125.571,104.893,86.684
107.369,128.533,105.457,86.637
112.983,125.195,104.530,86.884
110.907,128.152,104.140,86.694
112.493,125.355,103.907,87.018
112.195,128.375,103.539,86.889
108.985,128.498,103.903,86.609
112.072,126.369,103.458,86.701
112.612,127.407,103.385,86.965
109.219,129.051,103.706,86.701
113.603,125.211,103.036,87.075
112.966,127.068,102.863,87.262
111.440,128.172,102.843,87.131
115.069,123.672,102.847,87.718
110.815,126.400,103.293,87.748
111.269,128.674,103.318,87.266
115.180,123.209,102.938,87.909
113.916,125.183,102.706,88.291
110.835,126.073,103.478,88.423
112.029,127.102,103.782,88.125
108.453,128.100,104.529,87.831
113.348,125.128,104.539,87.992
110.545,126.921,104.963,87.903
114.545,125.801,104.148,87.990
112.896,124.479,103.871,87.986
110.996,126.368,104.233,87.932
110.009,127.718,104.811,87.626
115.281,123.729,104.338,88.117
113.151,122.933,103.516,88.226
112.594,125.735,103.438,88.239
109.567,126.127,103.966,88.208
112.098,124.227,103.913,88.336
112.618,125.255,103.882,88.603
108.405,127.185,104.843,88.341
113.636,122.495,104.541,88.946
116.594,121.544,103.506,89.622
114.717,121.209,103.152,89.488
115.480,123.434,102.768,89.771
115.015,122.004,102.438,89.717
114.040,123.830,102.639,89.799
116.680,122.290,103.185,89.971
113.107,125.460,102.640,89.355
112.836,125.006,102.712,89.358
109.373,126.245,103.692,89.070
114.933,122.750,103.258,89.437
114.427,121.677,103.074,89.394
117.444,122.542,101.934,89.905
115.960,123.786,101.157,89.711
113.536,126.449,101.007,89.040
111.443,126.353,101.459,88.822
112.114,126.817,101.963,88.522
112.625,126.861,102.034,88.207
109.836,127.828,102.638,87.876
115.231,124.326,102.435,88.145
111.647,126.963,102.668,87.858
114.529,126.456,102.178,87.902
113.033,126.689,101.667,87.995
111.585,127.299,102.290,87.851
113.885,126.340,102.208,87.832
110.976,128.230,102.485,87.530
111.938,126.825,103.072,87.413
109.002,128.880,103.698,86.881
115.050,125.042,102.788,87.270
112.017,127.455,102.580,87.011
108.916,128.685,102.998,86.640
114.251,125.388,102.197,86.889
114.193,124.806,102.240,87.631
112.367,125.215,102.642,87.941
106.811,127.990,103.971,87.667
110.128,125.365,103.937,87.689
113.854,123.898,103.484,87.898
113.108,125.554,103.619,88.082
112.435,126.280,103.684,88.206
112.156,126.579,103.785,88.244
105.804,129.816,104.901,87.516
110.325,123.838,104.558,88.264
114.276,126.802,104.229,88.286
110.321,127.272,103.907,87.889
110.260,128.067,104.373,87.720
116.545,123.848,104.075,88.199
111.483,126.865,104.006,87.950
109.839,127.997,104.338,87.571
113.774,124.879,104.014,87.733
109.901,126.429,104.783,87.716
109.378,127.797,105.208,87.465
113.068,124.406,104.894,87.867
109.889,126.816,105.396,87.885
109.079,128.734,105.549,87.440
111.506,125.139,105.384,87.664
108.648,128.402,105.608,87.516
111.701,124.911,105.233,87.803
108.415,128.254,105.688,87.554
111.090,127.033,105.478,87.619
106.188,129.556,106.112,87.220
109.026,124.841,106.031,87.541
112.902,127.207,105.498,87.635
108.501,129.311,105.255,87.143
112.971,126.594,104.854,87.418
111.989,126.690,104.705,87.637
107.882,129.419,105.051,87.282
112.261,125.594,104.848,87.555
107.037,129.578,105.586,86.969
111.753,125.948,105.229,87.194
108.673,129.906,105.465,86.746
112.993,125.028,104.688,87.245
109.357,128.117,105.066,87.106
112.156,126.081,104.759,87.271
110.451,128.418,104.764,87.082
113.640,125.198,104.052,87.376
111.210,129.035,104.147,87.064
110.437,128.972,103.769,86.819
113.122,126.072,103.145,86.845
113.416,127.855,102.698,86.818
109.322,128.640,102.960,86.699
113.440,127.052,102.290,86.591
108.893,131.012,102.754,85.949
111.862,127.634,102.779,86.116
110.462,128.029,103.018,86.191
112.356,126.824,102.795,86.130
110.811,128.949,102.804,86.008
112.401,126.318,103.201,86.133
111.959,127.617,103.234,86.492
113.162,127.732,102.747,86.526
112.600,126.761,102.718,86.447
110.410,127.957,103.095,86.506
112.637,124.615,102.490,86.887
112.677,124.001,102.183,87.022
113.247,124.642,102.042,87.573
113.594,124.599,102.051,88.070
112.500,125.380,102.151,88.427
108.716,127.990,103.446,88.049
114.677,125.279,103.072,88.025
115.679,122.511,102.591,88.427
112.635,125.307,102.626,88.600
109.278,127.214,103.527,88.365
113.770,123.920,103.231,88.707
110.505,124.334,103.917,88.989
112.690,122.864,103.994,89.116
112.711,124.428,103.885,89.222
111.012,126.414,104.277,88.872
109.613,127.184,104.683,88.328
110.499,125.165,105.443,88.379
111.529,126.781,105.324,88.323
112.136,125.321,105.755,88.589
107.679,127.808,106.636,88.288
110.734,125.413,106.302,88.344
114.561,124.775,106.524,88.500
111.791,123.879,106.429,88.508
111.803,126.141,105.971,88.549
111.215,125.368,106.085,88.467
111.623,123.999,106.219,88.578
110.479,126.728,106.492,88.227
107.039,128.291,107.080,87.933
110.167,126.002,106.807,87.835
111.244,124.455,106.783,87.873
107.742,127.947,107.449,87.524
109.993,124.479,107.318,87.809
113.370,126.384,106.536,88.001
113.777,123.966,105.382,88.335
114.385,122.406,104.674,88.547
113.097,126.165,104.194,88.640
106.878,129.467,105.014,87.866
109.807,125.882,104.535,87.904
108.958,130.507,104.506,87.203
110.878,124.929,103.741,87.677
110.673,128.661,103.982,87.432
112.107,126.780,103.519,87.256
108.219,130.776,103.933,86.660
110.446,126.892,103.484,86.826
109.466,130.358,103.571,86.380
114.012,125.194,102.556,87.161
111.883,128.011,102.664,87.102
110.741,128.239,103.104,86.908
109.426,129.063,103.548,86.595
113.519,127.058,102.490,86.490
108.079,130.568,103.130,86.055
112.788,126.634,102.991,86.383
111.184,129.431,103.011,86.238
114.702,125.167,102.162,86.359
112.145,127.450,102.393,86.388
110.114,128.852,102.657,86.181
106.827,130.191,103.422,85.726
107.523,128.965,103.733,85.494
105.316,132.238,104.418,84.895
109.623,128.231,104.103,85.331
108.223,130.814,104.407,85.085
109.064,127.346,104.322,85.487
111.708,128.669,103.722,85.900
104.480,131.060,104.640,85.327
108.699,128.939,104.611,85.458
108.281,129.325,105.009,85.585
111.830,126.466,103.996,85.978
109.592,128.321,104.428,86.164
108.062,130.468,104.872,85.787
111.344,125.274,104.333,86.540
108.448,127.845,104.713,86.606
109.575,128.684,105.083,86.553
111.387,125.764,104.960,86.853
106.754,129.496,105.797,86.593
111.695,124.235,105.154,87.384
111.773,126.365,104.898,87.374
109.267,128.233,105.221,87.217
111.173,125.243,104.996,87.177
107.302,127.918,105.998,87.254
110.662,124.802,106.160,87.388
109.089,127.434,106.638,87.348
108.351,128.672,106.891,87.016
109.247,125.306,106.632,87.209
113.576,124.639,106.268,87.460
111.600,126.306,105.793,87.501
107.055,129.490,106.538,87.070
112.429,124.143,106.160,87.695
109.629,127.773,106.111,87.347
113.426,124.117,105.400,87.683
111.703,123.760,105.130,87.620
113.926,124.973,104.594,88.031
113.349,124.400,104.211,88.035
111.557,127.365,104.377,87.819
109.258,128.503,104.755,87.605
112.309,123.361,104.498,88.161
111.549,124.859,104.571,88.462
109.000,128.900,105.186,88.085
111.492,124.542,104.608,88.499
106.545,128.335,105.645,88.192
108.342,125.945,105.442,88.155
112.675,125.275,105.019,88.206
109.620,127.747,105.333,88.112
111.940,124.602,104.772,88.221
111.892,126.956,104.848,88.276
108.454,128.367,105.349,87.869
107.090,129.229,106.203,87.451
111.998,123.598,105.752,88.045
111.883,125.905,105.267,88.263
108.042,129.578,105.754,87.724
111.933,124.656,105.050,88.297
111.727,126.561,104.859,88.370
107.377,129.523,105.483,87.920
110.304,124.561,105.368,88.244
112.297,127.982,104.973,88.114
106.342,129.860,105.459,87.576
106.784,128.852,106.208,87.177
112.484,126.066,105.853,87.401
109.915,128.457,105.883,87.363
112.956,125.305,105.122,87.654
113.920,124.336,104.508,87.871
109.214,125.227,105.062,87.500
113.387,128.438,104.412,87.501
111.924,125.115,103.925,87.828
109.122,129.519,104.353,87.359
112.598,125.362,103.545,87.887
109.799,129.001,103.967,87.541
111.459,124.979,103.575,87.880
110.634,128.511,103.728,87.630
115.282,124.004,103.250,88.087
113.747,122.991,103.230,88.053
112.723,126.576,103.067,88.107
107.938,129.585,103.751,87.505
112.868,124.848,103.660,87.793
115.366,124.257,103.468,87.962
113.226,125.801,103.295,88.001
111.969,127.706,103.442,87.841
110.559,127.110,103.698,87.749
112.447,128.155,103.668,87.618
110.885,126.580,103.874,87.727
113.361,127.685,103.799,87.481
110.089,127.305,104.166,87.422
111.649,127.967,104.276,87.296
107.476,128.868,105.058,86.850
111.468,124.763,104.484,87.175
112.184,125.363,104.871,87.457
111.481,127.922,104.829,87.259
108.169,128.760,105.217,86.836
112.738,126.203,104.742,87.006
113.027,126.412,104.531,87.320
111.904,127.401,104.357,87.459
106.418,129.926,104.957,86.932
107.567,128.901,105.709,86.819
109.829,126.683,105.523,86.819
110.861,129.011,105.385,86.775
110.321,128.308,105.099,86.780
112.548,124.522,104.761,87.129
110.163,126.989,105.067,87.166
109.273,129.848,105.272,86.593
110.725,125.586,104.709,86.986
106.317,130.606,105.537,86.513
107.424,129.136,106.115,86.330
105.869,129.765,107.179,86.138
110.756,125.075,106.872,86.963
106.142,129.040,107.670,86.909
111.548,124.658,107.624,87.618
109.271,123.290,107.269,88.011
110.113,125.042,107.005,88.556
117.995,121.877,106.983,89.459
112.630,118.579,106.357,90.395
110.812,121.936,106.133,90.601
114.464,122.955,105.138,91.076
113.844,121.494,104.356,91.174
114.713,120.382,103.759,91.178
110.041,124.228,104.368,91.108
113.412,122.598,104.530,91.108
108.810,125.704,105.278,90.418
107.680,128.276,105.879,89.706
109.289,126.120,106.374,89.446
103.673,129.065,107.447,88.645
107.886,126.286,107.173,88.761
109.347,125.529,107.583,88.734
113.390,123.459,107.445,89.005
111.413,124.234,106.830,89.346
107.859,125.780,107.162,89.100
110.016,124.212,107.269,89.307
113.923,122.411,107.612,89.688
107.068,126.432,107.610,89.287
105.609,128.852,109.034,88.695
106.327,126.356,109.753,88.569
108.551,125.204,110.047,88.640
111.629,122.926,110.520,89.174
105.499,126.284,110.648,88.986
108.739,124.572,111.308,89.027
108.349,124.475,110.873,89.416
111.740,122.068,111.494,89.911
107.617,121.605,110.760,89.966
107.771,124.162,110.518,90.098
109.620,123.738,111.208,90.112
111.603,120.250,109.684,90.766
111.640,123.038,108.682,90.689
108.829,121.154,108.366,90.669
108.054,124.563,108.143,90.522
109.806,124.988,108.566,90.045
109.278,125.729,108.815,89.911
110.576,123.195,108.999,90.212
108.783,124.458,108.658,90.249
112.846,123.711,110.082,90.260
110.472,122.527,108.982,90.204
112.668,119.868,107.678,90.784
113.287,119.978,107.139,91.058
114.153,118.992,106.395,91.727
112.215,122.485,105.979,91.854
109.876,121.794,105.973,91.496
108.491,125.035,106.582,91.181
107.349,123.044,107.460,90.992
110.313,121.073,107.656,91.206
109.729,123.359,107.547,91.380
115.005,119.309,106.993,92.136
108.218,123.663,107.175,91.829
