70.000,51.000,107.000,87.000
67.395,51.172,109.613,87.040
65.692,49.784,110.086,85.701
66.206,50.619,109.464,86.380
65.020,51.590,110.159,86.840
64.574,51.625,109.263,86.010
64.672,51.502,109.244,85.090
63.811,51.906,109.568,85.668
62.873,50.847,109.830,86.459
61.953,51.656,110.272,85.787
62.131,51.247,110.179,86.213
61.508,50.109,109.949,86.734
61.566,49.782,109.383,86.528
61.608,49.091,109.454,86.353
61.709,51.400,108.628,86.399
60.885,50.380,109.452,85.886
60.392,49.663,108.894,85.580
59.804,51.600,108.467,84.716
59.987,51.811,108.604,85.194
58.853,51.915,108.506,84.079
58.736,52.370,108.935,84.142
58.212,51.505,108.352,83.360
57.537,52.993,108.558,82.241
57.625,53.466,107.907,82.034
59.038,53.067,106.807,82.162
58.308,53.418,107.234,81.736
57.237,52.032,107.517,81.157
57.041,53.022,107.667,80.412
56.685,53.486,107.489,81.076
56.478,53.208,106.750,80.728
56.942,53.977,105.719,80.960
57.302,53.050,105.137,80.816
57.425,52.725,105.560,80.480
57.963,53.193,105.027,81.239
58.312,52.356,104.952,81.266
58.231,52.305,104.253,81.839
57.708,52.065,104.060,81.554
58.012,51.927,103.615,80.596
58.553,53.359,103.583,80.680
58.524,53.019,103.225,80.064
58.836,52.795,103.550,79.084
60.348,52.672,102.828,79.615
59.723,53.046,102.664,78.904
59.549,53.926,102.839,77.510
61.516,54.000,101.854,77.009
61.668,54.823,101.744,76.536
61.574,55.901,101.112,76.229
64.513,56.475,100.170,76.608
63.963,54.707,99.501,75.970
64.460,54.743,99.449,76.263
65.158,54.691,99.310,76.441
64.884,55.205,99.160,75.771
64.892,56.842,98.809,75.771
64.883,58.103,98.885,75.055
65.565,57.842,98.271,75.912
66.267,58.032,97.770,74.868
65.929,58.772,98.197,73.858
65.822,58.770,98.098,73.620
66.056,59.654,98.180,74.951
66.806,58.982,98.048,75.212
66.606,58.631,97.734,74.580
66.511,58.792,97.815,73.737
66.657,60.092,97.845,73.845
67.324,59.304,97.246,74.308
67.139,58.012,97.221,73.906
67.519,58.082,97.460,74.400
67.332,57.815,97.692,75.380
67.201,56.964,98.294,75.573
67.106,59.013,98.272,74.440
67.416,57.541,97.530,75.146
68.043,56.598,97.493,75.131
68.755,56.020,97.229,75.426
68.287,56.057,97.016,75.420
67.556,56.712,97.107,75.152
67.392,54.544,97.092,75.178
67.679,54.296,96.747,75.632
67.695,54.642,96.487,75.933
67.251,55.476,96.207,75.527
66.704,55.961,96.101,75.527
66.082,55.973,96.555,75.123
65.588,56.184,96.715,74.970
65.844,56.597,96.718,74.847
65.977,57.311,96.827,74.585
66.318,57.835,96.609,73.996
66.364,58.661,96.437,73.284
66.623,58.726,95.981,73.762
66.357,59.302,95.904,74.323
66.685,59.563,95.679,73.636
66.762,59.903,95.335,72.941
67.060,59.538,95.176,72.325
67.033,60.837,95.257,72.171
66.835,60.574,94.872,72.265
66.787,60.597,94.411,71.650
67.732,60.178,94.272,71.383
67.402,60.110,94.020,71.529
67.505,59.976,93.995,71.857
67.603,60.343,93.792,71.424
67.726,59.770,93.341,70.964
68.518,59.710,94.121,71.207
68.583,59.833,93.907,70.776
68.354,59.341,93.711,71.338
68.761,59.631,93.624,71.708
68.704,59.453,93.551,71.934
69.332,58.543,92.748,71.374
71.128,57.580,92.023,71.900
71.174,57.756,92.301,72.346
71.214,57.043,92.286,72.460
72.074,57.004,92.176,72.884
72.567,56.507,92.178,73.334
73.598,57.560,91.432,72.841
73.591,57.942,91.017,72.477
73.973,57.340,90.609,73.145
73.757,57.871,90.599,72.881
74.335,57.418,90.425,73.207
76.124,58.642,90.596,72.784
75.565,58.703,90.673,72.824
75.349,60.479,91.313,72.364
76.038,60.188,90.730,71.411
75.505,61.874,91.709,71.326
75.135,62.955,91.736,70.502
75.108,63.209,92.182,70.336
75.867,63.672,92.283,70.116
76.088,63.583,92.593,69.869
77.331,63.982,91.267,70.068
78.070,64.660,91.997,70.740
78.045,64.236,91.258,70.683
79.035,64.673,90.671,70.332
79.725,64.701,90.911,70.669
80.482,65.005,90.093,70.019
81.831,66.835,89.806,68.799
81.719,67.453,89.123,68.804
82.406,67.069,88.467,69.652
83.356,66.611,88.414,69.900
84.031,66.090,87.795,68.759
85.367,65.743,87.789,68.558
85.677,64.720,87.341,67.772
86.217,63.994,87.373,67.790
86.889,63.550,87.339,67.587
87.024,63.156,86.887,67.780
87.455,61.804,86.385,67.520
87.835,61.627,86.271,67.682
88.836,60.540,85.596,67.344
88.499,59.217,85.181,66.963
90.924,58.973,85.422,66.953
90.699,58.113,85.504,66.879
91.749,57.963,85.165,66.698
92.217,56.882,85.157,66.645
93.134,56.825,85.245,65.919
93.891,57.063,85.220,66.128
94.187,56.605,84.908,66.159
95.175,56.491,84.614,65.857
96.097,56.021,85.056,65.663
96.257,56.194,84.993,66.116
97.941,57.427,85.322,66.197
98.046,58.432,85.282,65.814
99.099,59.941,85.106,64.671
98.939,59.777,85.591,64.662
100.180,62.201,85.144,64.617
100.568,61.718,84.964,64.731
101.333,62.573,84.920,64.372
101.640,62.529,85.415,64.494
101.738,63.542,84.927,64.291
102.171,62.824,84.864,64.022
103.330,64.093,84.754,63.966
103.614,64.237,84.474,63.009
104.597,64.202,84.300,63.079
105.692,64.099,84.047,62.732
106.373,64.674,83.346,62.351
106.614,65.087,83.297,62.205
108.151,65.485,82.750,61.635
107.617,65.410,82.359,62.416
109.046,65.038,82.148,62.914
109.723,65.484,82.054,62.356
110.070,66.556,81.861,62.061
111.685,67.252,81.176,61.185
111.391,67.607,80.876,60.920
111.966,67.729,81.356,60.719
112.707,65.927,80.519,60.404
113.719,64.604,80.702,61.186
114.047,64.142,81.267,61.504
115.201,63.515,80.234,61.185
116.643,63.678,79.254,61.408
117.404,63.058,79.198,61.262
117.671,63.761,78.759,61.176
119.132,63.654,78.471,60.817
120.279,64.570,77.966,59.622
120.526,65.162,77.251,58.284
121.756,65.329,76.610,58.457
122.823,64.862,75.617,58.328
124.292,64.945,75.426,59.104
124.462,63.196,75.231,57.280
125.809,63.407,75.726,58.314
126.518,63.539,74.826,58.546
126.926,61.877,74.430,57.812
127.451,62.743,73.822,58.678
128.623,63.715,73.498,59.519
128.867,63.403,72.895,59.350
129.922,63.708,72.736,58.448
131.402,64.374,71.869,58.363
131.987,63.511,71.567,58.296
133.061,65.279,71.380,58.103
133.605,64.785,70.926,57.590
134.899,66.277,71.319,58.125
135.902,66.178,71.410,58.364
136.909,66.317,70.721,58.645
138.393,65.562,70.498,57.662
139.077,67.605,70.280,57.198
139.701,67.486,70.219,57.230
140.057,67.394,70.231,56.957
141.355,67.390,69.670,56.885
141.326,67.794,69.598,56.535
142.167,67.571,69.708,56.168
142.599,69.144,69.561,56.029
144.955,68.826,68.745,56.222
145.086,68.663,68.843,56.224
145.781,68.862,69.070,56.064
147.128,68.533,68.942,55.931
148.150,69.505,68.874,55.409
149.434,69.601,68.724,55.218
149.709,68.669,68.369,55.402
151.364,69.467,67.801,55.595
152.265,68.598,67.304,55.643
153.721,68.849,67.029,56.023
153.811,68.960,66.731,55.916
155.218,69.640,66.478,55.414
155.968,68.921,66.061,54.953
156.689,68.458,66.033,54.368
157.864,68.315,66.016,53.938
158.560,68.289,65.759,53.658
160.402,68.069,65.355,53.673
160.321,68.130,65.493,53.153
161.964,67.871,65.693,53.216
161.382,67.500,65.698,53.354
162.180,66.604,65.833,53.840
162.463,66.245,66.300,53.928
163.715,67.195,67.121,54.102
163.419,67.221,66.920,54.130
164.682,67.559,66.953,54.840
164.634,67.048,66.820,54.742
166.000,67.046,66.536,55.000
166.092,66.891,66.835,54.622
166.416,66.907,66.931,54.453
167.638,67.021,67.169,53.934
167.886,66.967,66.973,53.722
169.282,67.378,66.798,53.273
168.841,66.628,67.198,53.240
169.871,67.877,67.535,53.301
170.578,66.679,67.157,53.396
171.112,66.932,66.966,53.246
172.680,67.532,66.569,53.020
173.139,67.158,66.407,52.790
173.471,65.680,66.475,52.607
174.137,65.966,66.494,52.727
175.260,64.233,66.391,52.829
176.433,63.243,66.481,53.257
176.315,61.886,66.682,53.285
178.008,62.455,67.018,53.419
178.157,61.956,66.713,53.411
178.132,62.658,67.048,53.472
178.372,62.274,67.389,53.517
178.315,62.730,67.259,53.276
178.491,62.984,67.229,53.233
180.188,62.443,67.010,53.022
180.752,62.556,66.877,52.956
181.209,62.673,66.264,53.003
181.274,63.775,67.058,52.743
181.438,63.085,67.053,52.476
183.850,64.264,66.436,52.217
182.992,64.578,66.714,52.020
183.731,65.726,66.574,52.197
184.719,67.252,66.124,51.961
184.730,67.134,66.722,52.166
184.662,69.390,66.934,51.841
186.191,68.839,66.891,52.028
185.711,67.835,66.929,52.022
185.976,67.613,67.233,51.878
187.902,66.859,66.290,51.861
187.973,65.172,66.342,51.017
188.333,65.068,66.704,50.934
188.753,63.971,66.194,51.212
189.430,62.792,65.989,51.713
189.563,63.934,66.411,51.704
189.555,63.412,66.390,52.147
189.649,64.435,66.579,51.827
191.539,66.108,66.656,51.733
190.754,66.325,66.472,51.630
190.548,65.524,66.587,51.713
190.673,65.548,66.283,51.847
191.113,64.660,65.677,51.944
191.151,64.341,65.848,51.725
191.072,63.297,66.087,51.503
192.324,63.705,66.275,51.439
192.138,63.607,66.139,51.019
192.923,63.116,65.616,50.924
193.328,63.908,66.169,50.828
192.979,65.119,65.893,50.948
192.924,66.258,66.110,50.612
193.165,66.741,66.062,50.390
194.633,66.924,65.021,50.389
196.210,66.944,64.644,50.570
195.484,66.693,64.674,50.431
196.350,66.174,64.929,50.811
196.076,66.834,64.917,50.089
197.592,66.657,64.170,49.580
198.129,67.438,63.553,49.154
198.941,67.468,63.541,49.084
198.930,68.149,64.223,49.454
198.933,67.963,64.350,49.783
199.760,67.223,64.475,50.071
198.283,68.209,65.549,49.978
198.853,68.071,65.811,50.422
199.144,67.984,65.796,50.607
200.115,67.832,65.692,50.500
200.871,68.015,65.239,51.095
200.858,67.766,65.648,51.396
201.874,67.989,65.917,51.307
201.673,66.633,65.876,51.387
202.376,66.077,65.978,51.342
202.491,65.391,66.084,51.182
203.415,64.699,66.216,51.298
204.220,65.675,66.871,51.609
203.856,66.643,67.019,51.328
204.054,66.744,66.801,51.438
204.408,67.772,67.001,51.307
204.255,68.629,67.191,50.874
205.315,67.748,66.576,51.139
205.461,67.937,66.462,51.298
206.953,67.608,66.003,51.145
207.621,68.379,65.565,50.849
208.282,68.806,65.441,50.669
208.453,68.463,65.752,50.423
209.458,68.464,65.439,50.095
209.250,68.860,65.477,49.779
209.789,67.814,65.804,50.169
209.921,67.092,65.666,50.349
209.914,67.702,65.973,50.337
210.667,68.844,66.126,50.050
210.504,68.286,66.311,50.179
210.098,69.311,66.652,50.236
211.075,69.610,67.191,50.371
211.898,68.870,66.781,50.631
211.233,68.372,66.604,50.499
212.567,68.180,66.681,50.411
213.123,68.304,66.314,50.168
213.180,67.474,65.779,49.862
213.538,66.470,65.427,49.378
214.807,66.861,65.342,49.388
214.723,67.683,65.274,48.939
214.642,73.299,64.886,48.445
215.041,76.029,65.012,47.885
215.192,77.282,65.677,48.165
215.846,76.855,65.550,48.390
215.274,76.410,65.359,48.571
216.910,74.624,65.065,48.723
217.672,72.758,64.435,49.077
217.153,67.300,65.031,49.006
218.338,60.820,65.165,49.125
219.419,59.048,64.809,49.450
219.605,57.279,64.183,49.044
219.422,58.079,64.592,48.819
219.192,58.299,64.779,48.691
219.293,60.408,64.923,48.381
219.465,62.115,65.413,48.469
220.202,66.819,64.595,48.573
220.686,67.786,64.686,48.408
220.948,69.014,65.086,48.429
220.613,70.691,65.797,48.006
220.714,70.444,65.754,48.276
221.046,71.072,65.418,47.951
221.119,70.123,66.126,48.474
221.763,69.324,65.831,48.750
222.765,69.134,65.595,48.885
222.410,68.069,65.479,49.049
222.561,67.684,65.794,49.124
222.913,67.529,65.813,49.114
222.236,67.098,66.227,49.058
222.897,67.498,66.891,49.144
221.401,67.615,67.055,48.871
223.674,66.851,67.655,49.308
222.917,67.462,67.118,49.007
222.914,67.394,66.839,49.001
224.347,68.162,65.922,48.765
224.887,69.020,65.241,48.634
224.649,69.593,64.488,48.540
224.288,70.581,65.175,48.972
224.470,73.492,65.798,49.231
223.825,72.530,65.004,49.238
225.869,72.829,64.867,49.254
224.722,74.606,65.881,49.198
224.827,76.067,66.204,49.134
224.765,75.445,64.963,49.318
225.136,75.990,65.169,48.960
225.303,72.876,65.054,49.042
224.734,69.534,65.025,49.273
225.549,69.624,64.417,49.255
225.282,68.205,64.419,49.589
225.244,69.405,64.800,49.485
223.455,72.950,65.266,49.962
223.469,72.159,65.440,50.235
222.652,74.655,66.165,49.830
224.000,74.078,65.550,50.044
222.616,73.427,65.601,49.880
222.931,71.280,65.794,49.788
223.678,70.865,65.471,49.715
223.579,69.647,65.241,49.828
223.287,68.300,65.227,49.804
223.302,65.992,65.181,49.921
222.571,66.645,65.642,49.188
223.512,65.793,65.356,49.505
223.444,65.563,65.417,49.375
223.924,66.024,64.925,49.012
222.652,66.464,65.533,48.904
223.221,66.794,65.074,49.207
222.857,66.913,65.080,49.712
222.031,68.592,66.016,49.418
221.790,68.818,65.742,49.602
221.341,66.517,66.374,49.879
221.226,68.735,66.799,49.761
220.265,68.189,67.037,49.413
219.845,66.155,67.767,49.650
220.047,66.954,66.775,49.382
220.797,66.526,66.344,49.549
219.211,66.266,66.741,49.428
218.366,67.887,68.134,49.447
218.677,68.759,68.386,49.273
218.206,68.783,68.369,49.144
218.360,68.636,68.848,49.219
217.783,68.328,69.872,49.366
216.436,68.907,69.744,49.001
215.981,68.380,69.024,49.427
216.685,67.928,67.954,49.739
215.577,68.365,67.683,49.603
216.473,68.057,67.766,49.211
216.061,68.425,67.210,49.284
215.343,68.059,66.987,49.433
214.021,67.563,66.793,49.328
213.489,68.353,67.050,49.411
213.332,68.357,67.376,49.194
212.397,69.261,67.799,49.653
211.861,68.652,67.433,49.957
212.091,68.628,67.129,50.021
211.012,68.852,67.400,49.724
211.683,68.842,67.212,49.450
211.345,69.165,67.105,49.180
210.935,69.155,66.828,49.208
210.668,69.137,66.531,49.264
210.369,68.006,66.914,49.802
210.671,68.496,66.779,49.717
209.033,69.518,67.019,49.622
208.381,68.884,66.809,49.800
207.748,68.841,66.539,49.758
207.882,69.701,66.646,49.993
206.273,68.298,66.901,50.615
206.284,68.488,67.452,50.437
205.540,68.204,67.880,50.591
205.795,69.164,68.079,50.708
205.091,68.281,68.303,50.987
204.950,67.990,67.850,50.916
204.981,67.572,67.431,50.793
205.130,67.291,67.558,50.668
205.330,67.149,67.400,50.569
204.521,67.422,67.685,50.318
204.327,66.906,67.544,50.492
204.249,66.394,67.463,50.584
203.446,66.973,68.457,50.693
203.715,66.436,67.721,50.649
202.917,67.228,69.188,50.631
201.984,65.955,68.788,50.947
202.086,66.523,69.134,50.724
201.888,66.812,68.990,50.942
201.763,67.281,69.055,50.955
201.140,67.723,69.093,50.870
201.251,68.146,68.906,50.961
201.706,67.491,68.305,51.148
201.799,68.201,68.975,51.195
201.150,69.043,69.195,51.219
199.710,67.932,69.441,51.348
201.058,68.414,69.299,51.497
200.869,68.048,69.329,51.636
200.354,68.209,69.813,51.502
199.946,67.875,69.484,51.491
200.366,67.940,69.244,51.530
200.448,67.462,68.834,51.777
199.830,66.725,69.005,51.966
199.498,67.042,69.490,52.121
200.438,66.450,69.839,52.358
199.397,66.623,70.300,52.273
199.277,66.120,70.643,52.331
199.850,66.325,69.152,52.336
199.627,65.149,69.356,52.854
199.143,65.794,70.436,53.133
197.004,65.628,70.976,52.931
195.825,66.692,71.627,52.734
197.721,66.523,71.251,52.822
197.393,66.672,71.018,52.833
198.330,66.582,70.217,53.019
199.006,67.631,69.430,53.173
197.628,66.586,69.884,53.614
198.412,66.891,70.632,53.584
196.750,66.498,70.881,53.516
197.280,66.319,70.756,53.737
196.546,66.958,71.904,53.780
194.358,66.346,72.002,53.848
195.280,66.618,72.479,54.198
195.042,66.143,71.899,54.322
195.207,66.266,71.591,54.216
195.097,65.886,71.327,54.341
194.650,64.722,71.932,54.540
194.940,64.109,72.160,54.562
193.161,62.877,72.600,54.577
193.682,62.777,73.026,54.523
193.739,62.679,72.795,54.362
193.991,62.304,72.990,54.336
194.128,61.719,72.798,54.615
193.585,63.252,72.725,54.652
194.122,63.200,72.406,54.930
194.123,62.701,71.828,55.087
194.398,63.098,72.425,55.125
195.084,62.622,72.599,55.297
194.440,62.388,73.500,55.332
193.175,64.178,74.678,55.847
191.966,63.158,75.366,56.017
192.671,63.367,74.869,56.021
192.566,63.334,74.068,56.013
192.682,62.736,74.021,55.852
193.117,62.484,73.991,55.933
193.227,62.327,73.658,55.970
192.005,63.894,74.482,55.883
192.526,63.325,74.285,55.961
192.408,64.532,74.611,56.174
191.694,64.177,74.726,56.224
192.664,64.601,75.092,56.376
193.167,64.843,74.752,56.533
192.526,64.992,74.706,56.154
192.242,64.459,75.026,56.139
192.903,64.394,75.457,56.347
193.060,63.881,75.271,56.410
192.988,64.164,75.601,56.554
192.726,65.115,76.508,57.154
193.081,64.888,76.381,57.191
193.887,65.500,77.313,57.355
192.546,64.870,77.378,57.399
194.115,65.342,77.530,57.543
193.303,64.698,77.822,57.432
194.302,65.501,78.389,57.707
193.828,65.470,78.514,57.723
193.986,64.370,77.841,57.972
194.713,65.323,78.646,57.792
194.299,64.195,78.284,57.860
195.652,63.615,78.355,58.352
195.352,64.287,77.946,58.439
195.004,63.629,77.552,58.543
195.635,62.391,78.439,58.823
196.587,62.361,78.177,58.778
196.886,61.628,78.373,59.004
197.879,62.537,77.840,58.814
197.667,61.866,78.259,59.024
198.270,61.797,78.163,59.479
198.333,61.379,79.115,59.692
199.027,61.407,80.115,59.935
198.706,61.595,80.155,59.755
199.752,60.771,79.801,60.015
200.552,60.410,80.129,60.500
199.914,60.480,79.975,60.425
200.836,59.860,80.393,60.472
201.555,59.014,80.085,60.651
203.076,59.013,79.893,60.691
203.477,59.239,80.022,60.717
203.841,59.529,80.636,60.628
203.585,59.251,81.905,61.048
203.318,59.917,84.106,61.563
202.969,61.212,84.882,61.975
203.644,62.057,84.473,61.738
204.647,62.843,82.985,61.432
206.535,61.990,81.620,61.553
207.408,62.520,81.313,61.411
208.621,62.608,80.909,61.181
208.763,62.677,81.338,61.205
209.478,62.519,81.997,61.257
211.319,62.471,80.911,61.073
211.588,62.895,80.616,60.676
212.088,61.082,80.663,61.224
212.904,61.900,81.341,61.285
213.007,62.686,81.951,61.832
213.734,63.432,82.308,61.946
214.644,63.642,82.344,62.322
215.712,64.268,82.998,62.630
216.082,64.232,84.061,62.941
217.487,65.447,84.569,63.138
216.946,64.498,85.727,63.528
217.319,64.755,86.219,63.561
218.553,64.159,86.328,63.867
219.852,63.778,86.291,63.654
222.290,64.405,84.794,63.315
222.028,63.573,84.625,63.450
224.170,63.711,84.303,63.184
223.306,63.280,84.926,63.304
225.069,63.516,85.661,63.724
224.171,63.043,85.994,63.837
224.694,62.974,86.958,64.553
225.359,62.923,86.949,64.996
225.685,62.964,87.485,65.078
226.240,62.787,88.017,65.393
227.765,62.226,88.748,65.987
229.186,61.442,88.035,66.613
229.123,61.221,88.494,66.686
230.338,60.867,89.763,66.837
230.523,60.621,89.350,66.644
231.158,60.506,89.545,66.709
232.172,60.137,91.330,66.796
232.366,60.468,91.534,66.648
232.443,58.973,92.962,67.151
233.008,58.124,92.531,67.248
235.295,57.755,91.688,67.499
236.693,58.062,90.862,67.061
236.734,58.151,91.224,67.523
236.194,58.507,92.047,67.772
238.211,59.635,92.305,67.651
238.301,60.619,92.438,67.685
239.370,59.099,92.488,67.762
238.421,59.655,94.808,67.721
239.407,59.690,95.334,68.274
240.071,60.721,94.972,68.390
241.256,61.617,95.326,68.806
241.994,60.839,94.724,69.451
243.438,61.596,95.164,69.234
243.454,64.282,95.456,69.239
245.230,63.650,95.362,69.340
244.284,63.762,97.655,69.309
245.354,64.398,97.350,69.457
244.917,63.117,98.910,69.798
246.390,64.488,98.096,69.910
246.485,63.213,97.501,70.502
249.922,63.628,97.481,70.285
247.707,64.131,98.500,70.499
248.500,63.347,99.228,71.219
249.284,63.628,100.023,71.065
249.729,62.217,101.524,71.691
250.750,61.652,101.617,72.004
251.448,60.871,101.085,72.439
252.564,60.391,101.042,72.311
253.154,61.042,101.425,72.763
253.428,61.327,101.368,72.817
251.867,59.640,103.773,73.323
254.220,60.019,103.301,73.695
254.778,60.162,102.241,74.136
254.665,59.580,103.654,74.625
254.230,58.682,104.097,75.472
254.080,58.069,104.175,75.890
256.657,58.315,103.922,75.604
254.964,57.303,104.651,75.825
256.035,58.190,104.235,75.528
258.480,59.201,103.104,75.278
258.313,59.175,103.159,75.869
259.322,59.707,102.455,76.191
257.773,60.090,103.757,76.435
259.249,60.780,102.804,76.552
259.307,60.927,102.512,76.648
260.958,59.631,101.360,76.907
