232.000,88.000,76.000,84.000
240.748,89.136,76.002,86.072
252.907,93.763,75.063,87.725
258.760,99.005,75.213,89.603
264.789,103.620,75.852,91.793
272.907,106.082,76.148,92.024
283.514,105.843,75.684,91.547
290.122,108.811,77.006,91.846
297.132,110.857,75.633,90.706
302.655,113.529,74.740,90.286
308.761,115.330,73.995,88.556
314.672,113.431,73.209,86.716
312.964,110.862,73.504,86.858
308.074,107.126,74.580,86.537
296.486,103.021,74.979,88.101
286.607,96.278,75.529,92.291
273.038,91.562,76.772,97.384
259.859,83.681,78.214,98.976
251.214,84.402,77.393,98.896
238.147,82.244,77.694,94.130
230.886,84.438,78.050,91.752
222.785,88.097,79.175,92.591
213.891,86.932,79.030,93.429
212.697,86.289,78.930,94.674
217.355,88.420,76.505,96.182
222.057,102.102,76.996,96.299
239.160,101.096,75.153,95.501
249.668,103.949,75.292,95.987
263.439,108.633,75.708,95.855
271.389,110.865,75.913,95.906
282.878,113.213,75.041,93.953
291.886,110.643,74.293,92.549
299.060,112.250,74.365,90.540
297.912,110.493,75.957,90.627
297.370,111.122,75.868,90.340
294.487,113.312,75.579,92.579
292.543,114.841,75.805,95.344
286.169,109.866,77.861,97.199
277.314,107.190,82.608,98.025
267.210,103.728,88.348,99.253
253.729,102.079,94.428,104.368
242.812,91.220,96.248,109.161
234.024,79.148,95.350,108.402
236.535,70.852,97.737,108.244
243.635,67.076,98.012,112.488
265.114,71.764,97.297,117.530
288.570,71.850,94.063,118.110
316.094,70.393,88.155,112.524
331.622,74.955,87.411,108.977
342.025,77.296,84.917,105.361
342.963,82.075,82.127,103.658
339.987,86.294,80.308,100.409
326.702,92.543,77.847,99.148
308.598,98.071,76.758,97.789
284.393,101.308,75.849,98.611
257.670,106.852,76.104,97.716
235.782,107.451,76.154,96.108
220.184,111.487,75.317,95.732
203.215,116.994,77.789,94.150
188.688,115.796,82.467,94.656
186.170,114.609,87.713,93.990
179.331,98.711,91.433,91.829
177.276,89.045,93.685,90.744
192.266,82.268,93.443,89.095
202.092,71.583,92.098,91.833
222.252,55.288,90.164,95.453
246.519,48.914,90.679,98.328
269.075,47.892,92.069,98.804
289.753,50.401,93.669,101.200
296.032,53.975,93.366,104.187
296.032,57.883,94.755,115.756
296.243,58.727,99.684,122.669
300.588,60.284,103.749,125.351
311.087,68.362,106.279,125.006
326.881,69.555,104.082,122.443
344.949,68.248,102.251,118.262
362.785,63.826,102.117,115.071
376.057,56.054,99.830,115.530
376.638,46.022,102.117,118.220
368.534,43.513,106.825,123.435
354.511,47.415,115.209,126.802
328.021,46.550,124.050,125.161
300.374,51.825,132.490,129.867
276.691,51.737,138.157,135.896
253.217,54.423,139.181,141.285
235.250,62.018,138.419,145.494
222.652,64.275,135.835,149.341
207.508,60.805,133.333,145.731
191.585,67.309,130.069,142.254
181.664,67.799,126.900,134.924
170.684,68.284,124.724,130.259
156.548,65.814,128.448,131.750
144.960,61.919,132.036,136.333
129.315,57.012,140.594,139.817
120.818,62.166,147.829,144.917
113.978,59.017,154.734,148.537
113.238,61.568,158.048,150.045
114.499,64.390,162.064,149.296
122.620,69.325,163.183,151.615
135.386,69.304,158.067,149.782
161.356,77.889,150.098,146.400
168.310,79.285,144.503,141.963
181.695,92.098,137.458,136.825
187.576,98.141,129.688,131.959
189.493,105.074,122.695,126.007
185.315,109.759,120.652,122.497
179.199,111.284,119.036,120.163
175.160,104.630,116.105,118.500
181.162,111.934,111.039,115.316
186.440,107.373,104.643,115.496
201.520,101.008,95.867,111.149
215.343,105.185,90.799,104.044
234.998,97.068,85.174,102.937
258.993,99.862,80.501,101.510
280.991,100.453,77.635,97.867
301.397,99.412,81.168,93.352
318.181,97.121,80.102,90.336
333.686,95.275,80.665,87.841
349.271,94.654,77.534,84.980
360.432,93.352,75.274,82.865
364.259,93.302,72.852,81.706
361.829,95.391,72.019,81.211
361.497,98.455,68.584,79.857
359.606,101.477,67.075,79.084
359.599,103.798,67.850,78.830
360.352,99.506,71.499,80.588
363.779,94.281,74.287,83.613
365.179,85.888,77.021,87.604
355.267,76.369,81.305,94.757
342.770,70.775,86.659,99.824
327.463,68.509,91.674,102.905
306.035,71.142,98.594,107.879
279.614,72.847,103.812,113.817
260.408,65.806,112.983,118.741
240.683,69.113,117.337,124.770
226.846,71.009,117.641,127.884
216.066,73.589,112.217,125.209
201.079,82.063,111.797,121.219
183.959,85.049,110.587,116.914
170.773,87.385,113.294,115.911
154.858,84.004,117.005,114.851
132.177,78.805,115.938,114.515
115.628,78.441,110.476,112.680
102.586,78.400,104.115,112.701
98.810,81.254,97.672,109.987
100.738,81.884,91.994,106.989
104.392,87.131,91.055,105.139
117.904,85.630,88.862,99.990
134.217,85.012,90.641,97.089
154.606,84.762,92.517,96.949
179.002,86.548,95.522,97.967
200.240,88.661,95.867,100.418
219.720,84.342,93.074,102.365
239.261,79.830,92.254,104.865
258.430,70.254,93.070,109.442
281.325,63.470,92.445,113.334
300.976,53.199,91.815,114.690
316.626,45.098,90.996,115.435
325.333,44.396,91.801,114.599
325.458,41.757,94.147,115.548
319.100,44.430,98.615,115.783
310.973,46.271,104.437,116.349
298.716,46.773,110.427,121.073
285.407,52.782,111.742,129.108
272.205,57.785,114.512,131.553
258.599,63.522,116.989,132.673
245.583,63.330,119.496,135.638
234.996,69.573,119.579,135.352
224.277,72.669,119.240,132.466
208.023,75.504,119.276,128.105
184.885,83.896,124.265,127.233
169.582,77.884,126.351,124.551
154.561,72.604,124.952,119.084
145.883,71.465,120.342,115.544
146.394,74.053,115.115,116.306
146.534,73.733,110.742,112.050
155.088,77.441,109.062,107.782
172.939,79.654,106.181,102.627
200.417,80.717,99.355,99.705
225.271,77.632,95.004,102.897
243.600,68.756,93.451,106.018
253.227,61.209,93.733,109.400
249.825,57.122,99.811,113.952
234.364,56.333,105.013,113.951
220.179,56.247,106.678,112.935
216.217,53.364,105.884,112.032
224.255,46.370,100.974,112.352
240.598,42.695,95.128,113.650
252.430,44.680,92.164,118.852
259.695,54.079,91.695,117.904
263.127,74.468,89.989,113.518
258.868,84.158,86.776,108.653
255.762,91.011,82.191,105.077
257.750,95.275,79.597,101.902
267.898,90.577,78.054,97.183
278.286,86.278,78.645,95.185
288.182,81.781,76.534,91.997
277.025,80.369,77.998,99.520
268.673,71.494,81.934,104.700
266.775,60.626,85.167,109.272
263.362,56.697,86.851,113.409
251.463,51.209,92.863,112.585
235.102,50.133,100.398,114.176
223.891,63.788,106.428,117.675
223.153,76.378,102.706,114.360
222.183,80.005,98.734,113.020
233.035,69.993,90.997,114.009
241.135,62.813,84.087,110.183
237.031,58.066,81.868,106.784
231.754,59.358,80.493,100.449
221.145,63.075,79.913,95.716
213.034,73.803,82.143,97.750
211.734,88.069,86.438,98.443
216.893,102.936,88.251,99.442
225.475,106.903,93.436,99.761
245.769,97.474,93.065,101.270
260.627,90.773,93.554,109.641
273.729,77.015,92.196,116.853
287.139,59.172,93.295,119.249
304.073,45.221,93.841,115.085
319.769,42.040,91.285,111.125
330.911,48.861,90.158,107.426
315.800,63.464,89.461,110.501
297.468,77.331,95.863,113.091
278.680,84.054,101.050,113.449
257.333,87.584,103.667,112.464
244.278,85.894,103.508,115.330
240.446,76.297,98.935,117.536
247.023,70.035,91.675,118.471
260.652,70.825,85.881,115.712
266.346,82.750,83.442,117.034
264.116,83.880,83.009,116.433
249.605,86.089,84.879,114.649
229.096,87.428,88.929,110.411
207.991,96.051,91.736,106.821
193.373,100.936,95.456,106.407
186.233,97.499,98.073,106.703
197.983,92.351,97.923,103.267
214.244,84.302,92.588,102.062
236.414,78.245,89.391,101.758
260.915,75.878,86.122,103.612
277.152,71.758,86.604,107.317
294.669,84.340,84.634,105.432
305.377,86.585,80.982,102.072
300.795,89.218,79.318,100.243
286.281,96.339,77.551,101.096
267.105,102.378,76.072,100.594
243.373,108.065,74.638,96.212
232.909,112.814,72.555,92.659
225.032,114.198,70.432,90.464
221.326,107.495,68.482,88.719
220.518,98.111,67.416,89.504
228.998,96.088,68.064,90.561
245.963,87.297,68.955,88.520
270.657,80.340,72.425,89.409
289.836,69.452,75.106,90.910
298.723,62.123,75.885,92.807
293.210,60.784,77.466,96.469
286.208,61.197,78.060,97.145
287.775,65.144,78.125,97.349
295.667,71.574,77.434,95.067
308.648,72.191,75.086,92.676
319.074,67.255,74.192,91.691
324.765,58.658,74.656,92.485
323.926,44.466,75.557,91.149
324.781,42.577,75.770,89.050
324.935,45.277,75.267,89.945
326.773,53.411,73.983,89.778
329.750,57.493,72.352,88.141
326.250,63.144,72.488,87.874
317.461,66.828,70.742,87.369
317.798,67.003,69.192,86.488
316.516,64.266,69.736,87.511
319.599,53.372,70.753,89.435
324.727,39.834,72.030,90.518
329.884,25.289,74.700,93.422
329.152,13.097,77.445,97.169
322.548,5.141,81.142,100.328
314.166,0.883,85.897,101.108
303.597,7.270,88.362,105.285
296.606,15.017,89.313,114.291
292.362,29.846,89.269,123.679
288.421,48.816,88.118,129.016
282.564,55.000,87.068,129.656
279.271,65.387,84.862,128.263
277.146,67.937,82.014,125.280
271.255,77.326,80.917,122.281
261.432,81.884,78.964,116.537
249.024,85.373,78.636,111.283
234.331,88.620,81.306,106.568
219.605,91.418,85.937,105.680
207.762,87.595,90.327,103.065
201.553,75.538,96.466,102.269
204.857,66.946,98.364,102.756
212.880,61.788,101.119,105.404
226.765,61.469,103.862,109.770
235.126,63.024,107.302,115.205
234.246,62.067,110.440,122.626
223.475,64.625,117.241,130.771
214.425,59.320,124.480,133.976
214.194,57.286,127.409,135.800
213.066,46.777,125.343,137.785
219.085,42.470,116.154,135.485
219.895,31.958,110.060,131.253
217.898,30.786,106.456,128.525
208.501,42.866,104.767,125.816
184.908,45.937,108.314,124.365
170.710,57.183,117.513,126.827
166.354,78.385,124.508,127.670
179.122,85.805,128.450,130.017
202.246,93.702,129.529,128.217
221.492,90.162,129.880,125.500
242.953,88.888,124.573,122.100
263.622,88.774,114.571,118.678
276.351,88.862,102.566,116.542
273.137,91.466,94.232,114.591
257.819,96.723,88.134,111.468
240.137,108.492,83.544,107.452
229.734,125.415,81.663,101.097
230.270,137.972,78.469,96.564
239.909,126.197,76.363,92.276
254.534,106.052,78.451,95.178
274.070,82.444,82.146,102.320
294.274,59.455,84.785,111.295
303.156,36.587,86.260,118.610
294.145,25.000,95.533,123.085
272.407,24.489,105.908,119.184
252.588,29.454,115.925,118.944
242.258,31.079,121.070,118.240
241.432,30.678,113.182,117.429
243.126,34.952,104.751,118.125
239.523,55.918,99.520,116.472
232.887,72.970,93.724,115.496
229.044,89.674,87.325,110.804
232.712,94.351,82.314,105.823
246.844,89.980,78.010,100.498
257.562,92.367,78.070,95.583
264.334,92.289,80.149,92.742
256.370,83.213,82.075,91.031
225.559,78.296,83.727,92.391
196.368,84.442,87.929,94.761
183.656,95.373,93.176,95.513
169.152,117.429,101.125,96.889
170.052,125.515,107.430,95.456
175.999,130.846,111.180,94.674
180.497,126.630,114.390,93.383
186.639,127.378,113.040,93.023
187.008,124.431,108.794,92.684
183.172,124.903,107.148,91.745
180.200,120.331,106.182,90.263
162.745,106.874,108.445,89.646
148.493,89.896,100.704,89.971
136.628,78.615,97.277,90.880
107.336,69.832,100.436,94.145
