1.63723993
0.01601005
0.01587820
0.01554251
0.01592088
0.01561856
0.01570725
0.01557040
0.01527596
0.01534271
0.01564264
0.01557159
0.01592278
0.01579046
0.01556182
0.01544881
0.01546788
0.01547647
0.01567125
0.01595497
0.01593208
0.01607394
0.01577449
0.01574564
0.01584148
0.01597881
0.01588392
0.01600814
0.01605582
0.01594758
0.01595736
0.01608849
0.01612353
0.01600981
0.01643753
0.01615715
0.01591420
0.01586556
0.01595068
0.01592088
0.01556230
0.01538157
0.01540685
0.01557016
0.01546955
0.01542807
0.01544023
0.01544452
0.01546955
0.01519203
0.01532698
0.01519084
0.01527381
0.01528335
0.01540828
0.01532388
0.01547647
0.01572847
0.01567650
0.01581049
0.01598740
0.01556063
0.01544833
0.01552367
0.01546597
0.01543832
0.01546979
0.01548219
0.01547003
0.01542068
0.01541424
0.01549721
0.01544952
0.01549864
0.01541972
0.01538777
0.01546645
0.01540661
0.01539135
0.01545501
0.01544952
0.01541662
0.01538110
0.01542354
0.01540804
0.01550221
0.01540303
0.01542568
0.01542854
0.01542759
0.01543021
0.01543140
0.01544189
0.01538634
0.01543474
0.01557755
0.01587582
0.01567459
0.01511908
0.01510644
0.01488256
0.01488447
0.01493692
0.01490331
0.01491451
0.01486921
0.01481295
0.01477695
0.01477647
0.01478958
0.01478672
0.01498914
0.01533246
0.01542234
0.01533127
0.01501036
0.01514530
0.01503205
0.01496816
0.01493502
0.01493073
0.01491380
0.01500487
0.01499414
0.01496792
0.01490355
0.01491189
0.01493788
0.01501918
0.01506591
0.01551509
0.01534891
0.01511312
0.01504326
0.01505232
0.01513314
0.01509905
0.01505470
0.01517057
0.01519775
0.01523972
0.01527548
0.01541400
0.01567364
0.01552486
0.01528955
0.01533389
0.02147341
0.01611304
0.01529288
0.01530051
0.01514411
0.01505947
0.01514602
0.01514816
0.01506901
0.01508307
0.01526713
0.01523733
0.01525021
0.01525617
0.01532030
0.01547837
0.01533008
0.01566839
0.01563907
0.01558900
0.01567745
0.01579499
0.01558018
0.01552725
0.01546431
0.01542616
0.01536775
0.01558304
0.01558900
0.01597786
0.01595044
0.01565456
0.01563096
0.01552725
0.01726484
0.01540327
0.01536036
0.01543188
0.01534891
0.01532817
0.01553655
0.01530147
0.01492095
0.01527143
0.01522470
0.01531696
0.01542687
0.01491237
0.01495552
0.01505613
0.01534939
0.01575971
0.01556802
0.01514363
0.01522207
0.01510954
0.01514435
0.01510024
0.01494360
0.01488519
0.01517844
0.01503730
0.01512837
0.01539207
0.01540446
0.01508117
0.01508808
0.01506972
0.01510572
0.01486993
0.01503944
0.01493645
0.01527500
0.01507282
0.01499486
0.01502943
0.01495004
0.01498699
0.01505709
0.01512265
0.01546264
0.01560211
0.01515150
0.01517320
0.01557922
0.01562500
0.01533604
0.01525116
0.01535487
0.01537442
0.01552248
0.01529884
0.01547980
0.01547647
0.01536846
0.01541042
0.01540542
0.01535964
0.01538157
0.01541328
0.01559043
0.01550221
0.01558757
0.01562166
0.01570129
0.01562572
0.01562166
0.01567578
0.01568532
0.01570916
0.01566434
0.01560736
0.01564169
0.01593113
0.01584029
0.01615047
0.01598811
0.01592708
0.01601911
0.01602817
0.01562619
0.01561069
0.01567054
0.01600432
0.01531601
0.01574039
0.01542115
0.01572776
0.01552582
0.01530623
0.01528978
0.01554990
0.01575065
0.01597333
0.01577544
0.01558876
0.01546192
0.01548219
0.01564837
0.01557398
0.01557803
0.01574445
0.01600361
0.01579881
0.01601243
0.01596165
0.01575780
0.01605439
0.01587868
0.01617289
0.01582050
0.01585722
0.01620245
0.01621366
0.01600528
0.01564074
0.01543975
0.01521921
0.01521778
0.01523304
0.01529217
0.01519251
0.01521039
0.01531863
0.01535463
0.01524067
0.01508594
0.01511979
0.01513648
0.01507330
0.01523829
0.01544762
0.01522112
0.01513958
0.01503325
0.01518989
0.01523829
0.01516604
0.01521564
0.01513147
0.01529908
0.01525211
0.01526117
0.01520276
0.01514053
0.01514292
0.01517177
0.01517081
0.01537943
0.01535845
0.01548457
0.01542377
0.01535106
0.01543212
0.01557612
0.01544905
0.01545143
0.01547003
0.01554918
0.01551247
0.01580119
0.01578045
0.01566172
0.01571536
0.01573491
0.01567292
0.01579976
0.01583743
0.01579356
0.01591015
0.01591372
0.01593971
0.01601028
0.01590085
0.01594329
0.01610208
0.01597095
0.01631236
0.01611423
0.01600146
0.01633739
0.01630116
0.01593328
0.01563239
0.01564217
0.01596284
0.01592803
0.01591110
0.01560497
0.01566577
0.01549053
0.01521158
0.01513028
0.01515579
0.01514769
0.01537681
0.01526976
0.01556301
0.01566315
0.01516557
0.01495576
0.01502442
0.01506448
0.01530838
0.01485825
0.01487064
0.01491475
0.01485777
0.01480651
0.01504183
0.01507664
0.01531482
0.01538610
0.01501894
0.01496983
0.01508832
0.01520634
0.01524138
0.01510906
0.01560473
0.01561022
0.01538324
0.01523805
0.01513267
0.01515079
0.01540422
0.01541996
0.01543784
0.01577187
0.01572013
0.01540589
0.01529431
0.01525044
0.01545691
0.01548696
0.01549888
0.01558018
0.01546478
0.01552582
0.01559305
0.01746988
0.01754880
0.01760435
0.01760197
0.01754427
0.01743960
0.01801419
0.01862383
0.01876664
0.01798892
0.01758432
0.01766658
0.01781797
0.01773787
0.01757360
0.01754451
0.01765490
0.01761889
0.01757812
0.01765895
0.01755261
0.01773858
0.01775837
0.01803017
0.01785851
0.01805782
0.01782846
0.01783919
0.01747179
0.01774645
0.01742887
0.01745725
0.01789093
0.01786828
0.01766849
0.01751184
0.01778555
0.01763105
0.01756382
0.01785469
0.01782227
0.01763988
0.01757479
0.01777816
0.01761270
0.01762462
0.01792407
0.01784420
0.01763439
0.01753759
0.02119780
0.01751208
0.01790309
0.01786971
0.01800084
0.01792550
0.01922560
0.01909137
0.01868343
0.01886845
0.01770926
0.01763391
0.01751947
0.01814151
0.01780820
0.01768494
0.01772380
0.01745653
0.01750302
0.01759362
0.01751566
0.01749253
0.01778293
0.01752019
0.01744771
0.01757598
0.01747060
0.01781559
0.01788187
0.01873851
0.01844954
0.01779771
0.01755095
0.01754975
0.01752400
0.01761508
0.01749659
0.01768041
0.01817298
0.01809406
0.01891398
0.01798820
0.01753116
0.01749730
0.01744270
0.01762795
0.01751232
0.01758766
0.01744771
0.01527548
0.01514482
0.01513529
0.01495075
0.01502752
0.01503396
0.01495576
0.01507878
0.01506686
0.01594496
0.01626873
0.01637197
0.01618934
0.01604271
0.01598430
0.01591587
0.01600289
0.01600695
0.01599717
0.01601195
0.01600146
0.01583076
0.01583910
0.01629043
0.01659417
0.01656532
0.01660562
0.01661849
0.01661682
0.01728058
0.01726365
0.01589656
0.01598454
0.01581120
0.01573610
0.01574397
0.01568699
0.01573253
0.01581240
0.01581383
0.01573753
0.01569819
0.01563168
0.01566100
0.01567602
0.01570868
0.01567173
0.01541519
0.01546335
0.01550317
0.01555037
0.01549840
0.01533818
0.01532722
0.01532507
0.01531553
0.01550794
0.01562858
0.01573253
0.01611495
0.01606560
0.01597905
0.01580739
0.01553106
0.01553321
0.01565433
0.01556396
0.01561308
0.01562691
0.01555371
0.01571894
0.01582003
0.01566029
0.01559901
0.01556396
0.01557398
0.01557684
0.01566744
0.01567340
0.01578569
0.01569223
0.01551700
0.01549006
0.01552486
0.01549935
0.01564837
0.01568747
0.01564407
0.01591539
0.01599813
0.01586127
0.01573110
0.01575851
0.01572776
0.01596022
0.01605105
0.01563811
0.01569796
0.01582026
0.01569033
0.01565742
0.01581478
0.01586199
0.01626492
0.01604652
0.01584578
0.01590800
0.01567030
0.01571250
0.01575732
0.01586819
0.01599741
0.01586032
0.01555920
0.01551127
0.01529932
0.01516557
0.01518345
0.01520395
0.01521254
0.01537538
0.01518583
0.01525116
0.01538968
0.01525068
0.01534986
0.01551938
0.01545835
0.01550841
0.01559544
0.01554894
0.01564550
0.01565886
0.01553488
0.01580381
0.01578999
0.01566887
0.01582003
0.01571774
0.01588917
0.01570368
0.01613235
0.01630163
0.01603317
0.01598167
0.01568508
0.01579666
0.01573896
0.01559997
0.01544046
0.01532960
0.01547718
0.01556540
0.01543260
0.01568890
0.01613498
0.01599312
0.01548290
0.01548696
0.01546335
0.01564527
0.01583982
0.01571488
0.01600528
0.01584363
0.01543641
0.01558328
0.01553702
0.01548934
0.01549077
0.01568079
0.01609063
0.01610661
0.01566505
0.01568198
0.01572967
0.01572895
0.01553631
0.01563764
0.01583719
0.01595449
0.01586509
0.01560283
0.01584601
0.01559973
0.01544476
0.01554561
0.01544046
0.01551437
0.01548457
0.01563215
0.01566792
0.01553297
0.01558256
0.01593447
0.01575994
0.01611376
0.01586938
0.01556921
0.01558685
0.01563454
0.01544356
0.01530600
0.01527119
0.01528335
0.01526928
0.01532340
0.01533031
0.01531076
0.01542664
0.01480269
0.01487064
0.01478791
0.01477146
0.01478624
0.01479959
