1.41518927
0.01515603
0.01506996
0.01501870
0.01470518
0.01459026
0.01480699
0.01488876
0.01489520
0.01512742
0.01507878
0.01481032
0.01454782
0.01448417
0.01446748
0.01454687
0.01438999
0.01438046
0.01447225
0.01444459
0.01450443
0.01445127
0.01454997
0.01458478
0.01464295
0.01453662
0.01451135
0.01456785
0.01460671
0.01470447
0.01461554
0.01460385
0.01461720
0.01461077
0.01459718
0.01460814
0.01461911
0.01457214
0.01460242
0.01460409
0.01472473
0.01467943
0.01467538
0.01463175
0.01487303
0.01517367
0.01529813
0.01488352
0.01486778
0.01489735
0.01492715
0.01495767
0.01538658
0.01536584
0.01495481
0.01497436
0.01485848
0.01518154
0.01537466
0.01511645
0.01501727
0.01496315
0.01524377
0.01538205
0.01501679
0.01487851
0.01496530
0.01487827
0.01495147
0.01492763
0.01505542
0.01496172
0.01491332
0.01503491
0.01497579
0.01500106
0.01495910
0.01493716
0.01488948
0.01492357
0.01486850
0.01518726
0.01497340
0.01535511
0.01556182
0.01500797
0.01503181
0.01511717
0.01501870
0.01502252
0.01498747
0.01509905
0.01506281
0.01523399
0.01545668
0.01535845
0.01510048
0.01516414
0.01512933
0.01511717
0.01511121
0.01520538
0.01513410
0.01501942
0.01502299
0.01517344
0.01514816
0.01527405
0.01557469
0.01522827
0.01528215
0.01524401
0.01541400
0.01550126
0.01566434
0.01544571
0.01566720
0.01567245
0.01534319
0.01590157
0.01574540
0.01571465
0.01550150
0.01549196
0.01538539
0.01544619
0.01538062
0.01547599
0.01557040
0.01560497
0.01557517
0.01562166
0.01559663
0.01567078
0.01561522
0.01560545
0.01571131
0.01581621
0.01586556
0.01586390
0.01573920
0.01625848
0.01630807
0.01618838
0.01604152
0.01595211
0.01591372
0.01591015
0.01595783
0.01584888
0.01592731
0.01588368
0.01589060
0.01602221
0.01614070
0.01638746
0.01646256
0.01591945
0.01593018
0.01592135
0.01595783
0.01595831
0.01599598
0.01605868
0.01614523
0.01606417
0.01632071
0.01613855
0.01593542
0.01595759
0.01605010
0.01600289
0.01593947
0.01613212
0.01654005
0.01610184
0.01673126
0.01630497
0.01600695
0.01609445
0.01599813
0.01588464
0.01595855
0.01599288
0.01595950
0.01611352
0.01619482
0.01634264
0.01614308
0.01600075
0.01604462
0.01603961
0.01608348
0.01587081
0.01614094
0.01590872
0.01590800
0.01589036
0.01590538
0.01589870
0.01605034
0.01602411
0.01627803
0.01634908
0.01628304
0.01591277
0.01590300
0.01590276
0.01591659
0.01585746
0.01602316
0.01609015
0.01631689
0.01622653
0.01589274
0.01592469
0.01587415
0.01583290
0.01589990
0.01800418
0.01589704
0.01587629
0.01589179
0.01598334
0.01604509
0.01598716
0.01590037
0.01585770
0.01593280
0.01614618
0.01619387
0.01604939
0.01622033
0.01642632
0.01610255
0.01595426
0.01597166
0.01585770
0.01592612
0.01592946
0.01593542
0.01587939
0.01623368
0.01631212
0.01591825
0.01590633
0.01604390
0.01588321
0.01583838
0.01586843
0.01591802
0.01581883
0.01604128
0.01590347
0.01589656
0.01586843
0.01585126
0.01608348
0.01593924
0.01602292
0.01630664
0.01598406
0.01624131
0.01631761
0.01603985
0.01603746
0.01595950
0.01605105
0.01611447
0.01601648
0.01601124
0.01587677
0.01596642
0.01592660
0.01599622
0.01597476
0.01602125
0.01583385
0.01586080
0.01611304
0.01601601
0.01595569
0.01591969
0.01598287
0.01595473
0.01586819
0.01591492
0.01601934
0.01590610
0.01604986
0.01647949
0.01647186
0.01604152
0.01606512
0.01618886
0.01596737
0.01595330
0.01593351
0.01609540
0.01597357
0.01597238
0.01587820
0.01594853
0.01604009
0.01590562
0.01584005
0.01589942
0.01599932
0.01614785
0.01586986
0.01607323
0.01644254
0.01634669
0.01621747
0.01606226
0.01606011
0.01619983
0.01632833
0.01604915
0.01587677
0.01599741
0.01596236
0.01589012
0.01583147
0.01617622
0.01615000
0.01617193
0.01644182
0.01624918
0.01608372
0.01590514
0.01590896
0.01589727
0.01617479
0.01595140
0.01605225
0.01586080
0.01581717
0.01593137
0.01617551
0.01604819
0.01641464
0.01648498
0.01601553
0.01612234
0.01614046
0.01625085
0.01630497
0.01611185
0.01602197
0.01620245
0.01596808
0.01594210
0.01608038
0.01600838
0.01588607
0.01585388
0.01590729
0.01593256
0.01590252
0.01581407
0.01598430
0.01593232
0.01587248
0.01584649
0.01590252
0.01593709
0.01585054
0.01586962
0.01592588
0.01593828
0.01633120
0.01629567
0.01597166
0.01584816
0.01599216
0.01591015
0.01587415
0.01584125
0.01589704
0.01602745
0.01590228
0.01590014
0.01582813
0.01597023
0.01603532
0.01590848
0.01597309
0.01604319
0.01610303
0.01590109
0.01586485
0.01589513
