1.43421316
0.01896620
0.01882815
0.01890826
0.01879215
0.01962090
0.01958585
0.01964712
0.01967001
0.01964164
0.01969671
0.01904106
0.01671934
0.01591754
0.01566839
0.01547694
0.01541352
0.01563358
0.01617861
0.01609993
0.01571918
0.01587534
0.01572776
0.01578093
0.01568627
0.01568508
0.01566648
0.01584220
0.01593995
0.01626039
0.01599598
0.01595926
0.01590967
0.01613641
0.01624846
0.01609898
0.01608133
0.01620603
0.01615047
0.01648188
0.01658654
0.01632857
0.01623654
0.01603127
0.01597309
0.01597476
0.01604414
0.01609898
0.01601768
0.01617718
0.01873851
0.01611543
0.01602077
0.01611686
0.01614785
0.01588130
0.01587319
0.01568246
0.01579618
0.01581097
0.01604486
0.01566100
0.01580572
0.01567245
0.01591396
0.01584649
0.01582170
0.01595473
0.01607275
0.01572442
0.01545835
0.01540899
0.01535106
0.01551819
0.01540089
0.01581907
0.01545501
0.01563954
0.01539087
0.01545215
0.01533723
0.01563454
0.01564860
0.01553273
0.01536369
0.01533413
0.01531887
0.01523876
0.01530743
0.01508808
0.01510239
0.01514697
0.01516199
0.01526976
0.01513600
0.01514196
0.01514697
0.01501799
0.01514387
0.01514363
0.01500416
0.01505423
0.01506090
0.01502323
0.01510692
0.01524782
0.01524663
0.01509571
0.01512265
0.01525164
0.01511812
0.01564717
0.01569986
0.01520348
0.01512504
0.01530409
0.01569581
0.01554966
0.01532578
0.01526546
0.01524282
0.01527524
0.01526189
0.01535296
