336.000,122.000,311.000,265.000
318.637,115.543,320.167,260.584
317.264,117.048,326.098,257.411
311.544,117.283,329.945,256.097
318.715,117.295,333.150,255.012
311.741,116.863,333.855,254.074
314.560,119.287,332.723,253.750
308.549,117.999,334.625,253.390
316.738,119.062,336.557,253.027
311.717,117.812,336.711,253.092
310.663,119.019,335.260,252.950
319.442,120.235,333.194,252.723
312.968,119.118,332.285,251.826
313.429,119.868,333.646,251.436
310.973,118.874,334.908,252.685
316.973,119.825,332.452,252.230
309.197,118.993,331.979,252.495
317.743,119.928,333.275,252.585
311.229,119.254,333.934,252.276
315.298,120.001,331.612,251.934
312.245,119.397,331.204,252.522
316.114,120.370,332.175,252.517
314.519,119.632,331.967,253.658
312.181,117.274,333.332,253.868
314.408,119.814,332.305,253.711
311.603,117.269,333.597,254.064
315.260,119.256,333.192,253.712
311.518,118.535,335.871,254.811
315.654,116.797,333.460,255.669
312.882,118.008,335.655,254.593
309.747,117.701,337.911,254.776
314.508,117.161,335.648,255.429
309.434,117.479,337.345,255.323
310.593,117.219,338.689,255.545
315.130,117.026,335.838,255.980
310.566,117.771,339.240,256.025
315.557,116.047,335.400,256.890
308.509,118.042,337.791,256.025
311.589,115.129,335.953,255.421
314.629,116.703,333.101,255.030
306.806,117.420,336.976,255.402
313.832,115.495,336.277,256.258
304.154,116.516,338.831,255.976
307.611,116.818,341.302,256.995
308.664,116.006,337.780,257.368
307.169,115.134,338.825,256.470
307.589,116.834,338.131,255.508
306.478,117.783,337.651,255.177
311.588,116.479,334.243,255.617
307.694,118.117,333.498,256.198
314.462,117.706,331.934,256.909
310.493,116.100,332.183,256.918
305.171,117.026,334.045,256.348
305.616,117.073,337.568,256.428
309.374,116.918,337.058,257.060
308.776,113.876,335.987,256.374
308.975,115.710,334.685,255.338
304.331,117.067,336.979,255.252
306.546,115.745,339.613,255.321
304.805,115.283,337.101,253.363
309.137,115.988,337.662,252.608
306.439,115.536,336.942,251.273
308.270,116.978,336.813,252.829
302.381,117.900,338.294,252.942
305.674,116.746,336.859,253.564
305.684,116.998,336.815,253.896
305.834,117.419,336.370,254.522
309.103,117.354,335.042,255.231
305.657,117.116,334.795,254.738
309.124,116.941,335.262,254.894
304.604,118.052,335.751,254.703
306.277,117.080,337.389,255.376
310.300,117.321,334.010,256.090
304.928,116.284,335.036,255.511
308.954,117.244,335.061,256.351
310.120,117.531,334.800,257.516
309.709,115.801,333.253,257.421
306.239,117.136,335.507,257.484
309.757,117.442,337.380,258.899
304.746,115.508,337.411,258.854
306.929,115.771,337.097,258.994
310.281,115.561,331.807,258.096
304.233,116.169,332.999,256.940
310.402,116.638,331.979,256.484
306.820,117.079,334.485,256.330
312.600,116.235,333.409,255.729
309.158,117.548,331.498,255.741
311.710,117.695,332.354,255.424
309.762,116.545,332.360,254.788
308.071,118.555,333.967,254.377
313.335,118.839,333.370,255.464
311.552,117.955,331.123,255.794
310.906,115.442,332.362,255.386
307.649,117.217,333.771,254.959
314.889,117.145,334.660,255.413
305.703,116.461,336.631,256.115
310.613,115.772,339.171,256.609
311.065,116.342,337.311,256.523
312.868,116.451,337.095,257.225
308.822,116.111,336.552,257.100
309.926,117.001,337.703,256.664
308.925,116.146,337.176,255.814
307.138,118.157,339.363,255.198
313.247,116.376,336.911,255.199
306.884,117.195,338.936,254.973
314.471,117.434,337.873,255.328
311.140,116.953,337.861,255.821
316.709,117.810,337.691,256.269
311.886,115.421,335.429,255.898
314.439,118.557,334.291,255.814
312.641,116.532,337.763,255.502
310.848,117.112,337.301,254.786
315.300,118.605,336.378,255.615
312.197,117.291,337.481,255.090
314.401,118.207,336.020,255.103
312.653,116.714,336.370,255.339
315.428,118.362,335.641,255.024
312.091,116.811,335.783,255.426
319.171,119.036,334.614,256.286
312.124,116.824,333.865,254.783
317.841,117.737,332.678,254.100
317.201,118.665,331.362,253.924
317.980,117.961,332.620,253.987
317.932,119.179,332.587,253.817
320.301,118.497,330.541,254.277
312.724,118.363,332.960,254.065
325.865,120.263,334.990,253.293
322.444,119.913,331.902,253.603
324.125,119.123,329.804,252.728
319.498,121.002,331.086,252.536
313.437,120.464,334.461,252.904
322.374,120.473,334.826,253.321
321.419,119.068,330.266,253.511
316.247,119.204,331.327,253.178
316.402,119.558,336.033,254.019
321.147,117.333,331.855,254.488
321.063,119.609,335.560,253.800
319.615,119.332,332.937,253.739
314.965,118.103,332.737,253.834
317.993,119.540,333.740,254.072
321.796,118.226,331.395,254.709
318.856,119.877,333.293,254.661
318.256,118.650,332.153,254.705
321.545,119.604,331.862,254.972
318.411,119.619,332.592,254.604
320.307,118.174,331.730,255.097
316.902,118.095,331.491,254.607
318.072,120.337,336.499,254.886
317.115,119.076,333.552,254.431
320.981,119.291,333.811,255.453
315.889,118.854,334.554,254.953
318.777,118.244,333.905,255.240
317.957,117.903,333.514,255.579
317.974,119.132,335.292,255.923
320.035,118.086,334.689,256.306
314.921,116.899,333.420,256.263
320.028,118.417,333.888,256.089
317.199,117.457,332.972,256.422
320.678,118.468,335.429,257.153
316.913,117.478,334.666,257.484
320.538,117.598,334.163,257.783
318.069,117.031,333.129,257.289
322.070,117.865,333.797,257.635
320.460,116.528,332.047,257.805
317.582,117.317,335.624,257.695
319.753,117.133,334.925,258.203
316.895,116.571,335.756,257.998
323.238,116.402,334.502,258.504
318.614,117.460,332.685,259.142
324.971,116.923,331.825,258.405
312.649,118.649,336.899,258.491
319.950,119.476,337.589,257.032
317.217,116.353,336.897,256.891
321.016,117.617,338.134,257.568
321.557,116.297,335.299,259.088
324.477,115.081,334.285,259.173
315.465,116.893,336.975,258.209
322.484,118.329,340.240,257.680
314.384,117.063,337.495,256.801
320.672,116.088,338.017,257.238
320.848,118.218,338.447,258.479
320.268,116.298,337.269,258.464
324.869,115.247,338.718,259.559
315.351,117.204,339.274,259.332
316.897,116.304,341.612,258.699
321.870,113.780,339.989,259.139
317.828,115.475,339.474,258.770
323.887,114.550,341.179,259.273
316.178,115.349,343.458,259.989
323.994,115.623,340.756,258.570
316.361,116.213,344.009,259.227
319.217,113.031,342.014,259.284
321.306,115.090,343.573,259.310
322.019,115.504,343.448,259.734
319.643,115.289,343.148,260.595
321.720,114.334,343.853,261.133
319.162,115.024,343.811,261.956
318.143,113.421,344.545,261.499
320.592,113.519,343.348,261.140
321.471,113.391,341.482,261.150
322.909,113.037,340.681,261.511
322.926,113.750,342.634,262.110
316.223,114.249,344.650,262.797
324.982,112.143,341.675,262.392
323.208,112.095,341.661,261.836
324.916,111.701,341.678,262.198
321.611,111.742,342.003,262.232
326.140,109.983,340.591,262.491
322.842,110.607,340.529,262.025
325.685,110.082,338.898,262.312
319.354,112.773,343.771,263.279
325.165,110.632,340.460,262.806
325.345,109.905,343.415,263.291
322.554,110.905,344.678,263.453
325.947,109.063,344.325,263.466
323.224,110.088,343.832,264.019
325.795,108.864,344.363,263.558
322.312,110.396,345.602,264.072
326.875,109.109,345.552,264.411
324.758,110.889,347.694,264.962
323.412,109.145,349.994,265.409
327.721,109.276,350.804,266.566
322.609,108.800,349.646,265.882
330.462,111.921,351.016,265.542
319.853,109.639,349.129,265.511
326.686,108.134,348.320,265.696
327.519,108.080,348.768,266.519
321.449,109.612,353.807,266.642
320.546,107.937,356.256,266.675
323.921,106.658,357.297,267.180
326.518,106.852,353.522,267.466
320.922,107.026,353.798,268.131
330.131,106.804,350.365,267.953
326.865,107.297,351.575,267.878
328.856,107.043,351.646,268.746
326.011,106.695,354.783,268.322
330.737,106.602,354.857,268.666
331.544,106.808,352.221,269.196
332.492,105.460,350.396,270.432
327.745,106.988,351.152,270.868
330.712,104.916,354.497,270.293
323.058,106.048,354.424,270.691
331.362,105.349,355.400,270.715
327.673,105.484,355.123,271.228
331.223,103.948,356.389,272.099
322.518,104.435,357.057,271.440
330.374,105.307,358.095,271.485
328.844,105.501,359.773,271.227
325.045,105.598,363.353,271.041
324.358,105.948,366.468,271.086
321.062,104.835,368.844,270.620
323.542,102.924,367.699,271.596
316.703,103.304,368.647,272.623
320.081,102.008,366.773,273.063
325.391,102.185,367.751,272.785
322.588,102.224,368.780,273.906
324.081,99.991,368.127,273.751
323.784,102.053,371.002,274.189
318.478,99.689,371.122,274.294
322.388,99.964,371.863,275.090
321.395,99.761,371.707,274.614
324.987,102.182,370.225,274.621
320.621,99.403,370.061,274.961
319.588,100.875,373.426,275.967
321.630,98.738,376.956,276.096
323.429,99.681,375.540,276.384
319.687,97.380,377.511,276.652
320.038,99.074,377.722,277.297
323.417,98.596,378.968,277.217
324.844,96.454,377.529,277.816
322.949,98.185,377.249,277.762
322.515,98.098,378.996,278.089
323.879,97.682,380.154,278.562
324.855,95.261,380.110,278.723
325.838,98.334,378.906,279.107
320.728,95.467,382.400,280.139
321.285,96.391,381.703,280.147
328.429,95.178,378.747,279.978
326.243,97.085,382.877,280.839
330.023,93.845,383.040,281.562
326.401,95.137,381.117,281.779
329.117,94.425,382.806,281.911
327.402,93.872,382.725,282.182
328.310,94.689,384.694,282.973
328.110,93.217,386.248,283.616
327.679,94.121,389.063,284.046
324.491,92.524,389.262,284.685
326.365,92.301,388.384,284.736
330.564,92.721,387.247,284.615
328.630,93.113,389.090,286.196
326.463,92.862,391.671,286.502
326.563,90.302,390.520,286.330
334.540,91.472,386.117,286.568
326.751,90.688,384.778,286.476
328.468,91.548,385.674,287.080
329.687,91.884,385.230,286.679
327.923,92.043,386.343,286.120
329.050,91.631,385.731,286.925
329.674,91.290,385.674,286.918
334.765,90.793,384.634,287.338
334.015,92.645,385.439,288.079
335.412,92.022,389.253,290.591
331.805,91.012,398.441,290.854
337.722,89.811,396.733,291.054
334.315,88.487,394.075,291.395
327.773,89.748,400.133,292.719
333.700,88.420,396.688,293.176
332.642,87.853,399.334,293.719
330.169,88.123,401.585,294.347
337.415,87.449,405.968,294.425
337.593,86.343,399.302,294.601
333.802,85.764,395.815,294.508
336.264,87.287,400.288,294.850
337.675,85.205,399.648,294.595
334.761,85.905,397.531,293.996
336.949,85.958,400.043,293.585
337.274,84.870,398.780,294.449
340.329,83.892,397.238,295.799
333.004,83.708,399.884,296.396
336.662,82.993,397.333,296.459
333.998,82.905,399.278,296.959
336.945,81.411,395.395,296.807
333.887,84.085,402.114,297.253
339.503,83.232,402.422,298.181
341.160,81.722,402.594,298.201
335.737,81.075,404.122,299.396
338.369,80.017,404.311,300.352
343.641,77.776,400.836,301.358
333.863,78.498,408.736,302.990
343.308,78.505,408.412,303.887
351.604,77.807,405.018,304.685
341.997,78.110,407.412,305.043
340.134,76.797,407.946,304.420
343.759,76.163,406.473,305.543
338.284,76.387,412.258,306.897
353.184,75.075,407.993,307.219
342.732,77.627,410.940,308.025
347.208,76.825,410.810,309.066
355.030,76.158,409.976,308.489
331.589,76.083,416.419,309.407
338.347,75.060,417.057,309.963
351.010,73.809,415.527,310.361
343.142,74.346,414.800,310.709
348.088,72.248,416.990,312.820
343.699,72.177,420.156,313.758
346.683,73.402,419.837,314.600
353.721,72.366,419.720,314.247
347.211,71.428,418.538,314.279
346.024,70.577,421.253,315.514
354.142,71.501,421.183,317.015
343.285,71.657,420.347,316.487
349.754,70.761,422.758,316.264
354.478,70.245,422.243,317.371
344.308,71.064,426.322,317.442
351.674,69.326,428.040,318.643
347.245,70.830,428.903,318.745
354.605,69.039,424.889,319.188
349.691,69.389,428.276,319.828
352.882,68.580,429.425,319.327
345.989,70.281,436.136,320.367
361.905,68.338,430.963,321.819
340.219,68.431,438.071,321.448
345.930,68.248,437.971,321.750
349.184,66.987,438.729,322.896
350.834,66.614,438.462,323.102
352.003,66.351,434.944,323.470
356.403,65.985,435.844,324.635
352.883,67.214,439.077,324.633
351.882,66.139,438.427,325.690
361.059,64.427,435.594,326.618
340.918,67.161,443.046,327.686
355.253,63.021,441.315,326.839
347.646,65.587,444.126,326.855
355.968,62.791,442.110,327.334
352.420,65.262,444.492,327.696
356.814,63.718,441.959,327.829
355.596,64.821,444.214,329.365
360.532,61.180,442.110,329.995
355.383,62.449,443.994,330.331
351.189,61.176,450.182,331.929
364.077,61.758,449.072,331.812
357.478,61.405,448.253,331.184
360.448,61.013,448.749,332.863
371.295,60.573,446.804,332.853
358.910,61.704,448.344,332.414
365.117,59.836,446.748,332.925
350.893,59.222,455.080,334.603
361.928,56.146,451.782,335.087
358.088,57.784,454.819,337.242
359.919,56.399,452.515,337.386
365.079,56.757,452.099,338.189
360.095,55.025,457.722,338.910
371.511,54.331,453.946,339.489
366.224,54.117,451.969,339.158
363.756,52.872,457.276,341.349
369.755,51.978,458.709,343.607
360.105,52.600,460.889,342.400
381.030,51.598,461.751,343.760
364.260,51.362,459.878,343.396
371.150,51.023,459.300,344.112
368.899,50.733,464.295,343.703
372.491,50.413,472.637,344.272
375.003,50.467,462.479,344.514
372.023,51.897,462.939,345.086
374.032,50.876,470.643,346.848
373.438,48.788,466.047,348.098
373.629,49.491,477.864,349.560
377.933,47.721,475.147,351.077
382.345,48.843,490.905,352.361
386.452,52.516,491.080,353.522
377.710,48.003,492.023,355.992
388.190,49.456,492.050,357.449
379.874,47.562,494.224,357.686
385.797,45.342,500.026,358.829
380.887,47.108,501.633,359.489
394.950,45.560,517.112,361.804
381.462,46.105,535.930,363.211
381.394,42.907,550.854,365.199
374.980,42.645,554.810,367.228
381.495,41.870,562.184,368.645
373.935,45.641,568.604,367.394
381.123,42.726,578.739,369.500
371.897,42.509,575.203,369.557
374.624,41.518,577.596,371.489
371.842,40.287,579.317,371.153
380.110,41.484,579.223,373.699
381.616,40.901,591.917,374.906
381.000,38.609,589.967,376.831
373.805,39.815,593.224,376.988
380.344,38.905,597.253,378.067
378.485,38.244,597.383,379.712
374.349,38.916,590.337,378.452
383.228,37.249,589.785,380.342
379.136,36.731,597.539,381.159
376.903,35.359,603.906,382.821
370.877,34.556,602.929,382.834
374.913,33.923,605.487,385.667
380.265,34.597,608.533,385.843
378.072,33.545,602.857,385.629
377.029,32.946,597.769,385.852
376.796,31.581,598.860,387.051
377.677,31.558,592.824,387.197
388.108,30.930,602.989,388.419
393.472,29.461,606.515,389.788
379.315,30.672,609.711,387.639
389.181,29.574,607.702,391.194
392.477,27.860,610.099,392.455
377.792,28.388,609.752,390.628
374.971,28.932,615.833,391.380
390.012,26.662,614.419,392.559
386.785,26.679,621.625,392.591
382.339,28.440,625.568,393.313
376.780,26.513,625.472,394.901
381.386,26.196,623.832,396.878
389.332,24.432,621.610,399.234
381.772,22.271,624.006,399.910
387.427,23.339,627.165,400.134
384.822,22.949,627.653,400.604
385.098,22.493,635.401,401.930
380.654,22.930,638.551,401.627
383.178,21.783,640.508,402.230
382.671,20.032,637.571,402.831
374.385,20.408,640.296,403.144
387.253,17.629,642.404,404.949
376.645,19.870,639.325,403.167
375.043,17.947,638.570,403.927
382.704,18.997,639.463,405.725
381.631,19.572,647.348,406.359
391.347,17.657,639.552,407.159
381.044,17.941,641.512,406.199
381.327,16.807,642.888,407.613
380.616,16.811,647.455,409.240
382.887,14.498,645.492,410.230
382.513,14.268,642.722,411.343
377.830,15.005,644.416,413.657
388.554,10.233,644.872,415.483
382.815,12.293,646.564,414.622
384.960,11.098,646.595,415.780
391.318,9.378,643.129,418.121
385.694,12.075,649.344,417.899
388.974,6.918,646.010,418.892
390.469,10.428,645.971,419.178
390.234,6.992,649.865,420.855
383.775,8.782,644.333,421.303
393.483,5.550,644.316,423.612
388.881,6.079,638.271,423.477
401.537,5.249,635.312,425.825
397.318,7.492,637.483,425.362
387.332,5.613,645.024,424.306
396.881,2.755,634.973,425.634
404.723,1.579,636.967,425.717
400.626,3.301,638.749,426.012
389.812,3.048,645.296,424.842
405.241,-0.471,644.872,427.181
396.379,0.817,642.958,426.912
396.942,-0.578,641.903,429.688
396.774,-2.286,641.072,430.890
397.572,-4.071,642.495,430.761
403.972,-4.051,641.504,431.347
404.288,-5.850,633.677,430.795
393.455,-3.943,635.969,431.589
405.376,-3.814,633.583,431.643
395.219,-2.430,640.043,431.921
396.783,-3.932,634.747,429.429
403.752,-4.008,633.511,431.105
401.685,-3.566,634.971,432.766
398.403,-4.197,637.105,432.804
401.449,-4.782,634.499,434.754
404.090,-4.700,636.527,436.071
398.966,-5.432,630.654,435.047
401.219,-5.367,629.477,436.468
405.923,-6.356,629.754,437.581
405.123,-6.684,632.306,437.069
405.108,-6.078,630.568,435.615
403.958,-6.323,635.029,437.164
405.351,-6.721,634.601,437.758
406.457,-6.888,635.141,438.609
404.300,-7.795,636.169,440.016
401.222,-8.884,636.550,439.606
406.007,-5.734,637.762,438.503
404.981,-8.687,636.176,438.683
409.655,-4.141,634.896,436.907
413.907,-6.915,632.026,437.474
408.635,-7.107,634.463,440.016
402.410,-8.229,638.107,439.934
411.989,-7.332,631.757,439.683
407.258,-6.273,638.455,440.445
402.308,-9.357,640.665,441.382
