515.000,165.000,34.000,38.000
513.278,164.072,33.141,39.570
513.027,163.461,32.386,40.430
513.394,163.719,31.993,40.701
513.071,163.551,31.843,41.190
513.312,163.207,32.060,41.518
513.219,162.827,31.863,41.624
513.205,162.629,31.757,41.543
513.001,162.763,31.835,41.680
512.706,162.645,31.854,41.748
512.374,163.137,32.154,41.756
512.746,163.360,32.692,41.989
512.650,163.290,32.949,42.204
512.526,162.903,33.289,42.560
512.212,162.507,33.456,42.924
511.972,162.046,33.682,43.364
511.432,161.742,33.386,43.644
511.395,161.833,33.838,43.878
511.297,161.519,33.976,44.454
511.302,161.188,34.324,44.904
510.948,160.788,34.426,45.232
510.833,160.269,34.242,45.354
510.459,159.835,34.628,45.805
510.397,159.486,34.963,46.067
510.066,159.186,35.080,46.151
510.134,159.102,35.052,46.236
509.768,158.867,35.400,46.487
509.977,158.783,35.801,46.692
509.807,158.647,36.127,47.004
509.477,158.551,36.309,47.140
509.385,158.509,36.636,47.413
509.505,158.270,37.101,47.742
509.306,157.836,37.151,47.901
509.312,157.502,37.451,48.291
509.264,157.051,37.975,48.741
509.208,156.698,38.304,49.053
509.202,156.439,38.636,49.341
509.250,155.856,39.192,49.530
509.106,155.435,39.245,49.665
509.074,155.816,39.571,49.811
508.823,155.874,39.754,50.082
508.655,155.825,40.082,50.368
508.306,155.940,40.919,50.674
508.206,155.951,41.498,51.102
508.224,155.740,41.969,51.635
508.474,155.519,42.505,52.117
508.538,155.487,43.058,52.571
508.308,155.735,43.682,52.950
508.145,155.669,43.621,53.427
508.059,155.526,43.543,53.886
508.716,156.214,43.964,53.967
508.835,155.649,43.775,54.378
509.291,155.822,43.588,54.367
509.299,155.713,43.674,54.632
509.694,156.301,43.951,54.421
510.043,156.365,44.517,53.882
510.314,156.874,44.541,53.369
510.583,156.986,44.952,53.276
510.442,156.512,45.019,53.142
511.184,157.054,45.227,53.061
510.595,156.887,45.784,53.476
510.718,157.077,45.549,53.397
510.791,157.215,45.330,53.140
511.056,157.463,45.278,53.386
511.060,157.575,45.410,53.738
510.808,157.357,45.210,53.916
510.968,157.137,45.128,54.012
511.131,157.163,45.519,54.550
510.618,156.686,45.657,54.769
510.862,156.701,46.265,55.433
510.401,155.936,46.296,55.882
510.416,155.554,46.569,56.276
509.996,155.224,46.826,56.567
510.027,155.397,46.998,56.741
509.432,155.224,47.238,56.773
509.603,154.950,47.359,56.958
509.536,154.778,47.386,57.001
509.392,154.665,47.350,57.255
508.804,154.365,47.534,57.583
508.818,154.025,48.023,57.929
508.393,154.072,48.317,58.261
508.043,153.848,48.838,58.482
507.863,153.486,49.343,58.835
507.186,153.141,49.806,59.289
507.253,153.218,50.278,59.601
506.449,152.668,50.719,60.142
506.284,152.168,51.601,60.711
505.446,152.232,52.278,61.029
505.275,151.613,52.224,61.414
504.920,151.468,52.369,61.554
504.339,151.857,52.336,61.505
503.744,152.004,52.113,61.535
503.939,151.950,52.000,61.372
503.547,151.798,52.151,61.405
503.803,151.796,52.411,61.629
502.899,151.569,52.999,61.889
503.049,151.597,52.897,61.953
502.553,152.195,53.666,62.338
502.077,152.171,54.218,62.815
501.335,151.529,54.503,63.413
501.295,151.489,55.200,63.924
500.883,151.303,55.716,64.269
500.779,151.266,56.051,64.234
500.782,151.202,56.619,64.297
500.564,151.168,57.504,64.494
500.260,151.601,58.753,64.994
499.214,151.587,59.059,64.807
499.070,151.596,59.265,65.437
498.754,151.161,59.228,66.146
497.779,151.729,58.852,66.756
497.913,151.873,59.119,67.135
498.630,151.331,59.675,67.392
498.241,151.771,60.298,67.772
498.305,151.443,61.601,68.376
497.682,150.805,62.608,69.168
497.924,150.494,63.782,70.353
497.443,150.047,64.712,70.925
497.152,149.571,65.725,71.591
496.431,149.849,66.281,72.152
495.844,149.560,66.733,72.369
495.397,149.912,67.057,72.204
494.518,150.356,67.563,71.788
493.405,150.174,67.800,71.592
493.196,149.989,68.401,72.046
492.625,150.067,69.673,72.363
491.892,149.773,70.242,72.880
491.135,149.347,70.833,73.359
490.298,149.057,71.343,73.869
489.597,148.793,72.313,74.358
488.872,148.437,73.387,75.088
488.312,147.743,74.476,75.563
487.451,147.106,75.445,76.372
486.973,146.516,76.492,77.389
486.128,146.560,77.784,77.858
485.135,145.970,78.475,78.930
484.044,144.787,78.973,79.570
483.682,144.605,79.675,79.501
483.546,144.406,80.522,80.144
482.903,144.230,81.303,80.848
482.423,144.173,82.202,81.274
481.921,143.895,83.303,81.741
481.092,144.097,83.912,82.588
479.944,144.772,84.192,83.387
478.685,143.591,84.916,84.083
477.482,143.390,85.429,84.634
477.888,143.317,86.211,84.720
477.048,142.208,86.278,84.867
478.028,142.574,88.143,86.073
476.831,141.683,89.118,87.115
476.741,141.431,90.588,87.957
476.326,141.346,91.902,89.013
475.793,140.662,92.854,89.985
474.310,140.333,92.846,90.962
475.143,139.435,94.641,92.079
474.383,139.828,95.066,93.288
475.324,138.803,97.111,94.510
473.559,138.576,97.032,95.358
472.254,137.755,96.352,96.057
472.706,138.635,97.358,96.832
472.605,138.198,98.423,97.448
469.761,138.106,97.352,98.045
470.733,137.934,98.824,99.349
470.207,136.504,99.893,100.549
469.750,136.357,100.781,101.527
468.813,135.643,101.901,102.193
467.713,135.592,102.913,102.972
466.336,134.359,103.597,104.041
466.992,134.969,105.501,104.927
466.673,133.771,106.883,106.387
466.054,132.623,108.050,107.511
464.697,132.095,108.994,108.357
463.820,132.547,110.050,108.866
463.186,132.069,112.610,110.024
462.072,131.278,114.756,111.145
460.540,130.721,115.628,112.481
461.080,128.622,117.890,113.659
460.872,128.343,120.606,114.912
458.456,127.572,121.683,117.095
456.510,126.976,121.811,118.083
457.653,126.390,124.955,120.005
454.306,124.683,125.845,121.588
454.563,124.586,128.771,122.515
451.228,124.765,130.027,123.401
452.079,124.580,132.436,124.377
449.610,124.304,133.685,125.477
448.960,122.865,134.563,126.923
447.998,122.865,135.231,128.266
448.127,120.732,137.428,129.779
445.566,121.052,139.778,131.313
443.413,119.797,140.572,133.442
442.073,119.860,141.383,134.463
441.995,120.455,144.059,135.339
440.398,119.186,145.763,136.529
438.367,119.555,148.114,138.154
438.802,118.998,150.863,140.396
436.827,116.860,153.000,142.762
436.133,117.180,156.082,145.322
434.004,115.820,158.360,147.456
431.428,116.225,160.918,148.699
431.272,115.694,164.449,150.324
