372.000,172.000,196.000,420.000
371.144,167.100,204.722,403.309
366.575,168.917,209.509,394.996
364.588,176.120,212.621,385.242
363.566,175.562,214.475,382.403
363.669,182.648,217.574,380.409
361.756,181.458,216.704,379.077
361.193,178.202,217.717,378.277
359.622,182.582,216.325,380.316
358.505,181.691,219.062,386.160
356.226,179.770,219.779,384.412
355.125,179.373,220.723,385.729
355.726,180.535,222.928,384.841
355.279,181.930,224.688,382.921
352.608,180.439,223.532,377.638
354.852,183.700,224.474,377.646
354.578,183.239,225.287,378.619
356.460,174.611,224.673,377.808
355.219,171.053,224.029,374.757
357.557,173.291,225.169,374.274
355.971,173.319,225.032,374.576
356.144,169.433,223.835,371.097
359.915,173.852,224.543,374.561
361.499,169.914,224.509,373.112
366.426,173.223,226.692,375.415
367.990,167.817,226.505,372.638
368.342,172.489,225.592,373.259
371.574,172.811,224.926,376.283
374.146,171.315,224.684,378.048
376.737,173.284,224.183,380.218
379.060,174.561,225.800,380.601
379.042,175.753,226.826,380.192
380.960,176.596,227.691,377.729
383.579,182.208,227.541,379.231
383.923,181.003,227.692,378.251
386.232,187.394,227.266,379.812
387.705,187.195,226.126,379.164
388.757,189.297,224.619,378.731
389.935,191.720,223.687,378.128
389.542,193.667,223.753,377.040
390.240,196.063,223.993,376.489
391.607,195.826,223.794,376.788
390.923,197.371,224.542,376.956
391.307,197.565,224.103,378.010
393.054,195.111,224.322,378.195
393.957,198.384,227.071,378.493
392.818,193.600,228.279,379.579
393.784,195.875,228.797,382.523
393.457,189.825,229.106,380.125
395.967,197.088,231.405,381.314
395.115,192.021,234.729,382.928
393.500,192.471,237.046,379.842
389.693,191.701,237.775,378.341
385.637,190.416,239.831,376.749
384.648,194.939,243.138,377.604
382.311,191.336,245.717,377.819
383.021,187.319,245.109,380.585
385.268,186.100,244.163,385.042
386.531,179.259,243.980,388.861
385.542,178.272,242.879,393.820
384.675,174.776,240.836,398.722
384.003,172.361,238.608,401.975
384.274,167.382,235.578,403.894
383.524,165.908,233.229,402.323
385.593,168.628,232.094,405.706
384.125,156.396,229.787,401.327
385.888,165.263,229.575,406.146
382.536,154.465,226.771,402.932
378.301,156.511,225.397,402.731
373.316,156.340,223.457,401.715
371.386,154.502,225.120,403.576
369.212,155.494,226.511,403.838
368.245,156.853,228.224,403.858
366.519,151.803,229.023,403.661
366.514,156.241,232.029,405.335
370.333,154.157,231.262,405.522
369.747,149.888,231.170,408.932
366.514,143.110,231.216,412.834
363.677,137.653,231.104,413.796
361.740,134.442,237.956,415.663
359.337,133.550,245.592,416.830
366.859,128.906,250.558,416.210
362.679,120.464,255.027,407.795
362.493,114.516,258.131,402.676
363.874,121.536,261.617,407.257
366.491,118.680,266.778,412.329
368.328,113.822,271.018,410.623
367.656,108.898,268.184,408.496
363.398,104.760,265.246,414.978
372.351,86.118,266.658,408.514
378.819,95.833,271.869,410.921
378.767,91.703,278.636,410.740
384.295,84.760,289.023,404.947
374.208,71.436,284.246,395.911
387.211,76.938,290.860,397.238
380.976,68.085,287.000,396.056
386.585,67.027,287.447,398.958
392.126,65.933,286.515,395.068
388.377,67.100,279.707,398.581
393.999,71.364,275.688,399.226
389.520,81.900,268.893,405.710
396.583,88.833,261.917,410.451
391.432,97.191,253.969,419.970
394.521,103.302,247.628,430.841
398.049,117.497,245.932,443.486
398.397,142.782,244.527,455.440
400.419,164.761,243.946,466.236
392.998,168.805,250.769,467.710
393.035,174.777,258.276,459.592
389.062,189.576,264.034,453.799
386.231,192.953,266.579,443.078
385.900,203.387,271.713,434.350
383.636,209.002,275.563,429.845
381.576,209.160,277.714,427.228
382.321,215.286,281.071,421.808
381.345,216.538,282.310,415.642
388.136,226.557,280.707,412.612
385.404,228.628,277.988,403.439
389.336,235.085,274.311,405.246
388.495,236.315,271.745,404.920
393.093,235.750,267.145,403.584
388.517,229.747,266.678,396.162
389.585,232.316,270.312,390.484
383.611,221.849,272.424,385.073
387.263,231.900,273.660,394.165
383.760,223.231,274.879,398.074
387.201,223.847,276.166,400.928
383.788,219.901,272.185,400.265
390.970,223.801,267.758,404.405
391.429,217.641,261.527,407.618
399.146,219.174,251.953,414.697
400.646,216.983,246.160,415.765
406.336,218.537,240.308,416.897
407.725,216.658,234.228,419.350
411.463,216.530,227.984,420.633
413.044,217.798,224.338,419.405
410.632,218.697,221.686,409.508
411.108,225.316,221.737,403.106
408.694,229.371,223.495,400.416
408.660,230.136,223.507,397.315
405.420,229.550,222.488,394.195
403.398,228.707,221.279,395.380
403.231,229.194,219.325,391.259
403.482,235.042,217.874,392.881
401.897,230.422,216.182,394.685
403.446,235.022,215.198,396.968
404.405,232.793,212.973,396.289
405.183,235.976,212.042,396.953
404.652,234.653,213.011,398.746
402.620,234.299,212.075,398.274
404.457,236.273,210.420,400.280
408.384,231.704,207.232,396.733
410.497,234.225,203.046,394.844
414.687,235.088,199.441,389.475
416.250,237.255,193.524,382.384
419.000,243.236,189.930,378.596
421.957,242.125,189.010,375.378
426.034,245.445,190.800,370.008
426.653,246.191,190.082,362.268
427.401,250.122,191.968,358.711
426.828,247.421,194.622,352.360
426.730,246.774,196.175,347.334
426.926,249.932,201.270,343.616
426.186,246.632,203.285,341.922
424.328,246.854,205.330,338.858
424.113,247.535,206.375,338.612
422.722,244.516,206.617,337.779
420.931,242.292,206.578,335.778
421.178,241.945,206.174,334.351
419.495,231.841,202.513,335.571
421.066,231.048,203.293,337.312
420.450,225.302,202.558,339.406
418.419,219.914,201.453,338.213
418.057,217.453,201.291,337.179
416.892,213.272,200.579,336.609
415.082,210.568,199.859,334.264
412.385,207.181,198.773,332.523
412.072,206.453,198.364,328.769
417.297,206.294,198.322,328.108
418.397,203.075,197.354,329.564
425.355,200.887,197.281,332.730
424.770,194.960,196.177,336.657
426.663,188.387,197.266,340.923
430.682,184.963,196.986,346.234
429.513,178.456,195.184,351.017
431.823,173.085,193.389,353.935
433.939,167.749,195.318,354.878
429.963,167.976,196.289,353.815
431.995,166.300,197.751,356.635
428.267,164.993,195.890,353.920
427.029,163.028,195.888,352.689
422.224,158.643,195.328,351.271
427.005,161.409,196.916,350.566
420.263,160.312,194.817,349.774
421.753,164.642,199.455,351.407
415.193,167.407,200.163,349.933
416.240,167.660,200.614,346.651
413.599,171.240,201.912,343.233
408.543,176.208,201.672,343.449
407.765,172.053,200.398,335.643
409.295,178.474,203.061,328.066
406.864,184.977,207.459,320.605
406.040,188.757,211.176,314.759
403.946,189.914,214.408,309.166
402.991,193.582,217.266,303.713
402.015,199.056,217.693,300.404
402.376,205.706,218.193,299.732
400.776,210.468,220.434,299.603
400.654,213.051,224.450,294.848
403.970,216.226,231.924,289.489
397.266,228.755,234.670,288.344
399.054,227.362,239.417,287.372
394.158,232.861,239.652,289.206
393.109,229.067,241.816,286.630
391.140,235.636,242.869,289.559
388.209,239.089,241.566,291.582
380.027,244.382,238.417,293.429
386.901,245.761,244.917,292.999
385.258,245.286,245.294,294.708
384.394,244.565,246.497,293.660
384.470,248.805,248.050,293.257
380.750,252.190,247.842,294.747
378.748,254.674,247.019,294.770
379.136,252.150,248.869,292.679
379.601,250.398,252.042,289.865
379.527,251.839,254.771,290.395
374.940,257.039,253.187,297.678
376.227,248.892,252.721,297.713
378.353,243.300,255.748,295.671
375.446,245.622,254.449,296.746
373.674,239.966,254.680,294.145
376.946,242.667,256.556,292.655
372.735,246.083,253.741,294.419
375.390,247.102,255.787,293.647
372.203,244.046,252.669,292.051
373.983,247.488,253.920,290.475
373.041,246.434,253.485,289.621
370.008,250.605,250.235,291.921
373.630,251.416,250.691,292.619
368.990,253.741,246.668,295.343
368.825,257.882,245.759,295.990
367.812,264.851,243.335,299.769
366.990,261.540,245.010,298.244
365.747,263.012,244.405,298.910
365.171,261.631,244.057,296.487
368.398,263.748,245.932,295.791
367.971,265.118,246.756,299.037
362.483,252.212,245.154,301.671
365.845,241.989,244.779,305.487
361.733,230.999,241.911,306.059
365.804,225.322,243.015,304.830
361.389,221.136,240.591,304.483
362.700,209.507,239.143,305.948
365.962,201.413,241.539,306.197
365.018,199.944,239.559,308.087
363.403,183.330,237.900,306.817
371.609,177.631,243.719,299.742
369.201,179.717,241.308,294.764
381.509,189.600,245.208,296.371
379.872,190.366,242.039,294.233
389.329,191.266,244.820,293.661
389.714,190.834,242.706,293.373
397.027,187.436,245.543,289.257
402.292,186.951,244.725,290.434
411.178,183.308,247.707,287.491
403.731,185.617,242.974,292.655
409.709,177.927,243.876,291.210
408.406,179.108,240.965,297.713
412.651,161.104,240.950,301.691
409.191,152.582,239.412,307.056
410.372,148.293,239.380,311.399
409.447,142.116,240.105,313.000
409.079,143.785,243.125,311.459
405.396,150.446,243.872,311.400
406.295,153.232,245.520,310.078
404.506,158.341,245.178,309.931
403.180,161.154,244.198,307.838
407.055,164.279,247.054,305.251
408.756,167.813,249.474,303.111
409.161,184.360,244.697,307.626
412.174,183.806,246.548,308.194
405.548,185.953,239.053,312.789
403.900,181.035,236.305,311.564
398.805,182.251,236.684,311.011
394.423,182.300,235.650,315.913
402.077,175.171,238.034,320.883
397.704,166.555,231.821,337.701
403.258,137.288,230.435,345.093
405.991,108.960,228.070,352.484
407.383,82.191,226.834,360.161
415.379,58.536,228.698,363.458
411.859,51.455,234.054,364.619
416.232,48.598,238.219,365.109
422.198,44.567,240.142,361.181
426.463,39.562,241.943,360.068
426.532,35.444,242.802,358.846
425.048,36.327,243.325,358.839
423.377,31.240,243.741,362.669
424.911,28.383,245.454,364.423
425.861,29.321,246.903,363.892
424.689,31.595,247.968,364.462
426.184,31.131,248.898,369.352
443.258,43.798,246.335,366.060
456.381,45.124,246.839,369.617
455.768,58.700,249.138,367.468
451.607,61.777,246.623,371.530
461.393,71.812,245.071,371.626
458.896,78.975,244.513,368.691
457.464,94.924,243.050,364.546
453.274,110.152,239.287,364.758
456.278,122.685,235.975,367.103
458.347,133.814,230.898,368.247
459.171,136.538,226.735,371.128
457.750,140.399,224.158,372.880
458.764,139.393,222.968,371.142
459.691,140.946,225.099,368.975
455.096,139.988,223.956,365.854
453.615,138.672,223.871,366.012
451.567,136.148,226.222,363.248
451.149,138.337,227.691,364.996
439.260,129.556,224.255,362.233
429.048,130.263,220.919,356.262
418.466,132.147,218.656,351.531
407.682,141.785,215.262,354.059
400.604,148.253,213.706,359.283
397.945,159.382,215.176,371.091
398.853,160.037,218.691,375.618
396.234,158.135,219.486,379.750
396.325,166.319,218.985,380.955
391.713,169.885,218.053,381.741
396.803,181.220,218.477,385.590
394.587,181.755,218.366,386.560
395.584,179.419,216.404,381.124
397.979,182.624,215.813,374.491
401.159,189.688,214.094,367.254
402.169,201.992,211.204,362.365
406.851,205.462,208.829,355.888
409.581,217.501,210.031,355.400
408.754,227.426,209.778,353.896
408.487,237.353,208.942,351.848
411.836,246.384,205.042,352.550
415.240,256.587,201.723,353.724
416.885,271.296,199.364,354.894
419.348,280.770,197.467,358.167
421.218,284.656,198.310,356.643
420.426,289.353,199.517,356.577
418.726,292.324,198.132,353.964
420.840,289.296,193.244,353.929
421.067,291.583,190.736,350.543
424.537,289.644,187.121,350.086
425.012,288.151,186.242,345.775
424.161,289.950,183.529,341.591
422.269,290.059,179.483,338.015
421.208,290.337,176.352,335.850
421.026,289.973,175.513,331.922
417.949,291.558,175.358,328.837
418.367,287.475,177.885,324.612
414.617,288.806,178.833,321.738
413.460,285.276,180.936,317.716
411.258,286.868,181.240,314.922
408.850,281.605,182.431,311.000
410.823,280.855,184.550,310.841
415.002,277.770,183.631,311.005
418.405,277.792,184.371,309.669
420.830,276.003,183.888,307.752
421.593,273.623,183.640,307.937
420.359,270.850,183.148,307.472
419.560,265.160,182.843,307.807
420.420,262.085,183.216,307.989
419.504,259.068,183.460,307.532
420.440,254.892,183.913,307.587
418.427,249.385,184.404,310.243
418.210,244.739,188.091,316.001
416.136,229.138,187.942,324.311
414.596,217.359,187.464,332.858
413.881,205.253,186.270,338.163
415.169,197.536,188.764,343.176
410.667,191.191,192.099,351.910
413.683,185.473,200.429,356.372
407.796,183.695,205.113,365.249
401.190,176.724,206.892,366.488
397.405,174.414,210.801,371.139
395.126,176.663,216.224,375.445
391.228,184.743,222.108,382.601
387.463,190.677,229.623,387.838
383.967,187.068,237.758,386.842
378.991,194.012,244.540,390.508
375.024,193.087,250.034,384.687
376.101,195.045,254.286,376.294
376.856,200.029,260.986,369.055
374.434,198.678,264.054,358.346
380.686,201.767,275.154,352.155
380.956,200.749,280.484,344.002
381.656,200.219,286.980,338.191
379.738,203.957,286.799,337.236
383.540,203.028,286.628,337.962
381.999,204.938,280.064,333.598
393.881,211.854,283.330,333.554
394.608,211.376,278.496,343.294
396.235,207.054,275.457,350.536
399.902,208.019,272.396,359.617
403.834,201.094,274.499,358.361
407.078,212.078,274.154,365.165
406.914,206.426,273.529,369.288
409.884,206.655,274.283,374.036
408.866,196.078,274.902,374.099
410.779,185.246,276.189,377.383
410.479,173.505,277.466,380.368
411.181,162.708,281.114,376.503
413.963,157.631,282.536,371.706
415.642,158.392,282.412,369.050
413.757,148.964,283.503,365.881
413.723,150.350,283.866,364.731
413.315,146.507,283.802,362.947
413.182,142.489,285.561,360.739
410.500,140.995,284.885,356.312
407.004,139.756,283.522,353.626
404.640,132.956,284.524,349.405
401.420,133.099,283.607,347.055
397.894,130.973,284.370,345.128
397.267,124.614,286.556,343.892
392.730,121.531,284.415,341.083
390.861,113.850,283.252,335.985
389.053,114.312,283.227,334.029
385.525,113.317,281.796,334.790
386.367,112.822,280.037,331.763
381.321,112.625,276.534,332.230
382.771,113.651,274.123,332.914
379.919,109.221,272.637,333.973
381.196,108.354,273.105,333.423
380.333,110.434,269.840,335.645
381.500,112.427,268.144,337.552
382.756,112.860,268.710,344.249
377.573,107.332,266.428,349.544
375.581,104.637,266.816,355.023
376.440,99.920,267.237,360.353
380.477,89.869,266.859,368.126
376.815,81.288,263.014,375.196
377.986,74.583,260.232,379.776
380.749,67.259,259.963,383.277
380.249,58.097,258.137,385.282
380.572,56.295,256.155,380.192
383.210,56.175,256.178,374.506
385.514,57.616,258.471,371.551
388.981,58.430,258.239,367.084
396.474,73.955,257.626,364.045
400.242,86.210,258.083,363.261
405.704,97.696,258.665,362.719
414.597,109.710,259.568,364.353
414.504,121.636,258.908,363.758
