881.000,415.000,196.000,33.000
877.008,414.601,189.346,34.354
882.767,415.063,182.063,35.138
889.615,415.717,177.949,35.384
892.522,416.142,176.014,35.019
895.866,415.732,176.306,34.949
892.261,416.631,174.717,34.916
890.388,416.089,173.245,34.609
887.936,416.558,172.028,34.722
878.882,416.429,170.045,34.488
873.484,416.602,169.510,34.572
856.943,417.525,167.655,33.930
851.808,417.721,165.968,33.250
848.661,416.276,164.503,33.025
838.189,416.494,163.825,33.007
833.574,415.565,164.778,33.222
823.072,415.959,166.217,33.208
803.239,416.071,172.011,33.379
803.001,414.849,176.491,33.666
793.743,414.492,178.634,34.436
791.141,412.821,180.535,35.603
787.206,412.319,179.963,36.115
782.574,412.441,178.376,36.469
779.049,412.549,176.571,36.572
772.326,411.810,175.010,36.769
765.452,412.139,176.243,36.304
764.438,411.768,176.149,36.032
764.455,411.794,174.986,35.836
766.993,411.476,174.675,35.944
758.324,412.326,175.259,35.593
759.766,412.080,174.635,35.648
747.843,412.211,177.001,35.694
747.807,411.970,179.304,35.712
740.959,412.012,180.777,35.780
731.580,411.863,184.328,35.793
727.554,412.215,184.705,36.129
724.771,412.448,183.008,36.312
726.122,410.879,184.937,36.972
723.107,410.479,186.466,37.150
718.061,409.479,188.169,37.674
713.950,409.898,186.992,37.936
712.772,409.151,187.433,38.656
711.681,409.076,187.078,38.952
709.450,407.968,187.560,39.163
705.094,408.227,185.526,39.094
703.456,409.044,184.125,39.033
704.216,409.023,182.448,39.113
705.356,408.842,181.722,39.263
706.956,407.895,180.626,39.484
707.429,408.057,179.465,39.576
709.736,407.608,179.381,39.660
710.535,407.036,179.505,39.845
710.330,407.418,179.944,39.911
708.156,407.809,179.694,39.934
705.768,407.972,178.290,39.808
701.901,407.388,177.190,39.976
701.088,407.809,174.944,39.974
707.341,405.384,173.986,40.246
710.331,406.719,174.436,39.940
706.368,407.832,174.127,39.599
705.425,407.608,173.817,39.454
703.729,407.716,172.764,39.722
701.958,408.399,171.716,39.582
700.313,408.553,170.950,39.293
702.048,409.087,170.639,38.891
701.912,409.898,169.644,38.552
703.456,409.404,169.692,38.423
699.866,408.879,163.918,38.240
703.129,409.440,162.040,37.674
704.251,410.181,160.537,37.307
704.526,410.719,160.122,36.853
704.953,410.619,160.846,36.530
703.737,411.296,160.317,36.143
706.537,410.465,162.171,36.137
705.523,411.146,160.831,36.063
705.668,410.515,163.233,36.062
703.339,411.132,162.084,36.009
705.151,410.567,162.814,36.025
703.345,411.468,160.128,35.846
703.493,410.112,158.422,35.957
703.190,407.768,156.318,36.718
702.934,401.645,154.990,38.599
702.687,399.446,153.951,41.295
704.199,394.548,152.474,45.042
701.317,389.103,151.092,47.448
700.590,384.288,149.475,50.410
697.631,379.567,147.977,53.349
692.080,372.592,146.001,57.077
684.310,364.062,143.892,61.603
686.715,363.710,142.568,64.740
692.555,365.160,142.116,67.037
687.224,360.240,140.803,70.612
697.751,355.115,140.130,74.515
696.260,355.478,139.078,77.585
699.761,352.846,138.875,80.507
699.861,355.189,138.812,82.496
700.040,350.412,138.206,85.540
698.585,353.874,138.743,86.614
700.676,347.569,139.125,89.442
700.615,349.369,139.443,91.254
700.589,348.687,139.134,92.849
699.613,346.561,138.792,94.704
699.271,347.890,139.403,95.291
696.958,349.834,140.007,94.905
695.204,350.145,140.817,94.705
696.641,346.547,141.179,95.540
696.127,347.927,141.563,95.659
696.123,347.212,141.629,95.938
696.074,346.481,141.561,96.191
696.792,348.430,141.531,95.614
697.005,346.448,141.129,96.269
696.808,351.038,141.190,94.858
696.086,350.805,140.766,94.628
696.344,348.466,140.391,94.980
696.088,349.079,140.184,94.683
696.092,348.931,139.921,94.702
696.462,349.662,139.478,94.360
697.613,350.265,139.296,94.002
698.785,358.040,139.655,91.490
696.096,366.251,141.201,87.603
679.152,380.401,144.934,82.830
695.974,394.420,148.422,74.428
695.147,396.758,151.536,64.993
696.530,397.444,151.874,58.716
701.846,396.328,152.535,54.743
701.639,398.947,152.812,52.202
701.270,401.662,151.548,49.019
700.022,407.540,150.220,46.074
704.092,407.620,147.345,44.249
700.310,409.605,145.281,42.607
697.750,411.387,142.802,40.844
699.698,412.870,141.008,39.445
698.805,413.543,139.692,38.307
697.588,414.596,139.320,37.523
695.566,414.857,138.567,36.435
697.690,414.589,138.281,35.958
697.282,414.926,138.293,35.366
696.421,414.217,139.145,35.483
697.663,414.592,139.541,35.699
696.900,414.426,139.584,35.803
698.439,414.768,139.362,35.766
697.367,415.132,138.450,35.671
698.977,415.451,137.684,35.577
702.847,414.522,137.573,35.906
702.372,414.885,137.880,35.764
703.399,414.905,137.581,35.762
704.526,414.657,138.137,35.938
704.702,414.644,138.048,35.930
704.030,415.119,137.515,35.576
704.900,415.227,136.900,35.404
705.215,414.531,137.100,35.597
705.604,415.266,137.884,35.455
706.590,415.367,138.230,35.377
706.856,414.501,139.394,35.361
707.262,414.333,141.728,35.147
707.299,412.706,146.492,35.340
705.868,412.605,151.486,35.221
699.244,412.169,152.433,35.356
697.224,412.051,152.322,35.301
696.643,411.368,154.073,35.635
697.729,411.767,155.407,35.755
698.239,411.666,156.143,35.783
700.209,410.710,157.962,36.341
698.573,411.508,158.196,36.273
703.629,409.665,162.494,37.286
700.617,409.910,164.280,37.651
697.893,410.120,164.303,38.311
694.735,409.281,162.020,38.626
694.813,410.051,159.673,38.343
696.853,409.770,158.632,38.461
698.129,410.690,156.703,38.096
697.952,410.200,155.520,37.935
697.954,410.587,153.944,37.681
697.727,410.545,152.955,37.541
698.086,410.914,151.535,37.254
698.253,410.767,149.963,37.134
699.017,411.378,148.602,36.781
698.155,411.308,147.857,36.708
698.307,411.091,148.201,36.843
699.339,411.640,148.162,36.734
699.963,410.785,149.170,37.029
701.086,409.612,148.973,37.510
703.783,410.013,148.380,37.877
705.217,409.760,149.570,38.009
705.367,410.272,150.562,37.908
705.267,410.579,151.079,37.635
702.522,410.580,150.508,37.281
698.514,408.404,149.294,37.391
695.870,405.297,149.564,39.023
693.760,402.272,151.320,40.932
691.219,401.563,151.108,42.522
687.100,406.970,149.766,41.694
687.355,409.657,148.888,40.624
688.392,409.525,148.907,39.696
687.088,410.678,148.784,38.534
679.975,409.747,146.726,37.748
677.151,409.735,143.711,37.594
674.126,410.271,142.939,37.459
670.532,409.755,142.364,37.490
666.881,409.336,142.680,37.730
663.060,409.492,143.157,37.830
661.350,409.140,144.163,38.057
660.698,409.100,145.177,38.150
660.842,409.386,145.847,37.921
660.784,408.607,146.934,38.055
662.632,409.469,147.223,37.912
659.934,409.334,148.324,37.703
658.894,409.846,149.440,37.417
659.192,410.067,149.524,37.203
660.158,409.888,149.214,37.229
661.830,410.264,148.054,37.144
662.669,409.213,147.858,37.301
663.732,409.320,147.930,37.758
664.167,410.120,147.067,37.427
666.771,409.862,145.485,37.291
666.107,410.398,144.715,37.243
666.808,409.234,144.618,36.935
664.790,407.373,144.169,37.304
664.120,406.498,144.246,38.233
660.054,406.416,144.052,38.316
657.637,407.918,143.503,38.544
652.477,409.068,143.099,38.460
647.068,408.924,142.626,38.265
642.037,408.010,142.011,38.293
637.677,408.504,141.695,37.958
633.638,407.913,140.589,37.909
631.497,407.713,139.782,37.859
627.148,407.789,139.071,37.696
624.350,408.267,139.296,37.406
622.445,408.732,139.494,37.149
621.668,408.486,139.632,37.223
620.622,408.519,140.115,37.435
620.368,408.096,140.843,37.795
618.638,407.693,142.019,38.169
616.524,408.158,143.637,38.403
616.586,408.620,145.972,38.080
613.815,408.247,148.256,38.063
614.926,407.230,149.897,38.499
613.199,408.123,152.163,38.288
611.615,408.786,154.434,37.930
612.032,408.675,155.999,37.584
612.716,408.708,156.875,37.395
613.379,408.831,157.652,37.307
612.728,408.525,158.423,37.367
612.518,408.328,159.003,37.446
611.861,406.808,158.380,37.649
613.432,406.162,158.120,37.471
617.509,399.578,159.160,39.542
615.654,395.874,157.614,42.477
620.234,384.182,154.684,47.472
618.519,371.425,151.429,55.297
618.095,362.524,148.933,60.333
619.993,352.743,145.686,66.545
623.700,345.572,143.596,71.932
623.020,340.885,142.100,76.694
617.062,345.282,142.175,79.962
619.177,356.279,142.257,82.165
620.307,360.718,144.558,82.007
604.400,354.380,147.604,83.827
608.184,354.319,151.092,84.433
608.885,355.344,153.285,84.511
612.222,353.811,155.137,85.712
616.695,352.508,156.109,87.519
611.494,349.433,158.122,88.693
613.321,351.004,157.116,89.191
612.125,353.345,157.021,88.970
616.063,349.544,155.908,90.469
617.779,349.751,155.560,91.247
616.193,353.847,155.808,90.380
617.132,351.881,155.894,90.947
618.987,354.364,155.989,90.212
615.033,356.043,157.294,89.411
617.312,357.337,157.163,88.527
607.306,357.830,157.363,87.959
618.605,356.733,156.224,87.849
608.856,357.525,157.167,87.336
613.260,357.124,156.726,87.120
619.030,357.509,155.792,86.748
609.570,358.141,155.285,86.437
617.570,356.396,154.425,86.828
618.180,356.983,154.825,86.643
619.862,357.916,154.915,86.415
611.963,357.044,154.805,86.562
615.672,357.658,154.844,86.240
618.061,355.558,154.873,86.796
608.154,352.257,156.500,87.716
617.427,352.311,156.898,88.198
623.453,352.897,155.429,88.736
623.809,349.525,155.409,88.677
622.763,353.069,155.732,88.767
622.650,354.555,155.950,88.502
622.510,354.534,156.259,88.177
611.107,352.613,156.679,88.804
615.685,348.182,155.643,90.553
613.981,348.252,156.039,91.710
613.652,346.911,156.193,93.099
614.764,346.917,156.360,93.978
613.695,348.389,157.264,94.050
615.298,350.997,157.638,93.504
617.603,351.594,157.617,93.223
618.713,351.496,157.797,92.850
618.718,353.521,158.042,92.027
619.348,355.524,159.152,90.919
616.163,358.458,160.766,89.449
618.392,358.589,161.360,88.458
615.913,361.320,162.082,87.142
616.315,361.428,160.789,85.962
612.701,359.522,158.562,85.627
615.537,359.183,157.192,85.691
623.017,364.435,156.744,84.122
609.646,378.540,158.732,78.805
613.452,388.633,157.712,72.737
618.646,384.802,153.788,68.121
622.134,386.479,147.634,64.050
622.103,387.835,143.779,61.756
621.263,384.799,140.839,61.077
619.529,384.042,137.873,60.962
619.079,381.583,135.069,61.959
622.686,384.238,133.056,62.083
617.908,385.722,130.239,61.456
629.317,388.360,132.329,60.390
626.245,388.923,133.048,59.974
620.101,388.220,133.517,59.803
618.684,393.595,134.432,59.942
615.651,388.477,134.092,59.738
612.895,390.976,133.098,59.805
608.853,388.816,131.553,59.457
612.880,390.409,131.431,58.405
615.484,390.795,132.307,57.323
614.991,394.534,133.557,55.903
614.626,397.480,135.740,54.094
611.654,399.324,137.091,52.350
608.663,403.832,139.645,49.714
607.201,408.153,142.291,46.394
605.667,411.875,144.396,44.059
604.099,407.663,145.173,43.581
602.675,403.939,145.086,44.112
599.234,401.198,144.913,44.777
596.619,398.472,144.687,46.001
589.824,396.520,142.586,47.281
589.064,395.129,141.422,48.418
589.369,394.523,140.465,49.338
592.506,394.491,140.462,50.009
596.216,393.655,141.164,50.818
593.406,394.154,141.892,51.062
589.000,395.380,140.662,51.073
587.574,394.229,138.117,51.614
587.311,394.654,135.498,51.838
588.963,397.040,132.950,51.148
591.236,400.383,130.901,49.918
591.089,400.108,129.882,49.444
591.003,402.862,129.432,48.321
590.924,404.249,129.196,46.735
591.452,404.752,129.174,45.557
591.145,404.508,128.615,44.846
591.371,403.655,128.331,44.699
590.018,401.324,127.818,44.918
588.466,400.774,127.595,45.348
586.854,400.610,127.419,45.637
586.603,396.266,127.291,47.139
587.631,393.417,127.509,48.814
586.147,391.806,127.695,50.402
584.847,390.623,128.071,51.759
583.497,387.872,128.990,53.403
581.605,387.541,129.905,54.934
578.610,385.705,131.114,56.614
573.036,385.261,132.557,57.827
570.913,384.033,134.093,59.470
569.559,385.683,136.532,60.150
567.607,382.036,137.991,61.561
563.335,385.063,140.478,61.846
559.510,385.978,143.788,61.480
554.293,387.372,147.253,60.475
551.328,389.764,150.884,59.124
546.403,391.770,154.600,58.035
540.611,394.354,158.406,56.744
526.090,394.568,164.149,55.037
521.226,398.575,169.175,53.110
514.377,401.562,172.414,50.670
513.127,404.831,172.467,48.229
511.945,406.998,170.525,45.858
506.677,405.916,168.711,44.230
504.391,407.643,165.306,42.642
503.256,408.916,161.534,41.263
505.736,409.385,158.923,40.126
507.386,409.023,157.316,39.811
507.568,406.891,156.410,40.296
507.171,407.351,156.028,40.619
509.020,407.333,155.496,41.083
509.094,406.469,156.259,41.497
509.675,407.103,155.276,41.114
507.106,407.909,155.743,40.667
507.854,407.820,156.479,40.602
506.261,407.618,157.882,40.695
507.467,407.050,157.832,40.958
506.426,408.200,157.311,40.515
505.774,409.058,157.746,40.046
505.380,408.693,157.838,39.860
505.493,409.208,157.777,39.616
505.333,408.609,157.777,39.801
506.206,408.281,157.741,40.125
506.220,407.908,157.992,40.502
506.869,407.986,157.887,40.525
506.697,407.778,157.696,40.818
507.261,407.701,157.011,40.943
506.272,407.209,156.918,41.232
508.548,406.317,155.700,41.628
508.351,407.601,153.966,40.735
510.804,405.195,152.683,41.554
509.437,407.041,151.978,41.451
509.936,406.539,152.645,41.688
509.093,407.682,153.540,41.541
508.799,406.401,155.157,41.822
509.571,403.931,155.295,42.710
510.269,403.260,156.957,43.097
505.977,401.977,159.141,43.353
509.562,396.143,159.488,45.652
513.572,393.390,159.543,48.426
504.209,390.625,162.518,51.373
505.949,384.810,163.043,55.344
491.435,382.951,163.780,58.455
500.277,374.817,164.169,62.974
505.907,366.336,162.493,68.423
507.843,358.397,160.822,73.742
508.273,348.119,160.058,77.862
506.306,349.795,158.130,82.589
500.461,351.556,158.116,85.906
504.955,344.130,158.748,89.263
506.778,348.883,159.184,91.705
498.214,355.332,161.566,91.936
507.450,344.824,161.092,93.641
502.770,351.017,162.187,94.314
500.008,344.321,163.636,95.251
506.038,337.636,163.009,96.367
516.175,326.122,161.107,96.255
499.808,342.729,163.700,97.507
500.586,339.547,164.241,98.705
506.448,337.163,163.405,99.999
506.649,333.241,163.549,101.249
505.137,343.776,163.846,101.381
506.139,342.271,163.190,101.410
506.688,340.307,162.060,102.001
507.595,345.428,162.106,100.495
507.738,348.785,162.449,99.225
510.263,348.568,161.428,98.956
509.635,352.611,160.753,97.801
510.690,355.535,160.232,96.316
511.576,353.682,159.320,95.746
509.863,357.665,159.050,94.170
509.617,360.977,158.983,92.306
508.654,360.719,158.590,91.012
505.401,361.264,158.612,89.883
507.020,359.042,157.793,89.544
508.202,360.280,157.211,89.018
508.925,358.962,156.638,89.183
508.239,358.487,156.452,89.524
510.463,358.310,155.753,89.635
511.152,357.449,155.131,90.215
506.635,353.222,154.366,91.189
507.880,355.116,154.220,91.086
503.388,355.488,154.062,91.279
508.137,353.600,153.590,91.731
503.525,353.522,153.580,91.898
508.245,354.351,153.008,91.724
510.378,356.705,152.617,91.379
513.385,359.175,152.357,90.684
515.383,351.565,151.608,92.331
516.140,353.117,151.425,92.528
516.215,347.864,151.030,94.293
516.842,351.283,151.651,93.693
525.812,354.964,150.720,93.363
520.909,372.533,151.446,89.044
530.384,385.540,151.040,82.991
539.353,384.953,150.506,76.704
544.165,380.623,150.497,73.344
548.033,380.765,150.942,71.079
552.995,381.010,153.443,69.003
555.022,385.682,159.003,65.898
544.614,390.644,164.721,62.392
547.638,400.875,170.305,57.410
559.108,404.217,174.179,51.909
565.397,407.906,174.667,49.026
570.190,409.707,175.376,46.120
575.062,412.138,177.033,43.926
579.702,413.072,177.659,41.902
583.526,412.939,179.545,40.471
587.184,412.388,182.255,39.599
589.137,412.081,184.496,39.214
590.829,411.969,185.881,39.164
596.390,412.402,187.306,39.227
598.544,412.249,187.290,39.344
604.819,413.282,186.850,39.489
609.566,413.579,185.684,39.592
621.258,414.268,182.456,39.197
627.688,415.333,177.299,38.919
633.017,415.207,173.717,38.345
639.141,414.493,171.902,38.347
644.197,414.547,170.500,38.489
648.917,414.727,171.511,38.735
650.673,413.828,173.333,38.876
655.579,414.496,175.148,39.280
654.179,414.201,176.413,38.914
663.520,416.445,175.187,38.736
666.137,416.822,173.620,39.264
664.138,415.234,172.147,38.901
662.899,412.826,172.480,39.386
664.561,409.627,172.038,40.682
663.703,403.574,173.193,42.674
658.929,400.963,173.760,45.308
655.281,396.362,173.569,48.735
653.355,394.320,173.005,51.546
651.889,388.985,171.684,55.444
650.189,385.824,170.148,58.801
646.213,383.752,168.648,61.748
647.247,382.786,166.046,63.820
646.839,381.369,162.775,65.388
646.930,379.552,159.558,67.424
650.345,375.355,154.957,70.903
651.193,373.617,151.524,73.523
651.426,369.220,148.405,76.694
651.821,365.589,145.560,79.687
652.423,362.081,142.848,82.685
655.329,357.533,139.037,85.930
655.282,353.536,135.514,88.717
653.798,349.624,131.553,92.605
649.953,345.835,128.093,96.184
649.214,342.779,124.276,99.776
647.404,338.638,119.479,103.517
646.518,336.180,115.861,106.386
644.114,334.129,112.975,108.513
644.175,332.295,109.385,110.224
643.630,331.487,105.741,111.434
643.794,330.264,102.840,112.494
643.900,330.992,99.895,112.920
643.648,329.688,97.551,113.539
644.821,328.941,96.013,114.265
645.922,329.951,95.536,114.222
647.171,330.103,95.361,113.824
648.830,332.269,96.335,112.642
648.256,333.705,98.233,111.305
649.452,334.178,101.083,110.560
647.493,334.593,104.349,109.868
646.206,334.522,106.967,109.410
645.609,336.090,109.525,108.782
643.511,337.586,112.392,108.027
640.593,339.147,115.037,107.219
638.048,339.826,117.648,106.508
634.238,339.882,120.322,106.060
627.908,339.435,123.509,105.850
621.918,335.579,126.995,106.377
621.379,330.300,129.220,107.556
623.956,328.732,130.237,109.708
622.515,327.382,131.893,111.249
621.604,328.418,134.761,112.357
616.281,330.758,138.201,112.684
617.581,333.728,141.137,112.187
619.606,335.418,142.856,111.511
614.344,339.357,145.686,109.830
611.984,340.334,147.530,108.420
609.105,337.972,149.754,108.041
606.763,332.087,151.009,109.423
608.597,324.349,151.291,111.982
607.278,321.773,151.328,114.704
609.355,323.533,151.743,117.218
608.878,327.122,152.494,117.326
612.865,322.689,152.395,118.532
607.930,328.324,152.979,118.233
621.154,326.494,150.352,118.102
610.911,325.977,152.160,117.713
610.776,324.949,152.630,118.160
606.818,326.239,154.358,117.950
605.975,324.196,155.344,118.381
604.925,324.284,157.020,118.823
606.896,323.988,156.593,119.247
609.526,323.277,156.248,119.653
606.621,325.126,156.475,119.343
610.387,325.575,155.183,119.514
609.581,323.824,154.984,119.842
611.257,324.572,154.662,119.953
609.703,322.988,155.361,120.371
611.044,325.153,154.525,119.835
611.944,321.783,154.807,120.075
611.843,321.297,154.596,121.043
613.848,320.734,153.999,121.823
614.246,322.808,153.130,121.828
612.988,318.780,153.162,122.774
611.088,318.377,154.352,123.486
611.287,319.452,154.228,123.522
612.511,319.412,153.880,123.509
611.668,320.789,154.330,123.213
614.477,319.376,153.932,123.499
613.938,319.576,153.627,123.565
612.734,320.234,153.403,123.401
615.306,318.339,153.856,123.840
613.359,319.978,153.796,123.287
612.250,323.070,153.340,122.362
612.656,321.471,152.974,122.009
614.297,322.926,152.313,121.397
613.271,322.745,152.242,121.075
611.669,324.714,152.077,120.447
