149.000,94.000,405.000,178.000
139.737,84.634,404.085,181.648
144.016,82.912,404.959,184.099
141.689,81.766,401.627,185.943
146.114,81.045,399.273,187.679
143.300,80.903,399.671,187.931
140.970,80.511,398.711,188.385
143.946,81.178,398.010,188.680
140.563,79.876,398.946,189.338
137.860,79.928,397.275,189.710
138.049,79.404,398.104,189.895
137.367,80.760,400.011,189.186
138.963,80.141,401.700,189.634
137.408,81.902,398.965,188.810
139.705,81.547,397.775,189.628
137.642,82.134,400.642,189.096
139.299,82.152,400.168,189.558
134.769,81.449,399.838,189.682
137.026,81.921,400.876,189.247
138.243,82.089,405.058,189.263
133.475,82.572,404.474,189.017
136.141,82.821,403.229,189.012
133.345,82.550,403.856,188.908
134.870,83.304,402.799,189.000
133.941,82.394,402.883,189.985
133.318,82.695,403.843,190.014
133.236,83.049,403.195,190.154
131.876,83.140,403.498,190.218
133.986,82.075,404.083,190.413
128.128,83.364,404.010,189.817
131.173,83.377,405.791,189.464
129.762,82.824,407.776,189.848
128.239,83.585,408.153,189.495
129.265,83.604,407.134,189.714
131.673,82.668,408.793,190.443
127.848,84.776,408.935,189.141
129.163,83.684,409.274,190.404
129.456,82.282,409.669,191.278
128.204,83.651,410.489,191.380
128.717,83.455,410.353,191.337
128.363,84.025,411.161,190.923
124.879,84.395,412.422,190.428
129.131,83.113,411.597,191.427
124.449,83.697,411.879,191.189
125.345,82.146,411.662,192.246
125.145,82.953,412.667,192.930
123.753,81.868,412.822,193.080
123.379,82.870,415.283,193.452
121.949,82.505,418.334,193.056
119.593,83.269,417.489,192.466
119.564,82.403,416.363,193.363
117.805,83.761,416.281,193.761
120.117,83.630,413.984,193.700
117.588,84.362,415.296,193.762
114.847,85.045,416.090,193.283
116.025,84.085,416.133,194.384
110.806,84.586,415.444,194.305
113.197,83.377,417.789,195.471
112.555,83.979,421.513,195.151
108.695,84.470,421.939,195.247
108.333,84.329,421.507,195.910
108.073,82.690,422.968,197.427
106.772,82.147,423.361,198.496
108.802,82.842,423.360,198.572
104.955,82.364,424.590,199.227
105.495,83.082,426.095,198.756
102.666,82.951,429.224,198.924
103.743,83.172,432.984,199.355
103.106,81.259,432.038,199.297
99.951,82.428,432.232,199.940
102.661,83.081,437.562,200.192
99.092,81.235,441.145,201.123
96.767,82.674,436.561,200.993
100.249,79.530,439.052,202.663
91.552,83.451,439.285,202.097
93.418,82.094,438.716,202.158
90.969,80.303,440.113,202.944
92.340,79.253,437.201,204.366
89.756,78.242,435.114,205.011
91.157,80.175,437.041,205.100
85.836,78.063,437.972,205.896
87.691,79.940,438.020,206.043
87.270,77.263,443.182,207.536
84.436,80.809,443.585,206.387
81.639,77.073,445.350,207.818
81.217,78.569,444.210,207.617
80.860,77.752,448.341,208.220
77.278,78.153,449.124,208.577
78.900,78.420,449.373,208.564
74.334,78.161,452.032,209.763
73.898,78.178,452.779,209.700
72.421,77.373,455.178,210.668
71.504,76.240,458.479,211.830
69.929,76.392,460.012,212.986
68.489,76.909,464.540,214.066
67.113,75.882,465.822,213.922
64.521,73.878,465.730,215.787
66.711,76.592,465.415,214.630
65.155,76.826,466.973,214.756
63.287,76.786,468.173,214.846
63.034,76.200,471.758,215.548
63.864,75.763,473.022,216.511
62.376,72.771,475.641,218.732
59.934,73.569,479.018,219.315
62.614,74.936,479.727,218.620
59.667,78.268,480.270,217.257
59.801,74.345,480.715,219.563
63.485,76.377,483.378,218.501
62.775,75.011,485.019,218.692
63.526,74.564,485.454,218.965
66.861,72.742,487.444,220.933
67.662,70.195,491.265,223.158
67.778,72.021,489.420,222.955
72.420,69.536,494.917,224.858
73.791,71.189,496.436,223.343
73.271,71.841,498.270,222.928
71.212,73.454,503.541,222.767
71.968,71.031,505.246,223.913
68.236,70.652,508.484,224.020
66.837,70.258,510.954,225.029
66.710,69.286,512.501,225.939
66.296,66.653,513.595,227.573
67.081,64.430,513.895,228.221
65.636,62.940,518.947,230.830
63.032,63.002,518.956,231.806
64.658,62.044,521.547,232.009
68.372,62.751,521.486,233.251
61.784,62.029,523.271,232.227
62.363,62.138,523.432,233.496
63.533,62.666,526.597,233.505
62.864,63.536,528.822,232.883
61.204,64.961,530.087,233.720
56.904,67.856,527.079,234.059
60.750,67.118,526.518,236.668
61.113,68.401,527.047,237.418
57.478,71.572,527.996,237.384
59.582,68.979,532.399,239.371
55.848,70.950,533.481,239.685
59.234,70.551,536.504,240.250
56.074,69.930,540.806,239.967
52.138,70.531,543.381,241.089
48.299,69.231,544.889,242.337
45.993,71.401,545.778,241.504
49.511,69.286,545.970,243.340
40.366,70.058,550.387,243.677
41.377,68.700,552.789,244.756
37.023,70.188,556.455,244.435
36.527,68.865,560.462,246.284
31.998,67.570,564.699,250.597
28.522,64.416,569.684,256.535
24.043,63.891,573.801,260.205
20.062,61.793,579.623,264.765
15.729,57.813,584.921,269.203
14.560,58.396,588.695,273.044
10.560,54.689,592.594,277.018
11.189,51.241,592.185,280.220
16.447,48.627,589.608,282.594
9.211,45.019,588.664,285.858
10.052,42.298,587.905,288.082
13.158,42.336,588.384,288.256
17.198,42.374,585.294,287.782
22.110,41.816,581.132,286.594
18.641,42.461,580.689,285.374
29.448,40.061,577.068,283.824
36.404,42.406,570.227,280.305
30.171,41.843,571.141,276.949
37.106,50.648,565.968,269.308
38.020,55.018,563.509,261.993
42.861,59.061,559.136,255.065
51.214,65.347,552.128,247.867
58.703,64.266,545.850,241.537
62.563,65.318,538.769,237.629
66.305,70.740,535.908,231.857
72.529,69.897,526.582,227.842
81.065,75.645,519.934,220.059
81.621,77.096,517.246,215.714
82.157,81.396,515.577,209.530
85.406,82.916,512.839,205.616
82.801,83.631,510.237,203.336
87.886,84.094,507.911,201.872
88.996,86.279,509.745,201.976
83.326,86.072,508.543,201.492
80.396,86.782,510.334,201.126
81.258,86.981,512.251,200.851
83.361,86.333,511.466,201.941
84.628,84.673,513.354,202.721
82.578,85.386,509.202,201.358
82.217,84.842,507.118,203.031
84.672,84.960,507.822,202.951
82.750,87.406,507.875,203.369
77.602,89.276,508.538,203.132
81.569,88.061,505.614,202.998
78.997,87.737,508.211,204.568
77.205,87.061,507.573,205.703
77.143,87.442,507.626,205.306
77.724,85.505,508.510,206.699
79.038,86.659,513.258,206.294
83.616,84.120,512.130,207.637
84.956,82.028,514.299,209.817
87.069,82.995,514.890,211.017
81.326,81.206,517.263,210.620
87.025,82.261,514.819,210.866
84.259,80.527,516.601,211.105
91.366,80.318,512.832,209.863
94.139,79.661,511.724,209.927
88.248,80.734,512.749,211.584
92.992,77.195,512.183,213.052
86.548,79.243,516.097,214.184
94.764,79.774,512.559,213.982
87.278,76.466,515.273,216.174
88.029,78.139,518.041,215.978
87.285,79.506,516.752,215.224
91.773,78.753,513.826,215.323
88.167,75.536,512.412,218.357
90.924,76.838,507.799,218.722
88.255,73.685,510.224,220.055
86.095,77.333,513.519,219.098
84.775,75.087,514.712,219.395
81.722,79.749,515.966,216.724
86.410,75.029,513.679,218.942
84.956,76.249,514.125,220.138
82.034,73.168,514.837,221.343
88.291,77.321,513.560,221.187
88.090,73.371,512.292,222.310
92.475,74.469,510.195,222.486
86.475,74.539,513.707,221.973
89.084,71.422,512.889,221.774
98.051,76.263,506.784,221.885
94.339,71.887,508.357,224.487
96.256,70.579,504.734,224.050
100.251,71.891,503.852,225.327
98.086,68.714,500.412,225.101
99.114,73.018,499.869,223.597
105.035,68.206,498.275,224.439
102.365,70.368,499.030,224.619
99.559,68.496,500.035,224.770
103.197,70.434,499.633,226.155
110.497,64.725,493.310,226.081
110.480,66.573,493.349,227.238
108.617,67.096,493.093,227.639
109.303,63.350,492.166,229.268
106.548,63.204,493.652,230.167
110.652,62.121,493.050,231.420
111.719,63.006,493.395,231.493
111.777,62.128,494.025,231.826
111.989,61.528,493.310,231.867
114.322,61.509,491.128,231.238
112.401,60.480,490.423,231.785
117.602,61.365,487.866,231.823
115.495,56.772,487.196,233.554
111.375,57.554,488.480,235.059
114.532,61.587,487.276,230.677
112.749,59.603,488.966,232.785
113.479,57.328,488.367,234.486
113.812,55.975,484.967,235.035
112.652,57.482,484.214,234.180
113.220,54.194,484.441,234.617
109.070,56.948,486.826,235.062
112.120,59.284,486.951,234.666
108.132,57.724,486.676,232.971
110.683,53.627,486.626,234.233
110.050,59.486,483.336,232.606
114.362,59.724,481.930,230.803
114.108,60.931,482.361,230.009
115.766,64.405,480.640,228.824
113.654,59.620,482.349,228.820
109.699,63.353,481.588,228.750
116.415,71.434,482.730,225.794
118.745,66.198,480.906,224.530
122.485,73.129,479.583,222.550
122.866,70.416,474.353,220.462
129.727,76.602,472.245,219.248
137.118,74.807,468.320,218.999
130.276,73.240,471.047,218.023
139.448,70.222,470.189,217.675
135.921,78.504,469.154,216.517
142.932,70.959,467.112,218.492
144.992,77.562,463.183,216.854
151.112,69.841,455.938,218.224
156.283,71.256,450.959,217.485
159.582,72.674,449.601,217.411
164.559,71.841,448.951,217.367
167.541,70.580,447.725,218.296
167.639,74.964,445.635,217.834
175.366,72.850,441.700,220.494
177.347,72.065,438.523,222.775
178.868,79.008,435.484,220.091
185.572,77.449,430.036,220.768
189.361,78.967,428.158,223.522
188.564,80.637,424.923,222.625
190.120,84.076,423.395,223.623
194.258,89.564,419.409,218.866
195.779,87.255,415.957,220.413
197.001,94.278,412.712,219.367
199.932,90.730,409.495,217.386
202.912,89.580,406.540,220.516
201.846,87.257,402.816,219.733
203.168,94.138,403.532,220.586
202.053,95.778,403.237,220.536
201.659,94.591,402.233,218.313
203.642,95.797,401.416,217.312
201.975,94.660,401.693,219.247
200.287,96.131,404.356,220.302
196.256,93.149,404.594,219.293
197.882,93.801,404.461,218.986
198.875,96.500,405.883,218.996
195.245,97.961,406.549,216.823
192.383,99.553,407.660,214.740
190.287,99.151,408.900,214.065
190.644,102.540,409.023,212.385
189.854,101.276,408.848,211.300
187.365,102.776,410.341,209.508
184.351,104.845,412.009,207.873
182.778,102.449,413.451,207.498
178.491,99.945,415.469,207.246
177.054,102.784,414.356,207.032
177.238,102.231,414.430,205.350
173.249,104.746,414.011,204.320
175.443,101.370,414.806,203.048
171.787,102.492,414.018,202.840
171.851,107.654,414.173,201.776
167.337,106.953,412.481,200.206
169.758,108.573,412.721,198.253
169.950,109.396,413.786,197.091
164.563,107.702,411.865,196.766
166.365,107.798,412.147,197.106
165.423,108.391,412.628,196.281
160.947,107.084,411.698,196.945
163.962,107.970,409.532,196.766
159.608,105.920,408.759,196.869
160.590,108.379,406.519,196.489
157.253,107.178,405.603,195.302
157.715,110.539,404.636,194.075
156.106,105.193,403.554,196.625
156.486,104.073,403.675,197.177
155.766,104.519,402.047,196.694
154.300,104.555,400.492,196.297
152.665,106.444,399.638,195.834
157.136,103.496,398.324,196.895
153.731,105.062,398.776,196.973
150.977,105.132,397.397,195.597
153.728,104.649,397.043,195.672
155.012,104.303,396.147,195.212
156.956,101.931,395.816,195.437
155.194,101.490,394.694,195.478
157.449,101.196,394.571,195.839
157.714,97.449,393.488,195.726
157.741,97.202,391.567,195.741
161.188,97.956,389.445,195.200
161.983,98.601,388.759,194.766
166.242,98.431,389.089,194.730
170.335,98.404,390.261,193.826
168.337,99.564,389.777,192.743
167.999,95.319,388.785,193.476
168.429,94.454,388.094,192.965
171.225,93.794,388.656,192.446
170.505,93.671,389.292,192.094
168.428,92.579,388.432,192.249
167.276,91.116,387.210,192.548
166.321,94.116,387.473,191.595
165.537,94.610,386.204,190.356
168.855,95.867,386.299,189.148
172.397,96.054,385.576,188.234
171.615,95.306,384.649,187.863
172.903,93.340,384.461,187.400
174.192,94.942,385.056,186.472
175.452,95.432,384.443,186.135
172.200,95.503,382.115,185.653
174.667,97.014,381.919,184.459
173.325,98.457,381.038,183.130
173.476,100.209,380.125,181.738
173.856,97.436,378.840,182.066
173.770,96.584,379.899,181.296
171.477,96.451,382.485,180.562
166.473,97.866,384.215,180.080
166.201,95.628,384.348,179.985
167.286,97.559,385.015,179.295
161.115,98.458,384.730,178.546
164.351,99.615,382.454,177.091
164.197,101.263,380.586,175.870
165.416,104.689,377.803,173.806
157.980,101.355,379.072,174.266
160.562,100.740,376.954,173.091
153.776,100.268,376.927,171.801
152.042,101.085,377.822,170.842
158.607,99.672,373.517,171.279
158.415,99.212,371.846,170.358
160.096,98.966,369.150,169.466
157.087,99.962,367.795,167.611
158.484,100.128,366.047,166.845
157.427,99.858,367.187,166.237
157.258,99.059,367.604,165.861
159.878,100.851,366.466,164.766
158.194,102.732,365.833,163.998
158.211,101.042,365.156,164.899
162.145,102.912,363.309,164.521
161.070,100.316,362.151,165.583
164.416,99.429,360.626,166.484
164.764,95.733,358.528,167.723
164.177,99.765,359.512,167.825
166.347,101.538,359.987,167.739
165.588,107.835,360.638,166.630
163.389,107.938,361.155,166.773
165.752,108.813,364.746,166.942
162.822,105.770,366.100,167.972
161.808,110.854,367.364,166.845
154.864,116.429,364.225,165.338
156.961,115.196,361.248,165.165
158.802,109.507,359.458,166.619
154.700,115.600,360.126,165.501
157.091,111.817,358.856,166.074
154.257,110.555,358.404,166.462
155.346,109.826,357.504,167.154
156.426,104.830,355.945,169.021
159.249,103.539,354.370,170.600
158.739,108.735,352.578,169.261
155.944,106.922,352.768,169.453
156.753,104.946,351.501,169.890
157.871,103.693,349.899,170.030
157.535,102.440,347.991,170.054
157.473,100.640,346.001,170.270
158.419,97.911,345.796,170.639
156.932,99.277,347.688,169.908
159.051,99.135,346.731,168.668
157.430,98.110,346.597,168.485
153.740,98.319,346.468,168.983
158.486,97.080,346.884,169.571
152.413,95.548,347.015,170.059
153.323,95.257,347.252,171.209
156.111,95.499,346.915,170.939
156.037,96.275,347.345,170.242
158.729,95.359,345.829,169.893
156.970,98.818,347.355,168.774
159.985,99.713,345.703,167.780
157.710,99.971,344.307,166.671
161.331,100.241,342.756,165.885
162.728,98.871,341.209,165.509
166.914,100.016,341.994,165.469
166.817,97.263,341.308,166.007
166.764,96.862,343.405,165.842
165.812,96.863,344.912,165.537
167.299,95.627,345.764,165.860
167.528,96.435,345.587,165.247
170.899,95.295,344.501,166.187
167.996,95.857,345.277,165.731
172.632,96.584,345.888,165.529
173.260,96.560,347.222,164.949
172.992,95.729,348.792,164.898
174.082,96.599,348.116,164.407
177.662,97.182,349.748,163.719
173.810,96.784,353.504,163.039
176.527,98.140,353.660,162.289
174.688,98.847,355.619,161.707
174.662,101.381,358.534,160.861
175.429,99.974,358.320,160.602
176.417,100.693,358.898,160.600
177.990,102.330,358.346,160.355
177.187,102.454,358.201,159.542
178.746,100.280,357.558,160.051
178.007,103.117,357.022,159.558
181.229,101.793,355.811,159.309
186.977,103.267,354.345,159.435
190.511,100.215,353.137,159.924
185.749,104.081,351.578,158.595
194.939,101.576,352.824,159.184
189.876,104.988,353.080,158.576
195.718,102.970,354.683,159.457
193.848,104.052,354.970,159.825
193.138,104.260,350.450,160.201
194.701,106.436,346.078,160.116
195.383,105.485,345.065,159.931
197.224,104.947,342.046,161.150
195.983,106.040,340.081,161.542
201.534,104.649,341.982,160.567
199.096,107.790,340.813,159.603
206.420,103.716,342.162,159.215
194.690,108.787,338.452,158.283
194.222,108.825,335.355,158.215
199.772,109.672,332.625,157.384
196.473,110.865,332.305,157.036
196.235,110.329,331.185,156.890
195.479,105.474,332.021,158.166
201.086,104.300,331.001,159.127
204.963,100.574,329.236,161.424
204.808,102.100,328.293,161.838
208.407,99.634,327.181,163.016
210.779,96.746,326.036,164.625
208.797,95.177,324.869,165.593
205.581,94.281,324.245,166.283
204.525,95.450,324.289,165.433
206.047,92.546,324.249,165.389
206.350,98.497,324.050,163.552
204.519,95.189,324.223,163.394
200.196,96.020,322.852,162.648
203.293,96.647,321.840,161.822
204.736,96.039,322.160,161.199
202.980,95.120,320.917,161.762
202.329,95.231,319.487,161.268
203.310,97.481,319.706,160.085
202.908,96.657,319.184,159.972
200.131,94.779,318.033,160.373
201.205,99.729,317.131,158.757
201.693,98.928,316.673,158.186
197.695,103.945,315.773,156.051
201.247,105.392,315.086,155.315
202.174,103.160,314.896,154.952
201.843,105.979,314.387,154.199
198.394,106.079,313.198,154.830
197.168,105.737,311.306,154.240
197.462,106.059,311.020,153.911
207.912,107.520,313.781,152.493
202.552,103.881,317.699,152.580
200.871,107.254,318.997,151.911
205.939,105.709,320.544,152.012
217.272,103.461,325.890,151.723
201.859,102.348,326.712,152.261
206.565,101.851,326.010,152.431
200.545,102.487,324.805,152.687
195.181,101.727,322.077,152.858
199.068,102.027,317.235,153.119
201.287,103.931,312.041,152.371
204.553,102.100,307.223,151.783
210.516,104.203,304.335,151.261
211.922,101.417,301.482,150.822
214.137,104.534,298.707,149.976
218.817,104.845,296.536,149.538
224.503,106.369,295.252,148.553
226.980,108.192,294.267,147.974
233.738,108.795,293.421,147.418
234.897,106.618,292.957,147.654
235.954,107.784,292.036,147.275
236.231,106.970,291.848,147.061
235.669,107.410,291.474,146.995
235.072,107.327,291.649,147.173
236.425,106.477,292.609,147.807
232.033,108.613,291.578,147.894
232.312,109.850,290.688,147.438
228.027,113.836,289.876,146.766
226.477,111.064,289.434,146.891
222.531,112.830,287.793,146.568
222.042,111.016,286.921,147.442
220.914,112.217,286.244,146.937
223.141,113.832,286.523,145.981
222.674,111.753,286.631,145.283
220.051,111.052,286.681,144.945
219.189,106.913,287.606,144.977
213.889,112.155,286.910,143.861
216.856,111.237,285.719,143.153
220.248,110.717,285.827,142.634
218.769,109.984,285.766,142.371
216.801,112.100,285.995,141.213
217.024,114.283,285.282,139.453
216.373,116.326,285.024,137.558
219.242,114.992,285.067,136.137
217.472,116.624,284.905,134.363
215.944,117.805,284.797,132.959
214.559,120.531,283.931,131.431
212.806,119.953,283.790,130.735
211.269,120.305,284.057,130.541
210.811,120.798,284.696,130.477
210.720,119.171,287.192,131.150
212.760,119.236,291.636,131.559
206.131,117.537,295.755,132.691
202.888,116.386,299.732,134.210
198.933,114.089,302.873,136.383
203.692,111.959,307.232,138.239
197.250,111.583,311.586,141.145
195.010,111.374,315.640,142.720
193.030,111.914,319.256,144.464
190.892,111.406,324.318,146.315
184.547,110.225,327.127,148.902
181.758,110.984,331.746,150.789
180.285,110.791,335.480,152.886
177.691,110.578,339.713,155.279
181.602,110.406,345.123,157.323
174.129,107.695,349.561,160.122
168.798,109.218,355.139,162.123
166.535,108.483,357.596,164.508
167.598,104.528,361.959,167.613
158.488,105.676,367.640,169.885
154.208,104.566,373.682,172.390
154.740,104.514,379.285,174.900
152.593,102.831,385.478,177.289
153.739,100.857,392.998,179.879
147.139,100.828,400.189,182.553
142.537,99.658,407.276,185.288
135.214,99.683,414.374,187.390
130.655,97.645,419.406,189.913
130.349,94.906,423.265,193.033
127.720,96.993,429.271,194.504
125.395,97.164,433.053,195.894
128.744,97.618,439.199,196.490
121.857,97.542,442.906,196.392
123.846,97.565,444.858,196.194
124.076,96.048,446.509,196.365
121.823,93.510,447.411,197.405
119.411,93.205,449.370,197.039
119.157,94.661,449.707,196.287
117.013,90.718,448.972,196.878
118.999,93.804,449.754,195.430
122.615,91.878,450.250,195.066
117.525,95.325,449.827,191.882
119.137,93.683,449.007,191.435
121.932,90.750,447.209,191.840
118.126,90.648,446.589,191.795
123.796,87.234,445.342,192.069
122.157,85.522,445.908,192.898
124.042,85.764,443.236,194.421
125.540,85.963,441.039,193.626
123.248,85.409,440.150,192.742
126.586,89.539,438.955,192.201
119.675,89.066,438.845,191.088
121.668,88.837,435.179,190.448
124.531,84.795,432.201,191.302
119.830,83.138,429.757,192.557
121.974,83.894,427.060,192.192
120.425,81.216,425.012,192.365
118.926,84.026,425.478,192.661
120.089,81.464,424.711,191.423
117.350,85.121,424.307,190.664
115.251,84.457,422.284,188.170
115.155,84.108,420.813,187.473
116.708,81.388,421.010,187.623
111.064,84.223,422.589,187.459
110.879,82.461,423.165,186.736
114.761,81.999,423.197,187.138
107.972,78.904,423.095,187.443
110.214,80.260,424.783,187.294
110.918,76.844,424.530,188.074
103.797,74.615,423.088,189.055
108.109,73.088,423.020,189.726
103.476,70.615,421.856,188.843
101.062,73.743,419.633,189.433
103.860,72.318,418.567,189.485
106.377,70.097,419.231,190.691
101.244,69.399,418.873,190.830
101.068,69.883,418.310,191.289
100.607,68.837,418.627,191.676
96.137,67.695,417.795,191.988
95.131,69.578,418.687,192.804
95.806,69.991,419.402,193.103
95.472,67.478,420.347,193.360
95.502,65.656,419.820,194.262
96.414,62.894,418.591,195.386
96.902,65.281,418.768,195.806
95.413,64.189,416.919,195.134
96.269,62.313,420.042,194.980
94.998,69.726,420.670,194.084
96.823,68.152,418.535,191.292
99.523,68.262,417.413,189.876
99.721,67.430,417.567,188.372
102.531,66.505,419.784,188.360
101.101,69.447,420.918,188.505
104.599,71.085,421.077,187.011
105.702,71.865,423.072,186.608
101.832,68.126,427.266,186.709
106.262,68.812,426.529,186.133
106.293,68.133,426.150,187.679
105.440,69.993,427.331,187.536
105.378,70.402,428.451,185.805
108.715,68.026,429.529,185.419
107.157,68.065,431.508,185.207
106.976,69.971,433.598,185.025
107.170,70.231,434.005,186.079
103.599,68.694,435.467,185.616
103.079,72.023,435.186,185.096
97.981,70.243,439.103,184.066
101.757,70.525,441.232,183.345
94.475,71.579,442.826,184.342
88.146,71.702,443.261,183.328
95.707,71.120,446.999,181.245
95.771,72.350,448.964,181.589
84.447,71.570,448.476,182.933
94.912,72.550,445.057,179.944
92.291,75.638,444.879,180.745
99.417,70.716,447.246,180.502
95.752,72.745,451.011,180.937
93.160,71.025,447.602,181.270
97.256,70.966,446.531,181.213
94.522,69.727,444.064,181.992
98.021,70.088,442.572,180.787
99.910,71.686,441.091,180.756
105.374,70.950,437.940,180.771
108.552,69.615,434.481,181.288
113.935,67.740,433.295,180.989
109.101,71.748,432.903,182.572
111.475,69.384,431.400,183.859
119.757,71.268,428.500,183.011
117.467,71.032,428.775,183.613
115.921,71.359,426.235,184.802
118.571,73.549,425.200,184.580
119.302,70.062,424.812,185.959
114.385,73.868,428.825,184.775
116.435,71.172,426.823,184.738
114.518,69.315,427.373,186.013
113.553,74.265,428.328,183.542
114.002,71.203,427.410,183.740
111.365,76.072,429.845,181.117
109.270,73.769,427.986,180.733
109.629,70.757,430.098,181.999
104.023,75.468,430.806,182.067
98.061,74.071,431.679,182.167
99.651,70.276,430.841,182.800
94.532,73.641,430.534,182.590
95.571,72.143,430.574,182.831
93.168,69.426,432.760,184.588
88.102,72.671,434.060,184.217
87.307,68.125,433.457,185.277
83.181,70.154,437.462,186.238
86.121,70.132,436.916,184.920
81.921,68.135,439.428,185.520
76.174,73.649,443.300,185.636
75.905,74.102,443.088,184.963
76.749,72.268,444.087,184.590
78.220,69.084,444.246,185.946
71.348,69.449,448.798,186.651
72.634,71.141,448.629,186.416
66.425,67.830,449.043,186.937
81.810,65.600,447.439,186.501
73.018,68.241,449.233,187.194
71.154,68.048,450.159,186.625
70.835,67.425,450.702,186.140
74.867,64.166,448.505,187.079
66.021,70.682,448.663,187.600
64.187,65.187,449.071,189.090
68.450,64.945,448.586,189.811
62.823,66.741,448.555,189.060
66.988,61.841,447.250,190.985
61.016,61.006,445.853,192.100
58.749,63.062,443.035,192.599
51.745,60.862,444.404,192.556
56.691,58.923,442.440,194.294
56.318,56.188,439.000,196.844
54.120,57.874,438.459,197.336
59.777,59.362,432.247,195.974
56.705,61.596,429.469,194.263
64.828,56.434,426.835,194.691
64.608,57.654,421.356,194.552
72.892,57.937,419.736,194.605
73.522,60.193,414.514,193.572
80.739,55.807,410.084,193.864
90.275,57.246,402.564,192.941
101.243,58.931,396.878,190.293
95.618,63.499,392.577,187.005
99.876,66.060,391.966,186.097
103.679,68.472,386.943,183.332
110.183,68.431,382.817,181.392
118.899,67.871,378.583,181.352
117.703,71.751,375.710,179.524
117.712,71.999,372.653,176.248
126.870,72.448,369.451,175.914
129.108,74.561,368.013,175.310
126.210,74.841,368.622,172.870
130.861,77.173,367.158,171.438
132.917,77.017,366.726,169.673
132.282,77.413,364.727,169.264
133.722,79.381,362.181,167.865
131.294,82.764,363.598,165.240
134.676,79.422,363.475,165.219
131.828,80.570,366.697,165.461
130.746,80.615,368.343,164.529
128.926,80.815,370.665,164.781
121.636,82.175,375.044,164.950
127.988,81.946,374.708,165.406
116.141,85.899,378.278,163.003
125.678,84.340,379.790,162.170
113.007,87.102,381.888,161.880
121.553,85.939,381.220,161.494
125.462,83.819,379.271,163.197
118.590,85.474,380.747,163.374
127.867,84.112,376.797,164.460
120.100,86.238,377.165,163.696
131.014,84.784,374.479,164.124
116.285,86.053,375.349,163.807
123.309,85.208,372.964,164.358
127.198,86.006,370.106,163.369
123.187,85.570,372.707,164.718
131.107,84.645,369.870,164.166
116.496,87.737,372.900,163.089
121.928,86.059,373.214,162.625
123.491,87.032,373.351,162.952
135.204,87.114,371.534,162.229
123.484,86.485,375.096,163.351
135.244,86.544,372.127,163.014
121.071,87.041,374.997,163.271
130.419,86.113,371.596,163.256
121.965,86.890,374.332,163.350
126.047,87.037,372.822,163.067
127.439,85.373,372.786,164.339
127.977,84.029,373.804,164.581
121.155,84.897,376.672,164.963
129.221,84.254,375.407,164.591
121.024,83.486,377.161,164.976
124.872,84.667,377.768,165.001
119.967,85.724,379.687,164.918
129.528,83.753,378.153,164.459
116.130,84.274,381.738,164.244
114.148,87.152,383.608,164.073
113.320,85.254,382.978,163.975
125.532,86.195,379.225,163.157
124.800,84.380,378.325,163.357
117.924,87.519,377.983,163.092
126.191,84.928,376.138,162.670
114.114,87.066,380.553,163.527
123.027,84.688,377.637,163.740
114.361,87.376,380.522,162.361
125.004,85.282,377.999,162.465
118.558,86.630,376.276,162.417
130.967,83.759,376.475,162.360
120.693,83.131,378.554,163.369
120.516,88.956,374.806,163.063
119.581,85.377,374.510,162.734
123.177,87.575,375.178,162.322
126.499,85.826,371.089,162.222
125.603,84.651,375.015,163.643
124.634,82.907,377.740,164.544
125.051,84.057,378.144,164.444
123.188,83.539,380.838,164.637
122.132,81.447,382.578,165.184
129.071,84.186,378.643,164.991
122.630,84.735,379.229,163.892
128.208,81.477,378.343,164.627
119.696,84.153,377.586,164.264
124.953,82.399,376.404,164.081
127.660,81.127,375.213,165.493
121.432,83.168,374.242,165.421
125.594,84.144,374.287,164.440
123.886,82.409,375.719,164.458
128.422,82.433,371.751,164.930
122.312,81.617,371.222,165.691
117.635,84.618,371.631,164.269
116.526,79.067,371.418,164.316
120.697,77.835,367.550,165.067
124.393,76.901,364.865,165.581
125.567,76.851,361.070,166.206
123.017,76.609,356.616,166.323
123.316,77.751,351.252,165.627
119.102,77.296,349.132,165.482
122.485,76.621,345.202,165.382
123.439,75.916,340.372,165.038
119.833,77.544,337.324,163.575
119.809,78.672,335.884,162.268
117.395,80.322,335.191,161.871
118.209,79.182,333.261,162.300
118.932,78.532,331.652,162.558
117.054,78.640,329.627,162.883
115.980,80.129,329.033,162.730
113.703,78.741,328.431,162.102
107.328,80.361,329.467,161.641
110.015,76.581,329.192,161.565
109.464,78.113,327.756,161.391
109.773,78.229,327.257,161.003
105.959,80.924,327.622,160.654
104.968,80.232,327.717,161.318
106.891,79.621,328.205,161.846
109.303,80.544,328.051,161.607
106.970,81.987,327.516,160.718
113.439,83.567,328.127,159.022
110.751,82.547,328.550,158.151
110.128,83.342,329.573,157.268
108.287,84.071,328.613,156.542
110.553,81.899,329.413,156.361
109.717,84.119,328.316,156.001
109.329,82.892,327.694,156.051
101.632,84.083,329.097,156.102
108.292,84.232,328.922,155.020
108.606,86.084,328.659,154.422
107.327,83.507,329.367,154.526
103.773,84.986,329.583,154.295
109.229,83.994,329.520,154.465
109.856,87.499,328.935,153.231
104.321,88.564,329.386,151.600
102.756,86.601,329.255,151.471
112.492,89.414,326.050,149.931
107.318,90.673,327.065,148.057
106.696,93.035,327.696,145.785
105.209,95.521,327.680,143.827
111.417,96.114,329.957,141.032
110.884,96.648,329.134,140.307
109.295,94.647,328.139,140.646
105.487,97.551,330.163,140.080
111.767,97.830,329.393,138.192
112.825,97.656,326.421,137.497
116.592,98.444,326.216,136.747
109.969,96.876,327.389,136.725
110.979,97.835,328.705,136.593
115.264,98.303,328.010,136.577
111.342,98.332,328.357,136.262
116.516,98.019,326.694,135.344
115.627,98.808,326.015,135.508
113.959,99.629,325.079,135.173
111.110,102.028,326.192,133.503
118.266,100.223,326.015,132.825
112.346,103.470,325.538,131.610
114.559,100.486,323.825,131.592
115.578,103.415,324.576,130.668
113.006,101.368,325.089,130.513
114.609,101.820,324.166,130.263
115.266,100.032,324.760,130.753
112.580,100.335,325.036,131.578
115.003,100.675,323.355,130.870
112.605,99.947,322.121,130.833
116.057,98.632,321.685,131.444
116.746,101.107,317.923,130.838
114.586,99.197,318.532,130.541
119.380,96.796,315.759,132.257
115.778,99.509,316.231,132.972
116.089,97.096,315.745,132.574
117.223,97.893,315.350,133.153
119.219,97.227,310.732,133.320
120.278,97.434,307.292,133.557
126.064,94.113,305.851,134.632
123.391,96.043,306.651,134.559
121.214,99.255,305.168,132.853
119.564,99.435,304.826,131.333
123.768,98.933,302.182,130.169
119.220,101.527,303.733,128.986
124.113,100.550,300.990,128.085
119.376,99.503,300.419,129.145
118.951,100.200,300.135,128.808
119.161,99.782,299.276,128.391
117.098,102.437,300.183,127.538
116.081,101.596,300.155,125.709
117.613,102.473,299.418,125.462
115.506,102.879,300.610,125.128
111.956,103.613,300.562,124.594
111.457,103.169,299.595,124.030
107.620,103.091,300.513,124.085
104.008,103.532,301.391,123.573
102.502,103.430,303.246,122.857
98.938,103.651,305.685,121.966
97.815,104.515,308.452,120.587
94.784,105.126,312.408,119.850
90.078,104.699,310.717,118.950
90.765,105.844,309.719,119.072
89.614,103.441,305.584,119.591
88.487,104.659,307.522,119.353
83.519,103.279,306.119,119.138
85.275,104.604,307.253,119.779
84.093,103.455,302.049,119.926
81.014,104.276,301.124,120.630
85.293,103.047,295.608,120.957
81.647,102.496,295.746,121.438
82.546,101.718,293.721,122.227
83.890,100.773,291.308,123.226
82.077,100.551,290.380,123.284
84.378,100.478,289.508,122.417
83.105,100.800,293.973,122.028
85.549,99.981,293.641,122.296
82.874,99.683,290.816,122.070
89.481,99.986,288.464,121.234
90.867,100.203,286.581,121.616
89.871,99.597,281.887,122.625
92.801,99.650,276.801,123.172
95.922,98.878,272.970,123.478
99.182,99.197,270.995,123.414
99.267,99.946,268.395,123.375
100.947,98.631,266.222,123.469
102.678,100.076,265.150,122.384
104.603,97.630,262.047,123.294
105.935,98.783,260.131,122.915
107.492,100.255,258.246,122.070
109.574,99.493,256.181,122.346
113.156,99.766,255.009,122.063
115.478,98.555,253.609,122.516
118.561,99.027,255.080,122.598
118.891,100.108,254.699,122.028
118.230,99.534,252.012,122.789
119.781,97.735,250.509,123.277
121.003,99.535,249.172,122.949
123.204,98.589,248.385,123.354
124.013,97.975,245.176,123.918
123.162,98.509,241.461,123.417
125.870,98.850,240.274,123.410
127.371,97.589,238.744,124.236
128.860,98.825,236.381,123.235
131.061,98.491,234.144,122.786
131.070,98.111,231.223,122.599
132.289,97.996,228.301,123.254
131.415,97.008,225.909,123.897
132.818,96.884,222.977,123.855
133.348,97.656,219.949,122.775
135.367,95.396,217.936,123.247
135.841,96.018,215.023,123.027
137.134,95.830,213.436,122.202
137.333,94.973,211.671,122.314
137.250,94.742,210.318,121.730
137.041,94.048,209.501,122.161
136.545,94.059,209.212,122.669
135.691,92.697,210.282,123.759
133.122,90.290,212.685,125.472
128.630,87.482,214.500,127.955
124.344,84.547,218.296,130.787
123.650,83.836,220.561,132.701
120.516,82.472,223.875,134.684
115.275,79.332,227.537,137.356
114.164,76.882,230.540,139.629
112.673,73.528,234.465,143.507
113.199,69.341,238.997,146.901
116.334,66.716,243.042,150.435
115.570,63.224,246.830,153.828
115.146,59.765,247.652,157.009
118.777,56.814,247.945,160.367
123.070,54.132,248.061,162.545
126.680,52.371,247.930,164.686
127.488,49.882,251.243,166.275
130.953,49.679,254.242,168.143
134.007,48.454,254.451,170.238
135.564,48.510,254.805,173.104
140.626,50.046,254.622,175.338
143.405,49.016,255.524,177.571
144.269,48.447,257.194,179.504
147.214,50.215,260.748,180.907
149.166,52.837,263.072,182.383
150.718,51.469,263.913,184.384
154.307,51.433,263.977,187.134
155.801,52.259,265.081,189.413
158.037,51.862,263.852,191.917
160.537,51.840,262.478,193.562
163.627,49.153,261.853,196.266
165.622,48.531,261.162,197.777
165.786,45.817,259.395,199.643
168.116,46.590,256.298,200.351
171.624,44.741,254.036,202.187
174.940,46.346,251.527,202.953
177.151,45.073,250.031,203.654
181.173,46.232,248.047,203.094
182.981,46.415,246.090,203.235
186.286,48.722,244.165,203.194
188.762,45.798,242.152,204.482
191.691,49.360,240.400,203.542
195.168,51.097,238.660,202.843
197.953,50.962,237.086,202.968
200.975,51.695,235.409,202.736
203.686,52.123,234.663,202.330
206.030,51.519,233.784,202.340
208.274,54.831,232.855,201.376
209.173,54.620,232.158,200.942
211.200,55.539,230.993,200.103
213.563,56.808,229.916,199.470
215.885,55.717,228.958,199.424
215.128,57.229,229.753,199.957
217.237,57.320,228.714,200.022
218.536,57.486,227.593,200.272
219.844,58.496,226.076,200.110
219.135,58.330,226.118,199.941
219.651,58.288,225.369,199.790
219.798,60.089,224.705,198.761
219.325,60.163,224.419,198.956
219.734,60.461,224.134,199.306
217.880,61.087,224.707,199.622
215.876,60.442,225.031,199.905
213.823,60.696,225.313,200.286
210.498,59.899,226.147,200.780
208.413,59.899,227.114,200.837
206.965,59.923,227.814,200.588
206.071,59.873,227.633,199.951
204.680,61.386,227.555,198.868
205.681,60.733,226.993,198.710
205.618,61.357,226.021,198.186
202.737,62.908,225.077,196.760
203.305,63.490,222.637,194.787
204.876,65.729,219.497,191.275
205.272,68.152,215.519,187.586
208.051,70.036,210.919,183.689
209.912,71.405,207.106,180.942
210.310,72.580,203.946,178.144
211.284,74.743,200.876,175.958
213.038,75.317,198.246,173.496
213.810,77.477,195.660,171.497
215.199,77.755,193.770,169.851
214.952,79.525,192.184,168.648
215.583,79.599,190.861,167.207
215.721,81.480,188.693,165.600
214.474,81.776,187.662,164.527
213.944,83.559,186.094,162.786
210.356,85.105,184.733,160.572
210.573,85.758,181.299,158.083
209.478,87.291,179.481,155.870
209.286,88.703,177.613,153.596
209.866,89.952,175.034,151.297
208.233,92.053,172.046,148.666
208.308,93.423,169.803,146.782
209.044,94.161,167.657,145.440
208.692,95.272,165.987,144.409
209.192,95.699,164.067,143.505
207.988,96.920,162.986,142.405
207.192,97.811,161.841,141.574
206.716,99.017,160.461,140.472
206.593,99.966,158.837,138.518
206.166,102.096,157.212,136.566
206.474,102.717,155.625,135.403
206.920,103.938,153.674,133.906
207.102,105.777,152.034,132.564
207.346,106.083,150.205,131.388
207.315,106.956,148.646,130.160
206.981,107.863,147.413,129.113
207.065,108.927,146.130,127.969
206.002,110.116,145.370,126.791
206.151,110.222,144.831,126.206
206.283,111.298,143.540,125.031
207.207,112.077,142.010,123.906
207.543,113.048,140.650,122.654
206.579,113.603,139.890,121.682
206.193,114.303,139.091,120.748
206.713,115.538,137.765,119.612
207.398,116.250,136.309,118.585
208.053,116.234,134.905,117.865
207.785,116.249,133.917,117.070
207.231,116.299,133.439,116.419
207.889,116.555,132.376,115.490
206.776,115.738,132.080,115.147
206.705,115.417,131.468,114.583
207.755,114.988,130.391,113.832
208.792,114.735,129.133,112.583
208.101,113.900,128.471,111.426
208.538,114.905,127.585,110.373
209.176,114.243,126.413,109.274
208.483,115.107,126.068,108.379
208.234,115.514,125.627,107.855
207.625,115.342,125.580,107.770
207.971,115.222,125.047,107.511
206.593,115.257,125.336,107.573
207.414,115.101,124.975,107.370
207.054,115.473,124.921,107.222
206.712,115.286,124.987,107.298
206.908,115.398,124.984,107.245
206.823,115.322,125.009,107.261
207.050,115.729,125.115,107.284
207.640,115.291,124.882,107.166
206.978,115.675,125.026,106.954
206.439,115.748,125.571,106.836
206.404,115.907,125.876,106.587
205.600,115.325,126.625,106.667
204.899,115.463,127.178,106.646
204.780,115.642,127.505,106.700
204.407,115.239,128.108,106.937
203.805,115.308,128.778,107.241
203.149,114.781,129.701,107.527
202.057,114.643,131.029,107.839
202.109,114.865,131.695,108.051
201.191,114.444,133.041,108.659
200.521,114.602,134.213,108.768
200.077,114.425,135.132,108.975
200.571,114.549,135.348,108.959
200.317,114.294,135.674,109.103
200.021,114.566,136.034,109.156
197.864,114.702,137.321,109.561
197.902,115.444,137.672,109.595
198.497,114.919,138.057,110.055
197.868,114.115,138.891,110.967
197.270,113.984,139.542,111.386
196.925,114.694,140.952,111.727
197.605,114.649,141.513,111.781
196.259,113.885,142.413,112.467
196.876,113.051,143.787,112.969
196.372,113.772,144.785,112.810
196.082,113.246,145.707,113.358
194.703,114.891,147.700,113.340
193.038,115.238,149.791,113.649
190.483,115.126,152.579,114.107
192.445,114.237,154.152,114.906
191.418,113.850,155.455,115.814
190.479,114.705,157.746,115.784
189.792,114.523,159.092,116.022
187.880,114.553,161.605,116.785
188.241,113.811,164.048,117.631
186.685,113.685,165.903,117.970
186.801,113.776,168.292,118.762
186.590,113.831,171.176,119.368
185.387,112.971,172.731,120.084
184.922,114.074,175.658,120.416
183.737,112.406,177.643,121.631
183.492,113.035,179.466,122.201
182.511,112.838,182.196,123.162
182.652,112.372,183.633,123.605
182.674,111.145,185.599,124.654
181.602,111.605,189.486,125.693
181.284,111.050,192.190,125.898
183.131,110.081,193.744,126.583
181.792,109.834,195.431,127.787
180.994,109.901,197.180,128.032
181.394,109.774,198.880,128.144
181.073,110.246,200.345,128.027
181.925,110.343,201.405,128.023
183.236,110.065,204.007,128.842
183.329,109.000,205.456,129.633
184.489,108.508,206.129,130.321
186.247,108.526,206.307,130.985
185.529,109.061,207.685,131.364
186.110,107.080,211.330,132.768
185.277,106.877,212.978,133.690
187.623,106.945,213.922,134.295
187.537,106.936,216.832,134.575
182.706,105.601,221.348,135.185
183.388,109.039,223.716,134.494
179.150,108.042,228.635,135.235
180.411,107.516,231.691,136.202
182.031,109.014,233.643,136.645
