267.000,33.000,167.000,256.000
267.667,23.930,163.748,260.754
268.451,13.876,165.940,265.942
261.259,6.066,170.294,273.079
243.382,-1.083,174.808,279.654
228.113,-4.200,177.866,283.107
209.801,-4.209,176.076,284.572
198.359,-4.948,176.569,285.479
188.086,-3.758,178.668,287.758
178.978,3.939,177.850,287.534
181.422,9.048,180.060,286.355
185.420,19.158,184.892,282.951
183.826,25.758,186.546,280.534
188.966,33.515,191.546,276.948
197.206,38.859,192.725,274.617
206.532,54.377,203.359,269.413
213.943,63.602,211.268,264.843
214.929,66.984,216.155,261.081
215.169,76.173,227.935,257.611
215.729,78.358,232.714,250.452
215.816,84.413,238.701,246.029
210.480,89.037,242.811,241.722
213.815,88.129,247.873,239.264
203.036,87.710,243.429,236.618
194.443,81.507,237.671,237.830
190.231,78.638,229.191,238.452
174.671,68.444,221.430,237.808
166.178,61.317,213.759,236.327
151.593,47.810,210.090,237.185
146.942,36.463,201.345,240.163
141.503,30.376,194.777,242.564
137.818,20.867,188.627,246.306
137.854,14.490,181.461,247.833
141.312,13.266,174.562,248.058
149.440,3.832,166.352,252.425
160.243,8.909,159.403,250.730
168.345,13.671,154.750,247.006
176.001,13.973,149.769,244.816
182.283,20.231,145.692,241.177
184.638,32.100,143.732,235.363
186.084,41.017,142.519,230.970
183.724,48.071,141.068,227.091
193.812,56.989,145.806,222.413
193.260,70.010,152.377,215.171
189.947,75.767,155.393,206.078
187.070,80.559,154.393,197.666
194.017,86.550,155.278,189.682
193.406,87.307,152.786,183.493
193.821,91.348,148.757,176.030
194.391,91.229,143.662,168.458
197.596,93.050,137.456,160.958
203.416,96.956,130.312,152.859
208.225,99.861,124.034,144.637
212.338,101.432,117.937,136.489
212.633,103.416,113.691,130.942
213.622,109.716,109.842,124.110
214.632,112.792,105.941,117.757
219.385,117.976,100.655,112.189
221.666,122.894,93.996,107.560
222.184,125.414,87.998,103.011
220.960,122.964,82.999,102.244
217.326,123.602,79.800,101.657
213.079,123.036,78.183,102.297
213.921,118.649,76.552,103.884
216.139,115.023,74.905,107.837
218.853,112.456,74.129,111.079
223.076,110.585,74.434,113.299
227.795,108.517,75.147,115.155
230.870,106.762,76.061,116.516
234.195,105.151,78.183,117.931
236.206,103.592,79.227,119.372
237.982,102.170,80.868,121.230
239.484,100.868,82.142,122.848
243.462,99.436,83.710,123.808
248.018,99.688,87.896,124.435
250.461,101.675,92.900,124.712
252.805,103.012,96.797,124.157
250.130,105.628,97.371,122.927
253.700,108.342,98.676,122.212
254.141,107.164,98.786,122.088
256.372,109.661,101.106,122.606
256.131,106.926,105.567,123.202
253.559,104.544,108.310,123.175
250.947,104.128,109.951,123.872
248.433,102.013,110.617,125.244
246.404,102.579,112.940,127.562
243.573,98.315,113.694,130.081
237.697,97.418,114.165,133.367
235.505,95.799,115.546,137.818
232.845,92.930,115.462,142.080
231.931,89.484,115.581,147.110
230.281,86.160,114.598,152.624
229.559,81.888,114.668,157.288
227.351,79.940,115.625,163.342
225.861,79.856,117.889,172.557
224.792,75.924,117.103,178.184
224.677,74.980,115.003,181.540
224.552,78.754,113.144,182.516
225.072,82.667,110.277,181.042
222.359,88.492,109.221,178.149
217.275,94.032,110.593,176.279
211.283,97.749,112.972,175.328
205.057,99.789,117.226,173.710
201.407,101.212,120.787,172.648
198.947,99.539,123.561,171.754
195.355,97.540,128.060,170.951
191.887,96.004,132.126,169.028
195.328,90.346,133.059,167.774
201.020,85.799,131.058,166.660
204.815,81.401,130.388,165.344
212.152,79.447,128.210,165.464
215.232,76.405,127.406,165.137
220.425,73.947,124.273,164.881
227.943,73.073,119.440,165.579
232.033,74.197,116.505,167.433
237.315,73.494,116.119,166.445
245.779,75.531,116.691,167.497
247.877,77.192,115.667,168.126
249.655,80.931,115.665,170.436
252.385,84.007,115.048,174.807
252.042,81.369,116.032,178.070
249.892,81.018,116.987,183.131
245.732,80.240,114.709,189.570
246.235,76.907,112.421,193.279
243.889,75.336,111.747,195.789
238.147,75.479,111.376,196.846
234.879,77.662,110.760,195.523
228.742,80.312,109.356,192.736
224.125,84.424,107.897,189.723
219.855,89.170,107.434,185.276
212.225,92.932,108.824,181.064
207.217,99.201,111.338,176.718
199.097,103.782,114.635,171.515
189.669,106.974,118.929,164.751
184.865,111.539,121.530,157.032
183.612,115.381,123.590,150.065
184.661,119.184,124.969,142.846
189.122,121.424,125.287,136.693
198.062,123.604,123.210,131.373
206.422,126.018,121.386,126.166
218.361,129.148,118.008,121.294
225.689,132.216,115.990,117.670
241.303,136.508,110.798,114.889
256.544,140.772,105.953,112.533
262.271,140.849,104.035,109.960
276.552,142.841,100.845,106.599
284.250,145.662,101.080,104.056
293.987,150.622,100.393,102.272
291.427,152.777,99.966,100.929
294.122,155.475,101.516,100.332
292.893,157.267,102.163,100.689
288.832,157.037,101.174,100.980
279.692,157.110,101.630,101.458
276.777,157.015,99.598,102.503
276.242,155.260,97.204,104.572
268.956,152.818,95.208,107.837
265.481,150.377,93.893,111.924
264.862,147.082,90.136,116.969
261.670,142.974,87.135,122.854
257.466,139.298,85.160,128.608
251.050,136.669,84.885,132.984
246.492,135.441,84.814,137.148
245.614,135.204,84.929,140.554
247.319,135.475,86.134,143.637
249.940,136.612,86.984,145.955
253.432,137.005,87.885,147.694
256.246,138.508,89.620,149.002
261.029,139.856,94.664,151.116
264.007,140.559,99.228,153.821
263.689,141.063,103.303,156.893
267.850,142.767,104.094,157.566
271.115,144.538,105.664,156.749
271.211,145.244,105.874,154.057
276.925,149.821,110.318,151.914
279.922,149.983,113.184,148.759
281.545,152.678,115.528,146.065
281.264,152.307,117.122,143.448
281.541,153.620,118.445,142.104
279.769,153.210,119.715,142.717
284.161,151.431,119.909,144.991
283.987,146.983,119.999,147.604
285.403,140.442,119.913,150.692
283.644,131.302,119.739,153.864
276.396,121.998,119.156,156.219
268.689,109.902,118.497,158.056
265.873,101.590,118.750,161.178
266.826,93.668,120.957,162.593
263.399,94.251,125.294,171.448
263.556,91.934,126.883,178.908
266.189,92.131,125.664,185.418
272.307,99.982,125.295,191.097
272.205,105.919,125.934,195.436
268.353,110.373,128.268,198.377
264.057,114.283,132.847,199.872
251.102,118.056,141.226,199.611
235.191,120.327,151.420,198.352
223.279,120.448,161.199,197.495
211.004,120.361,171.020,196.733
201.958,117.865,179.301,195.358
199.015,114.581,185.464,193.485
193.815,112.663,191.437,192.669
200.561,109.453,194.479,191.848
206.788,106.942,195.835,190.667
213.311,104.845,197.684,190.639
223.480,104.188,198.872,192.304
223.961,99.637,203.193,193.604
230.964,97.244,203.950,195.925
239.464,91.076,201.999,199.394
256.457,83.220,196.992,203.912
260.677,76.872,193.666,207.732
271.694,68.596,187.574,211.715
280.154,67.557,183.762,217.856
283.841,64.614,181.050,221.978
295.659,65.061,174.432,227.539
295.390,65.217,170.622,235.244
285.985,62.558,171.636,243.116
271.793,61.180,167.939,249.047
257.044,60.953,165.416,255.898
242.632,56.585,166.300,262.162
232.112,50.079,168.654,269.394
232.099,44.604,171.640,275.077
240.980,38.011,174.301,277.174
253.244,32.616,179.638,277.412
265.386,31.135,187.693,275.317
272.037,30.222,195.938,273.848
285.045,27.195,199.016,270.939
298.003,32.684,204.354,264.482
303.474,35.822,204.806,255.284
307.930,39.562,203.166,243.952
317.329,44.442,201.517,232.961
323.519,47.470,201.805,223.314
332.883,49.273,201.775,213.744
323.238,52.694,202.505,203.834
314.289,55.337,200.427,195.781
300.257,59.189,203.738,189.018
284.485,60.355,200.753,183.029
267.398,65.591,202.297,177.291
249.996,69.044,203.419,173.886
240.174,72.677,202.856,171.377
229.714,72.282,197.770,169.806
217.402,72.476,193.582,167.509
204.668,73.119,190.548,165.307
199.112,74.400,185.735,164.889
196.224,70.839,182.557,167.008
182.865,67.338,185.137,170.813
180.030,59.324,185.232,178.128
163.890,51.514,184.154,186.100
154.450,45.678,181.685,195.293
151.661,41.143,178.323,204.465
153.562,38.686,174.797,212.636
158.752,34.500,171.082,219.672
162.031,32.396,165.618,226.112
180.927,32.026,159.562,230.633
195.421,31.305,155.253,231.507
208.693,37.307,154.773,230.695
219.220,40.428,153.573,228.366
227.316,45.179,153.392,222.039
223.109,51.503,155.628,214.591
221.998,55.921,160.088,207.831
216.834,58.631,161.133,199.976
213.745,61.421,165.271,193.389
220.909,61.070,166.825,186.897
229.979,63.043,170.492,181.781
232.588,63.293,171.427,174.488
235.464,63.840,170.555,168.197
248.488,64.095,167.882,162.898
250.230,63.867,164.439,158.682
245.419,65.672,162.438,155.051
238.314,65.314,161.545,152.995
236.458,65.286,158.787,152.674
236.986,64.566,156.693,153.471
249.530,62.974,150.736,154.486
272.541,58.947,141.519,154.476
284.570,60.157,135.062,156.770
293.305,56.981,129.069,159.782
306.007,55.821,125.786,163.513
304.217,56.916,124.833,166.706
298.540,58.512,126.461,170.675
299.360,61.228,124.982,173.747
296.615,68.054,123.276,175.363
298.524,74.584,121.919,175.876
304.030,83.270,120.480,174.164
317.236,93.556,121.000,173.682
330.120,105.172,124.055,173.894
345.396,117.320,130.727,173.162
351.141,129.261,135.771,169.590
355.270,138.654,139.025,164.934
355.876,147.742,142.306,159.929
346.504,154.984,144.189,154.860
338.581,161.152,144.045,149.588
325.299,166.710,145.185,143.812
321.415,171.298,144.928,139.222
317.882,176.458,143.816,134.096
315.102,181.556,140.519,129.455
321.774,185.027,136.948,124.961
327.365,190.249,134.556,121.114
333.943,194.648,130.791,118.310
339.638,198.591,127.963,116.743
338.827,203.005,127.407,116.308
331.921,201.600,126.202,115.886
331.643,196.005,123.080,116.436
322.275,188.855,117.836,118.423
312.336,182.295,115.135,121.474
302.011,175.434,112.433,124.825
295.330,168.690,111.308,129.459
281.258,161.164,110.764,134.475
283.293,154.731,110.127,138.862
275.678,149.963,110.463,142.458
275.253,144.659,108.208,146.088
275.437,140.757,109.323,149.037
269.587,135.198,110.334,152.160
266.265,128.765,108.673,153.534
259.739,127.145,107.815,155.654
253.580,125.925,108.490,157.022
250.584,122.888,110.645,155.034
240.364,123.595,111.941,151.532
229.653,124.603,113.223,147.365
226.940,128.578,114.423,142.606
217.336,128.425,115.602,138.626
217.464,128.151,115.444,135.171
218.703,126.575,113.619,131.341
220.661,126.815,114.189,128.434
220.539,126.564,117.227,125.990
217.323,124.768,120.431,123.016
216.967,123.424,122.287,120.587
220.050,122.086,120.635,117.875
221.909,120.363,117.912,115.295
225.343,119.754,115.748,113.169
238.190,119.961,112.184,111.513
244.367,116.909,108.280,110.887
256.753,115.375,103.430,110.218
270.819,113.976,98.143,110.401
283.451,108.976,94.253,110.804
299.641,104.154,88.578,111.874
311.718,101.121,85.259,114.476
322.366,97.007,83.983,118.010
333.180,90.907,82.928,121.282
341.644,84.173,83.390,125.268
345.107,79.331,86.831,128.767
345.988,73.109,88.850,131.314
341.973,70.311,89.868,133.863
332.651,69.103,89.299,134.372
319.158,67.803,90.870,134.822
307.998,65.598,93.178,132.869
301.870,63.817,97.084,130.995
302.138,65.847,99.006,127.472
305.686,64.554,100.897,123.585
310.270,64.230,100.836,119.670
318.951,64.472,103.278,115.652
322.914,64.262,105.739,112.168
323.465,65.311,109.843,108.738
323.293,66.011,113.369,105.836
320.794,65.490,116.493,103.790
319.979,65.750,117.921,101.388
317.297,67.797,117.958,99.136
316.469,70.827,119.169,97.883
313.161,73.913,119.197,96.368
307.365,78.951,118.698,95.798
302.688,88.584,116.617,94.596
298.423,95.260,113.450,94.721
298.464,99.898,109.502,94.362
292.871,102.728,102.033,95.822
292.283,107.729,92.415,97.982
293.844,110.527,86.481,100.174
300.522,111.942,83.346,103.339
304.414,113.896,81.933,105.800
307.904,118.285,83.331,108.704
312.491,119.345,82.523,111.350
317.122,123.315,81.850,112.710
323.109,128.697,80.528,113.507
327.668,133.576,78.836,113.246
327.572,139.152,79.442,114.373
328.218,141.249,80.041,114.581
328.038,145.101,79.815,113.535
327.960,144.782,80.979,112.719
324.299,147.251,82.058,109.088
325.741,146.846,83.753,106.385
327.022,146.011,84.434,103.988
327.329,146.006,84.804,101.920
326.196,144.336,85.808,98.885
327.236,144.118,85.851,95.895
326.814,145.075,86.828,92.385
321.136,144.132,86.460,89.424
315.196,143.465,86.940,87.721
308.063,143.409,86.682,85.781
302.345,136.680,86.712,85.294
299.454,130.563,86.593,85.077
295.921,127.753,87.289,84.621
293.080,125.427,87.565,84.000
291.782,122.059,84.812,83.927
292.447,120.346,80.438,83.586
294.844,121.009,76.648,84.961
296.192,118.038,73.299,85.572
296.432,115.410,70.436,87.148
300.435,114.325,67.944,88.872
305.638,112.074,67.054,90.662
312.242,109.222,65.561,93.455
316.990,109.470,65.163,95.308
323.061,108.933,65.825,97.137
330.695,111.282,67.156,98.068
340.223,114.598,68.632,99.165
349.303,115.759,67.563,100.020
353.759,121.874,66.717,100.654
357.325,129.708,66.174,101.094
356.760,137.758,66.342,100.843
359.383,143.323,66.349,99.756
360.499,150.569,66.592,98.699
363.724,158.338,67.964,96.960
365.731,166.433,69.626,95.137
367.084,172.272,72.384,92.843
369.937,178.796,73.610,90.184
372.048,183.459,75.341,87.894
372.183,188.247,76.939,85.790
372.153,194.334,77.728,83.109
368.880,199.160,78.780,81.229
367.174,202.360,80.290,80.173
365.102,206.665,81.422,78.225
363.063,208.350,81.293,76.278
358.407,210.097,80.578,75.264
354.138,210.235,78.890,74.204
351.554,207.979,77.794,73.619
342.755,204.579,74.698,73.407
337.906,201.268,71.674,73.700
332.163,198.031,72.230,74.402
325.358,192.296,71.559,75.783
318.814,186.658,69.408,77.301
310.117,180.841,69.417,79.920
307.637,177.679,67.294,82.728
305.304,174.375,65.600,84.467
300.259,172.923,65.693,85.347
298.681,172.396,64.253,86.030
301.397,173.423,63.081,86.029
302.647,174.702,62.110,86.219
304.058,176.807,61.426,86.305
304.345,179.679,61.502,86.152
304.828,181.133,62.391,85.591
304.764,183.529,63.903,84.171
306.717,185.921,64.518,82.732
310.346,187.746,64.271,81.264
313.185,189.339,64.437,79.730
317.102,190.264,64.492,77.957
320.151,191.114,65.071,76.057
323.808,190.617,64.919,74.655
324.819,190.817,65.650,73.601
329.866,190.744,65.305,72.200
331.541,189.501,65.207,71.149
332.153,188.403,65.017,70.429
325.031,184.918,64.070,70.000
317.334,180.222,63.084,69.487
311.676,176.331,61.442,69.748
306.207,172.334,60.373,70.033
302.998,167.733,60.152,69.538
299.828,163.336,60.485,68.843
300.141,159.600,59.649,69.040
303.388,154.391,58.023,67.883
306.670,150.326,55.781,67.157
307.089,148.062,53.257,65.924
305.429,147.819,51.937,67.381
304.098,146.243,51.695,70.385
301.335,143.381,51.080,72.679
292.231,141.287,50.914,74.660
283.684,140.094,51.410,76.873
277.207,140.469,52.482,78.414
272.391,140.365,52.947,79.610
271.286,141.432,53.406,80.330
270.652,142.786,53.351,80.603
272.180,143.877,54.044,80.386
274.278,144.323,55.076,80.055
279.739,145.625,55.914,78.752
285.225,146.794,56.847,77.092
291.778,148.429,57.087,74.675
298.321,150.615,57.188,71.926
303.233,153.265,58.379,70.201
308.944,153.439,58.066,67.821
315.136,154.781,58.833,65.610
319.970,157.964,59.579,64.452
323.957,158.353,61.090,62.798
326.134,159.963,62.182,61.788
328.235,161.386,62.569,60.947
330.201,161.934,62.631,60.201
331.986,162.081,62.632,59.437
331.812,162.295,61.742,58.386
333.331,162.722,61.271,58.024
330.223,159.784,59.571,57.045
330.509,159.929,57.868,56.984
330.270,157.380,55.519,56.771
329.970,156.882,54.400,57.780
327.123,155.162,54.415,59.347
324.366,151.765,54.187,61.186
319.472,149.204,54.615,63.042
318.215,147.520,53.950,65.032
317.263,146.311,52.408,67.114
316.877,145.981,50.886,68.588
316.280,145.609,50.086,69.485
314.885,146.482,50.129,69.902
312.488,147.380,50.242,70.578
310.594,149.522,51.624,71.126
309.338,150.946,52.416,71.483
308.150,152.687,53.070,70.855
308.587,155.330,53.622,69.687
309.630,158.831,53.948,68.226
310.587,161.750,53.995,66.573
312.397,164.702,54.283,65.252
314.105,166.765,54.706,63.953
315.885,168.986,55.051,62.559
319.475,170.494,54.916,61.184
324.989,172.829,54.073,59.732
330.961,174.711,52.254,58.049
334.642,176.283,51.282,56.882
338.768,178.238,50.404,55.776
342.409,178.742,49.171,54.992
340.675,179.407,48.357,53.974
334.414,180.132,47.523,53.575
330.280,180.024,46.941,53.515
329.099,180.095,46.313,53.473
329.496,179.341,46.186,54.197
330.045,177.561,45.901,55.385
332.258,175.666,45.658,57.161
335.739,174.170,45.495,59.318
339.322,171.264,45.161,61.979
343.170,168.691,45.316,64.201
346.460,167.007,45.761,65.749
348.843,165.703,45.937,66.899
350.356,165.281,45.963,67.591
347.232,164.845,44.828,67.947
345.525,164.561,44.207,67.529
344.983,165.766,44.903,66.871
344.534,166.456,45.997,66.437
344.951,168.428,47.730,66.091
344.343,170.584,48.892,65.394
343.485,172.629,48.919,63.870
343.921,175.010,48.889,61.726
343.519,176.926,48.226,59.413
344.026,177.763,47.882,57.118
341.919,178.605,47.193,54.921
340.885,179.548,46.483,53.147
339.731,180.519,46.898,51.753
337.194,180.639,46.912,50.607
332.789,180.910,46.711,49.527
328.344,179.983,46.260,48.859
324.109,178.736,45.814,48.675
322.111,176.951,46.553,48.486
318.107,175.533,46.972,48.223
313.193,174.490,47.381,48.439
307.268,172.608,47.770,49.332
303.323,170.243,47.366,50.586
298.323,167.873,46.923,52.292
294.798,164.984,45.418,54.635
293.576,161.934,43.681,57.082
292.769,160.180,42.909,58.586
291.156,158.014,42.477,59.995
289.811,156.535,41.904,61.130
288.412,156.562,41.724,61.747
286.064,155.809,42.281,62.493
286.474,155.516,43.076,63.070
286.728,156.062,43.819,63.732
286.727,154.879,44.952,63.539
287.959,155.174,46.101,62.237
288.239,154.865,47.242,60.598
289.244,154.862,48.283,59.113
289.477,153.727,49.055,57.410
289.088,151.472,49.688,56.172
289.812,149.171,50.022,54.892
290.773,146.815,50.016,53.698
292.841,143.897,49.489,52.643
294.897,141.843,48.994,51.512
297.662,139.565,48.122,50.462
301.044,137.785,46.954,49.511
303.923,136.201,45.792,48.912
308.093,134.477,44.420,47.996
311.203,133.461,43.285,47.497
315.116,132.264,42.356,47.128
320.161,130.718,41.409,46.870
324.215,129.360,40.588,46.515
327.438,128.679,40.174,46.130
331.033,128.034,39.751,45.710
332.806,127.094,39.354,45.425
332.837,125.527,38.967,45.069
329.180,123.864,38.624,45.046
327.735,122.970,38.064,44.755
326.325,123.571,37.525,44.480
325.740,124.147,37.029,43.889
325.678,124.270,36.510,43.308
326.765,123.908,35.999,42.951
328.630,123.969,35.392,42.567
332.557,123.980,34.350,42.007
336.171,124.795,33.270,41.689
339.871,125.094,32.108,41.577
347.256,124.721,31.439,41.655
350.858,125.212,31.033,41.726
357.125,125.834,30.653,41.719
361.368,124.677,30.615,42.074
360.658,125.832,30.266,42.246
357.724,125.969,29.759,42.460
352.158,126.961,29.406,42.587
346.805,127.640,29.429,42.664
341.369,127.429,28.948,42.920
337.956,127.443,29.464,43.483
332.191,126.770,30.311,44.298
327.022,126.906,30.499,44.938
