405.000,256.000,122.000,148.000
406.105,252.729,120.654,149.543
407.797,250.074,120.136,151.157
410.844,247.020,120.872,150.926
414.137,243.231,121.564,153.338
416.996,238.131,121.861,152.747
420.247,233.889,122.822,154.323
421.642,229.066,123.597,153.347
419.718,223.847,124.820,153.332
413.937,220.030,124.431,152.825
406.327,214.914,124.440,150.402
397.382,209.211,125.179,150.563
389.656,199.985,126.389,151.207
383.242,189.712,126.326,151.885
371.696,182.927,127.201,152.691
362.959,178.871,126.904,152.657
353.214,177.401,127.462,153.055
345.530,176.207,126.788,153.465
338.245,178.154,126.441,153.401
334.718,177.839,125.517,153.332
330.304,178.254,124.759,152.985
324.639,178.810,123.756,153.484
321.205,179.524,122.949,154.211
319.373,177.902,122.149,153.607
313.214,177.297,121.356,152.235
305.871,176.133,120.530,150.453
299.463,174.025,119.600,150.086
292.584,170.268,118.167,148.959
281.392,164.918,117.534,148.366
274.535,161.142,115.886,148.669
271.440,155.033,113.843,148.351
270.874,141.839,113.482,148.956
270.931,128.137,112.384,147.476
272.018,120.965,112.392,145.598
275.893,104.491,111.484,142.456
282.737,95.450,110.379,139.196
289.207,88.217,109.367,137.165
294.328,82.046,108.591,135.321
301.410,67.738,107.532,134.942
309.737,60.958,105.320,134.501
314.550,57.711,104.634,134.529
312.917,57.111,104.051,136.364
311.231,58.117,103.515,136.344
309.612,61.798,103.359,135.786
306.377,65.958,102.808,135.385
303.477,71.374,102.590,134.860
300.320,75.775,101.904,133.832
295.385,81.135,101.195,133.530
290.464,85.863,100.682,132.457
285.244,90.271,100.447,131.827
278.018,95.257,100.117,131.975
269.592,98.314,100.431,132.165
263.588,100.654,100.185,132.498
259.924,104.223,100.157,132.191
258.293,105.166,100.039,132.499
257.887,108.224,100.451,132.929
257.627,109.043,100.947,131.871
256.252,109.296,100.684,131.682
254.662,107.748,100.725,132.427
254.008,107.055,100.781,132.462
252.991,108.263,100.703,133.021
252.691,109.779,100.552,133.282
251.562,109.892,100.746,133.749
250.114,109.112,101.231,133.698
250.521,107.138,102.208,133.079
252.707,104.537,102.818,132.267
255.205,102.114,103.098,131.261
254.924,100.380,103.462,132.373
255.780,97.041,103.459,132.222
255.108,94.537,103.757,132.549
254.383,91.881,104.192,133.097
254.879,89.725,104.295,133.539
255.654,88.115,104.399,133.291
256.539,87.695,104.012,133.416
257.270,87.714,103.576,133.092
257.676,87.547,103.759,133.169
258.271,86.893,103.683,133.324
258.866,86.427,104.070,133.906
260.590,85.864,104.090,133.080
262.657,86.175,103.595,132.828
264.157,86.817,103.232,133.386
266.308,85.536,103.203,132.800
270.105,85.809,103.414,132.976
274.472,85.865,103.840,133.469
280.581,85.426,103.903,132.936
288.422,85.566,103.475,132.057
293.190,86.784,103.963,133.055
297.135,85.842,104.563,132.641
302.436,85.655,104.822,132.937
307.777,83.734,104.823,132.737
311.281,81.693,104.761,132.943
314.043,78.750,104.822,133.129
316.716,75.680,104.840,132.464
317.823,73.264,104.846,133.948
318.365,69.624,105.388,134.480
317.360,67.577,106.040,136.143
318.593,66.549,106.502,137.476
321.769,65.746,106.596,137.136
324.478,68.296,106.696,137.317
326.334,71.582,107.006,138.093
327.321,73.975,107.477,139.089
323.367,78.894,107.967,140.919
320.693,83.755,108.577,141.838
318.998,92.474,109.256,141.074
314.282,99.319,110.092,141.084
307.051,107.126,111.591,141.160
299.587,119.363,112.126,140.503
293.236,132.826,112.228,141.427
286.560,143.733,112.860,141.919
279.795,152.849,113.676,142.728
273.639,161.676,113.682,142.697
269.155,170.297,114.357,144.590
264.887,178.573,114.396,144.748
255.202,187.406,114.515,145.954
245.871,194.805,114.980,146.324
239.295,202.142,114.358,146.014
231.828,209.431,114.582,146.339
225.733,215.876,114.636,147.446
221.241,222.190,114.943,148.466
215.941,225.981,115.330,151.594
214.092,227.806,115.347,154.020
211.615,231.867,115.687,155.178
211.972,231.378,116.709,154.370
214.935,230.273,117.880,155.850
222.118,230.490,118.282,156.073
225.091,230.256,119.420,156.762
227.692,232.596,119.619,158.579
234.199,232.949,120.105,159.215
241.781,233.156,119.709,160.165
251.069,234.688,119.863,160.328
260.727,240.579,119.944,160.511
270.191,243.080,119.922,161.453
276.872,245.966,120.810,163.064
286.100,248.954,121.187,163.151
295.348,249.404,121.848,163.955
302.820,246.457,122.226,162.681
308.383,239.195,123.787,161.424
313.575,233.991,125.332,162.120
318.075,229.431,126.612,163.613
320.281,222.635,127.191,163.637
317.883,216.342,127.436,164.932
315.619,210.002,127.379,165.334
311.873,204.878,127.273,165.773
300.727,201.917,126.355,167.844
288.165,197.264,126.303,167.379
277.403,194.588,125.621,167.205
267.022,191.908,125.036,167.630
252.413,187.510,126.331,167.133
235.908,184.361,127.257,167.666
220.894,181.492,127.459,166.852
210.767,179.360,126.131,166.947
199.248,175.176,124.602,164.607
181.709,169.837,125.551,164.595
167.503,165.211,126.499,164.131
159.296,161.424,126.115,163.587
158.280,155.209,126.698,163.156
161.214,148.168,125.903,161.370
162.958,141.580,126.131,160.557
162.778,138.365,126.011,159.847
163.968,137.450,125.926,161.055
168.485,134.627,125.597,159.213
172.553,132.879,125.197,157.951
177.402,130.411,123.994,157.029
183.600,127.288,122.744,156.324
186.411,124.756,121.945,154.503
188.174,123.674,121.052,154.602
189.804,121.942,120.185,154.205
191.491,120.419,119.472,153.738
193.270,120.455,118.528,153.517
194.817,121.331,117.859,153.045
197.779,121.993,116.468,150.800
204.248,126.454,115.160,148.805
213.028,133.201,113.608,146.867
218.152,138.530,112.826,144.949
223.175,143.720,111.897,143.822
231.373,147.052,110.514,142.355
238.199,149.071,109.440,142.077
241.539,149.127,108.840,141.199
244.416,147.594,108.225,140.030
246.659,145.713,107.643,138.561
247.223,143.197,107.176,137.381
247.051,138.014,106.271,135.831
245.079,132.470,105.491,134.884
242.896,125.877,104.840,133.703
242.195,118.012,104.522,132.534
242.196,106.566,104.353,133.387
243.445,93.860,104.061,132.381
244.732,82.522,103.148,131.437
243.304,72.502,102.557,130.597
242.859,61.433,102.019,129.828
242.864,51.748,101.796,129.474
245.057,43.909,100.995,127.422
252.608,37.463,98.998,125.818
267.378,33.228,98.205,125.179
280.808,33.357,97.640,125.920
295.252,40.691,96.754,124.106
308.848,46.623,96.216,124.006
321.738,54.710,95.503,122.488
334.419,59.787,95.438,121.311
346.435,65.279,95.108,118.561
356.925,71.894,95.155,116.704
367.107,77.853,95.062,114.443
373.637,84.761,94.673,112.745
379.972,91.226,94.389,110.572
384.489,98.033,94.222,109.606
387.609,105.169,93.679,108.103
387.992,114.025,93.555,109.073
386.232,121.566,93.741,108.716
381.288,128.727,92.492,107.393
372.303,135.744,91.784,107.050
363.418,141.216,90.785,106.535
353.798,144.808,90.132,106.646
343.844,147.214,89.332,106.150
334.816,150.119,89.254,106.355
328.556,151.138,88.782,106.392
320.082,153.236,88.587,106.269
311.575,156.038,88.223,105.517
300.875,160.099,88.125,106.394
289.562,163.208,88.109,107.041
278.605,164.280,88.055,107.136
268.053,164.641,88.441,109.733
257.397,164.397,88.908,111.544
247.353,164.340,88.842,112.122
238.057,169.894,89.127,112.376
227.671,175.325,89.325,112.799
213.927,180.998,90.186,113.617
202.592,188.285,90.494,115.125
193.830,195.478,90.503,116.016
184.729,202.009,91.108,117.419
175.833,208.688,91.051,117.662
165.304,215.848,92.258,118.386
153.690,222.391,93.739,119.914
144.673,224.635,94.595,121.247
137.339,225.629,95.337,123.517
131.722,225.925,95.491,124.426
126.816,225.863,95.900,125.408
123.266,225.468,96.329,125.954
121.559,224.488,96.726,126.115
120.832,222.100,97.039,126.723
121.693,218.215,97.918,127.029
123.967,214.619,98.836,127.280
125.921,212.655,99.539,127.757
129.112,212.621,100.222,128.304
133.437,212.343,100.656,128.554
139.459,212.428,99.883,129.168
147.220,212.371,99.845,130.662
151.616,212.205,100.996,132.067
155.757,211.710,101.786,133.782
160.558,211.293,103.117,135.164
164.429,212.282,103.804,136.937
165.418,216.526,104.851,138.862
165.798,217.709,106.109,141.637
166.107,218.924,107.988,144.700
165.129,218.976,109.966,147.708
163.261,218.309,111.604,149.174
162.143,218.668,114.215,152.596
162.588,217.680,116.516,154.196
162.117,216.113,118.733,155.228
160.405,216.210,120.078,158.522
159.515,215.199,122.490,161.352
159.816,214.074,123.526,162.092
162.011,213.681,124.426,164.637
163.509,211.717,125.806,166.828
163.986,209.689,127.133,168.963
165.479,206.295,129.215,170.513
166.744,202.276,130.605,172.905
167.903,197.753,132.340,175.057
169.044,191.541,133.920,176.377
168.268,187.242,135.502,178.035
171.209,184.274,137.006,180.398
174.172,178.847,139.324,180.969
175.272,171.548,140.997,180.736
176.353,166.160,142.646,181.736
177.016,160.117,144.531,182.450
182.956,153.163,145.698,182.603
192.394,145.171,145.023,180.888
197.003,140.731,144.683,180.303
200.795,139.288,144.796,182.692
206.543,136.783,144.432,182.212
212.741,135.480,144.080,182.147
215.783,133.858,143.269,181.481
219.694,133.347,142.999,179.953
223.498,133.666,142.320,179.513
225.527,135.066,141.451,178.108
225.381,134.365,139.628,177.292
226.503,133.790,138.182,176.798
229.027,131.926,137.149,175.818
230.453,132.721,136.538,174.030
231.835,133.382,135.352,172.339
232.553,135.485,135.072,170.543
233.424,136.871,134.497,168.990
235.251,137.549,133.837,168.059
234.832,136.625,133.706,167.981
230.324,138.013,133.755,168.158
225.931,139.560,133.607,167.861
221.927,139.542,132.923,168.152
219.995,137.700,133.267,169.309
220.555,137.608,133.542,169.670
221.183,141.121,133.376,170.502
220.417,149.648,133.271,170.226
218.598,150.766,133.157,173.464
218.054,156.191,134.214,174.065
218.587,156.885,135.943,174.803
221.009,158.509,136.808,175.223
224.182,161.757,138.348,176.858
225.955,164.859,140.652,178.448
226.952,169.369,143.609,182.308
228.684,169.900,146.136,185.743
229.440,169.288,148.035,188.695
229.593,168.351,150.151,192.255
229.648,165.394,153.664,195.886
231.186,163.840,156.256,199.567
231.742,162.318,158.775,202.026
231.321,159.810,160.463,205.264
230.522,155.923,162.841,208.722
232.750,149.635,166.310,212.735
243.629,144.694,168.856,216.094
248.344,145.760,170.824,217.204
252.187,146.473,173.726,217.343
253.822,146.287,176.545,221.324
263.148,144.909,179.724,224.782
271.445,148.790,181.449,226.026
276.081,159.148,183.908,226.825
275.893,162.848,184.562,226.133
278.429,171.000,186.324,227.198
278.786,170.651,187.225,231.768
278.631,170.811,187.670,235.730
275.265,168.955,189.099,237.500
270.195,171.664,190.227,235.141
263.046,173.921,193.398,233.057
261.179,176.027,193.436,231.472
257.290,178.163,195.018,231.414
256.250,178.505,194.392,232.693
258.222,178.295,193.003,231.815
259.286,176.262,191.882,231.331
259.900,170.154,190.142,232.511
265.462,165.186,188.058,232.823
269.311,159.918,186.685,230.794
270.257,155.850,184.788,231.267
272.845,151.850,182.928,230.028
275.248,148.249,180.197,229.477
277.111,144.943,178.117,228.638
276.641,140.139,176.226,225.873
274.572,135.064,174.761,223.750
270.078,130.444,172.377,222.161
265.299,126.163,170.924,221.247
262.827,119.554,167.340,219.662
263.648,113.149,165.852,218.584
264.614,108.212,164.838,218.076
265.969,107.229,164.635,215.573
269.075,107.185,162.926,214.096
271.278,109.677,162.523,209.957
273.921,113.267,162.177,206.489
280.424,119.493,159.384,204.742
280.109,125.137,157.348,204.833
282.405,132.439,155.570,203.520
281.440,140.986,153.832,202.532
278.758,149.757,152.220,201.388
274.962,154.408,150.256,200.127
265.614,160.871,151.277,198.984
254.796,164.945,150.520,198.642
231.640,166.384,150.406,199.467
211.377,164.644,151.207,198.783
193.587,167.609,150.539,198.555
184.487,166.180,148.691,198.355
175.329,164.632,147.479,198.841
162.480,161.892,147.288,199.456
155.375,159.674,145.970,198.033
149.683,156.692,144.807,196.455
147.926,153.545,143.401,193.800
142.637,152.529,142.502,192.261
138.894,151.529,140.833,189.921
139.565,150.156,138.599,188.715
139.838,150.023,136.575,187.511
133.364,146.159,134.369,185.774
129.055,140.300,132.063,182.521
126.032,137.400,130.716,179.997
121.610,132.761,129.336,178.096
116.896,130.556,126.969,176.387
117.883,130.663,125.923,174.016
116.340,127.062,123.569,171.416
116.164,125.835,122.109,166.983
116.505,124.417,121.119,163.164
123.847,125.875,118.857,156.540
130.588,130.928,113.975,147.899
137.655,126.997,111.055,144.777
146.947,132.222,109.803,143.140
159.235,131.927,108.246,141.580
169.858,139.543,107.603,138.095
182.769,144.019,106.883,135.191
193.894,147.865,106.916,133.507
204.240,150.353,106.329,132.922
213.063,151.592,105.305,131.855
223.469,153.731,104.655,131.021
234.137,156.113,103.502,129.056
242.767,154.041,101.426,128.362
246.587,153.958,102.582,128.593
255.166,153.018,101.239,127.970
262.251,154.976,100.204,126.752
271.228,156.974,99.745,126.193
280.845,157.538,101.427,125.895
292.829,158.512,102.395,126.410
305.771,159.832,102.744,125.644
317.870,159.663,101.264,124.942
330.934,161.808,100.270,122.907
342.023,156.942,99.367,122.802
353.398,155.412,99.727,123.544
363.248,151.329,99.669,124.873
376.617,149.797,98.936,123.531
386.404,149.336,97.308,121.722
396.210,148.924,98.579,122.076
404.854,150.199,97.623,120.409
409.750,147.360,98.116,119.299
414.582,148.095,97.638,119.841
418.245,146.642,99.219,121.051
419.897,144.816,100.219,124.031
419.321,142.243,102.152,127.988
418.890,141.990,103.592,130.014
415.758,142.562,104.996,130.188
408.979,140.857,104.598,132.039
405.549,142.625,102.956,131.717
404.980,144.458,102.282,132.608
399.893,146.411,101.456,132.110
393.688,145.753,102.462,132.717
388.386,147.329,102.726,132.320
383.420,148.282,102.960,132.382
375.084,147.353,102.748,132.799
366.500,149.704,101.934,131.480
359.520,150.201,102.398,131.801
354.327,151.559,102.392,131.983
349.454,153.675,101.926,131.499
344.372,155.777,102.558,132.086
340.366,156.992,102.185,133.211
335.065,157.780,102.749,134.548
330.222,156.944,102.986,135.977
324.337,158.568,103.586,135.643
318.841,156.125,103.819,135.657
312.272,153.704,103.763,135.749
305.248,150.728,104.795,136.277
302.431,146.597,103.495,136.295
297.296,143.522,104.833,136.819
296.778,137.464,103.260,135.830
289.626,134.286,104.948,137.221
284.186,128.637,106.884,137.297
279.789,123.741,109.089,139.449
271.832,118.358,112.687,141.496
268.436,114.004,116.081,142.744
264.285,111.065,118.882,143.284
260.527,111.844,121.070,143.316
262.092,110.717,122.416,144.389
263.400,109.412,123.790,144.090
262.573,109.304,126.229,146.077
268.638,108.856,125.251,145.876
272.798,108.876,125.815,144.621
272.670,113.314,128.021,145.638
274.201,115.008,129.536,146.397
273.288,116.310,130.590,147.088
274.613,114.946,131.669,149.133
280.350,110.650,130.479,149.837
286.016,112.076,130.017,150.409
288.159,110.429,131.387,150.500
286.990,111.461,133.196,150.507
284.621,113.599,132.792,149.519
282.501,115.958,133.089,149.991
280.479,115.319,133.556,150.604
277.781,116.492,134.130,152.048
271.947,116.345,133.373,152.050
265.102,119.030,134.700,151.872
261.029,120.125,135.385,152.719
256.003,121.151,135.796,153.381
250.757,121.884,135.545,154.465
245.559,121.513,134.966,155.706
242.537,118.639,134.511,154.781
237.816,120.157,135.816,154.856
233.915,120.579,136.583,156.328
230.986,121.166,137.000,157.365
228.272,122.670,138.261,157.714
227.638,123.906,139.487,159.325
229.765,124.266,139.597,159.436
232.356,126.274,139.867,158.916
235.377,127.230,140.317,158.461
239.903,128.408,140.342,158.604
243.712,127.470,140.601,158.787
247.722,129.548,141.614,159.118
251.511,129.388,142.912,160.493
253.610,128.021,144.277,159.604
257.081,125.285,144.971,159.839
257.989,123.075,147.624,159.748
259.640,120.890,148.605,159.262
257.187,118.688,150.652,158.211
254.537,117.325,153.425,159.316
253.213,116.409,155.537,158.514
250.789,117.673,157.204,160.447
249.150,118.886,158.947,161.770
241.424,119.773,161.989,165.270
231.463,119.510,162.979,168.408
220.782,122.348,165.416,169.593
213.294,127.730,166.538,167.826
202.306,129.608,167.676,168.517
196.487,131.715,170.156,170.386
192.828,136.255,170.627,169.758
187.627,136.373,170.516,172.071
183.622,143.646,170.448,170.642
182.377,145.916,170.776,170.211
180.947,147.213,171.435,171.405
179.020,150.982,171.286,169.881
177.689,151.817,170.738,168.827
178.607,153.668,170.173,167.954
178.490,155.778,169.117,168.059
177.423,155.734,168.765,167.206
175.586,155.950,168.809,167.145
173.491,156.159,168.602,166.572
171.786,156.391,168.446,166.245
169.788,156.233,168.212,166.357
166.782,157.483,168.401,167.357
164.838,158.240,168.742,167.390
162.147,159.681,168.904,167.714
159.869,158.371,169.456,167.253
158.735,159.637,169.621,167.807
157.599,161.858,170.002,168.580
156.566,163.404,170.521,168.620
157.369,164.508,170.591,168.732
158.034,164.720,171.212,168.688
159.735,165.280,170.900,168.064
161.164,165.451,170.115,167.425
163.299,168.013,169.953,167.826
166.315,167.615,169.425,168.552
167.988,168.670,169.198,168.290
168.462,168.863,169.205,168.374
170.022,168.434,169.748,167.676
171.214,168.384,170.368,168.610
171.980,169.099,170.528,168.342
172.009,167.158,171.521,168.513
172.799,168.498,170.992,167.748
172.467,169.668,170.638,167.286
170.989,170.990,171.141,168.085
169.109,171.889,171.038,168.612
167.245,172.340,171.126,168.889
165.284,171.904,171.876,168.223
163.678,171.297,171.730,168.663
161.541,171.432,171.791,169.540
160.502,171.007,171.209,169.576
159.074,171.021,170.970,170.673
156.684,169.123,170.626,169.018
155.352,166.834,171.304,168.051
155.376,167.971,171.689,168.668
154.544,165.721,171.026,168.311
154.489,164.023,169.895,168.237
156.331,164.931,168.845,168.415
157.556,164.262,168.115,168.013
158.636,163.020,167.277,167.535
158.164,162.563,166.438,165.347
158.962,163.496,166.225,165.381
157.067,159.992,164.623,162.516
156.249,159.643,163.105,161.760
158.293,159.288,163.916,162.461
156.996,157.611,163.412,162.451
154.553,154.043,160.468,159.500
158.680,155.123,161.591,160.113
157.482,155.391,161.658,160.167
157.914,154.369,161.214,159.474
158.072,154.971,160.344,158.404
160.113,155.857,161.316,158.688
163.055,159.741,161.701,160.658
161.769,161.074,160.050,161.079
166.544,162.698,160.140,162.404
169.121,166.507,160.454,162.556
172.724,166.764,160.170,163.345
174.391,166.064,158.782,162.667
178.546,167.442,159.513,163.541
177.851,167.954,158.208,162.899
180.827,168.771,159.440,164.497
180.045,168.354,157.918,164.563
182.288,169.185,159.315,166.039
181.812,168.126,160.200,166.774
181.599,170.718,161.219,168.506
180.576,173.194,161.977,169.871
179.099,174.489,162.353,170.118
177.606,176.144,162.569,170.221
176.050,178.221,162.661,170.360
174.302,180.449,162.360,170.752
171.835,178.560,160.802,167.715
170.525,182.032,160.348,166.476
170.103,182.088,159.085,164.516
168.092,181.638,158.084,162.794
168.358,182.678,158.418,162.727
166.478,181.281,156.836,160.543
165.984,182.164,158.346,161.460
164.644,181.419,158.634,161.457
164.550,182.085,159.310,161.984
163.504,182.508,159.744,163.619
159.655,181.470,159.672,162.679
158.123,181.783,159.457,163.367
155.477,182.338,158.775,162.828
152.195,180.273,157.661,160.901
149.805,180.252,158.214,160.118
148.329,180.379,158.323,159.735
147.589,180.756,158.545,159.793
144.507,179.599,156.681,158.199
143.225,182.743,157.112,159.008
140.657,183.170,156.863,159.321
138.158,186.689,157.735,160.740
136.106,188.302,159.060,161.447
133.551,188.016,158.284,160.356
139.548,188.575,155.859,158.339
150.636,192.718,154.098,157.596
159.943,193.195,152.263,156.454
164.996,195.195,149.761,153.842
178.777,202.198,151.217,155.247
183.169,201.320,150.461,153.796
194.093,202.672,152.082,156.072
200.123,198.263,152.346,158.805
206.079,203.376,154.212,163.946
200.924,200.905,159.359,167.506
193.369,201.801,160.931,170.264
190.184,203.578,163.405,173.467
183.233,206.041,168.197,177.541
174.179,192.640,171.369,182.277
166.475,187.930,171.679,181.658
162.370,190.692,173.358,181.371
163.346,195.796,174.698,184.448
168.979,192.024,176.752,184.067
182.018,190.231,178.265,183.265
204.275,190.726,183.181,184.523
199.052,195.219,184.952,182.989
204.965,201.974,187.188,181.052
208.556,207.394,187.771,181.371
215.127,221.357,183.875,179.898
220.774,230.202,183.950,180.371
221.788,235.942,181.762,176.925
222.699,243.101,183.114,175.686
216.227,243.687,183.855,172.566
218.682,243.860,183.633,171.694
204.597,235.901,185.207,173.482
195.784,214.763,186.398,176.112
189.913,195.931,186.522,182.681
186.568,180.306,186.078,189.329
165.999,162.626,187.355,194.312
150.721,161.750,189.645,195.529
148.338,151.728,193.276,197.959
144.247,148.200,195.921,200.060
138.283,140.845,197.265,203.455
135.129,140.763,197.808,203.062
136.590,138.011,197.242,203.336
139.211,140.577,196.337,204.577
141.777,147.152,196.629,203.367
149.798,151.077,193.859,202.081
161.351,156.612,189.459,200.602
174.293,159.541,185.829,200.973
184.065,160.214,183.146,201.665
191.806,159.819,180.553,199.942
199.629,157.302,178.531,197.428
208.666,151.671,177.631,198.390
215.327,146.955,176.810,201.318
224.344,138.794,172.988,203.039
233.609,132.906,170.716,204.527
242.206,130.617,168.948,204.195
258.022,134.023,168.095,203.211
267.417,141.822,167.136,203.247
276.379,146.873,165.437,203.277
280.733,153.779,166.089,204.510
279.978,163.051,165.352,205.937
270.275,169.926,164.065,204.733
258.432,177.888,164.310,204.034
243.385,182.845,164.496,203.493
235.790,179.115,165.349,206.364
232.708,172.228,165.731,207.138
227.135,166.466,166.329,207.641
219.041,166.919,166.973,207.455
220.570,168.427,166.323,207.549
230.547,179.070,164.280,206.880
239.760,191.925,163.872,206.711
244.571,202.810,163.159,206.093
245.849,209.906,163.748,204.493
244.977,215.083,163.519,204.519
240.103,213.335,164.029,203.943
241.802,214.687,164.032,202.885
246.733,214.984,164.010,202.203
249.376,215.059,164.013,203.204
251.423,212.367,163.729,203.817
250.135,204.715,163.359,205.924
246.815,195.553,163.747,206.568
242.070,184.584,164.218,206.770
242.786,174.151,164.903,207.684
243.146,164.260,165.597,208.789
243.778,156.457,165.422,208.538
239.666,148.521,163.856,208.292
235.455,139.347,163.344,208.829
238.612,127.070,163.155,208.696
246.369,115.353,161.417,207.662
253.857,110.363,159.082,204.535
252.202,112.776,159.075,201.122
253.266,118.462,158.280,198.408
257.239,129.624,157.177,198.143
255.135,134.538,155.716,194.695
258.552,139.948,154.343,191.798
265.249,142.226,152.671,187.508
275.996,143.908,150.601,184.775
284.476,144.963,148.830,181.490
289.798,146.345,147.357,179.195
294.211,144.270,147.157,180.406
290.540,140.149,146.224,181.726
282.241,143.762,145.632,178.607
278.759,140.543,146.148,179.920
278.126,141.572,147.234,180.861
277.599,136.183,147.198,182.339
272.804,132.662,146.911,184.130
