51.000,53.000,87.000,290.000
53.390,54.961,85.120,288.758
56.018,58.160,84.028,285.303
58.796,59.097,83.467,284.090
61.686,59.879,82.480,284.330
64.542,59.733,81.905,283.950
67.526,60.252,80.727,284.537
71.481,60.934,81.301,282.705
73.825,61.231,82.471,280.989
76.871,62.623,82.301,277.863
79.538,62.048,81.858,278.524
82.434,61.346,81.355,278.455
86.348,60.666,81.099,278.097
88.987,61.810,82.339,276.459
92.374,61.855,82.457,276.774
95.996,62.279,82.439,277.034
98.155,62.091,81.375,277.260
101.641,63.233,80.729,274.726
104.940,64.021,80.156,273.987
107.475,65.468,80.820,271.404
110.179,66.532,80.096,270.018
113.506,68.029,80.677,267.047
116.279,68.542,80.094,265.778
119.062,68.472,79.121,264.168
122.216,67.393,80.497,265.436
123.043,67.814,79.553,265.112
125.453,68.057,80.260,263.910
127.143,68.255,80.919,262.712
128.401,68.537,83.531,262.107
129.760,68.310,86.162,261.975
132.499,68.434,86.019,258.612
135.115,68.164,84.336,261.798
137.558,66.828,84.914,262.730
137.995,66.995,89.421,261.602
136.439,66.054,96.084,266.008
136.527,66.020,97.011,264.488
140.162,64.602,94.071,266.605
142.482,65.605,93.110,264.537
145.858,68.909,89.292,260.324
151.499,68.727,87.618,258.121
151.023,69.316,88.731,255.171
155.093,70.528,89.338,254.316
158.181,69.701,85.990,251.419
166.895,72.579,80.183,247.199
172.242,75.480,74.067,243.503
175.925,75.578,70.186,243.774
176.721,76.140,68.689,242.656
179.485,76.716,66.423,242.255
179.506,77.261,68.028,240.338
180.314,77.909,68.464,238.296
181.788,77.804,71.206,235.755
182.154,77.621,71.765,234.645
184.778,80.278,72.553,230.921
185.760,78.988,75.268,230.030
184.536,76.820,81.054,234.567
186.045,74.119,79.605,235.884
186.680,78.850,79.435,234.323
188.942,76.166,81.180,233.767
191.708,74.596,78.615,233.696
193.142,76.436,77.183,232.886
195.116,86.437,77.087,225.159
198.317,85.988,76.187,221.919
200.866,85.473,73.642,221.647
203.817,85.870,71.838,219.698
203.289,83.998,71.507,222.490
206.071,84.476,69.995,222.682
210.152,85.227,66.180,222.757
212.984,88.440,62.143,221.419
216.008,86.275,59.593,220.744
219.514,86.018,57.130,218.932
220.213,86.945,55.311,216.325
219.390,85.648,56.731,217.474
219.227,85.563,55.860,217.954
221.181,87.299,56.410,217.738
223.165,85.715,55.671,218.469
224.523,84.708,54.984,219.479
223.824,84.265,55.981,217.814
228.180,87.129,55.058,217.006
229.379,88.242,54.351,216.044
233.136,89.258,52.266,215.563
232.895,92.719,53.242,210.935
235.693,95.329,53.098,209.106
236.653,95.631,53.329,205.006
236.767,96.904,52.162,201.575
240.351,95.845,50.290,201.302
241.848,90.332,49.188,202.735
242.820,90.132,48.491,204.447
244.164,90.374,48.728,204.348
244.628,89.878,49.359,205.168
246.494,91.245,50.279,201.526
247.132,88.138,49.998,201.811
244.928,86.018,51.508,204.344
246.728,85.219,50.679,204.587
246.752,84.742,51.842,205.882
247.492,84.957,53.209,208.027
248.867,86.618,53.658,208.165
250.527,84.003,53.177,209.422
249.064,84.392,53.773,211.201
251.377,83.996,53.844,210.143
252.521,86.164,54.538,208.559
251.991,85.516,55.205,208.877
253.775,87.217,55.523,208.271
254.894,88.878,55.713,205.534
257.146,87.188,54.846,205.268
257.458,91.951,55.835,203.810
260.526,90.038,54.879,203.244
263.078,92.129,53.350,200.326
263.458,92.644,53.225,199.858
264.706,91.828,52.935,201.963
265.241,95.641,53.004,200.983
265.761,96.777,53.246,200.006
267.727,102.745,52.359,197.043
267.597,98.304,51.793,197.018
269.269,91.680,51.506,198.583
271.589,97.095,49.938,193.376
272.593,99.107,48.234,190.740
272.087,96.782,49.260,189.512
271.698,99.518,50.044,186.338
270.902,100.923,51.328,184.838
272.073,100.440,50.429,182.651
272.405,98.695,49.699,181.481
271.870,98.996,49.698,179.565
271.854,98.620,49.453,177.985
272.236,101.679,49.090,175.821
272.327,100.539,50.264,173.678
272.478,99.113,50.144,173.969
272.086,98.224,49.586,173.853
272.136,97.910,49.710,172.829
272.503,97.553,49.517,175.979
272.793,95.686,50.808,174.931
272.527,98.307,50.451,175.732
272.537,94.530,49.784,175.723
273.361,91.928,48.313,177.329
274.608,93.068,47.295,182.063
274.854,89.843,46.894,184.348
275.428,89.924,47.095,184.885
275.968,89.630,47.392,185.651
277.281,89.238,47.441,186.259
278.989,87.105,46.845,185.824
277.920,86.019,47.779,186.175
280.145,87.214,47.555,183.638
280.292,86.469,47.964,182.637
282.218,85.934,47.278,182.450
282.895,86.004,47.998,183.384
284.617,86.509,47.991,181.670
286.924,85.475,47.776,180.990
287.240,84.370,47.485,180.257
289.852,85.411,46.154,180.227
291.917,85.503,44.994,180.555
293.457,87.183,44.481,179.768
295.185,87.909,43.686,178.482
296.337,87.730,43.060,178.020
298.241,88.752,43.728,176.304
300.224,89.468,42.435,175.096
300.992,90.866,42.475,171.864
301.609,90.264,43.150,170.714
302.490,91.345,43.116,169.489
303.164,92.697,44.837,168.504
302.722,92.016,45.412,168.474
301.914,92.546,49.373,167.577
301.402,92.045,50.494,167.280
301.462,92.052,49.641,168.297
302.177,88.712,53.131,169.492
302.421,89.347,51.668,168.822
302.753,90.510,48.827,166.903
302.261,94.079,47.867,164.323
303.719,93.618,46.686,164.707
305.503,93.404,46.104,165.689
305.563,91.918,45.868,164.455
306.734,92.214,44.291,164.914
306.763,91.626,43.500,164.478
308.069,91.055,42.541,165.136
309.491,89.832,41.199,165.025
309.917,91.209,40.790,162.679
310.452,91.444,41.139,161.914
311.308,91.384,40.970,161.155
311.929,91.296,40.495,162.515
313.262,90.571,40.035,162.799
313.895,90.412,40.295,162.967
314.598,90.687,40.393,161.375
315.953,91.792,40.022,160.219
316.670,92.591,39.771,159.141
317.169,93.566,39.644,157.702
317.761,94.136,39.157,155.903
317.521,94.779,39.408,154.804
318.330,94.812,38.889,153.413
318.595,95.067,39.352,152.598
319.764,94.973,39.014,151.832
321.022,95.769,38.127,151.662
321.455,95.677,38.942,151.766
321.729,95.744,39.611,151.404
322.550,95.337,39.410,152.039
323.102,95.767,39.031,150.939
323.713,96.229,38.861,150.082
324.474,96.615,38.131,148.893
324.968,97.344,37.851,147.870
325.861,98.203,38.598,146.002
326.743,98.991,38.434,144.320
327.537,99.895,37.838,143.225
328.318,100.822,37.294,142.373
328.640,101.201,36.769,141.324
329.246,101.401,36.602,141.290
330.129,101.690,36.395,140.726
330.321,101.613,36.367,140.365
331.239,101.154,37.792,140.758
331.464,102.281,38.461,139.133
330.354,102.903,39.865,138.087
329.325,102.330,41.140,137.761
330.327,104.016,40.512,136.603
330.490,103.405,40.488,136.014
330.640,102.987,40.654,135.921
331.397,102.730,41.057,135.840
331.447,102.375,41.285,135.726
331.911,102.667,40.041,135.291
333.520,103.224,37.747,134.821
334.160,103.525,36.565,134.162
334.748,103.865,35.770,133.344
334.803,103.827,35.889,133.546
334.486,103.808,36.564,132.964
334.593,103.596,38.246,132.227
334.426,103.096,38.967,132.168
334.192,102.567,40.966,131.952
333.850,102.436,40.498,131.590
334.756,102.344,38.745,131.767
335.388,102.442,37.483,131.278
336.268,102.296,36.289,130.714
336.947,102.408,35.354,130.006
337.514,103.203,35.199,129.403
337.743,103.212,36.106,128.805
336.743,101.505,37.867,129.743
337.088,101.678,37.741,130.402
336.042,101.569,38.578,129.456
337.032,101.191,37.782,129.006
338.238,102.601,35.968,127.010
338.284,103.493,35.041,125.801
339.147,103.494,33.944,125.697
339.887,104.078,33.429,124.594
339.706,104.077,33.844,123.393
338.677,104.281,34.903,123.013
338.351,104.207,35.511,122.498
338.198,104.297,35.948,121.817
338.400,104.216,35.422,122.087
338.855,104.511,34.494,121.742
340.265,104.870,33.434,120.622
340.189,105.645,33.398,120.119
339.923,106.090,33.272,119.714
340.225,106.264,32.638,119.231
340.174,106.473,33.174,118.790
339.965,106.567,33.555,118.525
340.133,107.000,33.276,118.061
340.125,107.297,32.657,117.559
338.888,107.937,33.160,116.950
338.922,108.270,33.808,116.605
339.482,108.280,33.644,115.932
340.172,108.939,33.076,115.746
340.405,109.029,32.715,115.294
339.805,109.403,33.425,114.753
339.863,109.955,33.471,114.394
339.638,110.157,33.258,114.133
339.683,109.810,33.589,113.394
339.932,110.121,33.131,112.421
340.249,110.433,32.825,111.341
339.684,111.055,33.235,110.538
339.679,111.022,33.971,109.800
339.040,110.545,34.474,109.910
339.241,110.387,34.456,109.497
340.209,110.663,33.398,109.121
340.318,111.031,33.073,108.821
340.098,111.442,33.067,108.207
340.626,111.321,32.919,107.586
341.056,111.511,32.367,107.764
341.065,111.437,32.370,107.351
340.896,111.779,32.746,107.158
342.134,111.583,31.986,106.038
342.366,111.926,31.148,105.930
343.185,112.453,30.505,105.010
343.391,112.989,30.604,104.405
342.648,113.506,31.448,103.438
341.807,113.009,31.921,102.860
341.822,112.806,32.762,102.683
341.189,112.454,33.417,102.056
341.738,112.608,33.077,102.106
342.073,112.379,32.862,101.909
342.298,112.608,32.461,101.619
342.603,112.557,32.198,101.458
342.555,112.642,32.154,101.069
342.503,112.757,32.292,100.574
342.849,112.544,32.226,100.240
342.518,112.979,32.294,99.873
342.594,112.688,32.034,99.363
343.648,112.975,31.957,98.607
343.200,113.800,31.615,97.922
343.928,113.790,32.719,97.308
343.373,113.813,32.181,97.014
344.074,113.617,31.927,97.804
343.866,114.230,31.759,97.375
343.543,114.356,32.647,96.769
343.675,114.229,32.251,96.795
343.778,114.060,32.141,96.494
344.487,114.413,31.694,96.359
345.793,114.210,30.490,96.526
345.068,114.548,30.651,96.346
346.405,114.830,29.809,95.498
345.744,115.012,30.001,95.146
345.847,114.724,30.204,94.916
346.001,114.941,29.618,95.035
346.470,114.563,29.115,95.012
346.923,114.529,28.434,94.943
347.156,114.460,28.186,94.745
347.165,114.688,28.201,94.411
346.746,114.688,28.434,94.036
346.592,114.687,28.788,93.623
346.506,114.982,28.723,93.052
346.366,114.750,28.585,92.816
346.555,114.573,28.377,92.354
346.556,114.809,28.402,92.123
346.127,114.593,28.731,91.912
345.879,114.345,29.148,91.440
345.653,114.165,29.325,91.156
345.029,114.198,29.707,91.246
344.269,113.912,30.320,91.515
344.477,113.587,29.920,91.629
344.294,113.596,30.214,91.651
344.389,113.085,29.914,91.475
344.866,113.044,29.656,91.382
344.995,112.757,29.394,91.278
345.146,113.732,29.150,90.827
344.603,113.545,29.482,90.127
344.729,113.830,29.224,90.378
344.426,113.744,29.261,89.890
344.295,114.236,29.295,89.372
344.168,114.193,29.541,89.057
343.785,114.294,30.127,88.489
343.892,114.376,29.853,88.045
344.107,114.790,29.645,87.555
343.755,114.068,29.586,87.323
343.635,115.580,29.438,86.308
343.733,115.734,28.984,85.732
344.042,115.786,28.789,85.011
344.019,115.904,28.940,84.339
344.176,116.416,29.066,83.847
344.641,116.990,28.698,83.629
344.659,117.150,28.592,83.525
344.515,117.597,28.528,83.250
344.518,117.435,28.205,82.918
345.638,117.492,27.777,82.563
345.513,118.116,27.106,82.302
345.687,117.661,27.360,82.216
345.763,117.693,27.265,81.853
345.985,117.924,26.974,81.119
346.442,118.424,27.026,80.292
